1000 10 5
9 26 50 98 33 67 47 86 29 34 55 0 41
4 37 42 25 64 44 72 80 51 83 43 0 16
7 83 27 75 67 30 97 85 89 85 21 0 33
7 94 64 44 28 75 81 69 27 92 98 0 31
2 42 91 67 30 54 26 55 81 52 28 0 10
5 55 41 37 74 90 84 71 25 91 97 0 25
5 70 22 64 21 48 30 21 86 80 62 0 23
4 53 30 98 31 29 63 85 89 40 35 0 20
3 21 59 70 74 22 76 90 91 53 32 0 14
3 59 47 51 77 43 48 30 71 47 36 0 15
10 66 99 38 68 59 46 84 51 56 57 0 50
9 70 85 94 22 53 96 52 95 22 89 0 41
8 41 73 49 24 83 88 59 21 76 61 0 39
10 96 87 38 30 73 39 83 68 96 23 0 47
5 27 52 95 97 77 53 62 47 88 84 0 23
5 80 49 99 44 31 54 70 45 62 82 0 24
10 42 76 29 96 82 37 32 78 75 43 0 48
8 69 76 92 56 59 70 49 39 39 45 0 39
4 74 82 82 58 59 97 78 56 55 31 0 17
3 51 78 64 51 90 39 65 69 22 42 0 12
9 90 41 23 58 36 78 41 23 25 43 0 41
4 85 34 33 50 21 74 75 40 43 33 0 16
8 31 39 65 25 60 79 60 38 52 51 0 37
3 55 30 88 57 62 93 28 24 80 89 0 13
4 35 54 84 29 78 65 78 80 65 76 0 20
5 61 24 87 80 23 34 53 24 52 25 0 22
10 58 98 99 42 39 25 21 60 32 39 0 46
10 37 39 73 100 93 33 93 27 68 66 0 47
3 63 62 51 94 58 70 38 51 85 81 0 15
7 78 59 25 33 62 52 48 33 30 91 0 31
7 70 27 40 68 81 39 47 20 83 84 0 35
5 78 82 30 60 83 88 57 37 60 46 0 23
5 82 43 25 99 68 47 45 84 87 50 0 21
4 65 55 70 61 86 29 31 53 36 68 0 19
9 61 26 43 63 50 30 87 62 82 78 0 42
7 82 51 84 41 64 68 87 77 21 63 0 33
7 48 77 48 28 43 27 87 66 53 39 0 31
7 63 98 41 72 87 45 75 40 96 38 0 35
9 66 22 52 98 32 43 40 37 81 95 0 42
5 23 30 92 52 25 71 24 32 59 78 0 24
7 54 46 69 24 37 89 77 34 73 28 0 32
7 22 99 28 60 74 78 50 27 44 25 0 32
8 56 20 57 83 77 50 28 29 29 50 0 38
3 68 58 72 36 73 65 70 70 91 75 0 11
5 86 72 75 92 93 35 35 73 34 34 0 25
10 42 26 72 95 84 61 22 23 67 47 0 50
10 42 97 33 36 84 54 85 55 20 29 0 49
4 35 48 67 88 71 68 53 42 23 72 0 16
7 45 63 79 39 34 24 66 42 65 30 0 31
8 68 64 45 87 57 39 42 65 94 66 0 37
10 88 92 46 78 61 92 99 49 58 93 0 49
4 88 63 74 85 94 71 98 34 80 37 0 20
4 29 50 84 87 27 68 46 78 68 80 0 17
7 45 75 78 90 23 60 76 30 96 76 0 35
5 44 67 53 98 91 29 99 58 29 75 0 24
4 95 34 48 71 58 58 76 73 88 97 0 18
7 20 58 76 62 43 56 63 98 88 92 0 35
4 66 45 46 74 22 86 84 78 45 57 0 20
7 95 59 48 44 48 73 79 21 30 62 0 34
8 54 86 68 75 61 73 51 91 33 59 0 37
5 93 70 59 39 88 64 67 37 61 30 0 23
3 35 20 91 80 85 90 60 22 42 53 0 12
5 53 62 34 67 93 56 98 44 89 99 0 22
6 53 41 76 76 69 22 85 79 78 33 0 29
7 31 82 77 72 57 21 37 33 95 28 0 34
3 96 21 93 49 33 68 39 65 28 39 0 15
5 35 94 83 60 59 75 93 93 63 74 0 25
7 82 32 63 64 57 37 39 21 96 84 0 31
8 67 56 62 53 20 96 45 64 24 74 0 40
4 26 21 75 99 50 48 64 45 59 86 0 17
10 90 83 80 97 92 79 67 96 47 86 0 47
9 46 22 52 39 75 49 74 39 60 68 0 45
4 93 68 99 68 79 67 90 83 57 95 0 19
3 54 86 49 82 78 20 55 34 24 41 0 15
10 25 25 52 49 41 38 30 69 81 84 0 50
9 36 75 45 30 37 41 49 29 33 30 0 43
9 76 97 81 62 58 91 91 43 41 74 0 44
9 34 87 66 63 45 98 31 78 26 95 0 45
10 64 79 43 57 31 53 86 92 43 27 0 48
3 60 81 83 47 83 25 66 21 88 59 0 14
6 35 48 47 38 95 88 48 61 47 72 0 29
3 37 95 83 26 94 49 86 78 74 89 0 14
4 65 64 38 43 29 43 81 76 70 45 0 19
10 45 50 83 25 97 74 82 41 33 24 0 50
9 92 72 90 25 95 70 65 57 97 49 0 42
8 83 76 47 40 27 78 95 32 45 99 0 39
9 88 93 46 77 26 91 61 94 28 66 0 43
4 72 36 78 84 66 24 75 51 60 41 0 18
2 96 29 64 97 55 37 87 50 86 78 0 10
10 31 71 91 53 72 61 66 32 41 79 0 46
6 39 28 66 64 42 33 90 26 36 29 0 28
4 28 85 89 21 21 43 50 44 37 61 0 17
7 59 67 94 84 91 78 69 60 38 59 0 33
7 47 96 85 34 51 45 90 47 98 90 0 35
7 90 23 95 33 76 29 58 79 41 60 0 34
3 27 35 24 27 47 66 56 21 36 70 0 13
7 46 80 63 30 24 50 85 49 94 58 0 34
8 85 82 69 86 31 72 58 22 28 30 0 40
10 96 38 63 92 72 25 62 98 53 73 0 47
7 43 62 84 97 43 79 58 55 36 89 0 31
8 49 73 49 72 74 97 93 70 35 82 0 38
4 65 44 90 84 92 57 81 35 95 28 0 16
9 93 32 97 25 95 63 79 87 30 76 0 44
2 67 42 71 63 70 34 72 21 52 86 0 10
6 68 28 50 36 54 92 39 92 51 48 0 28
4 29 29 52 39 47 68 33 55 51 74 0 18
9 91 26 48 75 91 98 82 90 59 72 0 42
5 22 61 97 55 66 94 77 93 74 69 0 24
3 29 38 38 23 84 49 27 89 97 25 0 14
10 96 71 25 93 58 47 58 81 53 78 0 47
10 43 59 29 74 54 70 62 26 38 40 0 48
8 27 90 45 36 77 30 81 45 36 37 0 38
3 52 98 84 65 84 94 57 20 56 33 0 13
10 84 61 84 62 22 61 27 22 97 86 0 48
5 45 47 70 26 51 64 85 75 52 58 0 25
5 62 20 86 95 61 93 97 54 69 56 0 22
9 91 54 43 40 27 42 43 43 98 43 0 45
5 35 57 57 93 35 89 41 58 68 50 0 25
4 55 95 53 80 80 31 79 38 32 57 0 16
5 36 40 55 30 73 53 21 35 99 57 0 22
7 34 24 56 76 48 24 86 94 85 58 0 35
3 27 83 59 33 99 80 43 57 85 60 0 14
10 54 47 80 96 88 98 42 91 65 44 0 49
4 88 99 56 99 62 36 38 70 43 46 0 18
9 56 83 96 37 95 33 39 61 59 21 0 41
4 90 80 47 40 89 46 87 92 53 55 0 19
5 63 34 47 85 85 56 56 26 88 79 0 21
5 73 82 85 59 82 38 92 23 33 98 0 25
7 90 49 34 43 86 55 94 73 35 95 0 32
7 78 53 56 75 43 33 48 86 61 70 0 33
10 53 71 83 69 88 70 83 39 84 72 0 46
10 23 68 83 51 85 25 22 50 38 43 0 48
8 33 98 56 38 28 81 21 87 71 21 0 38
7 93 90 48 58 31 50 54 64 66 74 0 31
7 38 96 68 96 45 54 44 75 79 30 0 35
3 72 96 81 41 61 97 71 28 93 48 0 13
9 59 57 21 40 93 85 45 59 45 50 0 42
3 36 76 70 54 27 21 50 68 62 97 0 15
4 87 96 68 97 87 53 86 65 34 84 0 16
5 47 69 73 44 43 58 91 39 22 41 0 21
5 49 41 71 99 33 21 99 73 62 89 0 24
3 72 65 86 31 78 50 31 94 22 80 0 11
8 91 75 79 80 52 40 52 72 83 70 0 37
8 89 24 63 85 29 30 75 64 42 60 0 38
6 62 77 41 64 45 96 67 88 33 27 0 30
8 60 92 46 86 87 70 83 40 30 69 0 40
3 28 25 72 96 55 33 91 69 52 75 0 12
9 68 81 70 62 35 97 98 26 89 76 0 42
4 98 78 48 95 51 26 73 75 98 86 0 16
10 39 95 55 73 55 20 39 35 83 79 0 49
3 82 75 32 50 93 46 26 49 26 81 0 12
4 99 99 67 21 75 71 90 31 82 40 0 20
5 23 25 85 83 52 44 25 42 52 42 0 23
9 74 44 66 31 88 60 31 86 80 69 0 42
8 53 79 32 29 98 40 65 74 21 20 0 38
8 46 33 53 66 66 64 63 56 50 29 0 36
4 39 47 82 28 49 69 68 43 21 75 0 19
8 42 35 92 35 36 75 39 84 23 38 0 37
5 94 90 41 93 27 43 86 97 65 49 0 22
5 73 78 51 30 20 86 55 59 24 87 0 23
5 24 54 43 21 83 39 28 44 82 34 0 24
6 70 46 63 73 75 51 73 83 99 38 0 27
10 73 55 51 38 80 76 56 29 75 81 0 47
3 72 48 97 87 86 73 71 86 28 43 0 14
8 55 48 46 23 57 30 25 91 34 79 0 40
7 23 92 95 30 68 28 66 21 29 35 0 32
7 66 68 70 50 86 55 65 22 99 24 0 34
8 35 21 54 80 32 71 90 29 23 42 0 40
8 29 98 75 36 36 77 73 63 47 20 0 38
6 55 93 35 33 91 40 35 78 96 95 0 27
10 56 89 72 68 25 77 80 71 51 32 0 49
9 70 34 28 21 31 26 26 23 76 88 0 42
9 53 52 97 49 88 57 24 41 75 52 0 44
4 95 74 61 64 67 73 72 37 72 67 0 17
9 49 62 49 32 22 89 59 69 79 39 0 44
4 76 57 90 28 46 23 94 79 33 52 0 19
8 89 90 40 89 46 41 79 31 58 26 0 37
9 48 57 51 35 56 42 79 28 59 94 0 44
6 81 88 36 85 23 30 27 59 28 43 0 30
8 80 54 94 24 91 70 94 70 58 39 0 40
8 79 51 55 67 73 96 42 82 35 20 0 40
3 82 24 42 83 92 76 35 74 64 39 0 13
5 46 69 72 72 92 50 28 68 55 81 0 25
4 67 84 80 58 75 91 79 23 30 44 0 18
7 73 70 75 52 33 30 87 31 77 25 0 34
4 35 99 75 89 77 62 69 78 77 59 0 18
10 68 64 98 75 96 66 80 77 42 66 0 49
8 78 92 61 48 32 76 67 36 71 69 0 40
7 66 82 35 25 37 28 62 33 72 63 0 33
9 37 87 28 89 87 83 71 91 42 38 0 44
5 48 81 76 96 26 29 97 91 62 29 0 25
10 98 47 45 55 94 87 83 78 21 96 0 50
8 100 63 56 40 36 69 82 98 31 28 0 36
3 22 52 33 24 23 54 92 40 75 67 0 11
3 41 44 22 50 53 77 31 82 61 52 0 15
8 39 45 66 43 36 99 79 60 28 30 0 37
6 68 50 37 90 96 65 96 94 54 66 0 26
5 23 92 77 65 29 63 53 20 42 22 0 25
2 65 27 76 38 75 44 35 49 37 40 0 10
4 100 39 37 89 59 38 42 91 61 49 0 20
9 62 58 23 92 61 56 60 69 43 53 0 45
9 93 81 76 88 58 88 98 24 56 96 0 44
10 100 20 76 72 81 46 40 72 81 39 0 48
4 58 39 29 29 57 56 79 98 57 50 0 20
7 39 44 64 41 68 81 45 66 25 95 0 35
10 44 85 89 90 45 49 43 34 49 76 0 47
3 85 21 35 49 21 53 77 22 37 64 0 15
6 53 76 55 69 45 88 92 73 86 36 0 26
5 88 54 62 79 98 23 58 87 92 35 0 22
8 46 27 80 43 34 65 89 33 98 35 0 38
4 93 84 41 48 89 83 55 21 57 33 0 17
9 96 73 68 57 67 34 45 34 64 27 0 41
5 93 50 50 51 66 93 20 24 82 93 0 22
8 78 37 62 39 91 94 92 22 48 22 0 39
4 29 42 49 29 72 81 53 45 75 27 0 17
6 84 44 44 82 58 68 99 40 47 32 0 27
3 35 88 71 95 83 34 68 93 45 94 0 11
6 57 71 80 63 46 31 94 72 87 24 0 27
3 49 40 73 90 95 28 47 80 79 76 0 11
9 25 81 43 61 26 55 33 81 61 45 0 42
5 71 68 41 80 84 97 66 32 30 42 0 25
9 73 86 49 78 41 51 76 68 92 93 0 44
7 38 66 51 74 28 57 41 71 61 89 0 31
9 34 82 45 87 84 62 88 95 63 27 0 43
4 37 76 31 38 67 52 59 49 57 65 0 19
8 66 31 92 47 77 76 69 61 47 93 0 36
9 48 72 50 23 89 63 90 56 39 87 0 42
9 94 66 24 77 96 41 21 38 47 46 0 44
8 43 99 72 78 44 82 97 53 67 35 0 39
2 100 91 40 77 84 25 71 57 93 94 0 10
4 95 85 58 60 62 35 69 46 80 83 0 17
8 62 54 45 49 76 82 44 66 66 24 0 39
3 76 65 26 58 46 75 96 85 71 64 0 12
7 43 45 36 31 76 84 89 45 75 66 0 32
4 38 79 33 56 30 72 31 33 36 20 0 18
8 24 61 22 30 64 25 96 98 23 44 0 36
7 46 28 21 58 34 76 70 26 61 88 0 32
5 50 48 25 70 40 56 61 93 76 21 0 22
8 59 59 61 21 46 56 52 98 31 84 0 40
7 36 44 99 71 46 62 45 53 68 23 0 35
5 98 44 31 81 81 46 32 61 21 36 0 25
5 98 25 58 28 73 85 98 93 39 73 0 24
7 75 33 61 49 57 40 35 89 93 49 0 34
9 38 51 84 82 72 85 59 92 78 82 0 42
6 86 27 51 99 30 73 80 84 24 43 0 28
5 85 57 40 95 48 40 45 32 88 32 0 21
6 28 48 47 36 35 40 74 72 52 96 0 28
6 42 51 42 85 87 36 99 29 70 86 0 26
9 72 24 43 70 51 33 31 30 66 55 0 45
4 92 42 43 68 53 69 34 42 24 30 0 20
5 40 52 66 84 42 77 43 100 71 74 0 21
5 86 89 56 74 39 32 21 23 52 60 0 24
10 53 27 25 70 64 38 64 47 55 40 0 48
9 53 64 79 88 30 24 54 28 24 21 0 45
5 69 52 35 40 21 72 74 96 59 58 0 23
10 59 92 45 83 32 43 80 56 30 31 0 50
7 95 49 82 32 39 60 62 57 47 88 0 31
4 32 99 70 52 86 50 66 26 66 43 0 20
9 55 74 28 84 78 88 70 81 42 36 0 43
10 64 36 69 47 36 47 79 39 73 65 0 50
5 48 70 48 51 77 68 27 97 32 57 0 25
8 77 40 22 88 69 89 93 67 67 80 0 39
9 81 74 68 45 93 85 99 43 96 28 0 43
4 39 80 55 23 57 62 25 53 66 27 0 20
10 92 49 57 59 71 38 60 76 88 67 0 47
5 51 30 67 38 35 42 33 31 69 62 0 23
3 88 31 98 87 72 37 81 50 26 71 0 12
10 61 62 74 67 95 63 47 20 93 63 0 48
4 98 99 80 35 26 77 51 74 62 25 0 16
5 99 91 41 24 93 47 82 99 39 28 0 25
3 91 58 84 53 81 30 89 65 72 43 0 15
3 80 83 64 92 68 56 28 83 36 87 0 12
7 83 36 67 98 29 58 83 62 58 67 0 33
4 80 55 64 35 37 99 26 27 50 72 0 20
4 26 94 34 72 58 61 64 78 80 24 0 18
8 47 98 44 35 82 73 79 63 84 23 0 37
3 58 77 68 68 57 62 52 36 25 86 0 11
4 73 48 97 48 43 32 64 75 51 80 0 20
4 46 52 59 96 43 91 31 42 39 69 0 19
8 45 27 35 83 30 29 36 32 42 71 0 38
4 79 42 76 47 35 27 88 60 62 60 0 17
5 71 50 96 92 65 90 54 36 60 72 0 22
9 57 39 42 44 97 96 47 23 27 81 0 43
7 56 57 44 57 52 35 86 63 73 26 0 31
3 35 58 55 22 56 89 42 83 63 23 0 12
8 63 49 42 98 30 76 34 82 83 98 0 37
9 70 39 58 97 63 41 57 46 28 85 0 42
3 29 50 63 49 38 54 86 54 28 75 0 15
3 26 47 72 22 95 66 80 43 49 31 0 15
6 79 35 92 69 36 81 69 46 20 33 0 30
2 67 91 43 52 84 77 28 28 95 84 0 10
7 91 22 29 45 63 42 33 75 35 58 0 34
6 34 37 39 41 20 46 84 73 96 50 0 29
7 47 53 29 49 95 98 34 92 72 72 0 34
3 24 74 65 91 45 90 30 78 92 83 0 11
8 26 86 97 93 56 81 63 94 69 91 0 37
6 94 26 73 50 32 91 68 41 45 39 0 28
4 34 85 46 78 39 66 21 36 69 92 0 16
7 38 85 62 41 62 86 77 99 80 55 0 34
6 46 70 25 65 56 61 58 70 63 46 0 30
8 54 39 81 99 45 77 39 95 69 71 0 37
7 72 97 62 56 47 48 47 51 96 24 0 34
3 53 35 63 88 45 87 70 21 33 69 0 12
4 29 22 99 46 92 53 44 27 61 32 0 18
6 60 91 81 51 69 34 45 35 26 69 0 27
5 77 95 30 72 96 89 44 65 33 52 0 23
10 95 29 26 64 95 98 89 89 38 78 0 49
4 73 50 37 59 37 72 86 35 41 59 0 20
5 87 23 60 39 39 32 91 77 25 43 0 23
8 22 78 80 74 73 84 96 80 95 81 0 40
8 77 92 73 74 98 59 88 71 80 67 0 39
3 83 75 99 45 57 42 45 95 56 57 0 13
10 71 72 39 62 35 90 74 35 34 74 0 48
8 22 99 89 66 86 82 87 38 74 64 0 40
7 96 42 20 95 28 63 30 23 47 36 0 32
3 33 61 59 55 82 95 42 74 75 54 0 14
3 29 82 21 56 34 38 69 51 72 90 0 13
8 65 23 71 89 21 67 97 33 77 86 0 40
8 71 29 98 78 24 39 59 100 75 84 0 40
2 31 56 85 48 60 46 22 54 35 81 0 10
5 98 31 26 36 52 94 36 51 30 94 0 24
3 93 55 94 73 26 94 47 48 67 20 0 14
6 69 56 97 59 33 36 90 73 28 26 0 30
5 98 50 53 91 24 87 53 33 69 57 0 22
4 74 23 24 99 73 30 98 58 34 43 0 18
7 80 28 54 68 67 41 52 82 62 82 0 35
6 82 46 100 59 92 98 99 42 68 33 0 29
3 83 98 56 54 89 75 35 34 73 81 0 11
6 24 94 30 81 65 35 93 91 41 41 0 28
3 95 94 55 69 41 47 70 48 98 97 0 11
9 43 99 51 23 78 72 65 48 97 69 0 45
10 57 36 61 61 95 49 73 78 37 65 0 50
7 97 67 65 80 78 41 84 98 54 99 0 31
2 42 50 66 76 69 29 63 30 46 29 0 10
3 96 95 49 86 49 60 50 29 25 79 0 14
5 82 95 73 66 25 38 54 84 50 30 0 22
5 81 57 62 99 87 33 55 81 62 61 0 22
7 91 37 21 41 51 46 71 67 28 62 0 35
9 23 25 31 83 47 85 75 94 95 85 0 44
9 98 23 84 93 62 94 96 81 97 58 0 43
7 23 67 27 26 35 84 86 37 85 92 0 33
7 80 71 77 23 94 48 95 27 52 46 0 32
6 44 79 50 72 59 23 25 98 51 86 0 28
6 73 90 88 39 45 93 28 22 39 69 0 30
7 27 95 40 30 29 67 47 33 95 28 0 34
4 35 48 20 61 21 42 54 23 70 43 0 16
8 38 74 95 74 36 89 78 33 69 72 0 39
10 88 72 89 68 64 70 81 92 31 50 0 48
6 97 30 39 39 73 93 38 51 57 36 0 28
9 75 62 48 43 70 66 88 38 73 72 0 41
5 72 20 40 43 30 30 20 97 39 88 0 24
7 39 82 22 55 36 80 41 24 39 48 0 33
4 61 60 69 53 80 97 35 82 21 63 0 20
10 74 82 92 66 58 76 92 44 57 59 0 46
6 69 50 95 90 92 37 64 22 74 39 0 28
6 26 71 99 98 39 66 90 86 40 59 0 28
8 24 27 76 49 70 99 20 47 93 23 0 39
6 92 54 35 78 93 43 34 81 78 24 0 30
4 75 87 93 25 78 76 31 31 65 86 0 19
7 74 96 22 42 97 23 36 80 58 81 0 34
9 57 77 89 44 76 48 92 45 76 50 0 45
6 52 74 39 46 91 92 87 42 64 48 0 29
8 33 31 77 30 66 79 78 65 58 97 0 37
7 54 78 71 88 93 64 22 55 56 70 0 31
3 22 58 46 91 27 83 81 31 79 58 0 15
2 90 40 23 49 62 22 92 32 22 59 0 10
7 62 49 22 39 27 59 98 34 94 22 0 35
9 68 49 73 23 84 63 85 90 20 70 0 43
7 79 58 46 57 86 79 71 53 93 97 0 33
5 46 68 38 39 22 99 84 86 96 67 0 22
5 42 53 31 76 92 82 54 21 80 81 0 25
3 51 81 81 79 33 96 89 20 75 57 0 11
3 62 79 39 69 28 46 98 58 88 71 0 15
10 38 56 30 21 94 74 78 84 65 73 0 46
5 67 46 73 59 42 68 33 40 82 95 0 24
10 47 51 23 94 69 52 78 51 99 65 0 49
6 53 38 38 51 29 99 46 41 83 36 0 29
5 43 43 24 42 45 57 90 33 63 98 0 25
4 37 53 99 76 83 69 47 70 62 57 0 17
3 26 43 76 23 80 48 68 72 61 34 0 11
6 70 51 32 92 23 58 81 87 29 40 0 28
9 68 56 52 39 29 60 21 51 45 50 0 44
5 92 78 49 91 60 48 26 66 76 27 0 24
7 45 59 43 57 88 39 56 22 91 78 0 34
5 43 83 96 53 73 91 98 59 43 52 0 22
9 89 45 38 56 60 80 63 82 35 84 0 42
8 29 86 22 43 76 47 46 50 90 100 0 36
6 29 25 67 55 43 51 94 84 73 41 0 29
4 39 32 80 99 88 96 96 57 58 91 0 18
8 36 82 34 25 42 30 39 74 90 51 0 39
5 68 91 58 83 44 94 23 57 72 65 0 21
8 74 54 71 47 97 22 20 84 62 41 0 39
5 41 47 97 33 94 69 93 88 59 90 0 24
3 42 40 79 89 26 55 58 46 28 75 0 11
9 59 79 30 48 37 80 81 84 99 97 0 44
10 22 68 88 81 26 22 42 93 71 63 0 48
3 84 37 91 92 75 40 54 41 41 39 0 14
2 48 70 39 54 45 26 42 75 39 59 0 10
4 38 93 95 56 46 30 83 61 23 50 0 18
8 51 51 85 85 44 40 65 33 83 98 0 40
3 35 36 57 29 29 54 92 86 83 57 0 11
9 68 47 81 54 38 78 75 34 36 34 0 45
3 91 28 86 59 33 44 21 77 21 32 0 13
8 23 23 76 51 73 35 77 49 30 97 0 37
7 89 58 95 56 83 47 74 56 93 49 0 31
5 70 91 68 89 82 49 71 28 90 22 0 25
6 29 53 90 81 24 31 28 60 41 63 0 26
5 86 58 43 21 44 38 76 89 28 32 0 21
9 23 92 84 49 97 83 70 75 28 22 0 45
3 82 71 63 28 63 61 28 76 78 25 0 14
6 42 90 96 94 59 78 88 55 34 54 0 28
5 85 49 76 34 23 56 40 77 75 57 0 22
5 91 89 72 89 31 38 45 63 64 35 0 22
4 100 97 24 92 33 80 92 52 30 68 0 16
10 82 56 69 30 72 50 86 59 75 78 0 47
9 53 65 66 30 26 82 46 59 81 29 0 43
4 37 95 58 64 46 21 98 39 75 64 0 20
3 63 73 24 84 97 26 39 65 36 45 0 12
6 53 41 32 96 86 50 33 54 71 76 0 26
5 39 53 23 58 87 81 99 43 57 48 0 22
4 81 52 84 69 20 74 90 53 98 69 0 17
10 84 50 80 69 48 79 50 60 93 77 0 50
3 95 46 44 94 66 70 37 49 77 83 0 13
6 41 75 68 45 64 58 60 36 61 54 0 27
4 51 41 46 34 32 96 84 68 45 84 0 18
8 50 28 42 98 64 75 23 49 84 98 0 37
3 79 73 68 95 49 83 96 91 61 23 0 12
5 28 63 57 59 37 34 74 94 79 59 0 21
8 67 88 45 37 65 51 25 41 82 29 0 36
5 58 33 44 69 26 50 43 49 61 20 0 23
3 43 89 60 97 83 88 27 85 98 75 0 11
4 60 70 96 30 32 88 85 48 43 48 0 20
8 57 32 67 86 35 73 45 98 73 94 0 39
8 70 49 39 58 53 44 54 46 47 21 0 38
10 51 83 69 76 95 45 27 45 52 83 0 49
9 25 24 42 72 50 55 72 83 99 50 0 44
3 57 93 34 32 39 72 20 66 61 78 0 12
6 92 76 25 72 48 57 67 93 97 66 0 26
3 30 45 73 60 91 49 25 34 36 97 0 15
3 39 49 56 87 32 29 66 90 37 50 0 14
9 88 71 53 53 58 90 24 66 84 80 0 41
4 30 47 78 30 35 21 87 46 98 37 0 16
9 77 58 53 94 36 24 51 45 71 41 0 45
8 91 37 26 28 30 35 82 49 80 34 0 36
5 97 39 74 48 92 86 38 42 71 41 0 23
6 91 41 24 36 61 96 21 38 94 98 0 28
3 38 91 21 74 65 24 28 44 43 86 0 14
10 21 41 50 40 48 29 93 99 72 28 0 49
10 85 58 50 31 88 36 34 66 47 53 0 50
9 75 66 52 28 69 82 41 39 47 86 0 44
10 77 85 80 98 68 21 89 86 45 61 0 49
5 22 76 86 51 70 45 91 30 71 44 0 25
8 40 51 28 70 26 53 23 53 30 95 0 36
5 22 61 32 95 77 35 93 93 52 52 0 24
6 54 32 71 71 92 89 62 98 44 47 0 27
3 89 81 67 71 93 76 65 94 33 59 0 14
3 92 48 73 68 84 63 91 93 55 56 0 15
9 73 88 98 66 43 84 65 24 22 98 0 42
3 97 45 71 21 84 79 91 77 91 32 0 14
8 31 67 92 48 95 79 69 40 43 51 0 39
8 25 32 45 47 89 56 91 38 82 82 0 38
10 31 67 44 60 58 43 94 77 65 70 0 50
7 92 38 82 37 80 84 77 80 68 25 0 35
6 50 23 63 87 24 55 32 21 63 56 0 28
2 44 58 26 59 29 60 78 20 33 26 0 10
8 98 22 21 70 96 73 96 42 61 52 0 37
8 47 22 65 95 51 88 76 73 94 75 0 38
10 79 67 78 60 91 82 85 77 75 70 0 50
6 47 54 47 87 60 62 49 95 78 80 0 28
5 36 80 90 87 20 58 80 68 76 85 0 25
6 35 28 75 21 31 25 26 69 97 91 0 30
6 49 83 53 83 72 63 94 48 36 57 0 26
8 84 33 81 55 94 96 32 24 31 24 0 38
7 96 65 33 41 74 24 23 61 26 67 0 34
6 67 67 65 59 76 34 67 47 91 40 0 29
7 82 60 41 47 32 70 21 52 46 64 0 31
10 70 90 69 78 66 33 58 56 39 42 0 48
8 37 64 64 90 94 99 88 53 97 57 0 40
7 23 89 40 26 49 44 97 38 23 87 0 35
4 95 28 81 28 49 40 84 46 83 41 0 20
7 27 59 30 78 55 82 87 95 86 40 0 32
9 85 100 58 70 84 58 21 77 40 78 0 41
7 56 85 93 80 75 67 58 21 75 40 0 33
5 91 55 89 90 80 89 37 91 21 95 0 21
4 26 69 66 48 87 51 68 40 88 34 0 19
10 24 79 80 95 89 50 48 66 52 44 0 48
4 61 83 93 88 56 27 75 78 89 30 0 19
4 89 63 32 30 59 98 48 36 33 35 0 16
7 67 23 25 21 21 47 85 80 45 94 0 34
6 64 84 72 22 55 43 31 59 46 70 0 26
6 82 66 98 66 60 55 96 65 87 42 0 29
6 83 24 63 57 42 74 81 88 30 65 0 30
5 56 40 77 41 25 58 68 61 63 80 0 23
5 66 33 31 61 31 79 83 56 92 51 0 21
7 61 78 47 23 39 93 60 78 80 54 0 31
6 41 32 41 78 63 91 75 92 68 63 0 26
4 52 78 98 83 22 32 68 48 31 24 0 20
5 25 79 74 42 21 79 56 81 57 68 0 22
5 23 70 44 51 28 74 49 33 82 69 0 23
5 46 59 35 92 91 76 47 76 51 27 0 24
9 61 31 75 79 81 90 53 32 89 27 0 44
6 95 52 87 30 73 21 27 62 62 54 0 26
7 60 30 94 72 65 45 67 86 31 41 0 31
9 69 71 93 95 91 69 94 61 42 60 0 43
3 21 20 78 45 30 55 26 48 94 36 0 14
3 28 90 25 25 39 88 84 95 30 70 0 13
8 90 63 21 64 28 60 39 84 43 37 0 38
3 83 23 81 92 29 20 52 83 28 50 0 14
9 62 79 68 85 61 66 90 85 20 69 0 45
3 65 68 82 32 73 47 67 51 42 64 0 14
9 74 50 93 83 74 99 21 76 28 31 0 45
10 90 99 41 30 78 91 60 60 69 23 0 48
9 21 50 72 85 49 33 71 66 81 62 0 41
8 48 51 22 75 85 69 37 41 58 45 0 39
8 70 52 52 86 31 29 76 83 88 89 0 36
5 67 50 98 89 60 68 95 70 95 42 0 25
10 43 77 74 22 34 65 49 39 37 51 0 50
8 88 44 58 36 88 79 61 29 87 62 0 38
5 77 47 90 45 94 83 48 33 87 43 0 25
7 23 93 81 57 57 43 35 74 41 92 0 31
8 87 54 75 50 31 43 85 71 86 35 0 37
5 46 39 60 93 70 82 59 48 78 69 0 21
4 37 82 56 82 79 91 89 93 78 44 0 19
4 32 85 38 82 78 81 94 88 41 22 0 17
9 90 84 57 65 30 95 90 99 95 67 0 41
9 68 32 91 43 55 96 34 26 32 87 0 44
4 67 74 36 84 32 79 44 90 96 97 0 20
9 95 83 59 62 42 28 57 25 52 83 0 45
10 69 99 48 25 50 78 49 86 96 32 0 50
9 61 97 65 29 64 22 93 70 44 27 0 41
3 53 24 75 64 30 74 37 35 27 51 0 11
6 23 74 29 57 47 73 96 54 52 46 0 30
10 73 88 37 93 93 85 66 90 43 67 0 48
7 61 75 50 21 24 99 71 96 27 43 0 32
7 79 56 71 91 74 74 46 98 96 40 0 31
4 86 95 80 95 36 27 40 76 69 26 0 18
10 30 57 58 57 37 32 50 33 60 49 0 48
10 93 28 52 94 98 44 77 99 89 47 0 50
8 84 22 59 23 35 69 52 90 88 28 0 37
9 53 43 21 80 76 26 71 81 51 95 0 41
9 86 37 67 38 22 70 41 90 34 62 0 44
5 37 30 26 86 46 85 70 34 91 29 0 21
9 52 30 62 84 91 51 41 76 31 67 0 42
3 41 80 28 66 51 61 96 90 88 51 0 11
3 86 32 34 58 55 26 27 42 61 60 0 14
4 73 67 44 64 79 56 99 45 98 70 0 19
8 44 88 90 83 63 72 68 92 66 20 0 37
3 38 84 73 29 74 88 21 54 48 90 0 14
8 33 25 55 94 30 31 92 60 53 30 0 36
3 83 31 32 26 72 80 41 46 94 97 0 15
8 82 69 88 65 26 93 50 31 84 73 0 39
4 36 28 91 69 68 85 74 47 26 20 0 17
10 42 59 93 51 47 48 99 60 86 86 0 50
8 57 90 98 94 54 54 98 72 54 95 0 39
4 77 34 28 77 43 38 63 54 94 20 0 19
2 32 87 57 46 75 81 91 71 67 70 0 10
9 65 30 75 26 92 76 97 21 35 60 0 44
8 55 77 35 39 95 77 69 98 28 49 0 40
5 83 99 79 93 25 62 60 59 65 77 0 22
10 53 81 75 54 20 62 81 32 49 31 0 46
8 37 92 85 84 27 52 73 34 82 84 0 40
7 54 24 27 49 47 33 55 81 63 89 0 35
4 63 77 98 94 25 66 39 95 38 84 0 19
8 75 62 37 93 48 43 30 64 47 47 0 37
10 59 61 61 94 74 58 72 88 25 88 0 47
4 79 89 47 86 34 45 80 42 51 69 0 20
8 87 84 88 41 43 67 54 58 36 80 0 37
7 79 27 54 80 37 72 48 25 35 37 0 32
4 63 28 75 63 39 53 95 100 60 47 0 20
4 60 57 76 58 53 41 80 74 75 85 0 20
5 87 71 28 28 88 92 23 77 59 76 0 21
9 35 31 99 99 97 57 69 73 91 28 0 42
4 67 51 90 57 45 63 76 21 33 87 0 20
7 72 84 76 24 79 23 94 74 28 58 0 34
8 30 72 81 73 25 39 37 83 30 69 0 36
3 33 92 26 61 92 76 53 22 33 94 0 15
5 70 62 50 84 88 52 36 47 61 75 0 24
9 40 67 60 87 51 78 92 86 32 77 0 42
4 61 61 53 89 25 39 79 37 63 22 0 18
4 91 95 47 69 92 48 92 86 67 33 0 16
3 44 52 57 53 69 93 23 55 67 40 0 15
8 55 99 56 81 50 21 35 24 74 76 0 36
9 82 85 30 54 38 30 77 26 70 24 0 44
4 91 21 29 48 71 37 32 67 49 63 0 20
6 99 46 68 38 89 59 84 75 50 25 0 28
4 31 43 59 40 21 80 97 27 83 84 0 19
6 67 87 55 63 78 48 51 21 38 69 0 29
9 46 93 70 23 25 64 36 92 79 65 0 43
10 48 61 88 71 59 87 85 69 62 62 0 50
3 26 40 29 78 56 65 39 94 40 34 0 11
5 37 24 89 74 77 66 37 94 71 22 0 22
8 79 70 56 75 72 74 85 23 20 69 0 40
6 83 72 58 41 98 43 20 42 76 67 0 30
8 74 23 34 60 86 43 43 72 25 78 0 37
8 49 92 60 35 94 21 66 60 57 70 0 36
5 89 81 93 38 97 82 79 65 31 23 0 25
2 20 96 65 41 31 64 54 59 36 39 0 10
10 52 64 58 78 39 23 27 57 23 83 0 50
10 83 51 66 78 55 80 85 84 97 63 0 46
9 86 36 88 45 73 94 92 71 58 33 0 44
3 50 45 54 31 73 70 94 71 67 97 0 11
7 22 40 68 25 46 92 67 23 90 60 0 35
10 50 27 88 50 74 22 24 70 64 78 0 48
8 99 98 89 28 99 89 75 74 54 81 0 39
6 63 29 86 59 54 89 42 59 38 66 0 27
10 80 72 57 64 23 48 90 55 72 70 0 46
4 30 25 76 71 99 54 98 51 96 33 0 18
4 47 88 87 79 72 49 71 30 36 35 0 20
4 36 31 69 40 99 81 43 28 92 67 0 17
8 36 69 41 72 88 66 91 91 66 26 0 36
3 65 42 57 53 46 53 59 73 49 48 0 14
7 35 24 90 72 41 56 66 88 75 65 0 31
5 74 46 28 67 93 87 75 96 52 51 0 24
9 60 23 59 91 90 61 50 38 79 39 0 45
5 70 63 87 80 73 66 76 82 36 95 0 21
10 59 71 84 84 38 58 94 31 90 76 0 46
6 55 61 54 28 96 80 34 53 28 55 0 26
8 59 57 95 28 36 57 77 30 87 88 0 40
10 58 87 94 71 51 99 83 35 97 42 0 46
8 70 43 83 20 35 37 69 98 72 38 0 36
3 31 22 55 34 52 77 85 88 75 56 0 13
8 47 53 38 38 87 75 72 44 48 43 0 36
7 91 35 26 70 31 50 61 87 50 77 0 33
5 39 64 70 49 48 45 30 38 41 73 0 22
8 20 77 23 34 63 94 79 85 85 25 0 37
10 85 70 64 30 93 49 69 91 54 69 0 50
4 48 55 97 77 48 34 91 96 52 81 0 17
10 22 21 28 27 72 29 86 74 77 50 0 49
10 79 72 88 59 77 68 32 35 87 29 0 50
8 89 89 40 81 80 38 98 58 30 53 0 37
3 77 66 89 41 45 48 97 61 48 28 0 14
5 95 94 96 47 89 90 57 44 84 62 0 22
7 44 24 21 47 49 45 66 81 33 63 0 35
10 73 71 38 83 46 41 38 100 35 99 0 46
5 97 24 35 100 99 76 58 59 67 58 0 23
5 32 60 72 79 25 47 67 57 80 60 0 25
8 85 26 26 29 68 26 56 55 98 45 0 40
4 49 29 32 28 86 31 72 74 72 26 0 18
5 80 20 98 94 24 90 73 24 64 77 0 23
4 31 60 71 56 66 38 53 95 54 60 0 17
9 25 61 29 85 24 33 21 68 85 83 0 42
5 42 84 90 42 82 77 84 34 26 53 0 23
5 85 44 83 82 89 28 86 40 41 83 0 22
10 45 26 40 56 46 25 33 55 23 32 0 47
6 30 35 53 30 36 95 47 95 70 40 0 26
7 70 84 95 80 96 27 88 71 57 60 0 35
10 52 81 92 32 64 75 30 82 58 65 0 47
5 50 21 43 60 63 46 53 29 87 97 0 25
4 37 33 83 81 87 62 89 65 58 34 0 19
9 50 62 27 34 62 32 28 75 98 46 0 44
8 87 41 62 81 29 26 96 78 22 40 0 40
8 77 68 53 40 85 41 52 26 65 24 0 38
3 57 80 81 28 44 92 61 67 67 26 0 11
7 25 25 88 63 87 92 26 40 98 87 0 33
9 41 48 32 76 27 34 52 70 83 56 0 41
8 71 32 45 92 96 79 41 33 40 80 0 39
4 25 20 29 29 69 80 64 50 84 92 0 18
5 26 32 64 94 38 48 93 59 95 79 0 24
8 30 38 35 27 44 56 20 87 60 64 0 39
3 78 85 66 88 91 97 32 86 48 96 0 15
5 39 23 83 88 55 92 58 36 82 48 0 24
5 53 20 27 90 34 70 59 61 71 79 0 22
9 75 77 74 23 85 99 74 75 69 97 0 44
8 23 45 60 90 67 72 85 85 72 51 0 36
5 45 36 83 80 76 34 47 94 74 86 0 23
10 59 75 48 65 90 66 59 98 58 50 0 46
10 97 70 75 34 75 22 99 64 52 95 0 49
6 96 54 85 22 38 97 90 21 91 86 0 30
6 87 86 72 22 61 34 95 74 29 82 0 29
10 70 51 78 91 30 36 71 56 87 94 0 49
7 30 68 68 36 38 43 59 57 35 57 0 33
7 51 26 23 74 85 24 42 60 82 79 0 34
5 35 99 60 65 60 45 93 56 54 20 0 25
4 74 30 23 75 44 25 48 36 75 87 0 16
2 73 68 48 23 45 73 68 72 56 28 0 10
6 31 76 30 40 78 37 22 82 77 24 0 30
3 51 62 52 75 57 59 67 49 85 84 0 14
4 93 85 77 63 91 32 80 54 96 43 0 18
9 27 66 53 30 71 46 72 66 57 95 0 43
4 97 26 72 42 64 100 35 79 48 94 0 19
2 35 67 83 52 81 38 31 54 44 80 0 10
5 51 75 35 47 62 90 94 35 24 27 0 23
5 46 23 97 86 97 98 51 20 37 21 0 23
3 57 99 55 90 23 64 51 76 86 70 0 14
4 87 45 42 96 86 24 88 42 44 78 0 19
5 86 56 72 89 99 39 99 38 36 41 0 24
7 41 57 32 23 50 81 61 64 71 96 0 33
2 98 45 43 44 58 91 41 85 59 77 0 10
7 94 79 52 52 98 62 62 76 72 89 0 35
2 65 26 85 93 87 82 70 33 63 28 0 10
7 45 60 41 26 37 48 48 40 85 82 0 31
10 21 63 78 41 57 62 32 25 25 62 0 50
6 70 55 76 59 84 76 76 66 67 27 0 29
8 69 77 21 88 37 22 34 53 43 38 0 36
3 65 40 24 62 45 69 25 93 88 84 0 12
2 81 98 42 60 64 82 63 60 91 53 0 10
4 90 96 41 83 37 87 47 42 48 92 0 20
9 55 48 41 76 27 21 58 67 33 45 0 42
10 68 31 58 78 24 41 63 52 70 72 0 48
4 37 37 72 79 98 80 43 95 61 73 0 20
8 99 99 62 62 58 45 90 76 55 40 0 38
5 76 62 21 32 46 22 41 26 44 72 0 21
10 95 70 46 97 40 85 73 43 52 62 0 50
9 44 93 43 61 75 43 91 21 84 77 0 43
6 71 83 26 79 20 47 74 48 60 46 0 28
3 98 20 35 86 92 58 53 90 86 23 0 13
4 49 74 88 27 20 22 97 82 86 97 0 20
8 98 91 53 71 91 28 91 27 43 27 0 39
5 27 74 50 39 90 35 92 44 45 32 0 24
4 67 92 33 62 52 80 22 56 37 49 0 20
4 74 57 73 54 20 44 90 71 95 83 0 17
7 66 90 49 92 74 49 48 46 23 87 0 31
5 59 61 77 32 73 27 77 91 72 70 0 25
5 54 78 87 80 99 91 28 41 66 81 0 25
7 56 43 50 34 33 36 61 22 57 78 0 33
7 70 59 54 48 83 41 97 77 32 23 0 33
9 84 65 43 61 28 57 93 69 88 56 0 42
8 73 99 43 95 67 41 44 88 62 79 0 37
2 47 41 32 80 94 73 23 67 48 63 0 10
5 95 67 49 39 48 43 96 42 94 25 0 25
8 82 80 21 88 81 92 27 46 49 53 0 37
10 37 99 31 71 51 60 70 95 83 93 0 50
9 30 41 54 20 61 75 25 54 72 20 0 44
6 39 97 41 94 76 29 23 75 50 25 0 27
4 59 51 67 52 21 91 36 38 81 55 0 16
4 32 26 70 26 23 74 74 23 96 78 0 16
2 29 73 92 91 54 31 35 91 63 53 0 10
7 62 97 59 83 75 96 41 50 71 55 0 33
2 31 26 29 85 71 75 55 74 35 42 0 10
3 84 83 25 34 79 98 54 37 67 81 0 15
8 35 80 55 46 40 83 81 22 31 81 0 38
10 24 32 64 97 21 68 56 46 74 25 0 49
7 46 32 96 56 87 99 28 65 32 72 0 31
6 34 82 48 40 44 47 31 23 38 23 0 27
10 37 21 40 55 62 97 29 38 36 35 0 46
9 27 74 52 55 82 47 67 28 75 96 0 45
4 49 79 94 35 73 48 45 90 84 93 0 20
8 66 36 42 96 25 46 71 36 32 36 0 40
7 37 86 47 39 49 68 89 75 53 22 0 34
9 41 63 55 24 72 56 91 70 82 75 0 45
8 61 62 59 89 39 37 76 98 96 83 0 38
10 59 20 62 42 33 57 62 77 89 27 0 48
8 97 77 26 24 74 24 74 73 51 47 0 40
10 82 67 31 82 52 53 77 24 47 54 0 47
5 47 69 62 97 56 77 58 77 40 78 0 25
6 40 51 79 59 54 35 74 27 40 32 0 29
4 40 100 97 75 100 51 92 69 93 73 0 20
8 80 51 62 49 64 94 72 42 61 66 0 40
6 45 30 95 78 21 84 56 93 72 49 0 28
2 59 49 21 42 61 76 42 94 68 50 0 10
8 46 64 51 83 23 61 83 50 72 61 0 39
5 74 43 70 36 82 37 38 64 64 85 0 21
5 42 82 74 49 57 37 32 47 50 67 0 21
4 50 81 58 57 82 39 88 90 97 76 0 16
4 58 25 53 55 56 43 41 63 62 94 0 16
5 51 24 98 89 57 23 96 30 33 77 0 23
8 53 65 27 53 89 22 97 39 49 69 0 37
4 85 84 93 79 78 98 60 71 62 57 0 18
8 84 90 64 77 64 76 83 41 27 55 0 40
10 20 74 32 40 35 22 93 78 40 35 0 46
3 65 52 85 51 85 46 53 73 59 92 0 12
4 42 92 24 84 62 28 77 77 87 23 0 17
6 28 40 22 97 24 55 51 52 53 81 0 28
4 83 82 39 23 46 27 84 58 56 88 0 19
3 91 91 35 35 54 76 64 46 88 87 0 12
7 31 32 87 64 86 79 23 46 47 86 0 33
3 21 84 22 34 60 44 44 55 61 39 0 12
8 96 27 91 34 56 92 89 77 32 61 0 36
7 99 90 65 78 74 40 91 82 37 46 0 35
6 84 68 49 70 31 36 29 42 62 64 0 27
6 49 95 89 61 58 31 28 94 75 82 0 29
6 95 75 69 93 51 88 29 64 52 47 0 29
7 74 43 84 82 56 73 42 39 53 68 0 32
6 77 63 78 95 64 90 41 59 29 25 0 28
10 63 51 82 76 74 43 47 38 80 81 0 49
9 82 54 25 23 35 62 46 26 71 55 0 42
9 24 26 53 66 75 52 57 99 41 26 0 41
4 28 53 27 23 80 52 88 69 29 79 0 20
7 99 58 77 62 57 54 87 45 40 32 0 34
9 34 68 68 96 80 75 75 70 94 67 0 43
3 58 50 70 98 71 52 56 59 57 45 0 14
6 76 32 73 35 68 88 45 33 22 72 0 26
6 44 70 47 60 83 60 28 72 31 60 0 28
4 56 32 55 92 60 36 29 86 54 57 0 18
4 34 95 54 46 98 31 39 48 59 31 0 19
3 89 35 86 68 64 91 31 94 71 33 0 15
7 61 75 88 37 54 40 58 45 27 30 0 32
3 54 65 63 80 21 66 40 30 84 90 0 13
6 64 80 21 62 70 25 49 48 76 64 0 27
6 94 41 79 28 24 22 32 75 44 89 0 26
8 59 47 89 34 61 41 48 92 35 82 0 38
9 36 26 84 25 66 88 42 94 97 93 0 43
6 54 80 77 65 44 41 84 66 39 48 0 29
3 78 48 55 59 45 82 74 83 79 24 0 11
6 52 23 36 95 54 90 86 65 22 83 0 27
10 61 52 64 71 45 41 96 68 55 91 0 46
5 78 78 66 72 48 72 48 96 81 98 0 22
3 59 35 90 82 93 76 36 90 55 76 0 11
7 92 50 81 29 50 70 67 30 21 55 0 33
3 94 100 84 21 88 46 38 54 24 77 0 11
5 23 85 50 93 31 89 62 27 72 47 0 21
4 80 67 32 61 24 81 53 89 97 37 0 16
6 52 75 29 49 70 93 40 99 95 69 0 29
10 39 49 87 33 21 70 57 68 66 67 0 46
3 72 35 29 93 32 89 59 47 76 37 0 11
10 75 44 76 98 40 72 83 43 94 41 0 48
9 21 69 69 91 93 43 62 60 32 95 0 41
5 49 91 55 52 98 77 39 28 61 78 0 21
7 88 40 36 92 37 55 82 32 56 36 0 34
10 73 92 72 29 37 73 88 54 57 49 0 50
6 93 85 56 53 95 24 94 23 81 98 0 29
4 62 32 66 90 71 64 23 72 61 73 0 18
5 28 66 88 75 45 97 85 74 35 22 0 25
7 22 25 98 88 62 68 71 51 92 70 0 33
10 63 49 70 26 42 34 38 87 95 91 0 46
4 23 85 70 32 21 85 70 84 63 38 0 20
10 37 70 56 41 72 50 93 58 61 93 0 49
6 84 84 50 92 71 79 75 60 21 39 0 30
10 55 29 79 37 52 49 27 97 69 52 0 50
3 85 21 24 35 96 37 77 86 38 39 0 11
9 63 79 30 50 53 92 74 65 99 60 0 42
3 98 61 94 78 70 27 52 41 35 45 0 11
8 100 31 58 24 24 70 32 47 41 72 0 40
9 56 99 79 63 55 95 95 81 61 71 0 44
7 99 42 79 68 92 92 56 95 41 72 0 33
8 46 46 33 93 25 46 89 24 61 35 0 38
9 31 84 48 95 51 97 56 45 44 56 0 44
5 57 72 81 52 99 57 65 83 93 74 0 23
8 26 50 40 30 64 29 50 61 71 89 0 40
6 80 77 28 51 24 65 47 97 35 93 0 28
9 76 62 42 72 85 60 51 39 31 77 0 44
7 93 83 62 74 56 76 96 61 91 69 0 33
4 70 43 95 85 74 52 20 37 64 34 0 17
9 82 56 21 23 55 73 89 88 54 91 0 42
3 24 39 70 99 77 49 50 20 48 77 0 15
7 31 69 41 32 33 44 90 72 83 57 0 34
10 31 94 75 91 26 36 27 90 67 74 0 46
5 82 93 51 26 34 54 66 92 68 48 0 21
7 69 24 86 37 49 32 49 92 53 50 0 32
4 85 79 53 49 93 78 28 74 30 45 0 16
10 88 47 84 60 92 94 37 89 23 90 0 46
8 24 44 73 65 63 83 36 98 74 69 0 36
3 94 41 49 20 95 47 42 57 63 96 0 11
6 55 98 95 77 60 63 61 37 76 37 0 26
6 80 31 72 68 83 97 38 96 48 57 0 29
5 56 75 25 32 81 20 24 42 70 81 0 25
4 59 29 61 97 93 96 43 89 87 97 0 20
9 39 82 60 70 45 58 29 31 55 87 0 43
7 83 47 38 31 44 99 85 68 23 58 0 34
9 34 58 25 37 54 23 58 38 63 88 0 44
9 60 92 88 74 24 21 68 77 95 78 0 44
5 97 98 71 74 91 26 28 62 23 77 0 25
10 61 74 29 48 57 100 33 38 27 34 0 50
3 78 41 21 80 96 26 43 87 42 27 0 11
4 59 45 23 92 22 59 63 54 38 23 0 18
10 94 57 92 91 81 21 65 26 98 92 0 50
5 73 49 61 21 37 87 93 43 68 36 0 24
8 96 28 30 42 25 57 94 91 46 26 0 36
4 49 99 27 93 73 71 22 39 31 76 0 20
7 89 76 41 91 43 81 72 41 91 55 0 35
3 49 20 23 67 23 90 49 66 53 97 0 15
5 61 34 23 77 33 47 61 34 37 50 0 23
10 86 24 81 26 95 66 33 64 50 79 0 48
8 22 35 97 53 39 42 59 65 40 51 0 37
6 65 73 45 49 68 68 87 21 95 27 0 28
4 75 44 64 29 20 92 84 29 40 53 0 17
6 46 80 28 53 21 50 51 78 36 60 0 26
8 58 22 90 21 85 23 96 74 24 56 0 36
6 54 72 69 24 68 72 51 57 95 66 0 26
3 38 51 47 28 58 93 20 80 73 54 0 11
4 44 26 73 27 85 35 43 58 87 98 0 20
6 82 33 76 93 41 96 31 43 35 81 0 28
2 49 81 36 21 65 80 39 26 31 44 0 10
9 54 50 99 82 94 87 79 56 81 56 0 42
6 45 21 37 69 97 72 42 43 88 95 0 28
10 49 28 54 57 87 43 60 29 41 72 0 48
5 96 66 23 43 20 66 43 62 36 37 0 24
3 52 81 78 27 50 48 68 28 48 35 0 11
5 96 51 68 61 68 62 98 90 25 45 0 25
3 58 29 24 38 83 36 56 94 60 98 0 11
8 69 65 61 48 65 82 50 36 69 51 0 37
10 33 65 47 31 23 92 35 85 52 57 0 46
7 32 92 58 28 96 85 65 43 61 40 0 34
2 33 69 79 47 31 77 58 61 56 90 0 10
6 28 23 39 73 91 81 57 20 95 33 0 28
8 98 71 27 33 59 26 45 57 27 98 0 39
7 78 55 91 96 90 59 95 69 28 83 0 32
9 30 81 97 45 50 89 73 63 80 83 0 41
9 31 33 47 67 66 27 48 85 76 55 0 41
3 84 22 27 53 68 61 28 75 48 44 0 14
10 98 89 92 78 44 27 91 88 34 31 0 50
5 69 72 67 92 72 54 50 61 74 23 0 24
9 88 51 63 21 47 93 73 47 60 94 0 44
3 48 21 73 58 27 92 40 85 75 66 0 11
4 22 38 61 27 20 52 26 80 80 37 0 20
6 76 83 76 21 39 42 28 92 41 69 0 28
7 44 35 88 78 99 69 91 28 99 94 0 33
7 34 71 49 42 30 34 89 32 29 36 0 31
4 31 63 74 20 79 49 68 75 78 55 0 19
4 56 26 96 77 75 83 78 81 69 96 0 16
6 39 28 38 88 82 42 67 71 50 67 0 29
10 23 65 79 91 96 31 31 60 81 31 0 46
7 35 87 40 99 86 56 90 55 59 58 0 32
6 45 89 67 55 57 70 38 23 90 61 0 29
3 92 55 59 40 64 92 80 29 54 74 0 11
8 72 23 46 31 82 61 33 30 95 24 0 40
6 45 28 70 30 34 81 39 72 95 96 0 27
7 86 89 68 55 98 98 95 25 73 54 0 31
10 67 84 64 61 94 25 77 95 30 90 0 50
4 76 46 62 30 90 22 82 62 56 50 0 20
4 67 47 40 35 72 84 98 24 32 80 0 18
6 76 37 30 48 71 59 85 59 76 52 0 26
5 39 21 80 64 43 97 92 57 75 87 0 23
9 61 24 46 70 88 46 89 64 75 60 0 45
9 91 94 41 78 45 92 24 36 72 60 0 41
9 68 21 61 59 47 29 25 48 50 51 0 44
5 55 93 42 87 52 99 97 67 94 84 0 24
5 94 95 85 98 55 60 79 68 64 57 0 24
2 54 32 68 60 43 82 80 82 99 68 0 10
10 59 28 64 69 59 42 35 46 75 37 0 46
10 47 37 57 86 22 34 72 42 38 84 0 48
6 54 95 25 49 25 85 49 61 24 40 0 28
5 51 92 23 37 48 58 40 82 55 64 0 21
5 85 47 28 80 39 72 20 32 55 21 0 22
3 59 89 84 63 78 65 71 48 31 37 0 13
4 72 65 67 94 24 31 45 58 29 43 0 19
10 76 43 94 57 31 52 46 26 50 40 0 50
3 25 67 99 76 97 50 72 28 90 89 0 11
9 49 86 63 47 30 89 33 58 32 71 0 41
5 99 81 60 27 65 33 39 38 60 91 0 23
5 54 78 21 29 36 94 47 55 56 93 0 22
8 32 38 40 86 85 67 88 66 22 91 0 36
8 60 39 50 72 49 40 75 74 68 95 0 39
6 95 93 86 20 21 90 80 89 80 97 0 30
9 57 77 65 79 35 88 34 63 99 74 0 41
10 25 54 83 33 72 52 33 55 46 79 0 48
4 25 79 58 28 27 90 52 69 71 28 0 20
8 41 56 82 40 85 45 38 39 35 94 0 36
7 56 87 96 92 46 50 61 66 64 49 0 34
3 42 42 96 75 33 47 73 56 57 80 0 15
8 35 46 29 92 92 43 44 68 88 60 0 38
9 63 28 72 42 28 70 28 53 38 40 0 43
5 31 24 89 34 32 39 61 35 27 75 0 22
9 52 64 82 28 50 51 40 67 44 55 0 44
3 79 57 70 21 21 89 75 29 77 58 0 11
4 51 97 59 71 66 35 58 55 97 47 0 20
7 28 38 21 51 66 42 96 49 29 29 0 35
7 34 65 78 36 55 70 39 67 35 62 0 32
5 26 79 90 84 97 42 35 87 38 70 0 24
7 58 26 90 80 37 74 80 59 64 47 0 32
6 30 44 51 24 58 68 30 75 43 68 0 28
8 96 38 37 61 89 52 78 32 86 84 0 38
4 66 96 45 78 82 51 62 72 86 43 0 19
8 60 63 86 99 41 81 46 60 78 22 0 38
5 47 57 68 81 92 62 30 21 69 96 0 22
8 71 75 86 34 77 87 53 27 36 29 0 38
8 24 85 88 22 58 36 81 94 92 98 0 37
10 78 38 54 74 62 54 33 56 29 64 0 49
5 65 54 23 76 47 40 84 78 36 23 0 21
7 72 91 30 22 97 77 73 55 44 39 0 34
5 64 33 99 76 53 90 53 84 66 57 0 21
6 90 51 39 40 21 53 23 35 58 59 0 29
4 29 59 98 71 63 68 71 90 88 82 0 20
9 51 98 48 36 25 95 99 74 48 75 0 42
3 90 63 77 94 83 97 32 50 49 83 0 14
7 50 40 74 26 36 40 27 22 50 49 0 34
5 97 79 70 51 68 59 71 82 33 95 0 21
10 89 22 36 33 24 50 88 33 46 84 0 46
4 85 62 60 59 34 55 52 90 96 89 0 20
9 62 53 90 36 98 59 67 88 69 63 0 43
3 85 31 24 64 92 32 40 61 96 39 0 11
5 68 92 36 85 98 58 24 38 61 53 0 22
9 47 40 96 85 62 39 24 33 94 45 0 41
8 66 62 63 35 51 70 99 65 24 91 0 39
10 26 34 36 21 74 55 62 23 99 39 0 48
7 29 46 49 67 75 66 80 77 90 66 0 33
10 44 94 39 100 34 28 93 83 33 78 0 49
3 76 79 92 40 65 86 83 92 59 60 0 11
8 28 93 38 31 63 34 32 77 86 51 0 36
8 64 27 46 93 54 99 42 92 66 92 0 39
9 93 53 46 93 94 87 42 71 82 52 0 45
8 67 78 91 68 32 76 71 85 29 58 0 36
10 46 36 42 44 40 72 36 98 78 35 0 49
6 34 25 80 69 55 96 62 26 25 85 0 30
5 90 50 88 93 98 94 54 58 68 92 0 24
4 83 83 97 47 89 28 35 93 62 99 0 16
5 90 61 36 39 83 63 76 39 72 95 0 22
6 92 66 36 90 88 78 30 42 23 45 0 30
10 43 75 68 55 51 32 54 80 84 61 0 46
10 66 47 63 94 49 80 50 50 71 30 0 47
10 53 68 63 52 76 68 93 66 36 69 0 46
8 21 43 70 30 36 52 32 59 82 77 0 39
6 96 48 64 69 53 34 49 92 90 30 0 29
9 57 60 59 80 97 83 64 75 84 75 0 45
8 40 61 95 34 25 94 26 51 97 39 0 40
6 34 54 36 30 39 26 51 95 73 35 0 28
5 93 65 72 59 90 36 81 86 28 44 0 23
3 97 50 83 83 39 25 45 52 69 33 0 12
9 42 87 73 51 72 70 57 85 86 43 0 44
10 30 66 64 96 32 40 41 38 33 81 0 48
249 145 146 212 248
125 176 201 258 298
115 151 216 220 280
129 173 196 230 269
126 177 202 236 260
115 175 206 222 281
134 171 203 251 271
111 158 182 248 296
136 147 209 252 266
103 175 195 247 280
134 140 192 241 267
127 146 184 240 286
103 160 203 243 299
119 180 217 232 274
107 171 193 256 280
101 161 191 242 285
133 148 201 236 296
101 159 219 238 266
116 150 182 223 284
136 175 184 253 279
135 147 202 260 278
120 142 216 222 271
129 152 208 255 272
120 156 180 225 267
101 146 196 228 265
119 146 180 252 298
134 161 210 241 284
126 149 188 243 280
125 144 191 221 273
134 167 190 256 271
114 168 200 235 269
112 159 195 227 300
132 144 186 248 276
126 171 202 248 282
132 142 196 241 278
122 165 201 254 280
115 161 217 244 289
116 174 217 251 299
127 170 220 225 297
137 166 206 240 277
110 177 214 243 269
123 143 220 225 298
115 164 194 245 270
102 148 210 259 288
125 155 200 257 277
105 142 186 248 290
117 144 185 226 292
102 164 194 243 292
136 143 195 241 277
122 164 201 235 272
108 160 183 230 266
110 146 213 232 280
116 142 204 230 286
134 152 210 233 280
129 144 188 252 277
134 143 213 238 299
100 144 198 258 296
117 174 211 249 266
118 157 186 225 286
119 153 216 247 287
133 164 191 223 267
135 145 203 257 292
111 146 204 233 294
120 150 180 223 300
134 176 207 225 276
100 146 207 233 266
128 179 197 252 265
116 166 215 258 295
106 175 217 227 287
107 178 208 253 289
122 148 200 229 287
138 145 188 233 288
116 159 180 222 271
125 178 213 230 268
115 168 195 244 263
123 151 183 238 260
136 157 182 240 260
122 145 197 223 300
129 143 199 225 298
117 170 194 231 300
126 148 184 254 294
112 174 200 225 284
127 155 183 221 288
106 148 210 230 273
136 167 211 258 261
118 156 182 224 288
114 175 199 220 298
104 144 201 226 266
115 140 191 256 295
128 160 192 222 267
102 167 193 257 284
132 160 210 233 260
108 170 180 221 300
104 148 200 230 261
109 151 204 234 279
117 172 195 254 277
108 176 207 227 296
125 160 182 257 284
133 166 206 246 262
106 176 197 243 270
123 173 216 252 263
100 145 206 260 265
128 151 210 221 300
135 167 195 246 291
140 179 215 222 265
114 173 192 239 267
109 160 205 251 298
124 179 196 236 295
134 180 203 244 285
110 157 201 231 267
111 148 215 258 295
130 171 187 250 285
139 169 210 258 287
100 167 203 223 292
139 152 191 248 282
117 175 184 221 287
130 156 184 252 269
139 141 194 255 271
103 145 196 255 287
126 154 218 259 260
136 159 214 240 294
120 151 210 245 292
119 155 200 253 284
101 164 214 225 274
135 148 184 222 280
108 152 196 225 261
120 174 213 223 296
133 178 198 224 286
112 154 205 250 289
127 146 190 247 285
101 156 198 241 285
127 142 182 223 269
117 151 206 256 271
137 154 202 221 261
102 176 199 227 264
109 176 199 241 264
102 161 201 236 267
139 160 187 220 283
117 151 184 234 292
128 148 194 260 263
128 151 220 236 285
129 140 213 247 277
122 149 189 252 290
132 162 191 248 285
111 140 182 258 292
135 171 186 241 297
101 144 196 260 286
111 142 208 230 289
134 167 191 233 284
106 154 191 226 298
139 155 184 247 279
117 173 181 228 296
129 166 196 234 264
120 178 194 241 263
131 144 200 221 272
101 174 219 245 275
103 165 189 248 264
132 147 200 234 283
108 174 202 250 295
133 147 186 228 263
109 159 197 248 268
114 148 197 221 275
114 154 220 242 280
116 175 205 234 283
137 170 195 251 284
108 166 217 232 293
101 145 208 237 269
118 173 205 222 270
109 179 193 222 271
123 171 210 259 266
122 149 190 227 282
102 157 217 227 289
139 157 190 237 289
137 165 213 235 295
113 143 181 225 299
121 174 211 233 275
124 170 219 224 288
110 166 203 238 275
125 146 199 222 270
102 148 183 256 260
125 156 180 258 275
108 171 194 228 285
110 154 180 256 298
108 159 190 253 296
101 180 184 243 285
117 166 181 252 291
140 151 206 229 287
119 173 212 248 287
108 149 199 234 294
137 154 183 224 293
113 150 212 246 289
114 162 215 248 295
135 179 193 231 298
131 161 186 225 274
117 158 199 247 296
102 178 194 240 280
105 177 197 238 281
106 167 199 247 296
136 179 217 224 275
134 150 201 228 273
119 180 210 250 296
104 179 191 221 279
139 164 207 253 275
128 146 187 258 297
125 148 211 245 283
118 143 204 246 262
106 167 181 252 265
104 179 218 246 262
138 141 182 228 260
119 170 219 224 298
101 160 206 249 295
138 170 202 246 273
101 164 219 246 270
129 140 193 251 275
128 179 209 253 285
123 141 198 233 299
132 174 205 246 260
137 159 189 232 272
140 154 202 240 299
115 161 183 241 297
127 156 212 225 281
117 162 191 251 283
134 164 203 227 297
136 168 217 236 286
137 155 191 220 286
135 166 197 222 278
127 173 196 232 276
131 178 216 249 290
110 177 194 229 264
131 155 189 259 261
122 158 188 234 276
110 168 205 220 299
135 145 180 249 268
126 172 212 241 296
140 159 189 250 296
112 177 199 230 271
117 141 182 241 277
117 175 206 245 284
124 175 185 225 263
103 170 193 249 268
124 140 213 253 289
127 174 187 258 269
138 158 194 243 298
115 170 191 230 263
123 176 216 249 265
124 154 208 224 282
123 148 192 230 286
109 164 180 245 261
111 152 183 255 288
118 146 211 226 263
116 168 217 243 290
120 168 198 255 287
104 169 204 246 291
122 162 186 260 270
110 162 182 253 281
125 169 193 224 283
108 151 212 249 294
125 161 196 256 274
105 157 217 229 266
119 150 194 224 261
139 152 213 241 272
121 175 215 258 283
102 172 212 252 283
111 163 191 235 300
131 146 191 230 279
126 147 207 251 281
106 140 181 253 283
124 163 207 238 285
136 161 191 223 296
135 160 214 236 282
122 159 202 258 299
114 150 184 244 287
131 171 202 246 295
140 149 188 230 284
118 150 184 230 260
105 161 196 249 276
115 142 205 224 292
122 156 192 223 270
140 174 181 237 296
115 174 180 250 283
110 154 198 237 289
120 164 214 254 296
109 147 187 249 287
133 147 207 257 260
102 153 185 222 284
111 170 201 258 261
138 155 200 226 295
135 177 210 231 286
102 161 183 247 288
138 147 198 224 269
132 152 216 226 297
110 166 188 259 290
109 152 186 230 291
124 175 189 260 279
136 146 186 258 284
103 161 200 260 274
132 172 211 228 264
103 150 191 233 270
104 151 185 227 271
130 177 204 231 278
127 161 183 224 294
128 173 182 238 282
118 173 209 250 296
132 173 184 221 287
109 170 183 238 297
120 164 216 233 281
132 145 196 231 284
106 143 214 243 290
122 176 200 250 269
102 178 180 233 294
116 148 200 235 277
113 140 181 254 262
105 173 184 225 299
124 166 199 257 292
117 148 192 259 296
137 144 219 254 299
109 171 180 221 271
106 171 189 257 279
136 141 217 233 275
139 151 203 231 270
119 144 213 221 274
125 144 180 242 267
133 175 204 222 297
110 174 193 248 272
123 151 219 258 266
137 140 202 244 260
134 149 202 235 286
100 156 186 234 260
114 148 208 248 260
139 169 194 220 268
104 158 201 225 274
137 153 211 229 268
108 177 208 223 290
126 159 200 226 281
104 152 190 244 267
114 169 183 231 262
112 144 207 258 290
116 161 207 237 275
126 152 188 235 297
129 154 212 221 284
128 155 182 221 300
134 172 191 245 273
136 169 201 233 264
111 155 212 236 296
114 169 193 221 266
121 165 204 245 276
105 147 202 237 283
108 141 210 253 292
109 147 191 220 260
136 178 184 236 283
129 143 187 228 285
126 160 183 249 269
113 164 187 259 271
126 145 202 239 296
140 179 183 221 265
114 166 187 225 277
130 177 199 221 264
100 147 195 238 260
132 146 190 244 263
115 160 208 222 298
131 176 192 241 270
111 156 206 257 263
115 169 218 240 286
120 148 193 254 280
116 140 219 259 295
106 173 215 244 271
116 175 196 231 287
103 150 197 237 297
122 161 209 234 285
111 170 195 231 277
101 153 189 226 272
126 164 197 245 265
139 157 196 241 278
138 174 214 235 270
101 170 189 247 283
128 141 220 246 282
127 144 187 252 271
107 168 181 259 262
122 144 208 248 295
132 145 214 256 297
100 174 196 234 271
132 156 190 255 270
100 172 186 242 269
114 160 186 238 294
120 159 203 249 270
136 166 207 243 284
105 143 185 223 278
105 141 199 243 283
107 173 186 255 264
112 176 182 251 286
108 173 182 221 300
140 148 206 254 273
101 145 213 254 274
109 161 216 228 288
110 168 183 250 276
100 163 191 223 272
121 162 205 245 273
129 149 205 252 263
114 178 217 260 285
100 162 189 252 299
124 161 193 246 293
130 177 213 237 289
115 148 206 256 296
106 151 214 253 273
127 143 209 232 283
110 147 204 257 289
133 157 182 226 285
106 171 180 245 270
105 140 207 238 282
122 147 184 249 293
111 145 218 242 280
120 144 217 250 261
121 156 201 245 278
100 179 187 252 289
125 156 215 244 269
116 176 202 222 296
121 170 205 241 277
100 171 184 234 292
105 171 195 255 276
124 142 185 225 285
107 152 210 223 285
133 173 202 250 264
112 141 188 227 291
105 149 180 249 289
114 169 194 247 265
114 174 191 242 276
112 167 212 251 262
104 151 196 234 289
135 154 206 223 276
129 145 206 254 278
112 144 189 232 300
121 169 197 233 291
122 179 203 260 264
118 179 210 252 287
133 145 214 229 275
131 165 195 242 274
111 170 197 229 275
103 151 208 246 266
135 178 218 239 295
107 158 211 243 265
139 158 205 256 274
116 170 206 250 300
127 151 220 256 286
130 143 197 224 277
111 161 218 258 292
111 142 187 226 292
128 145 202 240 279
125 177 181 222 265
116 156 218 224 280
134 154 209 238 288
110 140 211 231 273
136 159 212 229 271
134 168 214 225 279
119 178 210 225 279
108 141 187 257 282
115 171 194 234 272
137 153 219 258 262
110 177 188 251 271
138 151 208 241 261
127 171 199 231 292
131 157 218 246 280
129 145 201 224 283
137 140 194 232 274
126 148 194 250 278
133 180 200 259 294
128 149 194 233 272
129 164 200 238 298
106 173 210 232 273
123 148 196 228 267
108 140 181 255 293
138 151 201 254 274
138 146 185 226 264
130 174 193 248 287
115 172 210 251 294
119 166 189 240 289
139 168 214 256 274
132 174 191 255 292
125 152 207 246 274
122 154 203 253 266
120 144 213 223 285
119 148 202 260 278
133 166 203 250 291
133 143 196 239 284
128 155 186 243 275
125 173 209 256 289
111 176 186 243 288
133 174 200 255 293
108 150 200 253 274
111 171 191 238 275
100 167 212 255 288
118 152 213 242 287
128 173 189 251 264
134 143 205 245 276
127 142 205 255 289
128 175 192 246 296
116 164 219 251 278
116 173 203 227 283
137 162 200 220 263
112 146 220 249 287
104 142 202 232 279
111 168 187 256 266
123 149 189 249 261
103 163 218 243 299
115 162 189 230 262
102 148 195 259 295
136 148 204 225 296
104 142 195 258 266
136 157 214 222 268
102 155 200 235 281
121 148 184 260 273
133 150 188 227 274
135 146 220 241 276
129 158 197 244 292
117 142 201 250 295
123 172 204 237 272
128 144 220 238 276
120 150 191 226 278
133 162 206 244 281
131 176 202 246 266
136 149 188 220 288
101 152 218 251 268
101 166 212 251 274
114 155 219 239 283
116 179 185 236 266
115 140 208 245 287
124 163 214 245 281
134 177 217 248 263
139 149 212 236 262
126 156 207 260 272
136 165 219 254 268
101 172 213 258 277
115 142 202 245 269
107 149 185 257 268
139 161 209 260 294
109 156 192 240 292
121 141 201 220 261
106 169 202 257 290
136 172 184 231 272
127 172 183 234 283
135 157 185 239 300
105 165 209 245 262
115 175 207 239 281
101 152 208 253 288
137 178 187 248 263
126 144 194 235 282
119 180 183 246 275
134 178 183 233 288
109 179 196 237 290
140 162 206 251 264
102 141 207 223 289
111 179 211 248 277
138 143 189 246 295
137 140 214 222 284
133 150 210 240 291
115 168 213 260 272
115 151 188 224 296
137 156 214 232 268
105 180 192 242 271
105 142 200 256 297
110 165 192 228 293
129 154 197 221 273
110 158 190 222 280
113 166 215 235 292
112 159 207 242 291
106 153 215 231 281
129 153 187 225 300
109 166 212 221 269
137 151 205 260 297
140 161 215 254 267
106 154 181 247 284
125 169 196 228 282
124 180 217 253 279
113 161 199 221 291
126 177 215 223 279
113 144 196 236 268
112 173 220 222 274
111 179 193 239 288
124 171 192 228 296
126 162 182 223 261
129 168 188 239 280
132 150 212 257 286
115 155 191 236 273
125 158 205 236 271
103 147 182 243 283
119 149 188 237 272
134 147 217 241 276
114 155 200 242 270
100 145 217 260 267
135 144 215 224 266
118 153 196 237 281
102 158 193 232 269
128 168 215 247 276
122 173 207 239 268
139 143 186 242 272
107 152 186 251 293
110 173 194 250 296
106 145 214 233 274
140 177 203 224 296
135 157 208 228 298
140 145 199 238 276
117 162 204 253 281
136 150 208 237 290
132 174 202 232 289
137 179 212 259 262
117 170 210 232 262
113 169 190 223 296
122 157 220 232 284
100 173 217 251 275
103 164 207 251 279
133 176 190 227 276
117 173 215 257 282
117 160 187 234 271
108 175 188 236 284
117 162 194 259 295
131 163 212 227 283
138 177 182 225 288
119 143 195 230 267
139 150 200 246 299
108 174 188 229 300
140 156 185 230 268
110 171 196 230 281
138 159 189 260 268
137 180 211 239 292
130 173 203 252 274
107 147 182 222 260
137 165 217 239 281
122 164 207 222 284
133 178 188 257 262
102 176 197 232 280
140 164 193 237 299
135 173 190 251 268
122 164 185 254 286
107 142 191 231 276
100 178 214 257 280
138 145 218 258 300
123 158 196 233 299
104 177 189 253 277
110 172 208 252 261
107 148 195 223 285
127 143 219 260 286
106 159 196 243 266
124 161 216 253 290
122 168 210 257 264
114 171 181 229 265
125 142 182 240 276
137 154 200 244 268
137 167 191 232 296
131 175 212 227 267
131 161 219 260 299
128 141 186 258 299
130 165 220 248 268
134 157 203 234 285
107 148 193 232 273
111 176 181 229 269
105 143 195 230 285
132 178 202 254 269
111 179 204 243 275
126 155 187 256 263
113 177 209 236 290
117 140 199 232 266
102 163 200 259 286
131 157 199 250 269
112 142 187 253 294
111 163 191 259 298
108 165 181 246 294
107 145 215 250 275
125 174 207 232 278
133 179 181 228 290
129 178 214 240 281
109 157 210 257 284
104 158 202 221 264
139 166 218 255 273
108 156 215 223 299
108 169 197 248 300
105 147 218 224 275
131 165 193 257 272
114 150 187 226 261
140 149 193 224 264
107 166 213 248 265
125 156 193 246 297
100 155 211 225 288
124 159 219 233 268
132 145 190 252 276
102 142 205 252 279
105 171 198 258 286
120 176 197 248 286
139 155 196 241 277
135 149 194 247 268
113 172 199 229 260
113 156 209 240 297
131 151 195 251 260
117 171 209 253 260
101 163 186 254 265
113 177 219 252 283
113 163 220 234 283
104 165 209 249 260
117 177 186 243 276
105 145 210 222 268
127 163 181 255 295
109 172 218 239 281
128 149 189 247 288
116 178 208 221 293
138 153 209 243 296
124 162 196 254 271
123 174 218 246 273
115 148 201 236 287
100 140 208 253 288
100 142 202 238 300
124 140 206 235 298
136 141 204 247 288
111 166 197 225 293
132 178 214 229 286
101 179 185 229 265
130 154 210 238 298
116 141 187 226 261
126 140 212 258 267
134 141 193 257 285
113 150 180 252 263
113 175 189 256 299
138 171 219 237 268
102 175 217 233 289
100 151 200 249 288
108 168 198 226 297
130 174 208 247 284
117 152 206 250 265
133 172 188 243 300
108 145 208 254 279
131 161 217 223 288
105 161 199 229 292
132 142 197 235 286
134 146 203 253 273
115 175 211 231 281
136 141 202 227 270
123 156 182 234 288
120 179 181 224 264
102 170 193 223 286
119 149 212 253 264
117 172 200 220 295
123 160 197 231 269
135 158 209 242 281
104 179 220 224 289
129 150 185 242 284
109 151 216 230 276
100 175 183 252 272
135 153 196 223 297
112 153 215 231 264
116 150 215 238 280
121 140 216 260 268
123 176 206 250 280
101 165 180 221 263
139 154 186 236 281
117 156 183 240 300
107 145 206 249 265
125 162 189 258 270
120 151 211 239 269
135 153 194 237 268
134 167 183 230 294
132 160 188 253 268
118 148 186 246 288
116 179 214 229 267
114 146 200 220 272
134 169 196 249 271
113 156 204 224 289
132 176 209 244 300
132 144 190 255 298
108 169 201 235 293
108 151 214 252 297
122 144 213 250 289
111 167 192 223 288
135 155 206 254 282
140 150 196 246 271
125 180 212 260 278
103 179 180 247 274
122 180 204 259 268
136 146 189 235 275
118 158 209 225 260
136 153 183 252 300
103 143 188 253 292
113 164 185 235 283
104 173 206 229 293
120 157 184 221 268
109 142 214 244 289
131 149 188 228 292
115 156 219 232 262
129 157 181 228 266
105 173 204 243 287
101 161 192 251 276
106 160 196 251 282
121 160 192 240 298
113 154 216 253 267
120 166 196 223 288
123 161 202 230 278
125 178 181 222 278
123 158 197 249 271
118 147 206 246 291
112 148 205 226 263
129 180 196 254 281
134 147 192 231 276
140 167 207 247 263
104 178 212 248 290
138 153 219 227 293
137 172 204 246 286
132 156 217 254 276
122 180 205 247 260
126 179 200 249 275
129 144 192 238 277
109 177 190 254 291
117 145 199 257 283
130 177 220 239 280
118 169 208 232 277
127 146 217 253 281
113 149 202 253 293
101 151 205 229 297
121 160 218 246 282
111 145 191 230 294
112 142 198 250 275
139 158 220 251 290
129 143 202 242 274
120 178 188 239 299
136 169 204 248 296
126 165 216 232 286
105 146 219 235 276
119 167 205 220 296
122 140 181 227 266
129 166 213 260 278
124 166 212 239 271
117 156 205 247 284
114 149 215 235 266
123 175 214 232 281
121 154 197 230 286
104 161 194 232 276
116 149 197 242 271
106 162 197 244 297
118 168 210 258 272
133 169 201 258 269
102 153 209 220 295
138 154 196 224 262
103 148 191 233 274
123 171 213 226 273
119 168 213 229 294
133 174 202 232 279
116 148 210 242 270
116 178 216 251 277
140 142 187 241 281
120 179 196 225 265
120 178 198 229 296
112 161 219 248 299
116 141 185 231 277
101 164 203 223 267
110 160 180 251 277
115 160 202 220 296
117 163 209 255 294
118 151 186 242 269
112 149 184 223 288
119 176 195 244 292
109 145 185 238 263
138 172 210 220 291
133 168 205 233 276
125 156 217 247 273
137 144 202 237 283
123 152 205 255 283
140 170 220 246 285
125 143 198 230 296
121 159 191 220 279
116 160 214 225 268
102 164 216 239 297
126 169 192 236 295
115 175 208 240 276
102 149 197 236 288
126 151 194 253 263
106 166 181 240 299
123 152 191 245 288
137 152 191 221 267
100 178 218 229 291
116 151 201 241 287
112 165 209 259 274
119 177 191 235 265
133 152 211 252 266
125 179 182 255 294
113 158 210 239 281
132 170 196 246 272
106 153 204 257 263
128 161 213 254 277
123 141 195 224 260
140 177 215 250 286
123 142 208 256 287
100 159 202 233 296
112 160 192 250 265
110 140 220 260 289
114 151 216 249 299
135 172 202 257 297
122 149 219 230 262
126 168 209 255 270
111 157 214 234 298
133 152 197 220 291
122 174 198 240 271
112 150 205 237 282
131 162 208 226 263
128 170 209 260 260
106 159 214 245 296
134 148 192 248 287
138 175 189 234 284
100 159 213 244 274
140 161 219 242 273
111 178 198 229 263
133 158 204 250 286
101 140 203 249 278
106 146 209 236 281
128 172 212 243 279
107 162 215 243 267
101 161 180 225 267
130 175 197 234 291
123 142 211 238 275
120 143 220 227 266
101 152 218 226 262
112 178 198 255 260
121 162 212 249 266
130 161 213 233 261
125 146 204 224 283
122 158 200 257 280
134 178 205 255 288
131 154 198 243 266
138 144 216 250 276
114 140 184 231 286
101 162 198 251 268
101 168 218 227 280
102 158 189 228 297
110 171 188 228 289
116 155 197 235 270
100 153 187 242 285
125 164 194 247 293
101 175 199 249 283
122 174 187 249 299
134 144 185 221 278
136 162 183 246 292
135 152 216 230 265
123 169 200 225 264
133 179 198 258 278
121 166 219 260 274
104 147 216 232 276
105 164 191 258 293
110 149 197 254 271
104 155 219 223 262
133 148 213 260 290
124 160 188 252 279
111 148 208 229 284
138 156 202 253 262
125 173 185 229 275
106 140 193 260 273
119 179 218 232 281
101 174 181 259 262
108 163 203 253 285
139 150 182 220 280
134 164 217 253 270
126 153 218 230 262
108 170 218 242 260
139 146 185 238 276
138 171 180 247 264
116 140 194 257 270
139 166 190 256 298
120 171 187 233 295
118 140 200 234 287
106 175 182 246 286
132 170 202 237 263
135 154 197 238 291
134 142 210 232 261
126 149 203 236 278
121 164 204 220 260
111 145 182 233 291
118 142 198 241 283
140 152 219 249 266
112 179 188 246 276
107 178 196 231 266
100 154 217 245 292
117 179 202 238 263
113 164 198 220 291
138 164 214 242 276
101 165 189 226 286
139 145 190 258 295
127 173 193 223 264
132 146 199 238 292
130 156 187 256 263
119 156 204 243 291
113 146 191 225 260
131 172 218 250 275
117 166 207 225 278
124 152 215 223 286
114 177 214 226 291
103 165 198 242 272
112 153 188 260 281
138 162 215 241 289
108 165 216 229 266
130 166 183 248 273
132 172 219 243 262
118 171 218 247 268
127 160 202 248 268
112 155 214 223 292
106 179 207 239 290
108 159 210 234 263
124 172 186 229 298
121 164 186 223 284
5189 7306 8344 10710 12371
1904 2500 3575 3641 4634
4327 5803 6575 7715 9023
3974 5583 6371 7444 8201
1213 1845 2172 2340 2962
3421 4365 5182 6407 6918
2614 3720 4285 5839 6969
2793 3019 4292 5175 5463
1498 2545 2836 3592 4072
2085 2178 2987 3749 4154
6420 7381 9302 12132 14458
4279 6646 8432 10094 12420
4704 7116 8578 9171 10831
5087 8129 9175 12170 13311
2379 3792 4499 5700 6713
3263 3631 4932 5790 7262
4904 7720 10633 11555 12915
4590 5935 7201 8824 11237
2384 3068 3225 4435 4890
1692 1842 2531 3258 3483
4987 5901 8977 9226 11262
2133 2513 3439 4216 4497
4509 5861 6763 8454 10032
1372 1983 2662 3096 3598
2445 3000 3698 5177 6122
3019 3627 4731 5429 6397
5866 6936 8751 11312 13034
5946 6850 9086 10513 12986
2082 2594 2951 3976 4209
3597 5301 6310 7414 8487
3981 5652 6932 8069 10664
3109 3391 4380 5840 6500
2713 3681 4349 5339 6070
2581 2776 3832 4711 5434
5189 7018 8549 10803 11908
3856 5398 7276 8181 9690
3656 5483 6838 7910 9422
4512 6039 7815 7992 10550
5827 7060 8761 10207 11780
2699 4343 5251 5962 6600
4002 4653 7158 7321 9696
3743 5338 6315 7974 8788
3931 5704 8093 9981 11099
1442 1788 2307 2964 3195
2684 3629 4754 6338 7412
5916 7281 9354 11427 14764
5054 8126 9612 12039 14467
2251 2366 3227 3988 4583
3849 5174 6341 7413 8580
4058 6012 6876 8642 9994
5451 7235 10555 11496 13875
2385 2919 4193 4727 5878
2350 2666 3683 4086 4910
4586 5119 6683 8958 9847
3287 3508 5224 5838 7334
1855 2671 3672 4784 5489
4158 6183 7498 8848 9452
2426 3228 3824 4625 5879
4109 5283 7459 8529 9910
4995 6159 7173 8375 10027
3176 3411 4776 6046 6869
1393 1832 2560 2924 3689
2707 3384 4060 5030 6767
3958 5198 6113 6645 8151
3457 5047 7156 8055 9195
1988 2780 3060 3914 4116
2960 4236 5486 6583 7527
3343 5519 6843 7159 9051
4336 7213 8429 10252 11711
2141 2598 3510 4019 5037
6562 6894 8939 11078 13693
5287 7246 8203 10117 12350
2442 3477 4161 4493 5235
1789 2613 3032 3794 4090
6220 7636 9254 12035 13148
5924 6838 7927 10453 11324
5435 6460 8776 9935 13365
5876 6513 9064 10248 13572
5679 8251 9416 11212 14561
1832 2152 2675 3693 4274
3309 5141 5909 6648 8391
1849 2256 2664 3217 4192
2074 2895 4108 4499 5340
6872 8438 10661 13035 13187
5022 6640 7746 9533 12257
4508 6919 7868 8699 11782
4532 6275 8759 9848 11591
2133 2596 3542 4747 5470
1352 1690 2027 2344 2819
4747 7772 8982 11961 13217
3768 4567 5994 6651 7422
1896 2984 3160 3879 5266
3492 4969 6715 7722 8763
3876 5369 7253 8320 9920
4041 5940 6734 8772 9566
1462 2382 2802 3072 4006
4317 5526 6286 8876 9809
5391 6729 8350 9972 10620
5040 8368 9367 11554 12837
3878 5454 6810 7945 8292
3856 5591 7942 10024 10217
2117 2497 3473 3655 4961
6011 7436 8682 10953 12956
1475 1885 2264 2338 2791
3255 4939 5482 6824 7623
2020 2965 3799 4651 5522
5274 7612 8335 10036 12545
3286 4413 4977 5982 6988
1602 2286 2927 3364 3888
5276 7034 10219 12262 14021
6309 8299 9075 12132 13831
5353 6508 8087 9936 11052
1355 2263 2751 3022 3957
6747 7378 9270 12037 13687
2990 4472 4701 5647 7333
2931 3518 4149 5682 6065
6331 6422 8835 11613 12342
2632 3705 5008 6515 7333
2083 2546 3604 4282 4299
3063 3581 4819 5405 6621
4264 5366 7462 8705 10375
1730 2253 2907 3678 4128
5005 8127 10605 11150 13578
2506 2747 3415 4120 5197
4490 6320 8149 9354 10851
2344 3398 4160 4355 5780
2864 3833 4263 4823 6158
2860 3933 5235 6384 7380
4133 4752 6184 8039 9275
3389 5234 6643 8086 9562
5915 6614 8477 10386 12529
5680 7330 10000 12427 13155
5282 5938 7788 8521 10063
3219 5555 6281 7164 8332
3875 6257 7074 8567 9385
1383 2183 2726 3200 3621
5914 6808 7957 9361 12041
1820 2349 2862 3640 4542
2118 2449 3210 4302 4352
2756 3251 4737 5081 6136
3166 3436 5227 6061 6797
1408 1720 2181 2908 3347
4955 6080 7169 9308 10697
4279 5397 7016 9946 11257
4121 5220 5678 7357 9066
4096 5839 7948 10543 11597
1394 1783 2611 2887 3628
5700 7104 8125 9911 12080
1755 2550 3162 3742 4934
6886 7679 9115 12236 13822
1468 2170 2271 2860 3713
2651 3411 4028 4808 5425
2826 4191 4568 5674 6192
5576 6129 8512 9406 11576
3892 6705 8439 9441 10597
3766 6032 6910 9067 9652
2580 2873 3909 4573 5531
4053 6530 7581 9382 11070
3002 3317 4197 5145 5935
2567 3745 4640 5841 6312
2801 3636 4840 5429 6756
3139 4241 6058 6664 7710
5514 8319 9745 11123 13452
1990 2469 2832 3645 4124
4378 6729 8796 9404 11876
3289 4722 6773 7718 8760
4077 5977 7083 7670 9328
4421 7260 7828 9004 10991
4739 6588 8091 9978 10248
3362 4106 5236 6256 7771
5054 7779 10752 11247 14319
5913 6678 8082 10081 12293
6099 7346 9483 10462 13133
1985 2512 3179 3952 5252
5389 7749 9397 10377 12247
2422 3320 4277 4375 5624
4130 6233 7622 8936 10325
5571 6506 8868 9893 12032
3119 4525 5595 7826 7948
5068 6325 7298 10461 11150
4380 6934 7867 9245 11557
1490 2086 2438 3467 4036
2758 4061 4852 6461 7559
1873 3338 3413 4507 5285
4041 5734 6252 8704 10051
2595 2799 3818 4245 5319
5893 8567 10499 12281 14213
4380 6042 8070 9489 11922
4596 5166 6139 7515 9829
5033 6681 9442 10956 12871
2910 4135 5488 6330 7530
6821 9044 9751 11671 15056
4789 5885 6799 8225 10016
1350 1822 2295 2849 3414
1586 2767 3016 3731 4353
3942 6645 7396 8935 10550
2813 4431 5280 6554 7854
3472 4569 5539 5718 7020
1414 1583 2121 2405 2880
2441 3693 4308 5128 6072
4738 8155 8701 10068 12710
6189 7302 9216 11264 12244
6213 7086 9076 12522 14414
2567 3039 4333 5031 5812
4196 5085 7254 8747 9316
5041 7942 8608 11985 12603
1616 2781 3387 3822 4071
3667 3747 4836 6058 6908
2681 3830 4933 5046 6713
3892 6166 7939 9595 11368
2419 2980 3541 4312 4785
4196 6813 9098 10219 11216
2909 3157 4352 5660 6201
5058 7073 8259 9997 11262
2158 2474 3474 4088 5246
3635 4791 5644 6773 7159
1582 1836 2183 2679 3141
3854 4239 5560 6606 8229
1328 1859 2113 2782 3428
5403 6637 9019 9572 11954
2988 4138 4878 6410 7228
5967 7303 9039 10108 13225
4287 5295 6840 7439 9015
5966 6750 8318 9581 12455
2639 3244 3850 4339 5433
4641 6322 7162 8477 10085
5569 7567 9182 10585 12328
4901 7887 8644 10203 11763
5181 6130 7474 10242 10321
1288 1668 1984 2470 2913
1930 2947 3596 3859 5245
5340 5736 7120 9849 10601
1577 2153 2654 3017 3705
4554 5172 6147 8131 9627
2078 3283 3691 4266 5026
4278 5156 6655 8812 10129
3806 5693 6701 7969 9238
2797 3948 4173 5075 5933
4177 6894 7827 10097 10868
4406 4975 7568 8990 10269
3243 4443 4775 6588 6869
3385 3875 4758 5960 7309
3975 5875 6601 7949 9089
5231 7485 9186 10589 11270
3540 4396 5938 6394 8050
2651 3190 4138 4957 6164
3114 4685 5142 6998 7455
2947 4035 4858 6770 7646
5377 6652 9614 10297 11983
2381 3448 4454 4987 5952
2584 3617 4263 5489 6178
2552 4146 5005 6036 7139
5922 7864 9029 12621 13106
5011 7379 8290 11524 12799
2943 3979 4544 5274 6663
5458 7631 10713 12583 14857
3942 5077 6181 8073 8641
2159 3228 4461 4707 5468
5185 6536 8453 9760 11372
7024 7681 10764 12178 13745
3088 4465 5486 6583 7221
4032 6799 8381 9962 11187
4833 7098 8317 10232 13062
2693 3001 3926 4728 5735
5990 6988 9840 11931 13357
2498 3299 4265 5961 6668
1554 2043 2594 2983 3572
6601 7815 9271 10824 14367
2231 2645 3537 3901 4661
3114 4058 5155 6584 7631
1773 2333 2862 3795 4464
1640 2141 2529 3080 3693
4697 4999 6307 7716 9527
2428 3086 3786 4732 5350
1948 2987 3636 4619 5120
4319 5333 7699 8412 10966
1411 1804 2220 2579 3122
2874 3572 3716 4865 6076
2247 3400 3518 4885 5530
4241 5937 7633 9136 11140
2102 2873 3749 4449 5185
2459 3316 4218 5616 6473
5791 6401 9013 11190 11320
3221 4831 5841 7009 8967
1392 2132 2521 3236 3273
5180 5818 7507 8483 11073
5741 7526 8930 9823 12161
1587 2504 2846 3841 4479
2147 2287 3080 3484 4184
4030 4641 6595 6900 9067
1159 1749 1981 2729 3055
3767 5253 6428 7949 10057
3662 5168 5581 7677 8238
4697 5043 6424 8910 9808
1189 1859 2309 3001 3163
4955 6457 7921 8559 9910
2943 4286 5457 6657 7714
1724 2503 3067 3763 4493
4489 6112 7044 7977 9600
3880 4918 5590 6843 8981
4805 6495 6832 8935 10586
4073 5972 7214 8630 10217
1656 2170 2308 2772 3600
2022 3153 3394 4413 5507
3304 4516 5948 6416 7737
3109 3415 4616 5440 6688
5252 7085 10603 12039 14368
2505 3614 4107 5133 5523
2402 4192 4239 5487 6923
4705 6002 8111 9531 11234
4472 5540 7162 10051 10367
1423 2344 2493 3049 4051
6017 8055 9656 12470 14168
4743 5999 7783 10499 11998
4455 4682 7121 8259 9722
1588 2491 2623 3220 3948
1436 2316 2559 3480 3778
5514 5716 8797 9446 11149
5636 6123 8231 9366 10947
1257 1521 2249 2333 2893
3071 3538 4422 5945 6559
1932 2542 2963 3225 4314
3360 5315 5895 7575 8308
2772 3403 4935 5813 5994
2542 2597 3747 4527 4823
4762 5295 7179 8352 10164
2958 4614 5502 6921 7690
1317 1710 2403 2865 3004
3968 4825 5538 6280 7651
1203 1827 2324 2602 3168
6240 6968 9610 10429 12206
5458 8946 10512 11270 14656
3975 5016 6309 7130 8864
1099 1606 2008 2578 2821
1661 2462 2666 3365 3816
2524 3245 4665 5814 6535
2615 3630 4667 5343 6200
4479 5403 6682 8353 10556
5746 6860 9443 9844 12650
5575 6750 7926 9625 13065
4494 5768 6405 8216 9155
4426 5499 6541 7582 8591
3168 4423 6050 6735 8447
3484 5165 5899 6754 8130
4179 5699 7045 8461 9532
1739 2434 3344 3924 4685
4271 5575 8303 10004 11546
5296 7142 9280 10689 12632
3881 5079 5250 6734 8075
5361 5943 7771 9475 11844
3093 3928 4493 6113 6604
3791 5502 6273 8688 9091
2588 2978 4149 4909 6079
6517 8332 8519 10287 12335
3256 4741 5341 6426 7911
3711 5053 5681 6309 7536
3958 5818 7718 9419 10290
4034 4461 5806 7456 8036
2247 3127 4064 4338 5823
4525 6079 6631 8323 9325
5056 7105 9383 11705 11979
3396 4990 6437 7087 8445
4506 5557 7246 9536 10512
3657 4414 6904 8165 9300
1647 2688 3341 3791 4211
1223 1845 2066 2435 3025
3662 5333 7004 8426 10558
5312 7009 9099 10187 12408
3724 5704 6543 7750 9294
2280 3454 4267 5102 6141
3219 4189 5032 6258 6769
1604 1811 2261 2780 3207
2143 2702 3323 3649 4192
4702 7913 8798 11497 13173
3140 3459 5397 6035 6918
6293 7136 9266 12487 13429
3163 4965 5350 7655 7743
3115 3677 5311 6332 7532
2313 2540 3749 4485 5203
1156 2011 2265 2704 3132
3768 4452 5423 7278 7706
4456 7664 8288 10783 11986
2799 3928 4566 5842 7217
4145 5492 7012 8601 9326
3063 3739 4662 5473 6397
4471 6089 7877 9495 11837
3839 5155 7275 8884 10346
3162 5112 5496 7535 7801
2077 3263 3374 4653 5302
4272 6842 7198 8741 11865
3015 3187 4435 5469 5878
3995 5735 8424 10045 10836
2675 3951 5301 5595 7068
1271 1940 2114 2887 3188
4457 7265 8513 9939 12123
5873 7863 9951 11892 13251
1876 2167 2981 3665 3825
1199 1872 2282 2734 2997
1854 3004 3504 4672 5544
5026 6526 7823 9971 11876
1498 2039 2453 2730 3329
5236 6739 9379 11656 13477
1436 2045 2898 3427 3697
4768 5369 7847 8711 10625
3469 4636 6434 8105 9114
3399 4012 4650 5775 7282
2815 4541 4780 6507 7170
2264 3018 4462 5131 6079
5557 6695 8380 11341 13345
1615 2109 3171 3520 4072
3426 4111 6195 7137 7451
2728 3517 4531 5523 6266
2254 4034 4215 5680 6513
2067 2580 3556 4035 4448
5514 8366 9602 10553 14070
5268 7401 8925 10492 12059
2056 3515 3782 4809 6001
1317 2145 2446 3198 3461
3294 3772 4914 5977 7571
2414 3429 4737 5030 6428
2332 3033 3541 4383 4628
5664 7130 9506 11478 14714
1424 2020 2440 3376 3918
3141 4656 5344 6804 7300
2114 3227 3542 4488 5118
4205 6269 7959 9422 9835
1306 1896 2461 2938 3629
2909 3318 4438 4805 5946
4713 5298 7526 9280 10157
2638 3392 4452 5465 7066
1396 1950 2273 2688 3357
2505 3675 4167 5337 5419
4663 7074 8299 9959 11342
5127 5589 8249 8827 10600
6490 8174 9660 11988 13573
4946 7574 8777 10202 12252
1294 1896 2612 3089 3340
3579 4719 5779 6336 7820
1664 2457 3281 3779 4121
2019 2295 2978 3718 3980
4817 7059 8553 10380 12456
2098 2495 3635 4229 4725
5923 6515 8975 10205 12620
4054 5880 7962 9422 10664
2616 3347 4407 5326 6881
3654 4139 5766 6851 7964
1820 2577 2635 3232 3858
5748 7729 10801 11098 13873
6771 7782 10561 12026 14553
4902 6239 9403 10294 12165
6737 7877 10502 11344 13425
3421 4289 5464 5745 7123
4348 6504 7673 8221 10194
2652 3463 4592 6311 6925
3168 4711 5345 6447 7493
1990 2223 3181 3748 3806
1710 2751 2922 3901 4212
5871 6424 8849 10253 11104
1846 2485 2892 3357 4243
5178 6206 8617 9723 11067
4973 5590 7749 8636 10910
6926 7078 9808 11729 13852
4479 5261 6896 8886 9881
3792 5132 5702 7384 8381
1351 1573 2048 2459 2871
4841 6155 7505 8931 11183
4086 6668 8095 8943 10523
6220 7484 9911 11528 13500
3084 3998 5169 7281 8366
3524 3856 5132 6485 6996
4218 4463 5655 6908 8069
3449 4616 5119 6578 7613
4430 6626 8089 9669 11325
4111 5734 6528 8290 9982
4103 4959 6316 7556 8087
4161 5484 6020 8037 9204
6068 7378 10048 11941 13300
4947 6244 8230 10257 10784
4266 5119 7572 7928 10132
2444 3040 4149 5340 5710
4325 5398 6602 8130 9463
5526 5941 8143 9929 11799
4295 5200 6240 8152 9226
2690 3722 4497 5508 6218
2169 3439 3635 4748 5627
6453 8442 9703 12371 14214
2112 2933 3910 4946 5357
1837 2830 3161 3939 4551
3453 5767 7321 8805 9945
3131 4034 5652 6422 7616
3781 5110 5583 7414 7798
4093 4367 6261 7482 8429
2989 3342 4824 6001 6801
2755 3767 4132 5295 6371
3657 5171 6905 7913 8765
3079 4592 5388 6025 7511
2816 3330 4110 4521 5405
2524 3290 4958 5611 6467
2451 3346 4760 5467 6575
2725 4124 4591 6284 6530
5481 6639 8422 11095 11630
2733 4324 5783 6446 7932
3630 5114 5966 7260 8270
4442 6444 8491 11277 12845
1977 2152 2966 3271 4303
1411 1926 2645 3499 3607
5242 6052 8248 8557 10330
1485 2257 2911 3421 4090
5512 6742 8381 11843 12435
1936 2184 2737 3305 3989
6147 6648 10017 10973 12567
6261 7668 9561 11842 14171
4860 5899 8349 10385 12254
4863 6801 8066 9370 10754
4677 5262 8039 8696 10085
3068 3834 4882 5777 7106
6720 8186 10409 12329 14198
5048 6782 7783 9479 10249
3475 3808 4804 5622 7359
3187 4795 6877 7918 8455
3792 6232 7959 9422 10286
2455 3338 4717 5147 6095
2268 3500 3617 4614 5201
2018 2456 3649 4298 5035
5150 6769 8887 10174 11669
5966 7880 9661 11041 11709
2856 3061 4355 4848 5382
5737 7103 9425 11838 12384
6871 8336 11064 12832 13539
4195 7143 8846 10715 11504
1329 1641 2335 2831 3109
3270 4554 5654 7854 8190
6743 7810 10139 12613 14262
3548 5078 6249 7812 9504
3821 4452 6346 6946 8241
1964 3132 3743 4762 5373
6602 8350 8932 11214 13204
6419 8693 9249 11827 14303
5067 5893 6944 8971 11260
4363 6856 8684 10180 10886
5122 7793 9218 10643 12514
2176 3274 4481 5450 6204
5828 7571 7954 10549 11187
1456 1664 2241 2715 3258
1731 2617 2661 3577 3999
2618 3477 3575 4551 5626
4092 6719 7357 8896 10885
2034 2354 2993 3647 3836
3730 5156 7569 8154 10567
1724 2780 3277 3851 4301
5456 5654 7472 9726 11663
2404 2456 3754 3895 4982
6721 7580 10611 12127 14704
4546 6641 8419 10277 10751
2249 2953 3677 4381 5789
1444 1644 2255 2445 2824
4678 8019 8553 10780 12072
4257 5757 8108 10379 12041
2481 3721 4329 5141 6607
6006 7170 9172 10289 12710
4462 6409 7707 9005 11358
4015 5898 7639 8350 10375
2188 3106 4044 4728 5685
3981 5745 8073 8674 10551
6134 7275 8891 10698 14263
2241 3412 4358 4543 5529
5140 5665 7691 9754 11142
4553 5236 6992 8261 8684
2179 3166 3721 5078 5838
2568 3472 4026 4684 5793
2668 3873 4669 5443 6003
4808 6851 8468 9404 12382
2587 3634 4414 4579 5728
3906 4978 6775 8158 9264
4093 6322 8039 8112 10012
1725 2781 2999 3713 4474
3043 4196 4711 5594 7263
5364 6896 7748 9493 11110
2392 3115 3486 4431 5191
2181 2479 3503 4246 4725
1790 2412 2972 3672 4247
4568 5774 7492 8625 9904
4591 6551 8111 10829 12612
2447 3064 3866 4873 5593
3824 4195 6192 6877 7875
2229 3031 3911 4732 5279
2955 4285 6412 7682 7889
5880 6272 9363 9755 11584
5965 7734 9908 11980 14205
1180 1828 2233 2684 3112
2883 3784 4843 5563 6217
4946 7013 8391 9688 10864
4247 4369 5683 7394 8310
4018 5707 6984 9425 11001
4019 6320 7087 9132 10813
2709 3706 5469 5955 7003
1473 1862 2136 2357 3114
6822 7933 10510 11520 15057
6516 6749 9262 11077 12846
5211 7215 9085 11267 12514
1568 1730 2399 2733 3344
4690 6182 7177 8242 10267
6647 8685 10286 12566 12711
4627 6723 8305 9175 10361
3113 4656 5234 6143 8154
5677 7306 10238 10796 13216
1854 3206 4022 4652 5097
2116 3369 4252 5155 5731
2333 3087 3333 3982 4841
4273 6318 7852 9385 10298
1704 2330 2723 3407 3946
3407 5521 5931 7445 8959
2870 3974 4759 6353 7236
5965 7422 9653 10336 12886
2972 3812 3920 4846 6202
5542 6659 9081 10711 12434
3687 3979 5305 6525 7931
4379 7055 7622 9284 12163
6518 7263 8613 10707 12476
4021 6250 7164 8406 10270
1868 2152 2558 3519 3627
5002 6572 7704 8726 10661
4359 5800 6806 8448 9186
2417 3321 4112 5015 5873
5141 6191 8142 8968 10544
6166 8289 10462 11220 14354
2332 3121 3296 4506 4593
5054 8721 9761 11495 13874
7074 8286 9751 11974 15107
5067 6493 7131 9421 10059
1774 2384 2689 3692 4157
2416 3205 4311 5214 6230
3553 6324 7603 9130 9947
6419 6744 10140 12000 13953
2895 3719 4613 5484 7038
2657 4521 4828 6462 7075
4460 6973 8432 10216 10581
1987 2748 3620 4140 5291
2988 3364 5152 6116 6728
1862 2792 3442 4267 4671
5273 6846 9184 10757 12330
2871 3953 4942 6047 6212
2573 3859 4084 5167 5980
5945 6754 8656 11415 13127
3636 4087 5308 6476 7113
4868 5934 6786 8243 10517
6227 8319 10078 10791 12692
3342 4107 5586 6632 7626
2501 2755 3634 5040 5841
5789 7347 9796 11042 11933
5432 6364 8229 9485 11552
4127 5708 7444 8948 10529
1284 2035 2093 2648 3110
3525 4800 6545 7720 9566
5481 7391 8388 10547 11170
4389 7077 8065 9607 10872
2337 2875 3469 4749 4878
2772 4342 5127 5789 7113
4630 5540 7874 9180 10525
1585 2533 3107 4024 4443
3215 3853 4883 6135 6601
2526 3202 4217 5705 6629
4943 7259 8505 11533 13270
3947 6030 6615 8990 10744
2520 3414 5063 5887 6475
5817 8097 9633 10796 12936
6589 8867 8966 11294 14365
3937 5433 6531 7325 8576
3219 4637 6202 7590 8387
5156 7832 10013 10955 13087
4659 5564 7307 8547 9150
3731 5389 7426 7703 10328
2758 4315 5030 6332 7659
1739 2434 3610 3709 4554
1380 1738 2033 2707 2865
3486 4587 5718 6911 7981
2038 2169 2810 3261 3843
1984 3078 3950 4599 4914
5442 6791 8402 10709 12929
1956 3031 4126 4400 5631
1307 1676 2308 2456 2825
3108 3414 4474 5933 6498
2403 3345 4828 5935 6571
1526 2485 2878 3749 4156
2344 3437 3847 4843 5585
3411 3804 4809 5914 6797
4529 4999 6508 8286 8990
1193 1816 2101 2418 2745
4016 5543 7427 8528 10554
1382 1593 2057 2648 2743
3690 5393 6591 7979 8200
5107 8241 9404 12842 13398
3336 5225 6465 7439 8354
4129 5955 8038 8549 10339
1305 2071 2623 3125 3263
1234 1866 1961 2562 2910
2160 2983 4320 4567 5513
5402 6933 7698 10845 12547
5290 8348 10580 11599 13637
2630 3061 3882 5074 5916
4470 6859 8015 8516 11290
2970 3293 4498 5230 6370
6267 8187 9906 12837 13696
5354 7573 9488 10707 11882
3283 4225 5738 6738 8194
1355 1897 2818 3428 3902
2055 2919 4152 4891 6165
4903 5536 8145 9292 11783
3337 3459 5005 6060 7066
2281 3411 4048 4623 6020
2313 3119 3750 4013 5011
3188 5650 5840 7228 8365
3319 3931 5361 6075 7607
2968 3607 4784 5782 6677
4226 4696 7111 8653 8955
4494 4729 6473 8619 9558
4810 6385 7662 10727 11195
4241 6567 7092 9606 11220
1453 1800 2305 2494 2821
2605 4469 5541 5949 7379
3755 5670 7510 9350 10814
5459 8491 10008 11423 15011
5788 7747 9260 10996 12644
3223 4187 5675 6887 7300
2198 2842 3106 4015 4957
1787 2399 3441 4202 4616
1380 1696 2285 2349 3033
3523 5402 6676 7683 9796
1392 1498 2078 2478 3016
2082 2269 3154 3931 4242
4432 6744 8131 8902 10828
6740 6988 10010 11249 13380
3881 4922 5742 7383 9087
3307 4933 4988 6173 7276
4749 7915 8986 10382 13315
5420 6786 9655 11523 12023
2403 3533 4108 4519 6059
4988 6489 7989 9368 10909
4662 5456 7217 8356 9703
4736 8151 10017 10200 13159
4973 5782 7131 9328 10947
5292 7332 10487 11167 13400
4055 7097 7421 10219 11030
6418 7274 9318 10601 14119
2863 3910 5495 5903 6747
3427 4432 6352 7031 8272
2486 2876 4437 5340 5504
4985 7132 8348 10131 11347
2887 4716 5145 6317 7517
1466 1624 1961 2488 2963
4627 6169 7237 9491 11863
2307 3126 4441 5368 5713
2693 3490 4071 5557 5816
1986 2499 3492 3955 4451
2234 2532 3211 3922 4435
3154 3931 4308 5414 6920
4956 6007 7058 9498 10061
2189 2746 3450 4563 5342
4703 7257 8675 9284 10824
5309 6799 9314 10245 12667
1680 2118 2456 3120 3396
1983 2738 3580 3931 5072
3764 5018 5959 6957 8553
2578 2813 3711 4981 5820
1354 2119 2520 2947 3674
3622 5063 7176 8450 9958
1529 1805 2669 3133 3622
4058 6104 7018 8151 10527
4796 5507 7318 9023 10018
3856 4131 5398 6775 7463
3689 5313 6257 7674 8205
3044 5290 5319 7299 8097
3968 5855 6635 8424 8717
3883 4169 5397 6710 7852
5848 7830 10358 11151 12885
5784 6507 7783 10717 12759
4280 5942 7812 10513 12134
2323 3371 3802 4830 5816
3592 5975 7115 7910 10120
5229 6841 8017 9629 11677
1585 2065 3112 3549 4203
3478 3956 4991 6053 7752
3284 4454 6253 6624 7480
2395 2915 3360 4233 4938
2052 3380 3985 4747 5607
1571 2504 2986 3904 4292
3450 5207 6379 8169 9178
1638 2166 2599 3249 4034
3112 4241 5949 6968 7353
3186 4407 5203 5920 7645
4741 6206 7786 8865 10716
5444 7752 7883 9668 12107
3634 4668 5820 7356 8006
1362 1696 2377 2838 3357
3088 4080 5652 6230 7250
6001 8374 9118 11816 13072
3022 3315 4330 5210 6225
1614 1926 2387 2848 3032
3487 5968 7107 8314 9722
1591 1764 2524 2617 3377
2948 3701 4390 5294 6154
2181 2578 3586 4197 4560
3603 5316 6055 7295 7679
5863 8328 9305 11585 12795
1491 1664 2218 2750 3200
5290 8590 9221 12327 14122
4861 6024 8267 10676 11756
2798 3809 4734 5143 6025
4076 5837 7184 8013 9567
6417 7377 10965 12784 14199
3338 4401 5966 7473 8654
1874 2801 3803 4248 5510
3089 4085 5565 6280 7199
3725 4866 6410 7718 9866
5214 6611 9218 11639 12802
2851 3241 4513 5149 5949
6392 7085 10009 11990 13576
3664 5434 5740 7297 9128
6870 8537 10305 12528 14952
1453 1902 2490 2675 3297
4468 6213 9319 10000 11744
1373 1927 2365 2538 3415
4951 5681 7345 9211 10794
5743 7390 9482 11575 12376
4159 5567 7110 8015 9088
4509 6012 7900 9519 10944
5079 6639 9579 10470 11851
2894 4118 5035 5459 6612
4907 6245 7988 9326 11597
2971 4598 5541 6626 7883
5169 6639 8778 10783 12075
3555 5433 6607 8183 9961
2069 2945 3681 4522 4768
5656 7187 8548 10972 11440
1587 2380 3251 3422 4588
4769 5322 6773 7741 9054
4797 6893 8895 10851 12760
2650 3683 4588 4868 5880
3871 5465 6929 7449 9564
2199 2877 3339 3835 4612
5400 6890 9776 11265 12568
4237 6501 7889 9167 10117
1617 1640 2159 2783 3245
3186 4753 5204 5974 7036
3544 5257 5847 6763 8741
2859 4109 5589 6329 7631
2386 2901 3806 4752 5698
4400 7145 8844 9715 11632
3801 5529 6220 8673 9571
5123 7128 8998 9800 13185
5209 7257 9305 11353 13089
3016 3860 4754 6186 6876
5664 7535 9304 11276 14563
1372 2029 2248 2813 3366
2025 2694 3437 4421 4886
6973 8691 10610 11116 14703
3263 4122 5030 5716 6771
4567 5699 7928 9024 9973
2814 2958 4149 4868 5813
4371 5401 7284 9061 10056
2172 2637 3412 3816 4421
2944 3367 4662 5416 6970
5876 7721 9275 10683 13548
4356 6008 8036 8449 10064
2911 4679 6163 6819 8474
2209 2963 3366 4138 5172
3052 4644 5519 6368 7323
3729 5447 7202 8628 10528
3345 4009 5151 6717 6982
1224 1917 2090 2771 3452
2527 3123 3924 5033 5916
3913 4341 5455 6312 7625
1054 1875 2296 2412 3065
4935 6424 8551 10253 12210
3196 4708 5963 7390 7818
5778 8593 9273 11409 12865
3263 3729 5177 6183 6526
1441 2063 2097 2939 3388
2886 4036 5364 6104 7177
1523 1961 2261 2837 3137
3981 5746 7661 9651 9876
5955 7491 9910 11817 12887
4253 4875 6742 7745 8989
1471 1860 2259 2627 3005
3510 4052 5935 7305 8189
3955 6288 7989 9215 11706
3646 5209 6250 8138 8627
4569 5815 9137 10798 12003
4734 6271 8970 10340 12416
1959 2496 2931 3729 4309
6168 7532 11071 11627 13245
3091 4121 5126 6254 6622
4944 6992 9530 10421 13271
1536 1755 2275 2540 3360
2506 3574 4067 4929 5566
3198 4283 5853 6766 8051
4395 5435 6978 7582 8823
4036 5360 6589 8197 8197
2071 3106 4180 4785 5781
2216 2448 3175 4101 4746
4076 5168 5582 6910 8387
4655 7401 9915 11358 12754
4554 5236 7123 7871 8879
3281 5261 5852 6768 7773
1533 1821 2351 2881 3296
4097 5678 8233 10099 11275
2921 4023 5759 6503 7743
4035 5422 6683 7660 8795
5409 8189 10867 12283 13496
2079 3314 3705 4631 5495
2409 3243 3650 4336 5392
3266 3770 5602 6318 7301
2827 3369 5182 5347 6266
4602 6926 9933 10298 11938
4653 7394 8225 10593 10800
5389 7215 9442 11090 11847
3191 3952 5228 5719 6406
3069 3585 5009 5500 6948
1285 1664 2107 2707 2949
6233 8279 9535 11860 13395
6360 7476 9612 11797 12913
3937 4108 6162 7132 7874
2459 3020 3969 4982 6168
2278 3654 4466 5661 6044
1368 2276 2953 3075 3793
1995 3090 3696 4459 5808
5561 8644 9503 11525 14609
1341 1792 2277 2716 3120
4156 6359 7772 10058 11845
2941 3859 4565 5812 6894
2277 3944 4485 5612 6378
4456 6356 6830 9095 10921
5302 5697 7319 8744 10999
4153 4946 5587 7511 8915
5609 6315 8973 9555 11009
5972 8206 9711 10924 12818
2729 3673 4063 5294 5704
4419 6063 7998 9495 10007
3594 5080 7464 8017 9537
1632 2548 2968 4008 4552
4241 5745 7595 9792 10448
4531 6752 9540 9715 11413
2995 3333 4797 5855 6530
5523 7127 8374 11224 12427
1283 1710 2403 2646 3281
2834 3204 4148 5196 5380
4444 6150 6577 8141 9776
3451 4558 6284 8465 8888
2919 4390 5347 5690 6892
3288 5665 5893 8432 8529
3082 4651 5793 7219 8133
5360 5784 7018 8483 10796
2616 3202 4236 4939 5271
4857 5898 8404 8866 10100
2435 3832 4914 5455 5861
5359 5629 7132 9175 10640
5181 6420 6758 9273 9911
5749 6938 9614 12736 13380
2991 3572 4088 5508 6412
4145 5906 6459 8048 10189
2544 3018 4311 5044 6186
3132 5170 5377 7268 8450
2711 3492 4149 4868 5402
5742 6550 8379 10123 12377
1950 2067 3056 3376 3798
4353 5148 7013 8153 9604
2609 3536 4398 4743 5605
5169 6752 8475 10849 13550
2425 2919 4069 4953 5816
6094 6616 9533 10839 11578
1293 2066 2170 2839 3185
2414 4015 4421 5210 5999
4154 6397 9014 10177 12129
4627 7078 7988 9411 10400
5486 7962 9613 10681 14128
4627 5498 7174 8113 9253
5006 8178 9367 11201 14174
1603 1672 2190 2974 3401
4642 6324 7055 8151 9650
5219 5773 7868 9410 11545
5921 7105 8517 11660 11979
4348 5700 7453 8878 10632
5603 7239 9470 11155 12891
3998 5249 6653 7630 8392
2872 4075 5081 5523 6824
2051 2515 3557 3689 4731
2569 3988 4822 5092 6556
3147 5041 6050 7394 8310
5213 7122 8751 12102 13079
6558 7698 10217 11452 13733
5028 7681 10055 10660 12382
5141 6564 7236 9806 10795
3898 5079 6467 7175 7736
5373 7786 9926 11246 12202
5149 6486 8189 10054 10864
3197 4425 6109 6365 8335
2495 4212 4871 5624 6824
1356 1997 2637 2938 3302
5523 7661 8284 10199 13272
5875 7963 9031 10828 13789
