200 10 5
6 116 43 54 171 186 95 94 111 73 58 0 26
7 106 180 156 196 162 171 159 159 158 144 0 31
6 130 102 151 152 104 57 153 84 111 127 0 27
10 98 156 165 65 153 69 187 154 102 172 0 50
5 53 90 69 92 134 48 160 91 78 67 0 22
6 96 42 99 55 45 118 195 139 72 69 0 27
3 107 57 42 127 76 170 104 89 184 71 0 15
7 148 156 201 178 115 75 69 128 145 46 0 33
9 71 163 112 118 49 49 119 202 124 82 0 45
9 167 66 71 97 78 90 130 160 178 138 0 44
6 53 110 130 104 153 92 117 196 133 152 0 30
7 138 103 147 170 78 102 185 170 131 110 0 32
10 166 58 82 153 49 120 148 70 198 159 0 47
10 54 53 191 106 50 146 63 109 136 107 0 48
4 154 101 79 169 201 126 118 146 60 176 0 18
8 113 194 188 50 98 134 114 61 123 110 0 36
8 93 201 71 151 66 136 169 145 150 139 0 39
3 99 138 44 93 109 143 76 57 155 159 0 15
5 118 98 131 124 169 86 48 121 62 116 0 22
8 49 69 134 164 68 86 96 143 104 83 0 38
3 58 78 52 64 130 173 118 150 71 141 0 13
8 112 124 190 91 170 188 148 80 162 51 0 40
7 59 141 88 89 109 71 132 93 187 171 0 32
4 82 184 99 191 151 86 157 76 56 203 0 16
8 123 143 73 49 43 77 147 188 121 90 0 37
6 195 67 91 120 169 141 164 80 48 115 0 28
6 55 78 46 94 71 47 132 173 81 160 0 27
6 143 178 140 190 140 124 167 101 41 58 0 30
9 61 185 45 202 140 134 93 84 131 112 0 41
7 185 143 163 48 177 52 134 200 179 199 0 35
10 143 45 96 88 93 106 47 48 47 45 0 49
5 201 47 157 48 102 153 111 106 59 82 0 25
7 127 155 186 134 198 65 66 158 101 49 0 31
7 153 145 89 127 166 139 174 54 73 123 0 31
7 61 177 47 102 103 70 92 136 65 42 0 31
8 77 180 115 146 99 169 105 143 42 147 0 40
3 71 185 195 139 145 49 65 183 99 140 0 12
4 171 153 84 127 177 48 168 54 60 201 0 16
2 123 178 67 100 115 194 92 173 108 161 0 10
8 69 155 99 160 183 76 50 44 106 96 0 40
9 191 123 162 190 182 115 166 67 176 76 0 44
4 91 121 182 80 97 169 117 62 67 114 0 19
7 70 63 132 201 45 158 178 110 136 200 0 34
4 58 52 70 54 115 43 124 175 157 150 0 18
3 119 180 100 157 50 155 202 179 103 201 0 12
9 97 159 190 83 189 162 118 167 175 106 0 45
9 45 110 105 104 95 134 83 127 112 83 0 41
4 194 97 166 99 177 113 80 175 90 113 0 17
7 113 45 167 161 55 131 87 106 169 147 0 33
8 154 115 149 166 94 84 102 100 149 60 0 38
3 125 96 122 82 123 99 86 78 130 181 0 11
7 146 168 86 163 171 132 111 115 141 110 0 33
9 83 147 55 42 81 128 111 102 87 76 0 42
4 55 189 198 172 150 161 87 144 192 76 0 17
4 114 73 73 109 86 79 141 111 77 197 0 17
10 135 102 56 59 125 115 93 45 160 201 0 47
9 170 122 169 188 54 120 171 136 197 160 0 45
3 159 129 72 41 180 108 86 192 187 130 0 12
6 154 83 163 69 82 178 59 80 133 57 0 29
9 132 156 147 200 43 161 48 116 146 81 0 42
8 80 134 142 115 176 119 71 164 199 122 0 40
8 50 58 73 115 142 85 104 76 184 91 0 40
8 153 169 129 57 142 181 143 106 83 48 0 38
2 73 118 58 133 117 50 83 116 60 73 0 10
3 184 192 95 186 186 57 164 156 200 150 0 15
5 53 49 161 126 80 137 139 162 191 56 0 24
3 185 78 176 66 114 106 132 107 84 193 0 11
5 104 63 153 101 138 147 127 160 45 78 0 24
8 131 52 130 118 152 87 167 164 113 179 0 37
6 78 80 196 139 69 177 82 195 43 131 0 26
8 182 122 164 75 101 44 86 102 174 99 0 38
10 172 114 42 143 78 112 56 174 117 200 0 48
5 89 95 107 115 79 118 69 77 156 151 0 24
3 143 54 140 75 64 115 69 80 58 59 0 13
3 101 156 126 128 201 62 151 184 133 151 0 11
3 198 202 141 168 179 73 108 202 49 119 0 11
7 203 175 66 160 137 120 160 171 90 199 0 32
4 42 157 164 146 191 137 58 132 49 186 0 17
6 80 65 104 63 130 199 145 100 138 126 0 28
7 145 160 59 111 119 107 125 88 108 138 0 32
7 140 76 132 115 183 86 179 45 107 50 0 33
4 203 136 154 153 181 80 180 128 67 72 0 17
6 175 78 110 86 134 190 154 110 157 74 0 29
10 111 141 161 150 55 69 41 118 76 104 0 46
3 99 119 47 64 139 200 174 144 65 95 0 12
10 171 164 79 160 184 138 69 164 84 52 0 46
9 41 196 78 159 198 45 83 98 117 149 0 42
10 97 201 162 201 116 115 191 42 79 136 0 49
6 122 48 169 129 84 103 89 183 98 188 0 28
5 69 178 203 138 118 107 168 182 139 99 0 21
9 78 112 157 51 105 100 109 159 173 141 0 43
10 86 183 159 132 147 170 130 51 154 117 0 50
10 168 112 101 102 179 151 90 143 89 97 0 49
5 181 123 188 125 119 119 105 199 197 70 0 23
4 142 112 64 124 109 101 130 116 106 45 0 20
5 100 67 161 102 115 199 163 56 199 181 0 23
7 154 78 73 155 144 183 112 160 184 188 0 34
4 42 144 121 87 115 56 95 105 55 96 0 18
4 80 58 93 41 150 149 45 183 88 58 0 19
4 72 58 168 164 113 86 151 118 85 67 0 16
9 194 154 83 141 169 189 130 167 203 178 0 43
4 160 97 95 79 173 105 82 125 149 57 0 20
10 115 100 113 51 143 201 107 76 88 71 0 48
4 169 156 93 91 116 130 106 121 63 176 0 16
10 175 151 61 50 156 44 51 117 55 190 0 46
5 109 125 181 182 197 160 58 147 183 173 0 22
6 169 198 74 69 157 50 114 129 65 141 0 28
4 97 138 66 93 66 112 179 118 102 108 0 19
7 73 84 135 59 64 85 51 168 120 108 0 32
6 115 129 84 158 83 178 160 165 68 168 0 30
8 41 140 95 80 75 126 160 171 122 66 0 39
9 184 48 166 150 43 46 78 171 101 147 0 44
2 82 176 152 91 56 182 104 116 51 89 0 10
5 75 131 62 140 163 154 43 161 90 156 0 23
5 106 161 118 167 187 72 106 190 61 60 0 23
3 69 112 145 111 44 115 54 197 134 49 0 15
7 81 103 121 175 41 71 114 66 148 134 0 33
9 110 174 82 52 70 58 112 182 162 76 0 45
7 156 51 159 125 88 196 176 156 170 74 0 34
5 144 187 41 195 161 196 112 138 111 64 0 25
6 66 115 114 190 160 48 88 149 41 181 0 27
6 57 74 118 59 199 172 136 55 78 199 0 28
3 77 101 82 197 54 169 95 198 140 125 0 13
6 41 203 56 145 202 75 78 175 145 66 0 29
7 105 147 201 67 116 57 156 120 103 72 0 34
5 199 114 189 185 157 186 134 94 169 156 0 23
5 169 195 44 105 156 138 185 101 65 86 0 22
7 195 150 63 166 200 85 76 175 155 187 0 32
10 186 78 58 67 124 76 77 48 191 183 0 49
4 122 59 155 118 108 69 46 56 201 52 0 16
7 100 97 64 190 71 102 203 183 120 198 0 31
8 192 131 158 121 73 58 178 143 45 192 0 37
3 183 71 134 103 108 52 182 156 130 45 0 11
7 49 135 92 68 128 123 180 127 73 93 0 31
10 130 103 135 44 129 198 66 181 162 54 0 47
6 48 187 119 73 143 54 123 132 160 153 0 27
8 121 94 175 59 52 155 161 153 89 187 0 37
5 161 137 124 74 104 57 184 175 150 65 0 25
10 48 122 145 78 84 100 151 88 121 104 0 48
4 168 106 50 77 82 120 182 113 127 151 0 17
7 154 85 55 75 182 93 192 132 127 94 0 31
8 73 184 197 167 112 46 149 70 63 120 0 38
3 140 60 46 195 62 139 127 91 132 155 0 13
7 106 145 166 159 141 191 93 162 66 117 0 31
6 126 199 195 44 184 185 184 53 136 170 0 28
2 130 146 201 91 128 166 76 77 91 67 0 10
6 93 146 160 64 188 164 118 153 186 185 0 26
5 71 85 171 62 58 95 175 84 185 120 0 24
4 69 62 183 91 79 106 147 81 69 73 0 18
3 54 149 174 100 76 121 69 170 65 160 0 15
7 169 100 73 169 110 158 121 145 68 154 0 33
10 73 99 103 123 85 177 149 193 104 111 0 48
3 42 75 106 119 44 157 52 180 48 159 0 12
8 170 45 126 164 79 53 46 85 174 97 0 37
8 62 58 108 176 131 99 112 67 140 133 0 39
5 94 77 112 149 66 95 175 115 61 44 0 23
4 138 168 53 141 142 97 88 45 86 57 0 17
3 63 170 76 149 104 104 146 185 121 151 0 14
6 197 140 50 146 186 99 116 176 160 158 0 26
5 91 117 200 80 115 182 112 131 166 162 0 25
3 141 131 182 177 109 201 115 199 152 80 0 12
6 98 121 172 79 188 84 111 43 122 116 0 26
8 157 202 126 89 125 82 162 109 145 174 0 40
10 150 107 122 104 170 87 182 149 197 103 0 50
8 174 87 113 136 170 100 177 54 136 202 0 39
6 142 89 150 145 148 41 173 97 76 184 0 27
9 45 197 156 133 112 86 67 43 87 197 0 43
7 145 49 47 67 138 123 186 140 133 185 0 32
10 101 145 67 166 150 160 89 198 117 151 0 46
7 193 94 85 115 90 185 142 67 120 158 0 32
6 193 88 183 45 138 196 105 43 93 82 0 26
10 99 115 197 193 171 187 65 90 169 150 0 50
6 189 136 49 71 134 163 55 110 74 180 0 26
9 53 183 130 68 59 127 172 62 70 118 0 43
7 78 86 86 174 66 166 75 199 69 193 0 34
7 143 118 69 178 102 152 43 130 179 44 0 31
6 76 183 63 137 125 105 197 201 199 72 0 29
8 167 78 136 162 96 158 191 70 129 203 0 40
7 164 90 84 92 150 165 196 67 161 97 0 33
9 158 153 127 192 43 171 114 113 186 108 0 42
9 106 143 160 113 108 137 71 198 131 148 0 44
10 161 60 102 161 187 68 46 69 176 192 0 46
2 200 161 65 151 185 115 158 149 202 143 0 10
7 167 130 147 171 128 162 69 73 172 125 0 34
10 140 161 188 108 171 172 194 126 80 91 0 48
4 46 166 170 61 58 99 191 133 87 56 0 17
8 160 139 124 85 188 197 63 143 125 203 0 38
7 63 150 58 115 131 108 137 127 49 98 0 33
4 174 173 141 55 106 192 63 118 62 176 0 20
6 62 65 177 108 114 105 66 47 152 137 0 27
4 159 167 143 201 177 107 166 91 143 54 0 18
8 129 198 170 197 133 132 93 186 135 190 0 37
10 77 83 101 158 65 80 186 125 50 69 0 47
10 84 146 47 50 171 145 42 60 139 91 0 46
5 173 179 132 61 117 120 74 118 63 119 0 21
8 185 79 97 184 136 173 63 48 191 123 0 38
9 92 154 191 99 58 74 172 148 48 113 0 45
3 199 56 55 50 185 73 41 56 145 86 0 13
7 84 106 99 184 51 170 104 90 67 92 0 34
5 132 174 70 110 136 164 43 108 157 181 0 21
31 43 32 45 49
101 143 208 244 266
107 154 203 241 294
104 166 189 244 293
100 157 188 227 263
136 149 198 253 275
106 142 213 245 263
133 140 180 237 278
127 170 181 256 287
118 169 220 259 264
111 161 204 252 299
118 160 184 233 292
104 142 185 236 299
135 153 192 221 297
121 167 204 230 271
139 163 193 257 290
106 152 212 241 272
124 177 197 254 282
134 144 183 222 297
115 159 190 243 271
110 178 211 259 298
138 162 196 244 292
115 147 217 260 285
113 150 211 259 292
103 168 203 248 286
120 165 192 226 299
112 171 193 220 277
124 173 184 233 274
113 152 199 224 287
122 161 191 239 265
119 158 211 232 276
137 175 187 230 286
126 172 195 224 262
114 144 216 239 271
122 169 200 243 267
128 169 202 247 296
116 145 215 242 299
109 176 212 231 278
102 144 189 241 261
108 171 183 245 280
102 146 216 257 280
103 168 211 256 267
121 154 204 249 265
115 172 198 241 277
117 151 217 248 262
123 177 219 225 283
119 163 197 249 266
134 153 207 258 262
111 176 218 250 267
100 171 200 253 298
134 158 189 260 283
135 161 186 242 296
132 174 198 238 268
111 162 207 227 274
128 172 212 227 299
124 167 191 232 283
127 162 196 220 269
115 147 212 223 299
120 148 201 238 272
108 173 217 244 269
123 168 196 236 263
139 168 206 244 284
132 146 180 258 270
119 176 203 237 280
126 151 188 246 297
105 177 214 247 281
123 161 189 224 280
137 173 201 258 276
125 159 216 221 282
120 156 192 243 273
114 163 180 245 297
106 161 208 235 294
103 147 200 259 286
109 160 210 240 268
113 168 210 242 270
128 152 209 227 294
133 170 209 239 261
118 143 202 257 279
128 141 210 227 270
126 167 201 230 266
108 180 220 224 289
116 166 185 230 260
134 146 201 253 266
134 179 189 243 268
115 170 194 222 295
128 163 204 255 262
102 174 183 254 267
134 173 201 254 276
100 161 201 246 291
108 180 190 233 269
126 180 201 238 267
120 145 186 224 271
123 175 193 226 294
103 161 183 250 280
107 175 204 244 294
118 179 194 222 267
118 148 188 253 264
106 143 204 235 288
131 180 195 260 274
105 152 190 257 284
103 151 193 259 271
109 157 207 229 275
136 170 186 231 269
137 176 185 259 270
124 151 211 220 260
131 161 206 224 298
118 167 207 252 281
111 158 198 254 290
129 150 197 245 299
116 168 206 244 266
120 147 217 258 291
136 164 190 247 281
136 169 200 238 279
112 169 180 254 300
140 143 205 254 293
114 169 204 237 277
133 166 189 251 291
124 167 205 240 263
109 161 216 248 284
130 155 202 241 262
130 151 188 240 263
127 160 200 240 279
112 162 194 251 262
109 158 190 222 283
107 158 191 259 291
123 175 205 221 295
120 178 188 256 287
119 160 201 236 268
127 163 180 234 290
107 153 202 239 267
113 157 184 222 284
115 147 190 231 269
111 167 199 255 287
110 149 190 249 265
133 166 202 224 272
113 162 198 240 274
122 145 208 245 274
105 144 203 257 292
130 179 206 226 276
138 176 220 255 263
105 152 201 253 299
132 160 206 232 289
120 178 190 228 293
114 151 187 254 299
108 163 213 241 278
104 174 219 253 267
120 161 183 222 286
136 154 199 248 293
124 170 207 222 279
140 141 196 260 263
137 161 205 241 265
105 167 197 251 263
111 169 181 221 285
125 169 181 245 266
129 166 193 245 277
132 174 202 228 289
101 169 215 247 299
114 179 213 228 296
133 142 180 241 283
137 162 189 225 280
127 166 189 251 294
119 165 219 243 263
138 179 220 253 272
126 149 188 250 290
113 171 212 255 271
140 145 185 234 269
119 160 182 230 288
117 172 182 240 289
111 169 215 255 262
106 175 186 246 273
116 163 185 234 277
113 158 217 256 300
139 179 219 249 274
126 144 182 233 270
124 167 202 241 268
117 145 207 244 292
127 176 217 254 300
128 166 218 236 299
138 163 193 224 284
115 171 191 255 261
127 161 211 220 282
133 164 215 258 276
109 153 189 223 288
129 149 193 241 282
110 159 209 256 277
132 160 184 228 295
137 166 181 228 298
125 170 217 258 278
107 177 219 252 290
109 177 207 255 286
120 173 180 252 268
108 157 192 220 278
121 157 219 242 289
130 144 183 255 271
114 170 200 249 290
140 153 220 240 300
129 158 219 250 274
118 148 213 230 288
128 143 198 224 271
114 177 213 244 289
128 144 190 254 286
2634 3728 5420 6357 6929
3325 4784 6304 7483 9127
2816 4492 5114 6600 7924
5008 7860 9411 11362 13163
3001 3287 4367 5578 6063
2870 3844 5763 6627 7114
2004 2110 2711 3567 4183
4200 5620 5983 8460 9484
5318 7615 9911 11667 11892
4892 7094 8987 11100 13169
3549 4810 5531 7002 8773
3336 4554 5931 7564 9582
6354 7201 9035 10399 13972
5817 8026 9803 11052 13021
2511 2944 3484 4638 5233
3824 5482 7643 8688 9805
4844 6913 7694 9918 11011
2019 2170 2756 3342 4469
2539 3508 4191 5358 5975
4188 6774 8029 9854 11337
1803 2116 2559 3184 3809
4608 5889 8691 10412 11413
3624 4809 6763 8300 9357
1656 2698 3259 3980 4589
4449 6115 7115 8374 11076
3145 4798 5415 6172 7769
3357 4681 4979 6303 7411
3399 4570 5981 6732 8623
5011 6611 7842 9811 10878
4174 5540 7396 8132 9673
6722 8585 9173 11282 14027
3159 4310 4886 5612 6563
3543 4474 6708 7421 8414
3791 5249 6211 7545 8290
3977 5249 6273 7669 9189
4648 5809 8611 9692 11973
1316 2122 2555 2784 3349
1640 2314 3035 3869 4189
1088 1720 1841 2462 2813
4088 5849 8651 10292 11213
4540 7402 9295 11276 11761
2308 2936 3887 4743 5048
3918 5858 6743 8206 9431
2115 2728 3917 4476 4729
1484 2134 2639 2711 3409
5364 7345 8876 11217 11983
5503 6283 8498 10590 10754
1895 3002 3717 4262 4551
3308 5653 6611 8361 9847
5101 6014 7192 9892 10767
1494 1781 2056 2674 3269
4365 5752 6545 7866 8856
4670 6814 8705 9546 11521
2185 2934 3615 3870 5096
2117 2849 3258 3956 4824
5978 7624 9223 10352 12656
5183 6625 9551 10047 13468
1449 1786 2423 2868 3277
3140 5027 6304 7088 7814
5175 7066 8243 9924 11059
5569 6730 8251 9772 11372
5289 5850 7211 10333 10813
4530 6698 7725 9018 10653
1269 1520 1891 2472 2983
1583 2665 3221 3717 4228
2961 3874 4547 5388 6733
1516 1913 2222 2850 3048
3009 3826 5195 5315 6781
4449 5782 7115 9003 10114
2972 4248 4690 6382 7735
4036 6128 7915 8942 11185
4952 7066 9611 12444 13741
2624 3850 5051 5772 6445
1477 2194 2741 3158 3523
1417 1682 2310 2509 3247
1472 1880 2310 2641 2883
3785 4585 6475 8236 8941
2185 2407 3581 3871 4603
3537 4686 5639 6452 7461
3464 5770 7051 7179 9261
3837 5488 6116 7602 8593
2287 2491 3428 4313 4535
3895 5201 5492 7059 7784
5298 7830 8935 10224 13583
1545 1966 2459 3072 3156
4700 8014 8429 11697 12295
5637 7276 8453 10680 11604
4908 7899 9860 12066 14272
3032 5051 5331 6536 7545
2655 3790 4232 5010 5619
5169 6245 8009 9644 11666
6159 8760 9661 11312 14713
5055 7899 8978 12262 13733
2469 4035 4703 5624 6775
2369 3591 3891 4452 5353
2723 3414 4335 5832 6085
3612 4872 6947 8002 9805
2367 3250 3520 4692 4944
2003 2898 3621 4896 5409
1656 2426 3099 4157 4349
4695 6761 8912 9859 11838
2729 3410 3731 4632 5393
6585 8458 8890 12444 12972
1993 2426 3388 3532 4173
6035 7416 9487 10315 13721
2604 3684 4565 5556 6195
3116 4434 5555 7124 8133
2460 2859 3754 4667 5694
3720 5386 6603 7820 8525
3608 4419 6521 7752 8743
5313 6406 7421 9645 10972
5993 7446 8811 10484 12289
1128 1700 1810 2552 3013
3229 3298 4726 5854 6752
2630 3897 4703 5463 6384
2004 2500 2845 3777 4378
4101 5521 6776 7932 8692
4913 7255 9731 11172 12793
4429 5280 6879 8206 8921
3259 3785 4711 6012 6588
3438 4330 5411 6492 7546
3144 4546 5443 7040 7349
1426 2064 2481 2898 3692
3111 4592 5550 7523 8452
4191 5960 6981 7525 10043
2768 4104 4334 5900 6614
2627 3530 4433 5204 5909
4073 5226 5770 7500 9293
5251 7507 9909 11723 13096
1817 2522 2955 3564 4557
3574 4567 5901 7173 8352
4115 6189 7374 9447 10632
1219 1649 2101 2752 2928
4132 5156 6273 6956 8445
5319 7624 9317 11292 12891
3303 3924 5627 6627 7411
3893 5337 7522 9521 10817
3259 4485 5161 5661 6913
6633 8458 10571 12252 12636
1793 2594 3428 4313 5096
4101 4970 6397 7204 8972
4569 6774 7231 8676 11147
1490 1973 2442 3314 3900
3356 5063 6614 7483 8631
2920 4882 6143 7096 7488
1209 1620 1841 2232 2873
3545 4013 5185 6460 7631
2985 4090 4979 5340 6709
2529 2547 3539 4692 4747
2064 2425 3086 3627 3987
3473 5521 6512 8295 8692
5337 8122 8699 10620 13693
1509 2038 2183 2952 3205
4782 6152 7152 9077 10262
5157 6796 7889 8903 11284
2331 3897 4956 5693 6890
1946 3053 3632 3887 5045
1871 1998 2531 3386 3975
3571 4222 4925 5862 7293
3184 4160 4735 6287 7363
1437 1990 2639 2928 3168
3597 4664 5731 6590 7084
5049 5970 7531 10012 11613
5658 8560 10611 12762 13562
5469 5665 7226 9138 10504
3222 4330 4925 6222 7789
5040 7406 7836 10332 12440
3560 5418 6891 8172 8396
4884 8060 8567 11328 12571
3721 5226 5931 7500 8877
2946 4117 5653 6668 7813
6959 8960 10961 12462 13712
3285 3754 4743 6070 7033
5341 7191 8697 10375 11537
3986 4939 7049 8308 9941
3945 5466 6738 7885 9312
3720 4824 6333 6855 8684
5529 6530 7731 8972 11373
3803 5653 6314 8427 8626
5343 6772 8873 9251 11857
5861 7226 9471 11364 12156
5023 7048 8705 10270 13262
1299 1500 1941 2422 2833
3748 5416 7117 8716 9431
6345 7690 8843 10956 14173
2338 2832 3087 3888 5079
4758 6470 8257 9816 10576
3539 5851 7238 8328 9583
2188 3550 4151 5112 5733
3249 4681 4870 6816 7249
1953 2836 3467 3972 5017
4485 5819 8114 8966 10706
6119 6778 8612 11998 12750
5252 7830 9211 11466 13353
2949 3222 4631 5051 6313
4911 6014 8333 9512 10424
5319 6670 9596 10362 12973
1673 1869 2585 2924 3536
3884 6028 7253 8308 9839
2697 3033 4001 5346 6019
