200 10 5
5 71 82 25 25 90 41 25 79 95 91 0 22
8 50 98 97 99 84 32 39 53 81 40 0 36
7 98 89 90 100 101 58 23 27 39 39 0 31
8 67 53 55 98 35 26 96 38 36 98 0 36
3 70 68 57 61 95 41 29 99 56 71 0 14
10 52 66 47 42 23 86 43 28 60 95 0 49
4 79 42 31 48 77 96 87 82 63 76 0 20
10 29 53 51 74 92 98 39 54 29 48 0 47
5 93 25 43 54 83 33 24 51 37 83 0 23
7 85 77 66 23 36 32 44 58 94 53 0 35
10 26 51 33 58 74 59 33 38 31 29 0 50
4 42 21 56 48 72 50 43 80 82 41 0 20
7 79 99 26 50 31 25 63 78 96 54 0 32
2 47 74 57 51 79 46 82 86 46 84 0 10
6 75 78 69 21 75 86 46 78 84 91 0 28
3 72 48 67 62 38 79 52 81 96 40 0 11
6 95 64 89 73 83 47 90 65 48 38 0 29
4 27 25 100 39 99 26 35 54 53 68 0 17
4 31 85 73 62 87 36 59 75 35 96 0 16
7 76 51 82 77 72 27 98 89 90 84 0 34
4 49 45 99 69 78 25 78 98 67 84 0 16
6 26 33 78 50 41 71 40 77 42 63 0 29
9 49 92 31 89 73 87 92 42 88 43 0 45
9 66 100 67 63 74 49 99 96 97 77 0 43
10 82 71 39 62 83 69 56 58 44 83 0 46
10 90 46 97 49 26 70 75 81 54 81 0 47
7 42 69 23 92 93 49 35 100 38 25 0 31
3 37 77 96 66 66 77 60 45 96 96 0 14
6 93 20 26 60 65 32 36 78 58 21 0 29
3 53 69 28 71 31 60 38 97 68 56 0 13
9 63 84 68 93 45 29 31 39 55 65 0 42
4 38 73 81 53 35 80 51 37 26 66 0 20
10 23 100 66 67 59 98 101 74 98 101 0 46
6 77 79 92 97 28 83 24 41 47 33 0 30
8 53 81 50 54 64 97 57 49 96 67 0 37
5 85 30 44 34 27 42 57 31 24 25 0 25
2 26 23 40 32 74 59 77 35 53 61 0 10
8 45 68 38 76 40 25 50 36 91 45 0 39
7 72 82 65 54 74 98 39 91 57 75 0 33
3 36 82 60 30 101 37 30 52 66 32 0 12
8 52 37 90 44 53 57 31 52 34 20 0 40
8 48 46 34 59 84 29 25 39 53 32 0 36
6 22 98 58 23 34 81 33 49 55 72 0 29
9 80 64 66 25 22 74 27 59 57 36 0 44
6 83 72 42 47 59 60 44 56 57 40 0 29
9 28 30 62 26 57 57 93 73 91 28 0 44
4 43 45 32 73 53 63 67 73 63 75 0 18
9 27 40 94 29 41 64 89 38 52 46 0 44
4 50 80 55 100 42 95 47 39 49 60 0 20
8 81 71 95 92 58 24 28 40 59 60 0 38
7 72 98 65 52 35 100 37 87 69 52 0 33
4 58 49 83 63 89 26 76 77 26 23 0 16
8 35 59 85 97 98 79 94 48 31 21 0 38
5 46 33 39 56 77 100 49 22 96 63 0 24
4 51 96 29 64 25 26 83 87 86 24 0 18
10 57 94 64 94 89 97 54 56 21 45 0 46
6 40 34 75 29 87 100 44 28 32 28 0 27
7 70 23 26 47 25 99 83 73 91 54 0 32
4 66 78 56 81 52 37 36 71 66 96 0 17
6 57 75 63 53 93 76 71 47 38 21 0 30
3 32 68 48 70 50 77 35 81 86 29 0 14
4 43 78 47 70 34 88 73 54 54 58 0 17
8 39 94 27 65 31 83 48 29 42 35 0 40
10 93 42 86 64 37 25 64 91 37 99 0 49
5 91 73 85 100 40 37 26 73 28 48 0 22
10 58 29 49 46 55 56 43 95 57 93 0 50
10 99 41 100 58 30 50 68 30 64 73 0 46
7 43 33 76 83 36 44 44 44 82 44 0 34
6 79 25 71 28 56 25 99 93 101 52 0 27
5 95 80 30 82 21 71 34 67 43 40 0 21
10 30 83 63 62 90 72 41 79 29 93 0 48
9 50 78 97 52 93 65 35 77 64 45 0 43
5 33 88 64 75 68 88 49 67 42 62 0 21
9 23 59 37 82 67 25 27 47 34 73 0 43
8 91 89 96 40 85 56 100 58 70 64 0 39
3 85 48 47 65 61 58 93 90 81 51 0 14
3 28 71 81 76 69 40 60 54 64 77 0 13
4 71 46 67 28 63 96 25 40 56 82 0 18
7 101 35 66 53 26 74 101 64 56 28 0 35
7 101 86 33 91 67 39 74 31 36 71 0 33
8 71 100 95 80 51 78 70 48 79 97 0 40
10 80 37 49 36 50 75 31 27 101 54 0 50
5 60 37 101 80 57 23 31 53 74 39 0 22
6 37 45 42 34 22 58 49 91 40 37 0 30
8 36 81 83 36 38 54 23 43 52 70 0 37
10 62 99 52 50 77 55 27 32 41 86 0 50
9 25 77 32 92 92 39 30 64 91 26 0 44
6 29 101 92 34 98 35 49 91 93 53 0 30
3 101 25 77 49 33 65 98 67 45 92 0 15
5 86 91 84 34 41 32 35 96 28 95 0 25
7 89 49 95 28 86 73 94 58 76 92 0 34
3 23 32 94 22 40 68 58 35 78 86 0 11
2 59 68 24 45 96 58 43 51 81 42 0 10
5 52 43 35 54 47 61 26 80 61 86 0 21
8 95 40 31 64 63 35 40 59 59 44 0 38
3 87 70 86 40 49 37 27 85 61 48 0 11
4 100 39 30 41 78 55 95 50 86 51 0 19
3 95 45 50 76 91 52 46 70 78 26 0 13
10 84 77 75 33 50 79 71 37 67 62 0 50
5 25 39 38 29 77 62 54 46 81 89 0 25
9 70 47 93 54 65 55 41 58 74 58 0 44
2 99 71 72 31 77 57 30 87 68 68 0 10
3 60 33 37 28 85 38 32 77 34 72 0 12
3 40 93 45 87 81 99 62 28 82 92 0 13
7 29 43 44 34 101 54 77 37 75 44 0 34
4 84 79 32 71 94 49 84 44 96 56 0 18
9 32 72 45 64 87 75 66 81 30 42 0 45
7 22 77 65 88 101 22 97 98 35 73 0 31
4 39 88 44 39 96 22 40 99 51 51 0 20
5 32 54 48 68 82 45 38 101 57 39 0 21
10 53 92 96 71 50 26 56 100 28 25 0 50
7 61 69 100 75 24 92 34 45 27 98 0 31
10 57 57 79 66 28 24 52 69 60 83 0 46
6 49 79 44 43 21 90 85 39 68 40 0 30
9 82 94 55 88 49 24 35 34 29 20 0 42
9 24 100 98 76 73 90 51 27 98 27 0 41
5 78 57 35 64 27 88 79 63 46 49 0 22
3 32 53 49 43 65 66 62 54 54 97 0 15
4 54 28 74 91 88 64 99 77 32 41 0 16
3 77 31 30 47 69 90 100 67 81 51 0 12
5 90 40 54 33 35 78 80 21 73 28 0 21
6 97 76 100 99 64 78 28 78 25 25 0 28
7 33 25 86 71 37 49 27 79 29 91 0 31
8 23 26 45 92 99 41 27 57 67 60 0 36
6 90 74 74 24 44 77 75 92 92 99 0 30
4 100 64 30 42 84 92 38 74 44 81 0 18
5 96 20 89 62 62 81 70 46 85 101 0 23
6 82 81 85 33 31 99 81 98 81 55 0 30
7 51 58 34 38 55 91 84 32 92 92 0 31
5 57 99 61 74 93 81 25 80 30 26 0 25
9 53 95 58 62 59 50 46 95 23 29 0 44
10 57 78 94 68 57 48 71 52 64 32 0 46
9 29 52 55 32 68 27 80 26 63 92 0 42
6 39 55 85 54 56 77 50 65 34 57 0 26
8 88 46 73 94 97 37 57 93 101 85 0 36
8 45 55 61 81 81 22 37 62 77 99 0 38
10 49 72 65 32 89 99 34 91 33 44 0 50
7 59 98 92 85 51 74 28 35 50 76 0 34
7 24 37 55 58 37 66 25 62 28 54 0 31
4 39 66 88 22 23 86 39 82 51 66 0 16
6 29 90 45 91 55 58 83 85 33 98 0 27
6 30 90 36 66 64 48 41 34 83 75 0 28
4 95 79 30 66 83 86 95 55 47 51 0 18
9 75 98 88 55 56 64 51 96 80 24 0 45
4 45 69 46 61 70 90 22 57 85 52 0 19
9 31 45 47 45 58 47 73 76 72 27 0 45
7 79 21 76 22 39 29 40 23 73 71 0 31
8 33 57 48 59 41 37 33 46 31 66 0 38
9 45 32 31 39 67 80 26 96 71 46 0 44
3 71 96 22 50 77 100 39 56 56 56 0 12
6 69 78 59 44 57 24 59 92 42 30 0 30
3 72 73 60 59 57 101 59 52 42 39 0 11
8 39 71 26 28 80 93 58 30 97 43 0 37
8 44 70 27 47 43 101 76 26 54 56 0 36
8 32 41 31 27 81 52 61 81 24 71 0 39
4 81 101 71 89 49 88 42 77 89 77 0 19
6 95 35 93 94 61 68 28 66 33 63 0 30
8 36 77 101 58 86 39 56 36 71 87 0 36
9 42 72 21 51 74 71 89 36 54 29 0 44
10 68 87 41 101 88 86 54 55 91 28 0 47
8 57 41 75 70 65 74 63 57 70 85 0 37
10 89 69 38 31 75 32 33 39 48 63 0 46
8 25 59 64 64 82 54 23 64 40 99 0 37
10 67 28 59 97 72 94 21 72 47 64 0 50
6 68 21 28 62 48 35 37 67 86 99 0 29
10 68 26 31 69 29 43 27 33 50 66 0 47
7 78 80 90 29 77 48 44 94 90 90 0 32
10 101 58 85 35 57 47 89 52 31 74 0 48
10 87 55 39 63 69 100 99 22 62 75 0 49
2 24 81 101 83 83 68 93 74 88 75 0 10
6 81 41 98 50 23 35 41 69 38 48 0 30
8 73 48 101 90 96 34 30 80 45 72 0 40
3 89 36 91 65 21 35 61 70 59 84 0 15
6 37 95 64 34 92 67 28 72 48 100 0 26
10 58 72 32 33 22 73 25 54 79 41 0 49
3 47 58 33 91 35 54 49 38 44 51 0 13
3 51 87 87 53 30 85 99 48 72 61 0 12
9 81 60 41 73 25 72 53 64 56 39 0 41
7 60 58 42 99 49 90 43 56 38 52 0 35
8 93 64 40 49 35 98 79 78 71 43 0 36
4 95 53 62 47 74 56 60 100 42 78 0 17
10 81 71 84 41 34 44 87 37 67 52 0 47
9 30 91 75 35 59 65 41 59 54 40 0 42
10 91 63 26 91 80 37 82 76 85 34 0 49
5 61 90 25 42 53 28 54 61 46 31 0 22
5 77 81 34 47 49 51 64 38 97 30 0 21
10 50 66 96 45 24 100 48 28 36 37 0 49
8 59 91 63 82 61 101 45 92 100 51 0 38
2 100 44 63 84 64 72 55 69 86 84 0 10
3 52 38 46 60 60 93 66 83 62 49 0 15
6 46 54 45 95 66 88 73 57 71 60 0 26
10 92 54 36 24 66 66 64 91 77 62 0 49
8 69 59 36 54 46 44 35 65 51 62 0 39
6 61 39 23 50 74 34 91 52 56 81 0 29
5 82 97 33 87 74 46 94 51 64 52 0 24
5 97 59 91 49 82 88 25 55 64 25 0 23
5 92 36 30 38 59 53 31 64 61 89 0 22
8 64 78 77 78 49 93 51 98 55 50 0 37
8 22 92 83 73 42 59 41 48 70 28 0 37
3 23 25 29 87 55 28 74 99 22 38 0 11
48 39 36 50 27
110 159 214 226 297
117 165 210 253 270
139 140 183 220 282
117 174 183 258 272
110 174 189 230 271
116 177 214 240 287
132 177 207 222 286
138 141 206 234 283
117 167 190 241 299
116 178 202 237 286
134 170 190 245 272
123 152 215 233 281
132 166 184 250 271
138 141 184 253 293
111 169 190 233 267
123 156 184 228 263
137 155 190 227 275
117 166 213 248 290
131 175 204 239 264
121 164 202 258 294
124 154 202 240 280
113 179 212 239 267
123 175 195 236 294
105 150 185 222 285
107 151 207 248 296
127 174 189 259 267
123 148 188 230 287
104 169 180 220 284
109 178 188 247 285
138 147 201 244 274
138 168 193 234 276
120 171 190 242 264
122 149 206 242 282
127 140 214 239 267
109 148 189 237 273
133 156 192 257 288
117 146 206 228 264
140 169 208 246 291
124 161 183 250 276
112 159 187 223 297
119 173 202 252 281
114 157 219 230 268
109 150 219 258 265
107 172 186 260 281
100 152 186 223 265
105 163 198 231 278
134 179 213 248 286
108 165 193 230 278
139 153 220 247 265
118 177 206 233 274
115 165 180 238 260
118 171 197 231 279
103 153 205 240 285
138 142 216 224 263
100 159 204 235 298
105 180 199 256 286
117 150 195 246 297
107 155 211 242 300
140 148 212 243 280
108 141 220 224 285
107 179 219 251 269
125 167 188 244 260
106 175 209 244 294
135 167 201 228 274
127 155 188 255 269
100 159 215 234 284
134 158 190 255 283
134 160 206 253 266
124 179 207 241 273
133 140 189 229 263
117 163 220 260 285
120 140 180 246 262
128 163 196 244 286
128 167 201 231 266
115 150 193 238 273
106 171 184 229 297
119 154 210 252 270
139 145 199 258 281
117 150 216 257 298
111 155 214 258 296
135 173 181 236 272
126 168 191 257 273
115 141 208 249 260
136 174 205 255 282
117 171 202 255 269
123 152 208 241 292
136 148 205 235 275
133 150 220 256 288
110 163 186 236 275
127 145 189 253 299
135 153 191 220 267
133 151 195 238 296
130 147 209 237 272
119 150 199 239 280
126 155 180 232 282
111 178 208 244 292
137 174 180 240 274
124 153 217 257 287
130 178 210 230 286
110 143 208 259 274
121 157 203 223 281
119 162 219 240 268
139 158 214 246 267
130 175 216 243 300
136 165 184 255 300
139 166 199 220 276
119 162 199 236 284
110 172 211 230 265
123 155 212 247 295
130 173 183 229 288
114 146 205 249 285
139 164 203 222 289
132 149 192 240 293
109 174 214 247 274
133 148 201 241 289
140 140 205 250 261
134 158 188 253 282
113 140 201 222 291
107 141 199 254 285
114 168 202 226 293
118 158 201 234 264
102 154 208 234 261
101 170 204 245 269
134 159 217 242 262
116 169 191 256 283
120 142 216 254 270
108 142 209 260 285
107 147 184 229 294
122 147 189 253 292
120 178 202 259 299
109 166 205 256 262
113 144 200 244 270
109 179 215 243 269
112 179 199 248 294
129 153 204 248 262
127 149 199 221 271
133 169 207 250 297
117 151 198 247 262
100 171 180 245 295
113 154 209 227 267
116 173 185 254 269
104 180 199 259 299
122 146 188 229 296
110 147 195 250 283
138 159 181 223 264
111 168 220 235 276
107 146 190 234 268
108 170 202 238 268
140 155 207 221 274
106 175 198 256 294
116 142 191 224 295
103 174 194 232 261
123 166 206 227 272
140 176 220 242 299
100 140 199 231 280
113 155 213 242 294
115 151 218 250 279
127 172 195 230 262
120 159 204 247 266
128 167 208 246 289
130 155 212 223 260
130 180 207 236 284
110 142 180 223 297
108 141 216 224 286
125 179 184 251 281
131 157 208 250 297
105 172 185 240 273
139 152 183 223 279
126 156 209 237 273
133 153 188 244 276
118 170 187 259 300
103 143 210 249 270
130 155 189 255 260
129 156 186 243 278
131 172 186 259 297
123 171 205 237 289
110 170 182 230 276
121 155 198 228 292
124 172 220 241 294
139 167 217 258 263
103 162 195 238 294
136 180 183 251 294
122 173 191 222 283
105 145 218 244 286
134 175 204 251 261
102 149 206 238 269
133 180 184 258 293
125 180 182 221 279
130 162 199 235 269
139 161 197 227 281
140 144 195 249 281
125 165 183 242 293
121 144 190 249 269
135 172 193 250 293
108 177 193 228 277
110 180 196 221 290
124 162 214 243 285
127 164 212 234 260
119 160 211 226 276
139 141 198 223 269
2421 3499 4709 4973 6535
4213 5941 7561 9109 9721
4310 4341 5674 6821 8743
4213 6265 6589 9289 9793
1541 2437 2647 3221 3795
5685 8674 10487 11761 14064
2641 3541 4141 4441 5721
6487 6628 9683 10999 13302
2692 3842 4371 5544 6878
4061 6231 7071 8296 10011
6701 8501 9501 12251 13601
2461 3041 4301 4661 5621
4225 5313 5889 8001 8673
1381 1411 1841 2531 2931
3109 4733 5321 6525 7477
1354 1717 2025 2509 2894
3974 4496 5511 6584 7976
1990 2823 3622 4217 4931
2097 2801 3265 3825 4225
4115 5577 6869 8773 9997
1985 2465 3233 3841 4481
3278 5192 6149 6932 7744
5536 7876 8776 10621 13231
4516 6451 7956 9547 12256
4923 6947 9523 11409 13617
5970 8179 8884 12174 12550
3814 4589 5829 7131 8898
1457 2367 2521 3081 3977
3162 5163 5453 7164 8266
1795 1912 2614 3173 3563
5797 7057 8107 9829 11593
2401 3421 3801 4841 5281
5613 6855 9477 11133 12973
3811 4201 6421 7171 8011
4034 5477 6994 8770 10102
3326 3901 4801 6426 7201
1171 1461 2061 2281 2641
5461 6592 8113 9595 11350
4093 5314 6040 8251 9109
1345 1909 2245 2677 3565
4761 6921 8081 10081 11241
4105 5653 7885 8281 9649
3162 4351 6352 7483 7686
4709 7569 8185 11441 12365
2901 4409 5395 6468 7687
4621 7173 8713 10165 12233
2413 3223 3835 4465 5149
4753 7261 8493 10121 12233
2781 3061 4401 4941 5301
4485 6727 7829 8855 10413
3796 5446 5941 7855 8581
1889 2737 3153 3697 4465
3915 5815 7791 9121 10831
3313 3409 5185 5377 6313
1801 2863 3673 4231 5365
4831 8281 9155 11777 13157
3160 4051 5266 6643 8020
3425 4961 6753 7745 9601
2381 2517 3605 4132 4761
3241 4231 6601 6721 8551
1499 2507 3067 3515 3767
2126 2840 3197 4149 4421
4241 7001 8361 9761 11761
6616 8184 9850 11173 13427
2795 3411 4137 5611 5919
5001 7951 10751 11701 14201
6165 7269 8741 11731 13019
4557 5441 7005 8603 9045
3349 4834 5590 6508 7372
2794 2941 3970 4810 5524
5617 7825 10561 12481 13681
5161 6021 7741 10579 11267
2689 3424 4117 5125 6007
5505 7182 8644 9934 11439
4486 5851 7528 9283 10648
1485 2395 2577 3207 4159
1548 2003 2731 3277 3511
2503 2611 3583 4645 5059
4096 5251 7561 8996 10431
3664 5116 7063 8515 9769
5401 6921 7241 9441 10881
6301 8401 9551 12851 13651
2531 3103 4577 5479 5721
4081 5221 6151 7651 8461
4330 6328 7475 9436 9954
6151 7601 10401 12051 14601
5985 6513 9021 10341 12101
3991 4501 6601 7681 8641
1651 2446 2791 3541 4126
3176 3626 4726 6326 7476
4591 5203 6495 7481 9079
1464 1662 2146 2619 3257
1301 1471 2091 2371 2721
2500 3151 4180 5020 5881
4789 5891 6841 8817 10717
1222 1959 2289 2685 3213
2604 3307 3421 4561 5207
1613 1990 2822 3342 3732
6501 8901 10501 11501 14301
2751 3576 5201 6476 6851
5325 6909 8933 9813 12365
1191 1621 2191 2401 2681
1669 1897 2569 2953 3205
1691 2276 2809 3160 3901
4625 5611 6257 8671 10201
2503 2989 3583 3961 4969
5356 7291 8956 10621 12781
3411 5333 6542 7131 8216
2461 3101 4241 4941 5901
2731 3634 3844 4810 6049
5701 7301 10251 12451 14251
4310 5085 6294 6883 8960
6073 6855 8833 11041 13479
3271 5221 6421 7411 8221
5587 6217 8443 10123 12139
5741 5741 8406 10251 10702
2949 3477 4137 5567 6205
1696 2101 3016 3331 4366
1713 2257 3185 4065 4561
1369 2017 2425 2713 3517
2479 3319 4222 4915 5545
2857 4313 5825 6553 7309
3132 5271 6325 7596 8340
4825 5725 7813 8713 9433
3481 5071 5731 7681 8491
2161 2557 3889 4573 4861
2485 3267 4808 5981 6556
3211 4411 5521 6871 8821
3783 4558 5860 7844 9053
3001 4451 5051 6476 7476
4797 7305 9021 11265 11529
5199 6625 9201 11225 12421
4579 7519 9031 10207 11299
2913 4655 5175 6449 7645
4645 5509 7345 8929 9433
4827 5663 7563 8399 10299
6651 8451 10351 12501 14851
3979 5135 6733 8399 8909
3101 5302 5581 7596 9146
1809 2465 3345 3633 4273
3133 4672 4996 6859 7264
2913 5041 5573 7253 8373
2197 2629 3385 4123 5329
4951 6616 8776 11251 12736
2623 3022 3440 4238 5017
4996 7561 9901 10576 12421
3318 4527 5891 7255 8309
4105 6461 7677 9045 10185
6161 6821 9109 9725 12057
1273 2101 2377 3073 3529
3481 4261 5731 6721 8851
1134 1915 2135 2553 2872
4552 6143 7623 8400 10065
5041 6337 7921 8713 10765
3901 5461 7762 9010 10921
2148 2946 4048 4599 5587
3451 4531 6541 7501 8371
4573 6193 7021 8281 9433
5281 6997 8977 10869 11705
6017 7850 9777 11563 13584
4811 5736 7845 8252 9621
5981 8281 9523 10857 13065
4071 5255 6661 8252 10990
5401 7051 10801 11201 14301
3626 5192 5337 7280 8150
6158 7380 9777 11751 13960
3361 5505 5921 7681 8737
6673 7297 8785 10705 13393
6175 7645 10242 11614 13378
1331 1531 1881 2441 2761
3541 5101 5611 7771 9001
4121 5721 8401 9961 10801
1951 2326 2836 3826 3901
3355 4057 4837 6319 7229
6420 8429 9115 12692 14554
1600 2224 2666 3082 3758
1321 2041 2185 2761 3313
4962 6356 8119 9349 11973
4341 6021 7701 8436 10291
5005 6013 7813 9289 9469
1752 2755 3316 4047 4999
6393 8461 8602 11798 13819
5125 7267 8023 9325 11887
5146 7106 10683 11957 14015
2949 3851 4489 5523 5743
2143 3130 4327 4999 5650
6518 8821 9017 12643 14358
4751 6841 6917 8399 10603
1301 1621 1991 2351 2691
2086 2416 2956 3406 4216
3641 3745 5071 6475 7307
6126 8086 8968 11859 14358
4720 5617 7411 9712 10492
3916 4989 5598 7251 8498
2593 4249 4633 5473 6649
2531 4141 4509 5084 6671
2729 3565 4709 5347 6271
4700 6069 7845 8659 9621
4404 5921 7808 8363 10213
1530 1552 2179 2454 2960
