200 10 5
3 10 8 33 29 32 13 24 8 17 18 0 14
3 12 20 20 32 20 18 15 27 28 14 0 11
8 7 9 15 26 29 31 15 15 8 7 0 38
10 29 27 25 26 17 21 21 30 10 31 0 48
9 11 15 23 12 23 24 29 10 7 11 0 42
8 23 11 11 11 18 25 17 21 18 21 0 37
4 21 32 23 25 24 24 13 15 30 26 0 16
9 16 19 9 12 16 19 26 16 10 15 0 44
9 13 27 31 30 23 19 25 10 28 12 0 44
7 24 15 30 33 25 24 11 33 9 9 0 33
6 10 7 18 17 25 33 9 24 25 16 0 27
9 28 33 23 28 25 10 29 31 27 20 0 45
8 23 21 11 29 11 33 33 22 30 13 0 38
6 16 22 32 9 21 32 23 25 18 13 0 26
6 30 23 22 30 30 29 23 8 16 33 0 27
8 11 31 30 11 10 22 31 22 21 24 0 37
6 22 30 8 8 11 7 23 18 14 30 0 28
4 19 26 13 20 13 17 20 19 22 27 0 18
10 12 13 30 31 29 26 21 21 28 25 0 50
7 32 18 21 29 9 23 25 10 8 31 0 34
9 9 13 13 31 21 14 15 18 14 19 0 42
3 10 16 14 32 15 8 7 21 14 29 0 11
8 30 15 10 31 23 10 9 19 14 19 0 40
7 19 10 33 17 11 28 26 31 28 11 0 33
10 28 17 16 25 24 17 28 20 8 14 0 48
4 32 32 21 28 32 32 30 28 16 16 0 18
9 15 19 18 20 29 30 18 22 22 14 0 44
7 31 14 30 8 16 7 32 14 22 11 0 32
8 27 20 12 28 29 14 15 22 11 29 0 37
5 10 30 11 8 22 21 14 30 9 15 0 23
7 18 20 20 31 30 31 25 14 19 12 0 32
5 26 30 18 21 19 13 22 15 18 11 0 23
3 28 24 7 8 32 33 16 18 26 33 0 11
10 23 22 33 32 20 23 32 29 21 7 0 46
8 30 10 21 31 13 31 13 16 14 27 0 36
3 14 24 15 8 12 19 20 33 18 22 0 15
3 19 19 9 13 11 7 19 23 28 25 0 13
4 9 29 18 16 32 32 23 8 31 22 0 20
7 14 30 11 15 7 10 10 12 10 13 0 31
10 8 11 32 9 28 28 14 13 18 24 0 46
8 18 28 12 32 13 15 24 31 8 32 0 38
7 28 25 15 24 27 20 15 27 23 9 0 33
7 12 31 26 16 21 19 7 11 31 9 0 33
6 12 17 32 23 21 25 27 18 27 27 0 29
9 21 23 9 33 15 28 7 13 10 23 0 41
5 11 26 15 18 30 12 10 10 31 28 0 25
7 15 33 18 18 23 9 33 17 12 31 0 31
4 22 16 14 18 15 20 27 14 31 18 0 18
9 22 24 10 15 9 24 26 16 12 14 0 45
10 16 15 27 30 16 32 13 8 23 26 0 49
7 9 8 26 15 8 18 16 19 9 31 0 33
4 14 13 11 13 20 8 27 25 16 24 0 18
7 17 12 16 18 13 16 17 31 10 26 0 33
6 14 23 25 22 19 27 15 24 7 10 0 30
6 27 10 28 31 26 32 16 25 16 18 0 28
9 31 27 21 15 23 32 18 13 20 11 0 45
5 16 9 27 24 9 11 20 26 15 11 0 23
9 24 7 18 11 32 11 11 20 14 19 0 45
8 33 15 30 24 30 27 27 12 32 23 0 39
7 18 33 23 16 29 26 26 30 11 9 0 33
9 21 30 32 19 32 11 12 18 17 15 0 43
10 23 15 29 18 25 32 32 10 10 30 0 50
3 21 20 29 7 29 12 29 17 19 17 0 14
4 20 14 10 19 24 30 8 23 25 27 0 19
4 25 15 32 18 13 15 33 28 28 28 0 16
2 20 30 10 13 10 25 19 29 27 16 0 10
5 28 29 26 9 9 21 14 14 17 26 0 21
8 15 14 12 28 11 33 27 22 11 17 0 39
6 32 14 33 14 18 30 8 19 10 23 0 28
3 11 9 32 12 15 23 23 30 15 28 0 11
10 9 23 15 10 29 24 10 14 19 24 0 50
4 24 21 33 28 19 11 20 27 7 31 0 19
5 29 9 14 17 16 12 28 19 13 25 0 24
4 31 33 33 23 16 9 21 23 13 19 0 17
4 16 21 9 22 25 19 16 18 15 14 0 16
5 25 8 31 27 13 28 16 23 22 31 0 22
8 7 16 27 33 23 18 26 9 15 15 0 37
5 20 22 32 15 13 33 17 33 31 29 0 22
6 19 15 30 18 15 32 15 24 30 23 0 30
8 14 32 29 32 21 9 15 14 15 12 0 38
6 22 9 16 14 18 20 11 21 19 33 0 26
4 28 11 19 29 18 23 13 17 18 26 0 16
8 21 23 19 28 21 25 28 17 29 8 0 39
10 19 19 26 11 27 27 23 20 15 29 0 49
8 28 20 12 13 12 17 32 20 33 32 0 36
3 16 33 32 29 11 20 8 16 28 13 0 13
5 22 10 8 12 32 18 23 33 11 33 0 22
8 24 31 31 30 16 29 7 11 26 13 0 38
2 27 30 29 24 28 8 11 15 32 21 0 10
7 8 25 33 23 27 15 22 16 18 32 0 31
5 12 24 32 26 7 19 18 31 23 30 0 23
4 25 18 15 31 18 30 14 14 22 16 0 19
5 12 9 31 23 29 28 11 11 30 32 0 23
8 20 32 23 15 23 17 31 8 28 15 0 38
6 26 10 13 25 31 9 24 24 18 8 0 27
3 18 8 27 14 11 22 28 10 25 25 0 14
5 7 21 24 23 22 22 15 30 8 10 0 22
8 30 19 30 19 12 10 28 23 33 27 0 37
9 29 11 23 11 9 32 20 23 29 10 0 41
3 27 17 14 28 24 18 28 29 31 28 0 11
8 10 27 29 27 29 12 15 18 26 28 0 40
5 24 29 8 13 18 31 7 10 21 23 0 24
5 29 30 29 7 32 19 15 10 15 18 0 23
8 33 32 20 13 17 31 11 32 16 21 0 37
8 13 12 7 15 13 25 26 21 16 18 0 38
8 32 23 11 17 7 20 8 29 17 15 0 39
7 8 9 28 8 33 30 19 14 31 15 0 31
3 27 24 14 8 33 26 31 16 25 20 0 15
8 20 32 7 26 30 29 32 29 10 12 0 37
9 13 10 24 28 12 14 19 15 25 18 0 43
6 27 23 21 11 29 22 21 20 29 24 0 28
4 31 17 18 11 18 33 21 16 10 30 0 19
10 27 29 31 14 27 30 8 24 23 21 0 47
6 17 27 18 18 25 21 18 18 23 14 0 28
9 7 32 27 16 20 30 16 11 8 9 0 43
3 28 8 16 31 15 30 9 31 25 27 0 13
10 8 23 12 13 29 32 29 15 32 11 0 49
8 29 28 19 20 30 10 20 17 7 28 0 38
4 17 18 10 22 19 29 15 23 10 32 0 18
9 8 27 19 23 32 32 21 12 17 11 0 45
4 26 22 24 32 21 26 27 17 13 13 0 16
5 12 15 33 24 26 8 9 30 21 12 0 25
10 24 18 14 18 29 29 23 28 18 23 0 50
6 18 26 11 27 24 15 13 27 11 22 0 28
8 27 19 13 26 12 32 8 25 14 26 0 36
5 19 13 20 31 27 23 28 25 22 7 0 24
7 12 7 9 10 21 9 21 24 21 27 0 31
5 16 21 28 10 9 14 20 10 27 31 0 22
7 20 27 29 12 15 7 31 17 28 26 0 34
5 16 28 32 29 31 23 31 32 15 12 0 25
7 7 10 8 11 25 8 26 13 9 29 0 33
10 30 30 15 13 12 18 18 22 20 18 0 47
3 20 19 9 14 9 14 17 17 20 7 0 14
5 7 24 21 12 26 29 32 11 13 17 0 21
7 11 8 7 33 17 22 22 10 24 13 0 31
3 28 25 22 32 11 10 17 18 28 10 0 11
5 8 10 22 10 33 13 12 19 32 23 0 21
8 23 32 21 16 32 23 24 17 20 13 0 38
6 32 7 16 22 10 22 12 11 20 17 0 29
10 16 28 22 14 31 18 32 9 19 9 0 46
7 8 29 33 26 20 13 28 33 30 9 0 35
6 29 20 14 12 32 20 12 13 9 15 0 30
10 7 19 16 26 22 8 16 7 16 32 0 46
6 12 29 31 22 13 27 14 15 7 25 0 30
4 13 32 30 15 16 12 12 20 14 24 0 20
7 31 20 9 31 21 28 23 13 29 30 0 31
8 24 14 30 29 10 25 30 28 23 28 0 39
8 29 8 11 11 30 10 12 31 22 14 0 37
8 28 31 22 17 9 30 33 26 23 16 0 39
9 23 18 22 18 18 25 16 33 18 19 0 43
5 26 10 32 25 10 21 25 23 29 10 0 23
3 9 23 22 32 27 7 25 18 16 28 0 13
10 12 24 12 8 26 21 8 8 9 15 0 49
5 11 19 31 21 24 25 33 14 19 12 0 24
9 26 28 9 21 11 8 27 29 19 11 0 44
5 23 12 14 14 31 9 32 30 19 31 0 24
5 31 31 29 7 21 19 32 9 28 29 0 21
4 11 21 9 14 17 33 29 13 31 14 0 20
8 30 11 21 25 16 9 16 11 28 31 0 39
6 23 33 19 27 16 8 15 23 31 31 0 26
6 8 21 31 19 25 16 28 24 19 29 0 29
4 16 20 11 27 10 25 22 16 7 23 0 19
5 29 20 16 28 10 17 19 26 28 10 0 22
6 25 22 24 21 24 14 21 13 14 29 0 30
9 33 22 17 31 17 14 23 25 19 25 0 43
6 27 12 27 31 28 27 25 15 32 14 0 29
6 33 20 30 28 27 18 20 31 24 23 0 27
5 33 18 24 16 18 7 8 12 18 25 0 25
7 26 16 9 26 10 23 8 18 32 27 0 33
10 8 8 9 17 15 24 21 25 13 18 0 47
5 16 7 30 8 11 23 20 15 11 8 0 23
9 28 23 16 31 7 12 26 27 28 23 0 43
9 30 26 22 24 7 18 22 15 20 11 0 41
4 22 18 23 21 16 25 23 21 31 21 0 19
5 8 11 18 22 7 32 9 11 20 7 0 24
7 33 30 19 23 20 11 11 7 11 9 0 34
5 26 14 8 23 19 27 23 16 11 12 0 22
3 19 27 28 21 26 10 20 18 9 18 0 12
5 29 15 11 9 25 9 31 11 12 18 0 24
7 10 25 17 14 24 28 22 22 10 15 0 34
7 8 9 20 21 14 7 13 27 10 32 0 34
6 26 22 23 27 7 26 30 7 21 22 0 28
5 28 22 20 14 9 16 31 31 30 33 0 23
10 20 31 15 21 16 21 11 23 15 17 0 48
3 23 33 25 30 28 9 30 13 33 29 0 15
9 23 12 33 14 30 13 19 16 20 24 0 43
7 17 31 16 28 9 25 19 7 23 26 0 31
8 14 19 11 14 7 11 31 32 15 21 0 39
6 10 10 15 21 20 17 15 30 17 22 0 26
9 15 20 24 15 24 25 26 21 17 22 0 41
7 27 12 31 15 31 25 22 24 23 10 0 33
8 9 18 25 24 9 26 32 14 14 31 0 37
8 9 9 18 13 18 12 31 12 11 13 0 36
6 22 27 29 27 18 14 28 10 32 33 0 29
10 27 16 13 10 13 33 27 14 24 12 0 47
9 21 17 13 10 13 18 30 21 28 8 0 45
9 19 22 9 15 12 16 8 17 15 18 0 45
8 8 9 28 13 8 26 28 17 19 31 0 36
9 7 17 7 12 9 22 11 9 21 19 0 43
3 25 15 14 15 16 31 11 17 16 27 0 14
47 45 39 34 35
124 172 200 258 265
135 166 195 242 278
115 162 201 256 286
122 160 194 241 278
135 162 210 228 270
134 161 182 247 272
130 162 198 254 296
138 146 208 224 264
111 163 208 232 281
123 180 217 259 271
110 173 197 256 276
116 171 220 236 283
126 166 181 224 294
134 165 193 251 288
110 174 201 235 295
112 140 195 256 264
140 150 207 253 298
109 141 214 242 296
124 154 186 249 282
133 173 194 249 283
110 164 207 233 300
125 165 202 230 273
115 161 194 242 264
123 153 185 238 266
107 178 217 251 278
138 150 188 240 293
138 176 207 227 290
104 140 212 228 278
128 173 214 244 266
117 148 205 223 282
138 159 209 255 262
134 147 216 250 295
125 158 212 224 275
131 180 187 223 279
120 144 201 256 287
121 153 191 230 262
111 174 216 250 270
117 177 196 253 273
121 141 212 244 287
119 144 186 253 287
116 154 199 231 263
138 179 193 240 283
120 155 194 229 287
115 160 218 254 281
138 158 214 239 280
121 141 180 253 300
121 146 220 254 291
131 164 207 256 274
129 173 200 247 296
137 148 219 245 279
116 141 188 229 292
124 173 201 256 285
102 149 219 259 293
108 141 196 256 281
119 166 185 235 299
133 156 180 222 277
112 177 200 249 299
139 174 183 254 261
138 154 191 225 260
124 177 216 251 294
113 175 203 230 281
140 144 201 238 300
111 152 204 252 289
136 173 180 256 298
127 173 190 248 277
108 157 203 250 279
118 171 219 256 279
102 146 187 230 274
119 158 204 224 297
114 155 195 224 283
108 171 209 252 299
100 162 184 260 278
113 157 207 249 265
133 174 180 260 263
106 157 219 241 294
102 169 218 240 298
109 170 193 221 260
111 166 185 240 267
125 167 184 258 294
117 141 212 248 297
101 175 183 235 272
129 144 208 225 284
125 150 201 230 293
108 140 191 237 276
120 140 215 241 262
128 163 189 229 294
108 164 182 225 282
108 176 216 252 277
103 160 218 226 296
101 172 181 227 270
131 168 185 244 282
136 171 205 259 271
108 151 207 247 264
107 171 208 244 295
119 142 212 250 291
140 169 204 255 267
123 157 209 246 267
116 176 205 245 289
111 177 197 257 274
126 151 203 258 285
125 157 211 242 270
114 168 217 234 281
111 149 204 258 277
107 178 188 234 261
137 155 191 257 271
120 156 205 242 269
107 161 219 223 287
102 147 181 235 295
123 152 211 229 275
129 171 188 241 267
134 154 220 229 271
114 147 202 221 264
134 173 214 230 273
110 174 184 238 300
137 173 203 249 261
122 146 189 248 276
114 156 190 223 283
113 176 185 254 288
135 179 193 221 280
125 158 220 233 266
127 165 198 234 287
132 173 210 258 269
101 171 219 260 296
117 163 184 225 267
115 170 204 246 294
115 165 197 220 264
108 162 188 238 280
119 144 211 240 277
138 172 212 250 279
106 162 212 220 287
100 143 195 237 298
130 151 187 260 292
135 179 181 227 293
114 145 206 250 278
109 144 202 234 273
103 140 196 234 265
126 178 208 228 278
140 175 183 232 268
140 170 185 220 266
108 148 216 254 292
100 177 203 250 260
119 157 199 234 281
112 174 210 259 286
100 146 189 249 263
135 180 207 251 263
111 154 182 231 264
111 176 202 233 278
133 142 199 229 290
119 145 216 247 280
122 150 211 255 278
128 161 190 246 299
105 147 211 239 276
104 175 220 235 300
116 172 198 221 284
116 163 212 244 297
105 158 181 250 299
113 151 209 250 293
104 164 214 225 295
110 166 209 221 291
128 153 191 238 288
139 165 205 220 291
100 174 218 253 293
118 153 201 223 287
110 148 185 235 266
131 165 219 229 277
109 157 196 255 295
126 141 214 222 272
131 152 204 254 295
113 150 196 233 280
128 158 216 253 277
136 150 198 229 264
110 150 192 220 278
101 160 199 247 273
121 163 184 246 284
139 162 213 238 283
108 141 193 223 264
118 178 188 232 268
121 162 184 250 290
125 164 193 224 300
128 144 208 245 265
124 148 185 243 276
110 144 210 233 261
114 155 219 249 276
132 144 183 234 269
105 158 182 220 268
103 146 210 230 284
101 178 183 226 299
121 141 191 247 268
136 168 192 228 290
132 142 199 240 277
104 156 183 244 283
100 169 184 253 290
109 172 181 252 298
116 161 208 245 270
108 166 203 238 280
114 157 180 235 278
103 159 219 255 289
129 160 182 257 275
112 141 192 233 297
124 167 204 251 266
1743 2416 2808 3621 3720
1492 1834 2153 2671 3068
4376 6164 7646 9737 10878
5863 7688 9320 11577 13354
5677 6812 8829 9585 11350
4965 5965 6742 9148 10074
2087 2599 3176 4073 4746
6079 6432 9161 9865 11626
4891 7180 9161 10217 12374
4066 5948 7169 8556 8952
2976 4679 5327 6922 7462
5226 7703 9909 10629 12745
4795 6316 6886 8521 11182
3491 4298 5026 6535 7498
2976 4706 5435 6354 7975
4151 5187 7224 9482 9778
3927 4207 5804 7093 8354
1968 2545 3861 4365 5338
6207 7708 9308 12460 14110
4529 5890 6604 8475 9632
4626 6896 8703 9795 12610
1382 1823 2231 2539 3013
4607 6448 7769 9690 10570
4066 5057 6114 7864 8788
5142 8552 10425 12057 13354
2491 2707 3392 4329 5284
6079 7752 9116 9997 12770
3335 4488 6793 7305 8906
4743 6409 7927 9037 9852
2698 3412 4724 5138 6496
4423 5096 6697 8169 8394
3089 3388 4977 5759 6795
1382 1746 2341 2473 3035
6033 8288 8610 10267 12844
4327 5191 7245 9226 10342
1822 2303 2874 3460 3940
1449 2270 2817 3259 3520
2347 3548 3928 5069 5470
3758 4378 6581 7573 8907
5481 6631 8564 11648 13212
4415 5860 7571 8787 10004
4561 5915 6377 7929 9349
3967 5123 6411 7566 9481
3341 4648 6331 7375 8159
5665 6485 8783 9808 11490
3032 3532 4508 6335 7510
3758 4533 6829 7883 9031
2365 2960 3734 4617 4942
5812 7793 9008 11124 13330
6720 7259 10740 12014 13681
3835 4661 6213 7566 9647
2239 3122 3626 4617 5140
3372 4924 7236 8556 9679
3247 4237 5889 7690 8440
3339 4656 5188 6589 8382
5992 7028 8108 9999 12475
2582 4079 4608 5736 6887
6262 7838 8243 11439 11755
5389 6014 7458 8784 10150
4098 5849 7136 8292 9712
4866 7533 8738 9899 12093
7007 7207 10058 11909 15010
1560 2135 2865 3537 4056
2591 3295 3428 4873 5672
2039 2776 3048 3977 4442
1086 1578 2039 2510 2800
2484 3599 4608 5385 5869
3985 5702 7302 8980 10697
3339 4432 5721 6281 8326
1261 1713 2154 2473 3123
5406 8558 10458 12609 14960
1906 3086 3504 4950 5292
2719 3776 4977 5986 6370
2268 2966 3068 4430 4481
1702 2520 3513 3865 4714
2250 3726 4805 5289 6566
4040 6298 7150 8186 9630
2449 3660 4079 5290 5884
3757 5018 5528 7749 8830
4453 5365 8065 9433 11296
2632 4558 4766 6120 7082
2071 2311 3337 3609 4554
4882 5857 7848 8979 11437
5299 6868 9368 11623 13534
4327 5047 7749 8686 9442
1671 2127 2465 2986 3832
2383 3616 4013 4959 6214
4110 6696 8217 9585 10536
1036 1608 2189 2269 2970
3138 5340 5620 7047 8380
3020 3872 4263 5621 6496
2591 3257 3903 4930 5159
2491 3481 4770 5691 6082
4072 6506 7913 9281 11220
3220 3841 5733 6759 7867
1967 2374 2864 3579 3747
2713 3462 4607 5421 5884
4298 6520 7593 9074 10703
4557 7265 8085 10546 11244
1393 1668 2241 2847 3145
5007 6288 8449 9689 10810
2743 4040 5217 5625 6754
2560 3434 4701 5944 6381
3966 6594 6965 8668 9667
5213 5898 7266 9776 10308
4687 6092 8004 9447 10501
3323 4999 6798 6922 8907
1536 2213 2723 3535 4436
4558 5632 7816 8482 10185
5554 7361 8092 10372 11491
3759 4320 6169 6421 7598
2173 2801 3847 4208 5026
6305 8139 10067 10819 12841
3086 4880 5160 6673 8410
5898 7447 8737 10716 11233
1593 1906 2465 3234 3598
5593 7652 9319 10936 13877
4300 6696 7038 9661 10954
2437 3230 3482 3987 5050
5632 7118 9909 10494 11980
2039 2648 3176 3753 4602
3307 4333 5258 6459 6734
5056 8558 10959 13009 14810
3283 4572 5161 6309 7486
4146 6128 7352 8865 10594
2767 3968 4737 5289 6346
3355 5030 5837 7388 8690
2625 3175 4651 5289 6104
4699 5856 7216 8509 9496
2656 4058 5309 5509 7185
3306 4727 6444 7831 9845
6117 7104 8797 12230 13734
1897 2514 2542 3187 4112
2401 3052 4335 5260 5848
3386 4472 6271 7264 8473
1140 1548 2165 2584 2925
2653 3746 4377 4797 5848
5327 6658 6962 8825 10194
4067 4938 5373 6389 7724
4974 6815 9945 11693 13442
3506 6203 7114 8760 9110
3577 4718 5979 7029 8440
5158 8012 9668 11923 13166
3007 4388 5679 7480 7900
2707 3608 4148 5029 5269
3448 4782 5651 7171 8194
4336 6872 7887 9096 10852
4928 5261 7372 8482 10740
4648 5662 8433 9642 10930
5253 6457 9082 10974 11964
2951 3711 4378 5667 6887
1371 1919 2752 3117 3598
5102 8583 10789 11524 14710
2791 4136 4761 5313 6826
5110 7180 9337 10745 13078
2526 3800 4352 6010 7186
2379 3178 4398 5259 6163
2086 3288 4289 4509 5910
4296 6482 8160 8628 11359
3335 3986 4974 6197 7498
4038 4793 5954 6389 8449
1906 3314 4151 4816 5577
2603 3374 4431 4915 6324
3307 4448 5559 7060 7990
5640 7103 9426 9856 11921
3167 4561 5692 7404 8565
3409 3814 5787 6003 7354
3282 3807 5108 6359 7385
3736 4958 6477 7698 9250
6023 7433 10161 11900 13029
3135 3458 4563 5276 6082
4737 6458 8265 9469 11965
4147 6568 8168 10137 11203
2306 3105 3504 4683 5406
3343 3896 5121 5721 6802
3679 4802 6571 7592 8986
2603 3924 4144 5113 5906
1459 1952 2216 3009 3490
3007 3944 4640 5385 7210
4359 4903 7081 8340 9020
4223 5040 6298 8272 9394
3087 4040 5889 6534 7318
2629 3573 5046 5736 6358
6343 6920 8793 11242 12922
1582 2378 2739 3310 4031
4435 6286 9039 9899 12222
3137 5526 5681 7015 9279
4726 5506 7458 9643 10462
3543 4376 5000 5937 7550
5419 5829 8168 9849 11367
3438 5156 6047 8062 9349
3706 6261 6816 9371 10740
3930 6200 6524 9081 10738
3371 4677 6041 7114 7840
5082 7810 9550 11195 13170
5137 7073 8108 10585 12520
4641 7163 9864 11484 13015
4651 5768 6560 9262 9910
4823 6070 8265 10028 12782
1743 2346 2865 3523 3734
