200 10 5
4 25 70 63 76 35 47 58 91 52 50 0 16
6 45 22 92 61 50 42 93 34 46 90 0 28
3 76 34 66 74 99 92 85 74 84 90 0 12
7 73 81 89 62 80 79 21 39 68 72 0 33
5 36 54 30 40 21 56 97 82 77 83 0 21
5 57 44 90 49 72 56 67 62 56 95 0 21
3 72 35 38 97 49 86 95 42 58 44 0 13
7 23 63 80 76 83 65 99 48 92 68 0 34
10 28 68 60 89 55 90 97 22 45 98 0 50
10 31 51 86 98 98 96 64 74 26 96 0 47
10 80 77 59 83 81 90 64 70 72 35 0 47
5 27 99 48 35 43 93 65 28 50 93 0 25
3 95 65 88 52 54 70 53 73 40 93 0 12
9 43 95 65 28 52 99 55 96 67 78 0 45
6 22 36 86 34 43 93 69 78 41 51 0 27
9 53 74 92 25 93 83 33 60 34 56 0 41
6 25 21 78 74 86 72 29 82 72 73 0 29
10 42 69 47 41 59 88 85 25 66 46 0 47
5 62 71 37 26 49 21 92 76 98 22 0 24
9 61 88 55 35 90 50 86 21 49 84 0 42
7 64 83 83 78 92 42 71 41 95 86 0 35
5 55 83 46 49 96 79 67 50 25 77 0 24
4 34 91 44 92 50 76 27 42 89 65 0 19
9 89 79 89 100 56 99 36 68 28 98 0 43
10 50 94 65 91 45 81 75 91 20 96 0 46
2 67 39 21 70 77 48 48 24 90 36 0 10
8 35 58 52 57 94 96 24 90 67 24 0 39
5 82 90 64 80 89 49 58 35 73 49 0 24
3 22 95 41 25 97 31 25 56 22 21 0 13
4 72 55 46 62 31 70 49 95 75 82 0 17
8 88 34 86 98 76 85 45 44 28 92 0 38
8 24 63 88 78 69 23 85 83 78 50 0 39
10 38 60 70 56 60 47 20 32 62 39 0 47
10 65 47 84 95 70 37 53 52 90 29 0 46
6 72 52 68 87 96 48 29 55 95 39 0 26
10 95 69 91 25 61 34 24 49 29 47 0 46
8 21 84 37 85 60 23 40 34 29 88 0 36
4 91 20 38 40 55 64 36 80 53 62 0 16
3 54 77 86 20 61 20 81 70 78 52 0 12
3 63 61 59 85 58 21 39 64 29 90 0 12
8 29 44 35 68 78 68 69 83 58 78 0 40
7 27 100 53 50 87 56 54 51 54 63 0 33
9 51 21 49 61 65 35 67 74 74 35 0 42
7 48 49 43 100 62 65 63 87 93 72 0 32
9 53 54 84 58 78 57 99 21 43 80 0 45
3 24 35 87 35 31 74 96 61 43 89 0 14
3 85 47 72 81 37 80 64 61 89 93 0 12
10 40 22 50 43 52 25 94 32 49 91 0 47
7 67 48 98 81 36 40 98 21 55 46 0 34
9 38 93 94 42 77 22 65 79 36 100 0 44
10 48 52 79 83 79 63 35 93 96 33 0 50
8 33 39 67 23 36 47 72 93 42 44 0 38
7 71 23 32 59 71 68 34 37 59 35 0 33
9 70 33 67 57 50 67 43 34 26 93 0 43
9 39 81 93 22 62 48 48 74 93 89 0 44
6 23 86 66 45 68 27 72 89 21 35 0 26
9 81 75 69 55 73 93 41 36 91 44 0 42
10 37 28 73 98 46 58 78 99 93 50 0 49
4 43 71 77 46 45 26 63 55 99 25 0 18
4 78 27 99 97 67 96 91 69 33 85 0 19
10 54 59 87 90 26 42 41 89 51 82 0 49
3 37 66 28 78 81 23 35 59 88 37 0 13
9 66 98 79 32 20 38 90 68 81 74 0 41
3 95 27 68 68 33 53 34 62 53 32 0 14
4 90 60 82 41 29 55 89 80 83 81 0 17
3 64 100 85 59 55 86 55 27 38 48 0 13
3 56 36 39 55 81 63 75 27 90 89 0 13
7 39 93 52 64 52 67 39 60 76 63 0 32
8 66 40 85 59 38 80 60 60 68 41 0 37
5 94 39 76 64 75 58 43 88 65 28 0 24
7 89 26 41 62 59 60 58 54 29 24 0 34
3 71 72 75 66 76 83 73 85 80 41 0 12
7 74 73 63 69 88 80 52 96 75 38 0 34
4 30 38 64 30 73 88 73 49 85 74 0 19
10 86 33 64 23 86 55 67 59 66 96 0 47
6 25 36 97 80 83 98 59 72 23 97 0 30
5 55 64 61 32 22 44 58 35 50 31 0 23
10 97 63 85 73 24 38 99 62 96 99 0 49
5 65 36 59 55 22 78 94 93 93 91 0 21
3 36 36 35 22 38 39 70 86 87 63 0 15
10 38 86 62 43 70 69 26 76 90 21 0 47
10 68 21 57 40 96 47 65 73 24 22 0 50
3 89 80 40 47 60 94 69 97 99 44 0 14
7 58 44 51 21 20 47 85 98 86 32 0 31
8 97 56 97 69 54 86 88 78 65 94 0 38
8 28 79 76 35 64 93 91 42 47 33 0 37
10 46 89 58 38 31 90 79 99 39 21 0 47
4 89 96 53 24 70 37 71 66 49 67 0 20
4 61 97 61 50 51 49 20 21 42 44 0 17
5 43 71 35 71 75 52 80 72 66 67 0 21
4 23 85 30 29 86 45 39 26 71 60 0 18
9 92 22 61 32 37 40 20 45 73 85 0 45
9 56 28 70 92 59 63 59 80 42 65 0 42
8 76 23 39 38 24 91 81 82 29 77 0 39
10 38 91 60 70 52 93 64 54 85 88 0 46
8 43 59 67 36 43 80 24 83 50 67 0 40
2 48 71 85 31 27 71 30 24 40 34 0 10
6 58 91 99 88 54 84 48 68 65 44 0 26
3 26 83 30 76 88 97 28 57 77 22 0 15
10 27 27 51 78 24 33 86 74 55 69 0 50
8 35 90 34 43 75 36 40 21 30 100 0 37
10 38 67 72 25 88 74 37 51 77 39 0 50
10 87 26 21 26 54 54 91 56 47 97 0 49
7 22 44 31 39 65 81 20 53 74 62 0 32
5 42 40 28 67 36 69 24 80 34 74 0 22
5 60 84 42 33 46 59 42 60 78 99 0 23
3 73 63 79 60 93 28 47 89 82 78 0 14
8 25 88 59 36 42 43 92 92 81 40 0 40
5 31 25 71 93 36 47 96 96 70 49 0 24
7 23 61 37 54 48 65 27 21 38 73 0 33
7 39 82 58 78 85 53 23 57 76 28 0 33
5 26 34 52 100 57 83 23 90 35 70 0 21
3 86 36 58 82 41 32 52 93 93 36 0 13
4 68 60 36 46 46 92 40 98 22 35 0 19
6 30 62 87 98 25 62 63 56 38 92 0 28
5 35 87 36 67 84 79 34 37 63 81 0 24
5 51 43 70 44 98 36 42 58 67 22 0 24
8 54 25 56 54 49 24 99 74 27 42 0 38
5 92 37 60 93 86 68 88 60 50 80 0 25
6 51 60 48 55 47 89 69 34 40 72 0 27
5 53 77 24 68 32 37 62 41 37 43 0 24
7 29 75 64 40 85 59 28 38 70 30 0 33
3 24 32 82 80 65 55 27 58 72 62 0 13
10 52 94 39 100 64 65 28 54 85 97 0 50
8 48 38 56 39 40 57 56 51 74 60 0 37
6 85 68 95 85 65 55 88 60 61 97 0 28
10 68 35 55 43 30 97 100 59 75 69 0 46
10 24 66 40 40 25 46 89 37 55 47 0 46
4 49 26 90 43 20 67 59 88 61 100 0 18
4 57 51 84 94 92 86 95 99 35 95 0 19
5 53 100 28 22 93 73 28 35 38 36 0 21
3 75 73 68 49 79 63 24 53 81 82 0 14
7 26 52 74 87 28 53 23 92 60 100 0 34
8 47 76 50 34 34 24 50 51 44 77 0 38
10 34 46 35 69 21 31 89 40 39 83 0 49
10 29 23 32 75 96 42 22 98 71 84 0 50
2 57 97 79 28 63 96 79 48 48 58 0 10
9 63 98 32 59 69 40 81 87 73 21 0 44
3 72 35 56 77 95 66 78 77 35 79 0 13
5 80 51 61 22 83 74 52 32 88 31 0 24
3 26 40 93 48 88 67 84 30 90 95 0 12
3 63 35 74 34 87 92 55 53 67 40 0 15
7 43 39 40 90 38 89 23 23 53 54 0 33
6 94 33 86 40 38 38 33 85 37 99 0 26
6 49 90 28 25 79 82 59 70 97 45 0 26
10 26 24 81 97 21 28 46 88 99 97 0 48
4 35 51 85 85 95 48 73 38 42 69 0 16
6 60 93 38 76 92 61 68 43 44 77 0 30
6 29 52 84 81 69 95 51 24 56 47 0 26
10 20 38 25 24 51 54 30 67 62 65 0 48
6 22 20 51 58 99 30 60 98 54 57 0 27
4 37 70 35 49 28 70 79 48 80 67 0 17
8 91 93 98 89 80 96 40 93 62 100 0 40
9 38 52 41 79 51 73 42 44 74 63 0 43
2 22 98 53 72 40 82 40 83 88 45 0 10
8 44 28 93 68 34 92 55 53 93 69 0 39
8 72 84 30 31 22 82 73 31 86 30 0 39
6 22 88 45 57 56 56 34 74 33 88 0 30
6 28 43 21 59 50 96 86 87 22 33 0 29
5 52 82 26 46 62 63 71 73 87 95 0 24
7 41 43 84 76 76 37 60 37 75 92 0 32
10 74 93 59 30 27 42 36 79 23 24 0 47
7 51 66 29 77 80 49 86 26 65 73 0 32
5 37 93 52 98 55 74 42 75 70 98 0 24
8 72 56 85 89 97 87 40 94 57 22 0 39
9 39 67 29 68 87 79 22 65 28 94 0 45
9 55 34 42 40 23 28 82 75 68 53 0 42
4 21 56 44 51 71 33 22 87 81 88 0 19
9 80 49 95 76 45 56 97 91 66 80 0 45
8 92 52 77 77 54 97 70 74 62 51 0 40
9 39 46 60 34 81 62 56 86 85 58 0 42
3 67 42 88 82 80 34 99 35 77 41 0 14
5 56 97 57 38 43 91 22 38 65 44 0 23
6 75 36 50 77 66 28 73 100 45 35 0 26
8 43 73 60 65 100 69 78 71 43 70 0 37
10 77 47 44 45 55 62 34 28 26 60 0 50
6 75 94 85 30 86 50 62 97 26 43 0 30
4 62 56 28 44 80 39 60 32 37 50 0 18
2 66 51 45 51 62 87 43 83 87 30 0 10
7 91 29 50 100 48 91 95 58 59 67 0 34
6 70 27 31 66 85 75 84 78 84 48 0 29
5 20 93 60 48 61 47 87 66 87 77 0 23
4 77 61 72 42 88 73 40 34 79 99 0 16
8 38 41 52 37 88 59 67 66 95 29 0 37
5 80 50 34 92 55 77 57 53 38 27 0 23
4 63 52 58 96 66 90 22 60 68 31 0 17
10 43 61 41 61 68 71 71 64 75 95 0 50
7 44 85 52 21 22 24 67 80 20 77 0 32
3 61 37 28 52 95 85 34 79 39 78 0 14
9 41 50 42 74 74 29 57 33 50 68 0 43
8 92 43 49 56 88 79 96 45 32 82 0 39
3 24 60 95 41 88 37 20 78 48 26 0 12
3 21 48 93 89 62 52 86 94 56 95 0 15
10 68 66 59 74 71 62 82 36 83 38 0 50
5 23 44 22 57 46 84 47 57 53 95 0 25
8 21 69 68 51 58 86 32 33 89 39 0 38
4 56 91 64 96 40 63 81 42 52 47 0 20
10 100 30 84 71 74 98 58 34 81 53 0 46
8 81 23 59 93 40 81 25 90 30 86 0 40
8 88 91 97 99 48 68 46 100 43 88 0 39
39 38 33 48 42
136 178 200 258 278
101 170 184 247 283
130 163 198 250 299
101 170 191 247 293
139 149 193 224 287
121 160 202 247 295
106 154 208 243 281
126 167 193 241 263
111 159 197 247 292
118 178 187 227 300
123 149 188 240 269
132 158 185 260 266
107 160 211 260 296
138 153 188 233 289
108 163 216 256 268
102 145 211 256 272
105 157 192 220 279
122 140 194 253 283
137 153 203 243 289
133 165 213 230 263
102 142 216 236 266
130 147 196 220 287
109 170 206 231 260
126 140 183 249 278
109 150 199 254 264
128 158 209 255 262
136 169 202 256 277
140 144 219 235 278
118 161 191 222 299
101 170 215 257 274
107 155 191 232 276
112 145 186 251 296
100 174 217 223 263
102 143 208 225 286
130 148 192 244 286
129 145 208 221 283
130 167 220 227 265
106 159 185 258 262
111 172 185 239 300
104 163 195 246 293
132 141 210 226 273
115 158 189 245 291
126 160 205 222 273
117 151 215 229 281
100 152 212 260 290
115 168 198 233 289
100 162 197 235 281
110 179 180 222 267
113 179 190 253 277
138 172 215 244 297
100 160 207 258 265
105 158 183 232 296
132 172 210 252 278
121 172 192 223 267
107 180 210 239 296
128 158 183 257 290
135 175 201 235 270
131 166 195 251 260
131 177 197 250 295
113 161 199 241 277
103 156 197 222 300
124 162 212 252 273
110 162 180 241 275
101 153 193 233 278
126 159 220 228 293
111 173 203 227 290
112 165 190 256 263
110 172 185 254 285
136 166 189 230 279
124 157 204 229 275
116 165 194 248 266
140 168 208 223 295
109 160 202 260 292
139 172 181 221 263
121 165 201 234 294
116 172 220 229 295
120 168 218 229 275
121 174 194 257 270
123 151 183 224 267
121 175 208 224 282
105 169 205 223 298
125 161 182 253 293
111 166 214 233 270
107 179 218 253 295
140 157 217 228 294
103 143 215 242 273
103 173 200 221 272
110 154 210 230 269
118 168 216 257 285
108 174 217 257 285
113 174 205 253 279
101 173 188 260 273
105 180 219 237 270
123 145 186 257 298
110 180 219 247 287
116 158 201 250 275
126 160 197 258 269
130 146 182 228 281
110 179 205 241 299
134 176 182 254 282
108 178 182 255 292
133 160 207 239 274
136 178 182 229 298
133 174 194 225 264
121 153 183 229 267
119 150 186 238 280
109 172 193 239 283
119 178 218 246 283
133 172 198 260 281
111 146 197 260 298
137 141 209 249 291
126 147 212 232 297
115 156 182 240 260
107 155 188 240 274
118 175 196 240 286
106 143 216 255 261
114 144 196 233 280
112 169 203 247 300
112 158 216 241 281
104 145 220 220 300
125 159 198 230 272
140 163 184 257 284
107 154 194 246 290
132 162 212 240 293
106 171 212 259 263
136 146 218 223 292
127 156 210 225 295
131 149 208 252 270
139 168 199 226 281
136 158 196 233 271
125 155 219 223 266
114 152 190 238 291
125 179 217 260 284
103 179 183 221 264
124 145 183 222 291
139 165 189 236 295
134 146 180 238 261
129 149 197 253 298
113 164 201 232 281
101 159 197 231 273
104 161 208 220 279
132 159 194 241 264
117 177 194 257 262
117 175 210 222 279
118 175 194 225 292
108 163 185 253 284
138 143 196 233 263
104 143 185 259 289
133 150 183 241 268
121 173 213 226 287
129 159 204 250 281
108 178 212 241 289
103 168 198 230 291
137 158 199 256 298
110 143 195 253 283
108 165 220 260 283
104 145 197 258 295
137 166 220 258 287
107 145 213 232 285
120 141 211 242 293
135 159 184 233 273
114 159 218 224 298
103 160 201 242 272
101 158 196 228 300
107 167 182 238 282
126 152 194 254 260
117 172 219 232 283
111 163 219 251 275
135 180 184 257 263
137 171 201 256 292
105 175 197 256 271
120 171 208 246 278
138 144 209 243 275
125 160 206 239 299
128 156 216 256 268
123 146 204 259 274
123 180 204 227 292
125 175 181 255 300
123 147 214 236 262
103 161 209 223 279
113 170 182 258 300
109 173 189 258 276
136 156 186 233 299
119 146 196 257 299
135 167 220 255 291
114 151 200 226 275
118 162 200 257 293
119 177 218 257 270
119 177 209 221 290
140 177 220 244 261
107 140 202 241 276
101 148 206 248 268
126 172 194 259 297
108 153 205 238 285
114 179 212 229 291
139 167 199 259 263
128 140 191 238 290
101 160 201 248 281
137 166 183 254 268
110 162 217 244 270
2183 2856 3209 4138 4458
2835 4768 5161 6926 7935
1567 1964 2385 3010 3598
3340 5618 6312 8161 9680
2927 3137 4062 4714 6038
2548 3368 4251 5197 6206
1385 2010 2713 3169 3664
4291 5686 6571 8204 8952
5557 7958 9859 12360 14611
5553 8374 8798 10678 14111
5788 7011 8845 11290 12654
3307 3958 4634 6510 6660
1291 1928 2541 3130 3562
6218 6893 8469 10495 13016
2923 4409 5841 6922 7246
4189 5953 8660 10506 11163
3052 4561 5577 6390 8102
5741 6588 9127 11901 13312
3295 3680 4881 5842 6946
5593 6938 8955 9670 11056
3577 4978 7570 8270 9321
3127 3536 4713 5290 6899
2078 3239 3923 4399 4950
5425 6028 7878 10717 11965
5021 6908 9163 11694 12154
1287 1588 2099 2560 2630
5311 6599 7887 9994 10813
3367 3464 5265 5650 6682
1541 2101 2492 2896 3898
1723 2898 3664 4379 4668
4073 5898 7267 8826 10499
4375 5663 7263 9799 11555
4707 8187 10209 10491 12371
4699 6586 9577 10360 13167
3387 3856 5001 6354 7447
5941 6678 9577 10176 13029
4687 6020 7929 8181 9550
1703 2552 2969 4138 4203
1339 2072 2229 2878 3611
1255 1964 2349 2962 3527
5288 5648 8409 9050 10931
3802 5222 6246 8095 9614
5299 6728 8619 9334 11477
3751 4840 6889 7338 9003
4506 6848 9549 11710 13061
1617 2360 2781 3272 4057
1207 1952 2373 2830 3383
5177 8422 8469 10444 12560
3849 6094 6469 8612 9428
6079 7576 9469 10745 13078
5007 8008 10359 12910 13260
3997 6012 6963 8826 11259
4363 5684 6939 8326 9184
5210 7405 8265 9599 11492
4715 7928 9249 10525 13035
3335 4116 4766 6692 7551
5677 7358 8451 9880 11350
6426 8142 9564 12309 12750
2365 3194 3555 4510 5320
2154 3067 3790 4589 5274
5054 7652 9662 10888 14711
1619 2114 2765 3286 3559
4517 6650 7389 9891 11286
1421 2150 2711 3272 3903
2149 2711 3749 3885 4992
1450 2257 2648 2961 3781
1463 2153 2479 3338 3429
3527 5512 5929 8138 9131
5039 6150 7002 8520 10334
2983 3776 4905 5506 6611
3951 5618 6605 8442 9054
1687 2024 2505 2685 3550
3713 5448 6877 8850 9939
2649 3277 3448 4209 5007
5694 7763 9456 11008 13829
3487 5168 6609 6879 8860
2767 3872 5023 5276 6335
5936 8534 9515 12603 13240
2591 3179 3852 4714 5618
1822 2633 3129 3369 4240
4942 7951 9644 10490 14017
6257 8058 9108 12660 14661
1561 2332 3005 3272 3790
3323 5557 6767 7853 9155
5327 5974 8255 8673 11182
3818 5299 7965 8964 10112
4848 8140 9409 10397 12795
2207 3088 4209 4610 5391
2013 2864 3681 4379 4855
2274 3662 4566 5407 5995
2041 3140 3699 4564 5032
4552 7793 8469 11710 12295
4417 7568 9207 9964 11350
4804 5663 7263 10033 11633
5067 8288 10083 11372 13212
4647 6328 8049 10010 11010
1267 1608 1979 2590 2700
3388 3804 4741 5938 7317
1657 2693 3084 3625 4496
6707 8808 9108 12710 14110
4003 6594 6742 9445 10815
6657 8008 10359 11960 13710
6671 8730 8926 11230 14613
4263 5576 6217 7210 8458
2669 3374 4035 5048 5885
2744 3458 4287 5484 6451
1533 2416 2711 3356 3973
4767 7128 8729 9850 11330
3199 4136 4761 6250 6754
3670 4826 6510 8590 9845
4528 4660 6906 8227 9613
2653 3095 4461 4882 6248
1502 2036 2375 3130 3391
2040 2953 3581 4570 5217
3311 4908 5497 6730 8018
2551 3440 5193 6130 6274
2743 3464 4713 5602 6731
4263 6430 7723 9396 11411
2807 3958 5409 6035 7035
2815 3923 5949 5949 8111
3007 3824 4761 5530 6539
4627 5387 6080 8491 9382
1398 2010 2531 3208 3781
6607 8108 10609 12009 14660
3929 6335 7853 9593 9741
3815 4096 6113 6253 8187
5849 7184 9669 10359 13581
6033 6862 9577 11602 12430
2509 3032 3591 4077 5068
2592 3010 3733 4437 5159
2632 3263 4608 4693 5596
1603 2136 2669 3342 4085
4257 6094 7387 8850 9666
3921 6811 6963 8408 10043
6083 7113 8976 10888 14270
6957 8258 9459 11810 14761
1348 1468 1809 2390 2621
5683 6564 8677 11142 13123
1476 2140 2622 3026 3664
2431 3824 4737 5554 6563
1255 1940 2505 2650 3359
1987 2393 2919 3625 3970
3868 5849 6411 8491 8656
3049 4558 5469 5781 7264
3075 4558 5053 5859 7603
5191 7832 8889 12154 13643
2216 2296 3145 3738 4219
3127 4298 5559 7780 8681
3466 3908 4767 6276 6979
5815 8312 10233 10857 13786
3490 4301 5517 6760 7597
1843 3034 3613 4107 4923
4127 6728 7929 9210 11651
5898 6802 8566 11018 12824
1107 1438 1959 2540 2841
4219 6443 8589 10150 11047
4063 5663 7692 10072 11516
4117 4988 6609 7750 8620
3110 4213 6186 6738 8276
2887 3392 5073 5818 7043
4328 5096 5897 7466 8747
5365 7481 10255 10537 14017
3303 5128 6441 7754 8715
2431 3800 4713 5482 7211
4180 6521 7107 9292 11009
5677 6848 8739 11440 11710
4921 7232 9207 9753 11896
2116 3105 4170 4779 5235
6082 8108 8288 11575 11845
5487 6848 8049 10250 11690
4417 7358 8283 10762 11392
1687 2402 2921 3454 3902
3181 3320 4816 5599 6335
3257 4168 5365 6224 7785
4743 5780 8001 9482 9926
6157 7308 10209 12960 13710
3697 5408 6129 6819 8770
2257 3158 3266 4600 5411
1237 1478 2149 2370 2630
3509 5482 7115 7592 9497
3284 4938 5286 7492 8711
2514 3987 4356 5944 6358
2183 2504 2985 3738 4795
4410 5410 7261 9519 11074
3112 3849 5069 5874 6703
1945 2575 3409 3852 4686
5907 8108 10009 12860 14660
3815 5672 6985 8234 8650
1673 2486 2935 3103 4071
6027 7619 9469 10501 11233
4180 5468 7887 9409 10775
1219 1784 2481 2986 3227
1897 2588 2918 3895 4465
5407 7658 10259 11910 14261
2857 4483 5309 5734 7285
5289 6354 7571 9852 10004
2567 2808 3829 4770 5811
4653 7368 9255 11418 12937
5487 6648 7329 10170 10730
4297 6326 8472 9526 10540
