1000 10 5
5 71 99 57 25 38 75 45 59 81 22 0 23
7 55 60 62 44 25 72 98 92 80 60 0 31
9 27 95 42 53 62 95 22 60 36 89 0 43
8 29 60 86 94 63 98 37 67 74 40 0 40
3 45 91 27 78 31 69 77 84 24 62 0 12
6 85 86 43 35 32 81 34 23 93 51 0 30
8 38 70 63 26 42 28 69 42 33 86 0 39
8 85 38 99 59 78 57 72 72 71 100 0 39
8 96 33 98 82 57 83 92 86 41 33 0 40
4 88 57 97 41 84 78 91 68 44 85 0 19
5 76 51 29 54 31 22 86 21 53 72 0 23
9 71 77 53 84 70 30 56 83 99 88 0 41
5 49 45 32 45 53 69 29 39 75 83 0 22
4 29 66 40 44 59 85 58 33 89 94 0 19
4 32 25 41 68 73 87 69 74 60 77 0 19
6 80 86 46 42 63 24 55 41 60 87 0 30
5 65 43 95 33 44 59 25 26 48 38 0 22
3 94 73 63 73 24 74 91 21 99 77 0 12
6 80 99 99 64 37 77 67 42 90 81 0 26
10 61 33 49 100 71 92 76 76 95 81 0 49
6 55 32 52 31 43 59 67 43 24 78 0 28
6 22 74 28 48 30 38 69 65 29 40 0 30
7 95 35 70 25 72 84 38 48 75 60 0 34
9 65 42 72 27 54 44 61 83 81 94 0 42
8 73 46 27 54 73 67 68 71 50 23 0 39
6 45 39 75 22 22 46 33 88 81 85 0 26
7 68 64 35 84 28 70 59 45 84 94 0 35
7 97 94 36 80 61 29 67 50 87 64 0 32
8 77 48 88 87 53 53 26 52 20 60 0 39
7 52 62 40 90 98 48 38 52 35 76 0 34
2 57 27 55 89 51 34 35 86 32 80 0 10
7 77 59 88 73 31 99 29 32 78 31 0 35
5 83 23 95 79 27 51 38 38 62 67 0 24
9 97 94 92 87 51 37 33 66 30 89 0 45
6 80 24 86 50 97 64 53 65 61 49 0 28
3 69 40 79 41 63 45 100 76 67 42 0 11
7 100 68 35 38 51 45 27 68 77 32 0 33
8 84 23 44 53 86 90 77 35 58 87 0 38
7 91 38 26 66 82 38 59 58 26 27 0 33
6 29 25 65 86 29 58 39 67 29 27 0 28
3 31 44 61 97 65 98 77 94 45 76 0 14
9 84 27 34 44 41 71 91 48 83 41 0 42
8 28 82 98 77 80 74 61 36 83 64 0 37
4 65 41 35 56 84 91 57 83 88 98 0 19
6 96 67 84 46 72 60 20 65 62 73 0 30
6 20 48 40 99 55 59 40 57 88 70 0 27
5 50 71 27 46 31 65 77 78 20 44 0 22
6 21 28 56 62 55 91 49 23 74 57 0 28
4 53 28 57 45 63 86 27 89 57 92 0 17
3 37 25 59 31 46 62 84 79 98 58 0 13
6 39 77 82 36 58 59 95 34 30 97 0 29
10 33 27 72 39 79 51 26 46 64 26 0 47
4 69 76 36 49 56 72 78 42 43 45 0 19
10 24 86 90 72 35 47 97 82 88 80 0 46
10 50 95 24 28 36 66 75 65 75 20 0 48
3 70 75 62 45 65 47 61 29 97 52 0 11
6 77 61 72 58 84 33 73 54 76 68 0 27
10 90 41 32 26 58 65 27 71 44 58 0 46
7 72 100 93 88 22 62 67 99 60 58 0 35
3 86 64 28 27 26 47 88 81 31 68 0 12
4 36 58 60 78 24 36 92 65 61 84 0 19
10 23 86 50 62 76 84 42 85 45 36 0 46
7 38 55 99 62 48 46 36 47 47 61 0 33
7 71 50 32 89 61 92 92 89 85 30 0 35
8 89 23 94 56 34 96 37 61 66 58 0 37
5 62 47 77 32 57 20 91 25 55 55 0 23
5 49 52 64 53 89 79 24 71 85 63 0 23
6 63 92 88 69 74 47 51 50 96 99 0 29
6 21 36 39 74 93 43 68 67 33 23 0 27
6 22 87 50 100 49 90 95 98 76 98 0 29
8 95 45 29 31 64 31 27 44 84 93 0 37
6 86 34 85 60 45 86 27 90 22 98 0 29
4 71 47 39 34 89 44 88 91 38 20 0 20
4 95 61 30 71 97 62 87 62 46 48 0 17
4 53 67 89 75 67 73 61 76 55 30 0 17
9 88 32 96 90 61 27 40 34 96 67 0 42
5 52 92 48 35 92 34 93 63 70 48 0 21
10 29 75 34 75 42 49 30 54 78 40 0 47
6 46 64 25 32 98 27 29 95 28 95 0 29
10 89 92 40 98 83 63 37 65 30 85 0 49
7 90 29 74 68 82 74 38 79 22 37 0 31
9 59 83 93 84 58 59 36 88 87 73 0 44
9 92 38 96 87 59 91 76 33 90 62 0 45
9 90 37 96 62 40 77 98 21 72 87 0 42
3 86 70 35 79 21 44 93 38 20 61 0 14
5 76 49 58 43 30 24 20 89 30 26 0 24
9 94 49 75 87 72 69 71 28 58 40 0 45
6 50 23 44 22 88 26 60 54 30 55 0 28
4 30 87 72 77 56 92 61 69 58 79 0 16
2 43 53 82 41 43 91 96 89 65 42 0 10
2 34 67 44 39 57 52 24 44 49 58 0 10
9 51 35 68 86 90 23 91 79 33 40 0 43
5 92 43 61 90 74 55 84 30 91 41 0 24
8 62 67 84 94 37 45 37 68 28 38 0 40
8 79 74 33 65 61 23 50 37 71 52 0 40
4 51 95 48 68 98 99 85 89 40 61 0 17
10 20 84 36 99 28 56 50 67 40 48 0 47
10 58 97 71 66 49 44 20 66 96 77 0 46
9 46 38 57 24 56 20 41 60 77 99 0 45
5 39 72 42 41 47 100 38 79 55 54 0 23
10 89 35 46 100 52 36 75 58 62 64 0 48
8 65 82 51 52 65 97 31 84 67 53 0 36
3 66 38 85 79 80 64 61 82 27 43 0 14
4 61 42 67 33 36 22 94 73 90 69 0 16
6 89 76 28 67 57 69 53 26 66 32 0 26
6 38 84 52 89 93 37 96 75 59 21 0 28
9 28 63 73 57 70 62 63 33 27 27 0 41
10 79 86 81 62 68 98 30 80 55 63 0 47
8 29 77 34 85 26 68 20 23 44 45 0 40
8 45 75 66 66 20 25 74 23 66 65 0 39
9 69 29 29 37 30 91 43 53 39 47 0 41
6 40 36 40 27 82 46 82 98 76 78 0 26
3 20 68 97 68 76 45 57 52 49 94 0 14
7 35 93 73 30 31 68 32 64 51 91 0 34
8 99 82 76 90 91 73 52 28 88 82 0 39
7 52 89 72 76 83 21 38 84 55 56 0 32
10 97 97 99 88 98 89 24 29 35 43 0 47
10 70 28 93 79 73 45 94 93 94 27 0 47
7 27 50 33 52 74 28 75 23 63 50 0 31
4 29 41 86 58 99 38 58 42 30 41 0 18
3 50 73 100 36 37 28 61 51 52 84 0 13
10 75 34 79 63 81 45 85 98 49 22 0 47
3 27 34 44 66 28 20 32 28 67 26 0 13
3 70 57 55 30 47 85 46 65 42 33 0 14
8 78 70 71 22 89 48 29 80 81 46 0 39
5 65 65 44 29 54 53 24 97 44 75 0 25
9 78 83 83 67 47 81 61 29 27 84 0 45
10 98 36 48 96 75 34 98 37 49 42 0 49
3 45 99 32 76 85 37 30 35 74 81 0 11
9 48 84 33 97 94 33 53 35 27 51 0 42
4 34 46 80 95 81 57 57 53 40 47 0 17
8 32 79 62 97 39 36 75 49 87 62 0 40
6 31 73 37 99 23 87 43 90 66 32 0 26
3 55 35 36 39 43 46 65 92 21 39 0 15
4 92 47 53 50 31 61 51 26 43 58 0 19
8 77 52 39 36 25 84 20 25 30 24 0 37
9 70 84 53 97 39 29 78 84 23 53 0 42
9 45 64 57 22 75 49 75 73 40 79 0 43
7 88 39 84 53 63 74 36 81 62 62 0 35
2 20 20 33 86 83 23 69 73 55 80 0 10
5 71 73 73 79 66 97 49 34 71 42 0 23
5 40 89 60 21 29 94 99 31 26 54 0 24
6 75 43 76 91 35 60 64 53 49 66 0 30
4 52 52 43 91 52 58 95 88 74 99 0 18
9 22 56 64 46 83 52 20 76 68 83 0 41
10 79 43 82 49 84 60 75 73 84 34 0 48
4 73 24 43 81 87 75 48 61 70 82 0 17
9 28 22 83 33 39 43 64 74 38 58 0 45
9 76 75 52 31 68 70 95 92 77 81 0 44
3 70 82 70 88 98 22 46 36 40 58 0 11
6 38 25 75 81 23 68 42 63 35 74 0 29
2 92 75 22 44 22 100 100 75 29 78 0 10
10 97 97 73 52 98 88 49 95 92 96 0 47
7 25 64 100 97 40 57 72 72 77 50 0 32
7 40 50 46 27 83 94 22 41 57 32 0 35
3 46 29 28 21 21 82 77 82 95 76 0 12
5 35 87 43 69 37 63 91 100 93 98 0 22
7 81 78 75 20 75 91 72 81 47 96 0 31
7 66 21 85 85 89 86 71 55 43 69 0 33
8 78 73 41 49 97 65 87 77 63 61 0 38
5 50 95 83 31 42 73 72 62 78 98 0 24
9 68 55 62 91 97 83 84 96 66 23 0 41
7 42 89 66 36 53 54 38 69 25 89 0 31
6 84 21 73 91 79 34 64 42 28 25 0 28
7 47 54 78 74 46 92 85 74 58 76 0 32
5 40 57 81 97 53 22 37 29 35 94 0 24
9 31 54 31 66 23 24 91 45 84 79 0 42
8 97 21 24 20 54 27 31 80 33 71 0 38
2 79 75 38 80 94 98 36 69 39 82 0 10
4 58 21 82 75 24 74 29 91 22 49 0 17
6 21 96 24 86 63 100 38 32 67 76 0 26
4 66 43 90 33 28 23 22 62 33 77 0 20
6 95 26 48 51 71 76 83 30 72 50 0 27
10 47 93 77 99 34 58 92 66 65 28 0 46
9 83 50 40 57 28 37 94 99 58 99 0 45
4 92 20 64 39 86 55 30 62 66 92 0 18
10 94 23 60 80 59 62 94 49 88 46 0 50
6 56 65 73 76 35 50 92 96 81 53 0 27
10 99 86 82 24 90 99 95 71 64 86 0 50
4 53 96 83 97 37 27 57 58 38 72 0 17
4 86 93 35 35 71 81 25 47 22 56 0 16
10 80 60 81 94 54 98 76 40 30 36 0 49
8 54 98 71 87 74 80 57 70 84 57 0 40
6 98 22 74 98 100 99 87 27 53 69 0 26
10 98 85 88 41 50 47 28 57 68 27 0 50
9 63 67 65 31 46 57 26 93 96 95 0 43
8 82 66 40 88 67 57 65 65 39 52 0 39
7 45 73 31 77 94 81 68 85 70 90 0 35
3 93 28 65 95 49 84 85 80 92 80 0 12
9 75 88 53 57 64 68 52 63 95 25 0 43
3 65 41 54 65 68 87 39 64 98 79 0 13
10 91 37 79 96 68 87 42 67 56 84 0 46
6 32 44 56 42 70 88 99 81 96 81 0 27
9 87 38 97 26 96 26 47 59 78 82 0 41
3 60 61 71 23 23 66 73 67 49 62 0 13
4 36 96 24 21 72 33 55 91 64 40 0 20
7 37 71 42 97 98 64 57 94 26 49 0 32
3 62 68 63 29 76 49 33 77 57 64 0 11
3 86 49 71 62 98 47 96 89 77 57 0 11
10 69 64 74 79 91 58 31 83 34 48 0 49
8 85 42 45 41 87 58 29 30 33 53 0 37
4 25 98 99 66 81 45 32 93 61 24 0 17
9 95 61 57 50 77 33 61 24 49 30 0 43
9 72 23 57 37 84 79 95 80 62 31 0 43
9 25 48 79 84 88 53 58 69 30 89 0 42
8 45 34 50 92 48 84 40 89 92 89 0 37
7 77 91 22 97 53 32 31 89 84 29 0 31
5 83 27 92 76 30 74 23 47 37 69 0 23
8 21 60 31 88 63 56 73 62 55 96 0 38
5 26 55 30 96 98 86 93 30 88 77 0 25
9 90 93 72 83 52 41 47 91 70 98 0 44
6 93 64 23 81 59 68 85 73 80 73 0 30
10 34 46 98 54 97 76 96 79 94 62 0 47
6 47 76 75 39 39 62 69 54 49 24 0 30
3 23 61 78 67 27 65 76 96 98 96 0 11
2 58 43 24 82 42 74 47 49 93 47 0 10
10 21 26 80 65 72 71 89 80 94 52 0 49
10 76 42 53 52 72 94 92 65 20 46 0 48
5 37 77 82 84 25 36 59 22 85 92 0 25
8 58 88 84 41 71 93 21 53 57 53 0 38
3 75 79 96 61 52 39 51 97 73 44 0 15
8 45 73 42 98 99 49 51 28 28 40 0 36
9 86 54 30 53 40 62 25 83 95 84 0 42
7 52 39 92 34 93 29 86 44 27 67 0 34
5 97 28 99 59 28 34 87 41 36 95 0 22
5 83 31 69 37 24 99 77 46 41 92 0 24
7 46 99 91 81 36 92 69 73 45 43 0 32
4 92 84 84 34 99 87 91 90 29 85 0 20
3 74 40 84 71 96 95 27 95 63 80 0 11
7 52 29 87 44 76 30 99 89 93 26 0 31
5 80 80 72 61 87 36 25 46 62 89 0 24
10 56 57 81 75 94 52 91 48 75 30 0 46
10 90 53 60 35 24 23 68 72 58 47 0 48
6 62 38 90 93 73 69 51 35 80 57 0 28
7 69 75 99 77 92 89 36 96 89 92 0 31
3 96 89 38 87 63 44 36 35 85 90 0 11
6 24 84 92 49 66 22 41 30 66 27 0 29
4 94 48 80 66 49 40 36 62 71 26 0 18
2 34 78 86 37 92 92 78 47 60 22 0 10
4 82 32 29 94 53 65 91 24 42 69 0 20
9 45 55 37 94 48 74 22 69 27 93 0 42
4 76 25 43 33 67 36 82 60 56 96 0 17
7 87 71 76 71 69 100 100 40 62 31 0 35
7 59 89 95 28 39 80 55 21 63 94 0 33
5 76 59 43 64 75 53 48 96 28 37 0 21
4 31 23 28 97 31 61 50 44 64 94 0 19
9 31 22 66 33 97 84 61 43 46 86 0 43
4 90 89 68 44 96 51 49 98 26 57 0 17
3 81 96 32 42 100 88 61 40 63 62 0 13
3 35 42 21 91 98 38 21 79 23 88 0 15
2 48 74 45 48 48 69 38 61 43 68 0 10
9 98 40 43 61 42 21 62 83 43 50 0 41
10 34 35 99 77 85 51 22 45 66 76 0 50
2 61 91 76 88 34 32 76 70 47 37 0 10
5 52 34 66 87 49 23 93 79 72 71 0 22
5 50 60 88 20 88 53 79 21 34 22 0 21
4 30 63 67 72 48 88 38 31 53 60 0 18
3 93 25 79 87 80 59 92 69 94 49 0 11
7 97 65 67 54 61 52 99 74 37 89 0 32
8 100 80 53 58 58 50 58 82 21 100 0 38
4 86 24 25 96 92 29 77 73 97 84 0 16
5 44 50 95 64 57 64 80 99 38 52 0 22
9 25 87 81 33 55 21 72 72 34 78 0 43
7 36 86 23 83 81 99 55 87 57 93 0 33
9 74 53 85 99 66 51 64 93 90 74 0 43
8 50 83 75 29 62 91 76 70 54 55 0 37
6 79 35 29 55 74 62 66 28 62 29 0 28
7 42 38 50 32 55 85 24 38 49 70 0 32
9 53 86 62 83 40 35 20 66 40 81 0 42
10 55 71 55 53 29 69 87 61 26 58 0 48
4 60 81 97 40 45 55 89 67 57 96 0 16
6 38 41 28 37 48 49 37 33 45 25 0 26
4 35 82 56 20 74 53 32 37 28 82 0 19
4 43 92 90 91 43 53 77 94 77 55 0 16
6 37 64 48 27 63 34 59 45 65 72 0 26
10 48 95 65 76 44 85 60 30 68 38 0 47
6 68 35 31 79 77 83 65 79 73 26 0 30
4 47 66 62 37 60 60 52 75 34 98 0 17
10 62 63 68 77 33 82 60 64 86 78 0 47
4 83 70 75 72 50 26 87 54 62 29 0 17
7 36 42 44 60 79 100 72 31 83 38 0 31
3 36 31 74 76 70 91 37 93 46 76 0 14
3 53 89 85 73 83 50 48 67 22 54 0 14
8 70 75 80 91 85 48 84 81 45 54 0 40
7 21 35 20 53 68 23 88 56 84 52 0 31
5 91 57 79 77 69 64 84 37 81 46 0 25
4 78 82 22 93 45 29 53 38 39 40 0 18
6 44 54 84 29 86 30 62 79 21 44 0 29
3 74 32 42 64 91 98 73 70 62 95 0 11
8 22 68 30 98 66 36 30 83 55 39 0 37
6 30 20 35 26 21 64 71 87 53 76 0 26
10 21 53 83 72 83 21 48 99 33 69 0 47
5 90 51 80 69 25 84 46 66 45 34 0 22
8 37 32 91 81 85 79 64 88 80 36 0 37
3 39 65 63 50 34 83 94 100 89 60 0 12
9 48 21 29 50 61 73 32 83 26 40 0 42
3 35 60 96 36 70 22 58 86 22 54 0 12
5 59 41 29 24 67 71 79 55 32 93 0 24
10 45 33 95 87 33 79 57 66 73 96 0 48
4 81 78 83 42 59 74 88 34 48 24 0 19
6 62 47 75 34 75 44 75 80 93 50 0 26
7 35 64 51 51 54 42 54 92 71 66 0 34
10 69 54 24 34 60 65 70 74 47 29 0 49
5 44 71 68 63 57 52 57 48 64 21 0 21
8 70 92 92 81 53 89 44 55 80 45 0 37
10 41 61 31 40 23 54 35 86 41 97 0 50
4 98 88 84 25 100 91 47 75 88 66 0 17
9 43 77 91 93 42 74 95 24 44 26 0 43
6 52 29 35 23 51 25 33 79 93 50 0 29
3 50 78 55 86 68 87 62 84 32 59 0 12
5 63 65 43 47 29 63 84 40 54 42 0 25
6 51 79 96 31 91 22 80 56 74 31 0 29
9 92 84 51 50 65 99 35 39 86 80 0 42
6 83 74 83 38 77 47 94 87 44 59 0 28
4 72 69 28 97 35 46 62 57 22 69 0 20
3 46 40 99 26 46 35 75 21 52 78 0 11
6 91 63 69 88 76 67 53 25 29 71 0 26
4 31 71 42 83 82 68 40 69 26 95 0 18
3 53 45 37 85 25 40 44 40 32 97 0 12
2 47 92 32 54 89 45 92 26 63 40 0 10
3 57 39 35 20 38 91 38 50 39 84 0 11
9 58 46 47 33 30 84 59 97 41 78 0 41
3 84 73 25 42 80 36 65 27 39 74 0 13
6 79 21 35 30 58 64 72 77 81 63 0 30
6 53 36 56 83 32 66 93 30 89 63 0 29
8 90 20 82 38 46 85 20 37 93 99 0 37
7 66 99 53 70 35 29 89 70 25 40 0 31
5 35 74 90 76 33 30 94 95 45 97 0 24
3 40 63 55 38 97 41 60 79 31 33 0 14
9 27 72 56 88 20 61 46 74 20 74 0 43
7 56 40 23 66 42 68 25 79 71 35 0 35
4 40 88 34 21 66 27 53 76 42 57 0 20
5 58 99 53 45 42 36 44 55 26 21 0 21
7 49 58 36 47 47 73 46 98 99 42 0 32
3 24 56 36 20 23 96 49 51 62 52 0 15
9 63 88 84 87 88 67 75 27 23 48 0 41
3 51 23 34 40 72 36 79 29 22 45 0 12
9 78 71 29 32 28 67 45 77 25 83 0 44
7 70 27 94 91 88 42 76 25 27 48 0 35
10 55 21 21 28 32 29 99 74 80 65 0 46
10 76 99 81 42 67 22 59 80 89 25 0 48
4 61 61 44 78 60 83 76 97 59 48 0 19
3 22 89 95 91 90 46 94 95 65 100 0 15
5 27 96 43 79 52 24 24 41 72 26 0 24
9 74 27 52 33 64 50 29 76 59 87 0 43
6 79 53 70 35 40 24 100 53 68 50 0 28
4 30 20 92 54 41 47 27 53 58 97 0 17
6 35 84 89 66 55 88 99 66 22 23 0 30
6 46 25 64 50 50 46 63 23 26 65 0 29
5 51 46 28 70 33 81 29 87 36 69 0 25
4 66 88 76 44 79 60 23 55 51 33 0 17
8 22 50 83 76 68 91 21 62 87 84 0 36
4 82 44 57 71 73 64 37 82 25 23 0 16
10 54 85 22 86 83 63 21 37 65 78 0 50
8 55 98 38 33 69 29 40 39 54 72 0 36
7 76 65 34 88 88 54 36 41 99 70 0 32
4 35 30 49 53 24 25 88 44 64 86 0 16
4 63 98 91 36 82 92 34 22 56 58 0 17
7 27 68 86 55 82 27 61 71 49 33 0 34
7 61 72 65 32 64 53 50 53 71 92 0 33
6 87 64 34 45 24 95 34 44 83 92 0 27
6 25 41 48 54 34 86 25 81 98 81 0 30
3 61 46 91 88 83 37 22 45 91 86 0 13
7 37 32 35 33 81 57 49 94 55 73 0 34
6 22 21 42 76 84 93 34 30 85 30 0 28
8 23 91 78 96 24 86 92 47 93 83 0 36
6 98 88 51 93 43 39 64 85 49 73 0 27
5 22 43 20 95 68 53 86 65 26 42 0 25
6 92 58 66 40 89 67 60 43 99 92 0 26
5 97 66 96 41 90 71 20 77 72 23 0 22
6 90 92 81 54 99 63 34 40 48 96 0 30
5 49 38 33 49 58 70 69 24 67 93 0 22
5 69 92 36 53 54 21 92 31 44 93 0 22
7 53 91 24 66 65 36 68 69 34 89 0 33
8 45 74 60 71 68 87 74 24 96 79 0 39
9 70 66 87 43 89 40 86 72 47 25 0 45
9 83 79 88 42 46 50 60 24 29 50 0 42
7 68 33 86 91 95 85 94 21 28 35 0 31
3 76 50 24 74 48 67 94 56 33 53 0 11
4 97 50 80 90 95 80 60 76 41 28 0 16
5 53 94 88 21 99 66 69 97 98 52 0 24
6 80 69 33 67 43 52 21 69 69 61 0 26
4 38 27 77 49 77 31 25 21 91 77 0 16
9 97 97 66 87 24 80 60 77 82 27 0 41
3 31 80 45 52 72 50 99 35 44 22 0 14
4 88 42 54 61 48 61 78 59 25 99 0 17
2 64 26 55 47 93 28 74 95 62 32 0 10
4 54 76 22 50 71 55 24 59 23 97 0 18
5 57 62 46 91 78 45 76 95 59 24 0 24
5 63 46 27 75 26 53 91 23 37 73 0 23
9 46 62 53 56 41 60 69 89 37 61 0 44
5 37 86 54 41 64 41 22 60 71 40 0 23
6 63 36 49 77 67 33 44 32 58 96 0 30
3 30 39 89 90 36 22 97 51 39 48 0 12
3 94 70 32 91 35 97 39 43 68 97 0 14
7 32 44 43 69 66 76 98 69 90 58 0 31
9 70 35 72 71 62 26 70 83 54 80 0 44
9 26 92 94 56 21 42 81 98 68 92 0 44
8 23 32 93 55 53 81 60 27 26 59 0 38
5 70 60 59 42 68 44 49 33 56 89 0 23
5 44 70 39 52 33 61 62 49 94 57 0 21
6 71 50 79 46 72 49 28 22 49 98 0 27
7 57 65 38 90 93 95 57 84 90 80 0 32
10 89 50 79 90 73 92 63 47 87 73 0 50
3 57 95 45 63 75 48 27 52 46 29 0 15
6 36 66 55 72 64 45 94 21 56 66 0 29
10 28 33 59 53 73 55 81 36 37 20 0 49
2 78 53 31 94 37 72 93 28 99 29 0 10
8 34 50 69 72 53 20 57 58 55 65 0 39
3 26 23 98 74 67 36 76 31 76 48 0 11
7 52 85 94 27 29 26 81 72 28 52 0 35
4 79 31 77 27 38 60 41 100 87 37 0 19
9 48 81 48 34 98 50 76 23 50 84 0 43
4 69 31 21 85 61 67 83 71 85 98 0 18
6 84 70 41 32 99 58 27 68 35 57 0 28
3 36 51 88 78 29 93 35 76 81 43 0 14
7 60 97 42 41 95 86 54 98 66 22 0 32
5 45 99 56 86 24 78 37 38 43 68 0 21
5 61 44 59 37 85 66 26 27 55 60 0 23
9 41 96 25 28 60 78 53 74 99 48 0 41
4 82 85 84 38 68 67 97 82 43 76 0 20
10 66 29 54 53 42 40 22 76 75 60 0 50
6 21 55 93 84 91 35 55 99 40 37 0 27
7 71 29 29 92 73 62 28 29 44 43 0 33
7 71 48 69 100 56 94 48 64 35 90 0 31
10 38 30 28 37 23 70 24 78 24 72 0 46
9 59 26 91 73 49 73 25 64 87 24 0 45
5 81 30 69 95 47 26 21 77 76 65 0 25
9 21 26 97 34 89 57 30 54 67 26 0 44
5 92 89 81 39 55 54 88 97 22 21 0 25
8 32 36 49 30 97 67 21 66 56 31 0 37
10 87 50 85 33 43 86 54 46 35 55 0 46
3 21 78 75 85 62 42 30 87 84 90 0 14
7 31 91 29 63 76 34 62 67 44 38 0 34
9 76 87 67 74 47 80 97 81 68 67 0 44
4 33 44 40 76 97 71 52 96 75 96 0 19
8 88 54 43 91 21 26 98 32 48 41 0 37
9 94 93 88 91 84 99 56 86 81 92 0 42
4 82 22 72 29 96 24 41 99 35 50 0 18
9 33 66 71 28 74 76 35 58 99 75 0 42
9 82 77 56 98 56 37 75 95 64 34 0 43
3 72 94 25 86 70 74 35 26 87 75 0 13
9 59 88 48 29 37 38 83 25 75 23 0 44
5 93 47 32 35 48 57 30 90 95 69 0 22
6 71 73 94 96 32 44 24 24 82 88 0 27
9 63 31 88 72 88 27 35 53 78 69 0 43
5 75 79 24 25 49 39 29 33 51 58 0 22
4 51 80 50 43 23 63 83 63 42 46 0 20
6 90 64 36 41 86 99 72 45 37 79 0 28
5 47 92 93 40 91 38 37 44 64 88 0 23
4 58 85 94 67 92 35 41 70 48 73 0 19
7 80 68 76 87 38 36 39 83 57 74 0 31
7 32 65 21 81 20 40 60 77 65 98 0 32
9 100 78 86 63 63 38 77 57 78 38 0 41
6 91 39 25 72 44 99 59 63 74 26 0 29
3 94 65 84 90 91 37 30 69 41 77 0 11
4 75 75 53 93 75 93 36 80 88 85 0 18
8 84 44 97 27 75 63 36 73 72 53 0 40
4 94 59 55 81 86 45 82 37 22 34 0 18
3 96 39 83 65 50 53 47 39 62 82 0 11
8 72 100 78 38 70 76 92 28 33 71 0 36
4 27 97 69 62 62 25 85 30 90 91 0 20
4 58 55 56 35 85 84 91 59 40 92 0 20
9 83 60 36 23 45 38 76 72 39 35 0 42
6 65 70 77 59 24 39 99 25 23 38 0 29
3 67 30 81 43 91 33 53 98 36 99 0 13
6 29 72 31 49 86 47 52 91 52 20 0 26
6 52 78 43 79 88 57 26 78 96 41 0 27
7 23 67 97 63 63 56 85 58 62 40 0 35
9 47 65 68 61 56 29 48 43 31 86 0 44
3 94 50 73 89 83 54 43 35 71 74 0 13
3 95 83 58 86 80 96 89 55 64 23 0 11
6 60 56 67 29 93 96 60 68 76 82 0 26
9 20 82 20 93 71 50 52 43 85 74 0 42
9 46 32 83 89 57 91 40 82 92 38 0 43
7 34 52 77 39 39 42 75 45 83 92 0 31
6 39 84 91 54 36 90 87 83 62 31 0 30
4 71 47 49 75 54 69 57 72 52 97 0 18
7 45 55 68 69 85 39 83 72 89 99 0 34
4 89 72 48 87 39 23 23 48 71 46 0 16
10 75 71 61 32 71 44 58 78 27 46 0 49
4 51 93 27 32 37 67 45 98 24 86 0 20
8 41 40 50 66 25 22 85 64 65 49 0 39
7 65 22 35 65 86 90 81 83 62 92 0 33
3 85 76 69 28 33 85 86 55 81 96 0 14
7 51 94 100 27 26 88 36 39 85 56 0 34
5 58 67 99 39 31 74 28 31 55 30 0 21
5 30 65 51 43 23 91 78 44 95 49 0 24
10 81 72 91 37 100 36 43 63 42 32 0 49
9 31 92 62 72 49 37 100 50 33 48 0 41
6 98 70 91 84 35 48 29 61 52 61 0 26
8 28 82 35 40 94 75 96 100 69 57 0 37
4 45 27 65 37 35 80 61 48 49 21 0 17
2 23 78 26 62 89 60 57 67 24 24 0 10
7 63 37 44 88 49 38 31 59 95 100 0 34
3 58 74 30 39 30 83 66 90 40 58 0 15
6 62 43 83 32 88 36 73 98 35 92 0 28
7 61 69 71 58 87 40 44 38 97 29 0 31
9 41 70 92 45 55 53 57 58 46 88 0 42
5 40 99 73 41 27 76 73 76 58 48 0 24
8 74 81 86 58 35 97 28 21 54 54 0 40
5 70 57 32 53 45 72 69 92 43 57 0 25
9 38 51 49 20 33 81 54 62 23 29 0 44
4 94 63 55 98 84 48 75 80 66 47 0 19
8 77 43 65 67 34 91 38 50 81 91 0 38
8 59 77 54 59 27 22 70 56 60 58 0 36
10 56 76 61 43 85 89 65 56 69 34 0 49
4 97 65 21 75 85 59 93 89 91 85 0 17
7 50 47 30 71 30 70 29 57 24 81 0 31
6 34 95 80 57 71 79 48 48 51 97 0 29
9 90 87 93 37 30 86 39 89 85 91 0 42
9 74 69 71 34 56 69 72 50 94 88 0 44
3 67 33 63 23 59 56 64 80 39 97 0 12
4 47 100 49 23 88 69 29 49 51 59 0 19
9 76 42 65 84 42 91 78 65 53 88 0 45
4 96 77 86 91 50 74 71 68 24 52 0 19
10 99 70 27 72 74 74 87 27 52 39 0 50
10 55 95 74 96 83 28 66 22 62 47 0 49
4 94 76 88 49 40 28 55 63 76 42 0 17
3 88 29 84 39 68 26 55 27 21 56 0 12
6 31 91 99 79 96 89 89 92 21 38 0 26
4 23 67 40 42 94 86 80 50 53 39 0 18
10 50 84 62 56 69 82 46 84 60 60 0 47
9 59 89 36 29 88 95 40 21 39 22 0 41
9 66 23 59 71 32 85 27 49 100 65 0 45
5 22 23 82 48 92 59 70 47 58 50 0 25
7 86 20 25 33 94 25 73 29 53 75 0 31
5 90 85 72 82 23 70 85 76 50 83 0 21
6 34 84 32 22 96 69 61 67 69 99 0 26
5 64 77 28 27 31 41 80 35 37 48 0 25
3 38 22 92 57 99 85 92 98 37 83 0 15
6 80 42 93 83 23 61 100 39 67 88 0 26
4 87 72 41 32 95 78 75 51 79 84 0 19
8 74 45 78 67 67 86 26 27 25 82 0 38
10 37 73 67 62 71 89 65 30 55 35 0 47
3 68 80 29 35 51 51 22 76 70 94 0 11
4 47 42 66 27 82 100 25 45 52 44 0 17
8 72 63 99 50 55 67 63 64 77 83 0 37
4 25 51 97 57 28 76 22 91 78 25 0 16
9 30 61 43 43 52 20 72 99 79 69 0 44
8 75 22 33 69 51 21 63 85 35 55 0 39
10 55 83 82 61 47 78 89 56 96 27 0 47
10 67 78 38 49 27 97 70 36 36 36 0 46
3 62 99 43 25 55 51 32 95 41 57 0 12
9 71 58 23 72 95 75 33 95 44 68 0 41
6 96 58 44 66 99 56 78 93 96 98 0 28
5 25 23 49 53 39 90 72 35 20 46 0 25
8 42 45 100 88 82 73 31 47 81 29 0 37
7 81 34 38 33 75 73 60 46 69 54 0 35
10 52 53 51 88 96 22 37 93 24 21 0 49
3 96 44 29 32 20 46 78 35 85 39 0 12
3 70 35 37 45 83 94 29 42 75 51 0 15
3 91 53 45 28 32 96 53 87 73 94 0 11
10 91 93 48 94 21 56 29 73 32 72 0 49
5 90 75 63 66 74 24 20 21 82 79 0 23
9 59 97 58 30 92 88 91 69 98 32 0 42
7 50 42 72 97 93 84 46 59 82 92 0 33
7 22 37 83 96 97 56 88 39 82 63 0 34
10 98 50 37 40 32 58 27 32 93 77 0 46
8 26 83 46 84 82 36 27 29 72 75 0 36
9 80 82 51 89 39 48 23 91 35 53 0 43
5 25 55 63 39 72 62 30 35 61 23 0 25
2 82 24 45 68 96 34 24 30 89 56 0 10
9 98 86 86 38 54 90 53 64 52 39 0 41
5 98 94 35 75 55 21 78 60 39 51 0 24
7 90 100 28 23 78 47 88 97 26 93 0 32
3 65 61 82 61 26 76 30 69 80 43 0 14
6 32 92 59 25 47 47 92 43 31 63 0 26
9 94 98 23 47 56 97 43 38 46 82 0 42
6 89 35 30 95 39 26 97 82 28 71 0 29
8 31 83 30 92 64 80 77 60 47 21 0 40
10 57 88 56 63 54 31 51 68 99 63 0 48
9 26 73 87 79 85 80 59 69 46 25 0 44
5 38 91 66 72 51 62 32 90 69 58 0 22
5 51 89 84 81 53 84 87 78 99 28 0 22
9 46 23 42 100 22 69 76 86 85 81 0 44
10 87 32 68 29 87 42 95 31 54 58 0 49
6 84 84 67 78 83 39 61 40 73 78 0 26
6 53 57 42 26 89 85 20 32 92 64 0 26
9 59 85 36 22 51 63 74 30 64 61 0 45
8 22 88 91 31 29 77 54 34 38 55 0 36
3 93 52 74 33 65 37 53 79 58 79 0 13
4 99 63 22 24 33 23 68 52 95 79 0 19
8 43 94 76 94 54 87 91 28 27 48 0 38
8 46 53 42 79 53 32 49 39 31 79 0 36
9 51 70 83 23 86 52 47 40 40 62 0 42
8 36 65 99 56 79 38 77 88 89 34 0 37
4 97 46 51 33 71 65 59 97 41 64 0 17
7 42 87 54 76 59 68 61 85 56 85 0 35
6 98 76 56 96 32 20 37 74 63 37 0 29
10 72 26 93 85 42 59 59 78 79 90 0 46
7 56 20 22 68 97 91 31 43 21 63 0 32
9 27 85 85 54 55 78 99 31 71 60 0 44
7 58 51 100 34 37 25 27 25 54 92 0 31
4 33 83 39 69 52 43 93 72 40 25 0 20
5 32 39 99 81 65 52 57 46 31 22 0 21
8 43 63 87 53 34 88 90 27 44 37 0 38
4 72 54 35 53 93 57 67 67 49 43 0 17
8 90 62 45 65 91 88 34 75 84 55 0 36
9 63 55 69 25 45 51 46 73 30 30 0 45
3 82 73 32 58 86 88 72 70 44 74 0 13
5 30 60 43 30 88 20 74 56 28 30 0 25
5 22 100 23 48 22 71 30 57 59 52 0 25
3 81 85 52 77 41 76 93 98 96 32 0 13
8 22 44 28 21 83 86 53 40 36 56 0 40
9 51 70 29 67 52 82 41 21 60 34 0 43
10 52 21 63 28 95 58 43 54 90 82 0 49
7 39 63 96 55 92 34 28 64 71 39 0 35
5 77 34 22 37 21 78 51 65 49 38 0 25
7 73 87 46 25 93 91 28 47 74 59 0 35
6 22 79 85 45 59 80 84 29 71 91 0 28
6 26 29 21 28 40 50 37 44 87 59 0 30
4 49 83 71 87 92 22 53 74 58 54 0 20
9 80 89 41 83 39 77 53 73 77 29 0 43
7 62 25 52 32 58 53 70 90 94 93 0 31
7 60 67 48 48 59 65 29 52 30 72 0 32
9 92 54 82 90 58 70 52 58 90 28 0 43
9 43 34 99 38 29 80 31 61 91 35 0 41
6 51 24 38 74 59 72 77 44 36 97 0 30
7 82 62 75 91 40 61 31 65 46 27 0 34
8 24 89 61 62 95 59 47 24 52 68 0 37
6 86 44 59 21 81 82 30 82 36 45 0 30
10 71 35 49 55 92 35 25 68 35 74 0 47
7 82 99 58 75 74 54 33 72 35 80 0 34
6 44 87 28 27 40 36 91 79 61 79 0 29
5 81 49 43 47 65 63 31 82 61 31 0 23
9 95 25 42 88 40 94 88 95 52 91 0 45
7 83 87 64 27 69 63 55 28 63 84 0 35
9 75 29 46 58 26 97 48 73 71 26 0 44
5 26 62 27 74 60 54 63 34 59 47 0 21
6 49 57 70 39 90 92 28 61 34 49 0 27
7 87 27 35 32 55 53 21 80 42 44 0 33
10 72 36 85 38 61 83 96 85 55 61 0 48
10 45 36 68 75 26 85 58 83 38 23 0 46
5 100 37 76 60 66 56 83 68 66 84 0 22
2 44 23 37 36 81 49 94 31 29 20 0 10
5 54 45 21 42 40 44 28 70 41 24 0 22
9 31 26 77 22 22 64 49 97 63 21 0 45
6 40 60 85 24 28 42 77 26 51 74 0 27
6 33 67 92 75 81 96 72 85 22 80 0 30
10 47 55 82 37 85 24 36 24 85 56 0 47
3 30 64 78 82 33 41 68 57 43 38 0 14
7 42 75 84 65 61 68 61 92 93 52 0 32
3 75 79 95 49 30 66 39 78 58 37 0 12
6 39 82 67 88 81 51 91 55 77 60 0 29
7 91 35 89 68 57 76 66 82 65 82 0 34
3 89 41 85 88 98 41 26 40 80 30 0 14
8 83 43 86 41 52 71 50 71 98 81 0 36
8 63 51 56 26 96 64 33 88 71 57 0 36
4 24 100 96 71 38 51 97 91 34 88 0 20
5 92 33 53 28 95 65 55 23 45 76 0 23
4 50 84 87 23 68 92 60 98 28 85 0 20
3 53 51 51 21 92 33 26 77 82 66 0 15
3 84 88 87 47 48 60 74 100 30 20 0 14
9 24 26 82 75 93 49 20 54 92 29 0 41
5 37 91 76 99 95 70 29 36 44 55 0 25
9 69 83 46 80 59 58 50 28 47 21 0 45
9 68 38 77 24 68 23 98 84 25 21 0 42
10 52 55 26 60 52 56 95 58 95 98 0 46
3 54 99 42 81 51 30 54 79 63 32 0 12
4 98 84 27 73 73 25 73 23 40 34 0 16
9 85 75 30 31 68 54 39 90 43 71 0 45
10 87 34 88 31 73 55 53 30 28 26 0 48
5 97 94 40 84 94 39 44 57 34 88 0 25
8 91 65 43 48 47 37 80 37 96 51 0 40
4 48 62 46 32 82 97 99 34 84 46 0 19
2 96 82 58 34 77 42 37 50 24 86 0 10
3 74 71 72 90 56 51 90 23 56 100 0 13
7 26 24 83 63 85 58 64 44 27 67 0 35
8 74 33 30 62 22 36 79 70 38 43 0 36
7 66 87 80 27 48 24 63 80 25 95 0 34
9 100 65 48 31 65 93 71 30 44 64 0 44
4 33 75 28 63 100 92 27 89 59 84 0 18
8 41 36 81 65 77 94 76 59 65 68 0 36
8 42 76 35 56 77 95 55 88 68 81 0 36
5 68 52 67 55 27 79 69 76 94 37 0 23
6 94 25 21 46 58 100 91 41 98 22 0 29
3 70 29 88 56 66 40 76 67 76 29 0 14
9 91 46 79 23 53 42 69 98 91 26 0 42
3 97 53 32 36 60 94 35 49 80 22 0 14
7 51 82 99 31 74 38 94 30 67 47 0 31
9 25 77 72 29 42 55 27 90 46 46 0 43
3 69 72 61 24 42 46 36 80 41 30 0 13
2 23 97 74 91 90 21 90 98 63 42 0 10
3 55 95 55 73 59 27 21 58 91 21 0 11
5 41 46 30 36 66 83 63 44 32 51 0 22
3 84 62 96 77 44 33 85 55 90 62 0 13
5 43 83 37 69 99 60 67 32 66 46 0 21
8 85 26 73 35 26 40 64 43 53 37 0 37
7 48 37 33 38 61 91 45 58 33 85 0 32
10 70 31 93 68 75 58 71 41 31 43 0 47
7 58 80 72 90 82 90 51 24 78 72 0 32
4 50 30 95 82 24 28 48 91 36 63 0 18
7 88 32 24 59 75 36 98 55 75 45 0 32
7 83 94 56 68 67 81 21 92 79 89 0 31
6 82 82 40 51 46 38 41 62 41 44 0 27
4 32 90 21 81 76 47 52 84 23 97 0 16
2 72 34 67 100 22 53 23 68 79 95 0 10
3 95 100 94 25 41 28 40 90 33 71 0 14
9 21 65 67 30 76 50 72 40 69 100 0 45
5 61 51 87 70 32 71 62 42 98 82 0 23
7 65 25 80 65 77 56 86 60 75 45 0 33
5 24 68 79 57 75 40 27 97 50 22 0 25
4 21 92 100 77 42 96 21 46 47 81 0 16
5 24 27 30 41 45 80 79 72 81 61 0 24
5 63 39 37 33 36 79 32 68 62 26 0 25
3 56 75 87 47 47 67 35 31 98 87 0 15
10 87 50 77 73 27 20 37 23 41 88 0 47
5 32 26 92 44 98 90 38 35 91 44 0 25
10 83 83 63 30 81 60 51 48 48 90 0 50
10 24 64 47 92 80 49 95 63 74 35 0 47
9 58 53 97 21 36 100 81 35 59 69 0 42
5 23 39 89 42 41 81 89 33 87 25 0 23
9 60 54 25 62 77 94 41 59 65 41 0 43
8 30 80 93 43 89 89 59 84 84 52 0 40
9 67 93 28 96 31 71 94 79 74 25 0 44
7 66 27 78 28 34 80 73 58 69 26 0 32
5 59 27 74 100 54 33 77 98 58 83 0 24
4 99 35 63 98 35 27 94 81 42 25 0 18
4 75 76 95 91 60 93 24 77 79 32 0 18
9 63 26 90 51 97 48 24 52 44 53 0 45
6 79 37 80 61 96 52 68 91 79 25 0 27
3 93 47 92 41 54 97 55 79 26 80 0 14
5 56 93 60 65 68 33 64 86 74 75 0 21
4 78 84 63 39 85 97 75 76 98 96 0 17
9 74 49 70 29 36 41 76 27 46 61 0 44
6 73 54 84 70 98 26 60 38 78 61 0 29
9 62 76 35 53 38 21 85 46 57 51 0 42
8 96 65 43 61 40 91 84 72 44 63 0 39
4 86 77 60 63 60 31 58 57 27 33 0 17
10 96 46 67 46 34 46 38 56 29 40 0 50
2 62 34 45 71 30 68 53 76 59 28 0 10
6 63 33 59 78 47 71 57 41 53 26 0 28
3 92 23 89 86 99 53 36 56 79 59 0 14
5 90 79 26 47 35 92 37 47 47 39 0 22
3 71 60 86 38 55 63 31 95 73 91 0 11
10 62 87 83 78 59 77 23 74 74 98 0 49
2 72 68 82 45 50 91 85 64 97 73 0 10
9 21 85 34 40 31 88 64 23 42 95 0 41
10 66 96 22 100 85 36 55 54 49 44 0 50
3 29 43 56 92 66 77 32 99 41 34 0 11
3 49 40 26 68 64 66 21 41 49 65 0 11
9 22 33 99 34 59 32 64 78 49 85 0 42
9 41 43 91 57 47 26 22 49 28 71 0 44
3 64 85 98 87 29 52 77 74 78 76 0 11
4 65 96 71 96 69 36 80 89 95 63 0 18
8 36 74 95 60 54 37 30 64 83 99 0 37
6 96 83 51 67 81 99 46 94 50 42 0 28
7 32 40 59 86 58 22 95 99 83 42 0 32
6 53 30 59 54 73 33 91 56 70 98 0 29
6 43 36 63 20 56 25 48 37 36 60 0 30
3 28 28 57 93 78 27 59 30 82 100 0 13
6 87 91 50 94 71 57 27 98 28 39 0 27
7 52 41 63 33 44 88 54 51 87 86 0 31
9 73 93 41 32 54 84 83 43 57 33 0 43
8 72 51 66 43 89 81 64 45 51 87 0 39
8 27 50 21 91 69 68 83 34 50 87 0 40
4 81 60 35 73 80 29 67 89 95 45 0 19
3 65 22 49 41 87 47 31 25 38 100 0 12
7 30 41 41 38 29 43 68 86 24 60 0 33
6 56 81 57 55 24 56 76 70 62 46 0 28
6 59 60 29 24 78 47 31 62 37 67 0 28
10 68 27 32 25 83 36 21 29 62 64 0 46
4 22 94 77 34 45 90 31 27 34 48 0 16
5 57 93 98 24 33 88 47 61 50 83 0 24
9 32 54 21 26 49 66 53 82 33 33 0 43
5 97 37 79 58 30 66 88 45 58 33 0 21
4 44 39 86 53 97 50 64 24 47 49 0 19
6 74 78 73 20 64 21 67 27 33 69 0 27
4 49 52 31 99 74 49 34 38 89 82 0 19
3 98 95 22 82 77 82 22 96 98 24 0 14
5 62 70 91 62 32 63 72 37 27 58 0 21
6 62 27 48 72 55 68 91 99 76 32 0 29
9 49 35 30 58 89 74 65 64 61 61 0 43
6 50 66 29 92 80 47 98 40 46 95 0 27
8 69 76 84 43 45 59 48 29 97 39 0 36
6 66 62 48 65 85 39 78 91 68 46 0 28
3 62 31 59 71 51 22 73 100 63 85 0 12
4 63 92 83 91 67 22 69 48 83 22 0 16
10 46 54 53 23 67 65 92 58 65 69 0 48
5 68 44 90 45 72 95 86 66 23 29 0 21
6 46 54 53 97 54 77 26 97 81 67 0 26
4 94 61 24 55 53 65 99 65 45 40 0 18
6 89 33 22 80 25 73 79 70 24 65 0 27
6 91 24 65 59 66 42 57 36 22 57 0 27
9 28 66 38 81 53 57 21 68 83 34 0 43
8 91 74 29 97 96 21 42 35 51 88 0 38
5 47 37 43 87 47 33 47 51 44 58 0 25
6 73 93 38 73 40 71 77 24 84 72 0 29
8 64 53 53 82 97 88 66 22 77 29 0 38
7 44 87 80 100 91 86 85 77 82 45 0 35
5 54 94 96 88 63 50 20 68 84 76 0 24
6 41 56 41 64 84 52 31 89 87 49 0 28
7 42 72 59 77 85 83 23 83 83 65 0 31
3 38 75 95 44 62 89 34 21 70 92 0 12
6 96 31 61 65 28 66 95 69 38 24 0 29
8 53 84 28 42 30 81 72 59 89 31 0 37
8 95 55 62 96 53 91 100 52 56 50 0 40
6 56 83 87 93 66 73 96 56 22 99 0 27
6 41 74 79 20 90 86 70 71 93 48 0 27
9 22 70 89 56 77 72 50 47 35 73 0 42
10 60 98 27 98 66 88 26 76 22 53 0 46
3 56 21 63 80 43 60 56 46 36 35 0 15
4 85 37 94 53 83 43 72 48 36 49 0 19
8 47 88 81 25 29 73 68 60 21 45 0 40
6 66 98 52 66 70 56 74 37 40 28 0 29
3 98 44 47 87 51 30 23 56 52 74 0 15
2 71 87 33 27 77 82 47 76 28 59 0 10
4 83 31 33 32 53 63 82 61 60 32 0 19
9 84 45 97 43 23 69 88 89 73 98 0 41
3 42 84 45 38 67 41 85 46 59 65 0 14
10 47 41 90 74 49 89 44 57 90 71 0 48
10 83 83 48 59 92 67 71 57 94 91 0 47
9 85 75 95 40 58 44 68 81 67 63 0 42
10 100 75 39 94 26 70 91 72 79 72 0 50
5 81 47 52 59 72 28 98 47 52 30 0 22
7 59 50 43 53 30 50 58 37 30 60 0 31
2 73 86 69 36 35 99 68 91 80 95 0 10
2 69 86 87 64 40 50 82 52 53 77 0 10
9 50 52 71 46 30 32 71 42 44 29 0 41
10 31 64 96 90 45 54 34 44 91 81 0 49
9 45 53 58 80 58 32 44 80 55 41 0 42
9 50 43 58 31 58 73 73 69 70 82 0 41
5 56 98 48 48 84 37 92 60 53 59 0 24
8 71 47 60 95 65 66 26 41 26 94 0 38
9 50 26 39 95 78 79 50 45 37 73 0 43
8 53 37 26 36 27 85 81 39 90 34 0 36
9 69 62 33 25 42 74 85 52 39 62 0 42
9 72 46 57 98 66 40 27 25 51 72 0 44
4 72 99 45 29 55 72 66 24 64 41 0 17
10 70 24 49 53 69 64 90 98 78 81 0 46
9 22 49 86 65 55 72 97 66 86 46 0 41
5 25 71 61 76 78 40 53 93 39 55 0 21
4 67 74 67 94 43 34 49 50 84 62 0 18
7 71 31 49 31 73 88 79 43 23 83 0 31
10 48 78 63 44 74 54 44 77 35 90 0 48
10 41 70 70 25 21 25 77 70 23 62 0 48
10 57 35 56 37 21 31 93 56 33 98 0 47
9 54 70 75 94 38 39 54 57 87 80 0 43
9 73 60 42 88 65 26 81 74 87 60 0 41
8 25 75 28 79 67 98 36 32 67 86 0 38
9 46 37 54 44 41 83 22 29 42 27 0 41
10 47 97 78 40 58 73 35 56 57 84 0 47
3 77 50 76 82 35 66 79 87 98 25 0 12
9 20 31 61 41 98 49 48 29 89 97 0 45
6 41 36 85 99 43 44 35 85 73 77 0 27
8 33 80 31 73 54 52 34 39 34 77 0 37
5 85 79 47 99 82 81 40 57 66 43 0 24
9 86 94 95 30 96 88 50 43 43 56 0 44
8 32 42 20 41 76 93 57 91 99 73 0 38
10 100 56 29 68 65 40 58 44 69 85 0 48
9 42 93 100 28 79 50 33 65 57 93 0 45
4 46 43 46 35 24 46 54 66 64 37 0 16
7 36 85 20 73 91 37 82 77 24 46 0 32
4 33 75 45 96 58 90 68 50 71 42 0 19
10 90 64 56 35 64 65 60 22 66 62 0 47
8 90 81 27 37 20 74 52 46 41 31 0 37
8 99 67 37 50 61 75 37 86 60 76 0 36
9 30 62 32 25 32 52 65 84 35 84 0 45
3 67 54 49 53 71 28 99 55 95 50 0 11
6 79 29 23 67 64 38 79 93 88 61 0 27
5 74 97 61 48 93 50 81 47 47 99 0 25
5 33 71 51 69 32 37 83 57 50 46 0 22
3 60 84 82 89 44 41 85 28 45 34 0 11
6 36 74 100 52 92 74 81 49 45 32 0 27
4 97 38 33 25 28 73 35 97 42 70 0 17
4 97 62 75 36 55 90 58 76 50 24 0 19
4 68 91 43 91 95 86 47 77 68 32 0 17
10 53 22 68 94 54 69 34 23 28 65 0 48
9 69 91 51 38 42 79 75 27 69 72 0 45
9 85 58 71 32 94 98 56 73 26 69 0 41
5 42 44 92 59 26 83 61 26 92 91 0 24
5 47 39 36 80 61 87 75 40 90 85 0 22
8 78 82 33 69 34 21 42 52 43 28 0 37
3 24 26 67 97 34 99 43 69 77 55 0 15
7 29 80 90 79 47 94 79 60 73 66 0 33
10 83 46 27 74 64 44 93 26 83 34 0 46
4 63 71 63 52 31 54 65 55 68 91 0 16
6 82 77 63 29 100 95 91 83 69 30 0 27
8 28 69 61 61 44 33 57 94 77 37 0 39
5 58 96 85 41 66 41 26 55 60 42 0 22
6 55 99 62 95 46 95 56 34 98 20 0 27
8 47 39 80 38 69 20 97 68 96 69 0 39
6 77 67 55 56 63 96 80 45 23 38 0 28
6 49 43 35 28 22 63 20 21 67 22 0 29
3 41 78 57 51 76 58 77 85 60 21 0 15
10 74 40 24 30 32 95 47 84 97 34 0 49
5 37 96 100 46 35 66 23 36 50 45 0 25
7 76 83 82 58 71 29 40 97 85 92 0 35
8 92 36 93 57 24 40 31 74 79 58 0 39
3 94 99 91 66 63 32 50 30 89 96 0 14
8 57 31 64 87 60 49 60 57 40 46 0 38
3 95 38 49 66 68 21 22 81 73 72 0 14
8 44 74 70 49 38 23 64 49 34 75 0 39
7 73 63 54 46 63 35 77 42 71 61 0 35
7 63 46 97 34 46 78 21 70 45 42 0 34
5 66 72 34 61 85 31 49 47 75 90 0 23
3 42 35 81 32 63 54 96 87 71 64 0 13
8 75 74 53 81 79 79 93 21 51 27 0 36
5 25 24 35 40 26 94 78 85 35 99 0 24
10 29 54 50 67 51 97 80 98 76 30 0 49
7 91 97 35 26 59 68 79 99 100 84 0 34
10 89 75 20 63 53 62 35 71 59 56 0 48
5 52 65 73 22 100 75 49 96 93 36 0 24
6 46 39 49 22 58 87 92 67 22 52 0 28
8 43 78 35 81 28 56 95 52 52 24 0 36
3 48 73 26 65 45 21 32 93 70 60 0 11
4 61 62 50 31 83 34 20 25 63 50 0 18
5 97 61 51 91 58 85 40 54 100 44 0 23
8 90 83 77 25 26 50 58 54 41 59 0 40
7 49 73 54 32 71 98 77 75 46 39 0 32
3 51 40 97 73 80 91 30 41 39 56 0 14
7 68 97 66 41 94 78 26 52 73 52 0 31
3 62 31 97 37 74 71 64 92 89 46 0 13
5 86 45 26 52 48 26 51 24 74 38 0 22
7 34 94 48 40 56 44 100 41 20 78 0 32
3 45 75 99 94 60 47 83 99 49 71 0 12
5 41 65 34 31 32 63 47 35 91 77 0 23
4 28 63 33 29 68 95 77 97 22 28 0 17
8 53 95 77 44 65 82 86 21 48 88 0 37
3 94 27 93 78 98 60 78 88 40 97 0 15
7 49 86 80 76 47 58 30 85 61 59 0 33
5 46 62 40 96 40 88 92 65 23 47 0 22
9 97 52 78 49 92 77 80 54 31 57 0 45
4 20 90 55 34 95 47 75 44 40 30 0 20
6 39 26 43 30 39 23 69 48 92 33 0 26
10 20 49 93 46 46 69 89 46 68 38 0 49
2 64 95 33 37 58 100 92 29 44 52 0 10
10 64 45 71 92 52 41 39 89 42 35 0 48
7 89 53 63 84 33 53 28 59 27 56 0 32
8 93 35 43 67 24 64 98 77 31 99 0 40
3 61 26 28 31 43 52 76 38 38 86 0 12
2 36 32 35 72 73 85 20 29 28 92 0 10
9 36 58 79 96 36 30 58 30 61 44 0 43
3 83 50 63 60 77 99 70 93 88 70 0 11
10 70 65 82 72 50 59 44 61 64 82 0 47
10 41 97 27 34 53 100 21 53 79 48 0 49
10 62 67 58 55 100 95 26 99 51 42 0 46
7 48 26 52 88 99 69 51 98 87 94 0 31
3 33 37 65 31 68 99 58 92 72 81 0 12
4 27 55 24 88 24 46 37 87 71 79 0 18
3 80 62 33 70 56 65 44 68 52 82 0 11
5 70 49 47 97 77 86 35 21 28 79 0 21
5 45 22 70 95 49 59 94 91 35 88 0 24
9 20 49 31 50 49 73 87 46 33 26 0 41
5 35 29 36 49 58 72 70 95 43 49 0 23
2 72 96 46 85 52 70 57 24 56 50 0 10
6 87 23 38 80 95 29 79 84 21 58 0 26
7 39 89 25 36 23 76 88 37 61 61 0 33
3 37 66 55 47 87 80 39 23 48 98 0 11
10 99 53 23 32 49 33 45 33 78 83 0 46
8 51 48 32 79 95 64 77 74 96 56 0 40
8 26 27 34 77 75 52 51 25 72 78 0 36
9 60 59 52 40 91 61 85 67 72 76 0 45
3 35 54 47 68 93 37 89 22 34 55 0 14
8 71 94 38 51 38 76 78 96 98 59 0 39
9 77 85 53 24 42 46 53 46 50 67 0 42
3 20 71 69 49 22 90 63 52 55 92 0 14
6 56 48 85 61 53 95 51 76 97 75 0 28
3 44 80 55 31 60 89 24 85 89 92 0 15
9 59 64 66 61 52 56 75 62 23 26 0 41
10 81 65 30 32 51 80 25 45 71 45 0 50
8 37 50 39 65 79 28 61 73 47 68 0 39
9 41 79 44 25 75 44 64 52 34 35 0 41
9 87 58 40 34 71 53 79 99 57 79 0 44
6 24 63 43 64 65 47 74 36 97 99 0 29
6 77 29 60 50 96 36 96 48 23 68 0 30
8 46 29 98 65 20 88 31 64 83 81 0 37
10 77 20 37 46 61 72 69 57 40 75 0 49
6 93 31 36 49 20 52 58 44 90 31 0 27
3 60 45 46 77 64 66 63 31 75 83 0 15
9 93 37 56 44 71 35 49 98 23 49 0 43
8 55 65 30 53 70 40 61 38 62 100 0 38
9 33 93 76 35 75 41 57 95 64 25 0 44
10 94 82 42 70 38 38 21 56 77 48 0 49
6 60 21 29 83 99 43 56 81 50 49 0 28
5 89 68 26 44 50 60 38 71 53 39 0 25
6 99 88 43 39 82 46 41 43 59 88 0 26
6 83 88 32 42 47 32 100 56 88 53 0 26
4 39 25 99 20 74 81 23 27 53 41 0 19
8 54 66 99 66 34 54 27 37 83 80 0 39
4 99 21 51 77 56 84 40 25 47 49 0 18
6 76 90 71 21 88 48 61 23 66 41 0 27
5 24 99 80 77 38 55 27 42 38 78 0 22
10 28 55 77 78 78 44 99 88 36 31 0 48
3 20 71 72 40 74 24 83 96 52 55 0 12
4 60 41 69 44 74 65 76 93 46 74 0 20
10 95 87 88 54 31 97 25 52 50 56 0 50
10 64 97 65 45 58 69 25 26 37 28 0 49
2 37 46 32 95 85 59 48 47 64 37 0 10
6 70 43 73 31 26 99 86 78 39 48 0 28
4 76 25 73 94 81 97 53 45 46 90 0 16
3 90 65 50 46 44 99 95 45 35 76 0 11
3 59 21 74 68 27 92 93 38 43 73 0 12
10 29 54 85 70 42 54 32 53 54 24 0 49
3 84 81 32 57 67 68 77 34 97 96 0 12
3 43 44 89 74 28 28 96 53 66 42 0 12
8 35 67 49 40 45 80 47 36 46 86 0 38
4 24 94 78 59 33 64 84 46 95 39 0 20
9 50 87 21 71 98 77 79 93 50 24 0 45
232 203 196 211 158
137 154 205 227 300
106 155 199 220 289
137 166 210 230 297
100 171 206 258 280
131 158 184 241 274
137 145 212 228 291
131 141 207 245 299
103 154 215 251 264
130 160 213 222 261
124 171 209 256 283
130 141 203 256 279
108 158 192 240 266
124 165 201 245 296
130 152 191 222 285
112 140 211 238 265
121 172 206 236 281
118 160 210 243 292
113 156 218 243 270
111 158 219 239 267
133 149 187 224 294
103 175 186 234 282
101 172 210 258 268
116 161 185 242 266
102 159 183 245 282
129 146 202 231 266
116 152 196 254 273
121 154 187 251 287
116 163 195 256 273
122 160 218 257 266
113 161 182 230 269
135 144 194 236 299
136 169 198 241 295
105 166 211 224 261
104 165 197 233 274
128 166 190 242 263
117 152 205 234 275
110 174 209 249 286
133 173 218 221 288
115 146 192 240 269
124 148 217 258 261
137 151 214 224 266
101 165 190 252 267
114 154 198 232 267
135 146 199 250 266
138 157 212 241 261
126 145 199 251 267
109 143 182 229 264
109 172 210 221 277
114 175 183 232 279
102 169 217 241 297
137 157 219 234 267
109 167 188 223 289
131 147 217 260 277
137 150 188 230 296
117 147 212 222 300
103 157 186 234 289
128 166 186 231 283
120 145 207 235 279
133 169 209 247 272
125 176 195 248 260
126 142 213 224 284
117 143 184 232 266
137 153 195 243 260
117 153 189 260 282
127 145 185 256 276
130 149 185 254 290
139 150 212 242 276
140 146 195 254 260
134 164 181 257 281
136 177 193 257 290
128 160 181 220 291
117 170 200 247 284
109 159 198 249 295
139 178 220 229 263
125 165 183 255 282
119 177 209 237 285
111 169 193 246 295
123 169 206 238 290
108 178 192 251 262
108 140 186 237 299
104 168 220 241 275
124 165 201 237 282
124 141 197 235 284
125 158 204 247 284
135 157 201 256 292
111 168 186 249 294
134 155 195 236 273
133 176 186 260 278
126 175 208 241 278
137 143 188 234 294
112 167 184 237 266
108 152 215 239 298
114 180 202 232 263
126 146 194 241 271
133 177 217 228 286
105 178 217 223 261
119 149 192 255 281
104 162 204 227 297
131 178 190 233 285
133 165 202 243 275
114 171 210 231 271
140 144 215 244 281
115 160 180 248 281
101 149 217 257 262
117 144 188 244 274
113 146 195 226 300
108 164 215 247 281
111 168 183 232 287
100 174 191 227 264
138 158 211 259 262
132 149 200 226 264
130 172 220 225 281
117 175 197 235 284
110 160 182 257 282
125 150 185 233 270
115 174 198 225 289
116 141 194 257 262
133 143 201 240 296
136 144 210 230 278
118 154 193 233 281
108 152 188 258 268
129 151 199 246 300
135 146 204 250 285
103 145 186 249 294
135 178 205 225 279
134 151 206 258 272
126 142 217 224 288
119 169 205 256 300
140 147 208 248 294
100 162 207 232 285
134 152 208 239 300
128 168 210 234 270
123 149 196 230 263
116 142 195 220 286
100 153 217 226 270
112 145 204 259 260
126 166 215 227 268
117 163 214 255 278
135 178 213 229 280
134 144 198 255 288
115 162 192 255 264
119 159 195 245 297
129 179 206 250 282
114 158 180 241 281
107 177 185 227 266
108 147 204 223 283
131 180 214 247 267
112 172 220 226 265
115 149 216 254 277
125 149 215 255 293
130 160 190 249 296
122 142 208 245 290
122 177 212 239 282
109 146 216 242 298
136 157 213 224 293
115 163 201 250 285
100 154 187 254 268
121 174 202 234 287
123 167 214 256 272
110 161 196 237 297
133 153 181 254 276
121 180 183 246 283
127 152 185 228 265
125 158 189 233 275
137 164 188 249 283
132 165 219 254 273
121 173 197 220 281
118 173 190 240 264
136 154 208 252 290
129 170 193 228 278
109 156 196 239 263
100 165 204 227 264
111 177 185 221 262
133 168 204 231 295
107 147 207 233 264
137 158 203 228 260
126 144 185 249 275
119 178 201 260 263
132 169 180 226 286
130 167 210 248 263
137 171 184 221 276
116 165 202 247 272
112 169 220 238 278
117 179 188 249 274
137 148 215 244 260
112 147 219 240 273
138 144 187 250 261
132 171 199 251 269
104 176 204 241 291
114 149 199 251 267
136 175 203 240 291
111 167 212 253 269
129 180 197 222 261
127 176 206 220 270
133 175 186 228 267
139 172 205 242 279
129 145 215 252 277
130 164 192 260 275
110 143 203 220 266
102 169 214 223 271
106 171 187 234 293
130 167 184 252 287
102 148 183 244 285
107 163 189 228 286
130 175 192 245 260
106 175 195 253 269
105 168 220 230 300
101 175 203 234 287
103 179 195 248 276
103 154 201 252 264
110 172 214 248 286
137 175 181 228 294
136 176 199 223 270
127 151 187 230 267
101 155 213 244 262
106 152 204 250 294
137 164 181 241 286
113 147 205 245 268
116 142 204 243 280
130 171 180 221 273
107 146 183 230 299
110 177 200 235 271
111 176 212 233 267
100 175 186 229 282
130 163 219 247 297
117 174 198 233 285
139 150 203 227 289
100 159 201 258 289
140 153 182 224 299
118 180 217 238 289
108 165 187 254 265
124 174 199 235 264
107 175 219 221 289
140 148 192 229 300
111 177 208 237 263
107 163 218 235 265
118 162 186 231 293
105 153 181 229 278
116 180 198 242 278
138 170 200 234 282
136 141 187 242 299
113 179 208 228 298
131 168 213 236 286
110 152 190 246 281
123 146 195 226 279
128 160 207 234 261
119 169 186 259 278
106 147 181 224 281
101 142 185 221 284
128 169 188 258 284
129 170 214 231 280
106 165 194 241 272
123 156 181 250 294
102 150 207 256 285
127 180 192 257 285
116 152 205 255 291
134 173 203 224 297
126 179 187 232 260
140 163 183 230 278
138 142 189 227 285
122 172 185 249 291
131 175 184 238 264
100 176 182 249 298
129 154 180 254 262
101 154 210 249 278
106 178 202 228 271
101 145 192 254 268
130 156 206 253 282
131 155 186 233 284
120 158 215 235 291
120 147 201 234 260
104 148 186 239 290
106 144 203 252 297
126 144 211 253 294
112 146 204 244 293
112 175 211 247 284
133 174 196 239 261
113 141 205 222 287
120 174 209 248 298
118 177 190 224 284
123 143 198 255 271
131 146 206 221 262
104 170 207 242 289
114 173 218 238 270
128 143 220 256 265
118 147 209 241 275
115 157 202 220 294
103 144 218 232 280
136 161 203 225 276
121 173 213 235 296
110 142 218 249 272
117 150 192 255 298
128 180 215 250 286
136 148 203 239 264
108 147 192 259 261
120 176 191 224 280
111 174 207 226 295
108 157 215 235 290
132 162 180 220 280
134 159 196 236 276
103 168 197 220 266
111 176 219 260 295
103 168 189 251 262
115 165 183 223 300
129 173 203 227 275
110 153 205 253 264
135 152 206 247 268
124 142 205 230 290
100 172 191 224 298
109 162 191 258 283
107 173 200 247 298
120 169 197 246 291
125 171 208 226 300
123 147 214 256 284
126 144 186 230 273
123 153 183 242 278
130 175 186 247 276
117 148 204 243 275
129 147 200 239 298
114 178 196 231 268
120 164 180 232 264
101 159 188 220 286
108 160 203 224 260
131 167 198 239 268
101 151 186 258 289
100 175 187 248 300
134 164 181 234 262
102 142 214 224 278
108 147 183 236 283
132 160 189 260 270
114 153 190 229 284
120 179 207 258 278
136 176 193 256 294
104 158 219 246 285
117 168 198 256 270
103 146 207 235 279
105 170 211 234 283
129 163 206 253 293
128 152 214 246 298
118 150 217 254 288
120 175 204 255 288
105 156 198 238 290
116 152 214 247 287
107 166 199 225 265
121 146 214 229 267
102 167 219 259 269
116 153 203 257 262
110 164 188 222 283
140 144 211 226 295
112 145 193 252 277
101 148 209 260 273
100 171 183 248 260
118 150 198 237 263
125 151 193 232 269
130 168 189 234 278
123 142 201 250 294
108 147 205 236 292
102 175 205 243 282
102 176 181 254 300
137 174 206 244 269
107 157 187 233 262
129 152 193 245 269
103 149 184 222 279
133 168 208 250 291
108 178 208 260 296
102 172 201 243 296
119 154 181 234 264
113 157 187 225 297
119 159 194 220 264
122 159 195 239 299
110 159 190 237 262
135 143 217 258 280
134 142 182 251 289
119 161 219 243 271
111 153 193 220 279
121 143 195 250 273
126 163 216 255 261
137 162 199 233 268
119 155 185 241 263
101 146 189 223 260
110 146 218 255 275
107 180 182 225 297
119 153 219 220 282
123 172 203 223 273
130 157 194 247 287
122 147 219 244 263
118 180 197 254 279
126 149 203 243 284
136 159 213 231 274
118 164 189 245 260
112 158 188 254 284
140 149 189 233 299
100 166 216 244 280
137 161 187 227 279
115 141 214 252 268
125 142 203 245 293
125 162 187 232 268
101 144 194 255 288
135 160 213 251 287
110 161 183 259 289
132 166 198 220 265
115 165 202 244 265
135 145 186 229 284
125 170 182 234 280
102 149 192 236 276
118 172 216 220 269
104 157 218 222 263
140 148 203 257 280
123 151 211 223 284
113 157 214 225 287
121 148 215 220 280
100 167 194 223 300
121 158 191 255 278
130 149 197 254 284
107 154 190 247 291
126 148 198 225 293
100 172 213 258 262
121 153 183 230 292
107 172 185 231 277
110 154 207 224 276
104 157 213 223 275
110 163 198 222 298
138 166 188 227 270
116 179 184 224 260
117 174 198 238 294
121 143 193 223 285
118 167 187 234 280
129 157 210 239 272
136 160 204 242 267
110 178 185 253 260
131 173 217 231 261
118 160 211 222 272
106 178 185 248 290
105 148 194 222 278
138 164 196 233 261
135 166 192 222 280
113 141 186 251 260
124 151 220 220 272
100 146 197 222 288
105 170 183 254 263
117 154 204 220 284
138 155 220 237 262
103 153 202 220 265
115 158 197 224 287
103 168 214 229 283
105 171 208 250 273
131 180 191 258 299
135 174 217 258 292
101 140 191 237 260
136 169 215 253 278
114 152 214 257 280
106 159 186 242 261
130 174 202 231 290
109 180 203 239 282
115 146 217 237 298
112 168 195 231 275
129 150 209 238 296
103 160 218 256 296
101 173 212 237 269
121 141 192 227 267
134 177 206 242 281
101 140 210 241 280
103 159 196 222 274
123 162 195 225 294
105 150 219 235 290
125 172 206 225 295
127 169 216 239 283
115 152 207 257 296
102 145 202 225 297
118 150 182 253 300
102 154 212 220 291
115 161 181 243 289
105 140 199 250 294
105 160 199 229 288
135 146 188 223 268
110 169 185 259 266
135 156 198 247 267
123 156 215 237 274
112 159 214 221 260
138 157 206 247 298
135 148 192 240 293
101 154 196 259 262
104 151 183 255 274
109 148 191 240 285
124 174 183 227 270
106 170 217 260 264
111 167 214 240 294
104 180 183 249 290
113 161 185 231 270
101 170 203 249 262
109 146 193 250 296
100 175 197 255 266
124 163 193 220 273
108 156 209 241 280
110 163 189 245 262
115 152 194 246 293
118 151 210 243 287
131 150 219 249 265
116 148 191 226 263
126 166 189 249 292
112 163 198 252 294
107 176 180 228 268
134 166 208 242 265
131 154 195 247 274
129 150 201 250 287
124 162 193 243 261
101 160 187 260 266
138 176 211 225 290
105 176 185 231 282
100 166 192 223 261
127 148 220 239 282
119 172 191 250 283
129 180 207 237 275
110 172 199 243 277
122 171 210 243 263
107 163 180 256 292
107 155 206 257 272
140 168 192 239 270
131 170 187 259 294
130 178 195 244 271
125 160 202 250 269
114 167 184 245 293
121 165 205 254 295
101 177 205 253 289
110 179 182 233 272
140 171 209 233 266
133 162 180 256 282
130 160 211 232 266
125 179 195 227 271
107 175 203 223 297
107 161 201 240 295
134 174 182 237 266
120 167 214 247 274
115 178 197 246 273
122 175 188 249 295
112 163 192 240 265
128 180 186 241 276
113 147 196 234 280
116 149 189 257 281
103 165 195 238 262
122 160 200 259 273
137 157 198 223 274
125 160 217 250 267
115 165 185 220 269
131 161 208 225 274
129 172 201 241 260
112 168 212 251 290
111 148 215 225 298
118 170 194 239 287
139 169 201 241 295
118 170 192 260 274
122 162 193 252 265
102 149 205 245 282
119 147 191 232 294
116 143 180 238 273
106 148 204 242 273
109 168 196 221 281
133 160 187 253 262
114 167 195 252 294
138 177 185 241 277
102 162 199 251 264
120 161 181 253 288
119 170 197 222 294
125 150 197 227 293
129 176 187 224 262
127 159 209 237 272
103 159 180 238 270
100 166 211 222 299
117 147 208 220 286
131 145 216 229 287
105 170 197 227 300
105 179 182 247 274
124 178 209 225 266
115 163 196 234 273
118 157 208 231 267
106 151 183 231 272
113 173 210 250 285
122 145 184 237 274
106 173 187 223 284
118 158 218 220 271
121 170 186 257 282
123 141 205 239 290
121 168 180 243 297
106 177 192 239 267
126 157 207 220 261
113 150 190 222 270
114 158 181 251 266
108 153 209 240 287
137 175 201 245 276
108 160 200 259 260
135 159 208 236 276
102 149 199 232 272
123 150 189 259 294
140 149 193 254 273
103 155 182 258 281
103 168 204 233 289
136 163 214 224 296
130 144 195 243 267
102 142 203 251 263
122 154 187 235 280
134 160 217 231 299
125 177 183 235 294
118 166 207 246 277
133 159 197 237 287
130 145 203 243 286
126 170 214 237 291
118 160 207 258 278
133 176 197 252 268
120 167 207 235 274
111 158 216 222 277
117 150 208 254 260
109 165 197 232 287
100 152 183 223 260
116 176 189 226 274
105 150 211 237 290
128 168 220 256 289
103 169 217 222 271
137 170 192 222 300
127 175 196 240 290
111 167 190 257 262
139 156 209 252 299
107 160 220 244 279
123 167 219 235 273
104 161 202 244 277
133 165 215 228 288
123 150 188 253 281
108 166 204 241 276
101 143 203 235 266
136 150 182 223 277
133 140 199 242 287
137 174 213 223 293
111 172 211 235 297
104 156 212 225 285
108 167 220 240 260
128 145 216 234 294
126 174 198 227 262
109 158 185 247 279
106 155 184 242 263
123 174 204 240 260
121 170 190 254 265
133 144 197 223 294
133 142 193 222 298
127 174 216 225 266
140 162 200 221 282
129 174 197 225 261
138 170 212 260 280
133 144 192 256 289
138 149 186 255 266
107 145 197 257 286
114 145 212 220 269
123 153 191 229 278
112 159 217 252 282
115 162 197 251 269
110 164 203 225 268
100 165 181 250 280
132 151 208 236 297
126 175 203 224 272
138 144 219 225 294
129 146 213 242 285
116 174 202 230 299
139 173 206 221 279
110 175 208 253 297
112 141 203 241 299
114 173 189 225 266
116 173 205 232 290
115 161 217 233 300
114 144 190 226 267
116 143 206 240 279
138 144 203 232 293
117 172 218 237 262
108 169 216 248 276
130 179 186 252 293
113 141 188 256 276
108 177 191 245 276
102 144 197 247 273
138 166 197 259 276
137 162 203 240 267
107 176 203 257 279
101 156 191 234 268
120 151 190 251 287
109 162 192 221 287
112 176 198 249 263
103 157 193 236 278
127 168 180 223 289
136 143 220 227 278
103 151 201 231 262
117 162 215 242 291
118 164 201 254 270
123 164 181 246 265
131 142 196 224 274
135 147 180 259 289
104 149 194 238 272
132 165 205 240 290
107 141 197 253 264
131 146 204 258 278
106 161 200 247 262
132 177 180 228 282
109 179 210 256 270
124 161 211 225 292
134 164 201 221 261
123 162 190 241 261
119 151 211 250 291
130 169 214 244 266
108 159 202 225 276
125 152 208 228 284
132 176 217 226 265
124 178 199 254 290
121 172 197 228 299
135 152 197 253 289
114 157 193 230 282
117 177 193 260 281
116 167 194 236 277
121 141 193 222 273
123 142 206 242 296
103 164 183 223 263
119 144 211 258 282
113 150 220 245 280
117 173 216 257 286
122 154 191 243 298
132 174 202 256 295
127 178 193 244 287
107 165 182 230 270
131 176 212 220 272
106 158 213 240 271
108 153 193 231 298
108 144 184 222 280
113 154 181 260 283
131 166 210 221 299
107 169 180 234 281
111 142 217 230 275
120 164 185 224 296
139 156 204 233 284
101 177 215 256 281
138 153 184 230 284
134 169 188 242 270
102 167 212 246 261
135 166 208 234 267
107 177 196 251 286
124 169 210 253 266
107 161 199 247 296
114 157 198 252 287
105 145 218 224 263
122 164 203 253 280
122 146 188 255 291
134 165 213 232 279
137 154 213 259 278
134 147 205 239 287
127 146 180 222 285
105 150 195 220 285
116 153 184 249 273
139 149 213 252 273
131 141 184 245 266
130 164 202 226 289
130 161 184 224 274
126 174 197 227 273
124 172 203 249 276
127 147 201 259 264
128 147 184 229 286
113 169 190 224 292
118 151 180 227 282
130 168 219 228 266
115 161 201 228 263
122 152 210 258 269
105 140 180 244 284
106 149 191 257 291
138 148 208 233 293
123 160 195 225 277
134 173 211 232 299
124 147 218 233 283
139 169 201 232 278
112 142 205 223 290
100 150 190 247 273
109 174 202 238 274
135 169 194 250 264
115 159 211 246 266
105 166 190 227 274
140 158 199 223 267
100 151 185 227 265
101 142 194 248 294
122 142 191 227 297
124 145 196 241 270
125 171 190 240 262
134 159 208 220 285
108 161 216 237 292
124 142 208 230 281
136 172 180 231 270
102 171 182 254 282
137 174 187 225 261
110 170 214 248 270
120 147 186 225 296
111 173 195 254 262
123 159 203 253 277
117 177 188 239 274
132 156 191 235 264
101 165 197 237 291
125 142 190 227 275
133 163 212 257 288
126 148 185 229 274
100 161 185 225 286
119 175 201 227 279
125 149 199 260 293
133 156 186 251 283
138 156 192 230 271
102 175 196 248 263
104 171 212 260 284
100 177 184 227 289
119 155 195 241 287
105 166 212 260 280
104 176 213 242 299
112 145 197 230 297
114 176 184 241 284
117 149 180 251 300
113 173 180 255 261
107 141 185 243 291
112 151 220 251 280
123 148 205 220 285
122 153 192 259 277
130 180 216 242 300
125 175 198 230 295
101 167 206 224 276
107 157 190 249 279
137 159 205 260 268
110 165 194 252 272
110 177 190 255 282
121 172 196 236 263
106 155 206 252 292
134 178 204 252 296
122 148 198 240 283
140 169 185 235 271
114 174 187 222 273
108 177 208 223 278
108 170 220 241 264
105 140 191 224 274
132 155 199 245 280
129 147 211 253 267
103 142 188 239 265
132 154 205 258 276
136 153 193 236 270
104 159 199 242 265
132 166 193 257 260
131 149 195 238 280
115 140 202 255 261
121 170 195 223 280
100 165 212 259 290
113 164 211 258 282
126 161 201 225 264
116 176 207 223 300
115 141 195 254 300
136 173 191 259 276
138 145 181 228 270
109 180 200 257 263
133 146 215 241 290
112 172 189 228 273
130 175 185 260 279
111 164 220 234 271
108 171 191 252 260
128 156 218 239 279
132 162 193 230 289
137 161 219 231 278
115 148 192 244 290
129 144 209 257 300
126 166 197 259 267
138 180 218 235 268
116 168 209 246 272
124 145 192 254 274
139 151 195 245 268
125 141 196 241 286
108 149 210 252 297
121 161 188 259 292
119 168 186 241 286
106 163 220 259 287
138 144 202 240 269
131 158 185 253 271
106 144 214 234 297
107 140 209 221 299
129 140 180 227 261
101 170 218 260 270
122 178 215 230 292
125 170 218 234 294
134 153 182 228 287
137 140 193 258 295
127 144 205 231 284
108 178 206 220 299
134 154 191 230 272
138 147 217 238 291
111 150 199 256 265
107 150 180 234 265
115 167 210 243 292
129 158 212 244 272
138 168 194 230 289
126 163 189 242 282
132 156 186 232 266
133 145 207 234 261
137 168 184 253 276
126 143 206 221 267
107 180 206 255 269
119 177 185 251 290
107 146 206 238 265
133 152 209 229 290
118 171 191 232 277
134 142 219 241 279
140 168 189 236 286
106 154 200 236 260
100 170 207 256 267
128 164 189 225 297
112 146 182 254 276
113 146 200 249 289
120 163 206 232 289
131 156 211 232 274
110 146 193 241 265
125 159 207 221 277
119 176 200 247 260
129 172 211 237 268
100 159 182 232 285
112 176 184 235 294
116 156 190 230 281
111 178 217 246 294
105 169 218 241 270
127 163 212 231 295
130 151 180 248 276
134 146 212 225 273
118 145 214 244 300
116 158 195 239 263
140 174 187 255 290
102 159 196 239 264
121 171 212 231 267
127 142 191 241 272
119 141 216 238 294
117 152 218 237 262
133 156 211 241 294
139 178 216 229 286
136 146 201 259 283
124 161 187 239 266
123 157 185 242 266
122 143 214 257 272
130 159 218 242 271
137 142 217 223 278
120 169 207 256 265
124 161 220 223 281
127 154 210 235 298
114 174 207 247 273
112 167 213 241 284
107 148 191 251 264
101 180 192 260 295
134 175 190 254 292
114 174 198 245 281
112 168 208 234 281
134 179 181 245 260
129 163 188 229 288
118 178 202 254 274
130 175 200 231 285
114 168 184 239 270
107 146 187 220 294
119 151 197 232 289
109 151 209 228 276
131 173 213 224 272
136 175 203 255 294
127 168 208 250 284
102 145 189 228 264
111 154 183 237 290
103 172 206 236 297
106 160 213 240 276
137 164 211 236 295
112 155 195 220 284
111 178 208 234 269
112 156 195 245 261
107 141 196 255 269
133 179 214 235 294
133 174 182 224 300
130 174 192 238 261
136 156 185 223 295
113 147 195 239 292
137 174 207 260 278
120 180 190 244 278
107 178 186 238 288
113 158 208 257 269
129 158 189 225 286
130 156 200 227 285
135 176 202 242 261
135 176 182 225 291
113 167 212 228 263
113 152 200 220 262
112 152 186 241 260
132 160 186 229 267
132 158 210 240 264
114 149 213 243 268
118 176 217 256 276
112 149 208 240 269
103 152 211 257 274
133 178 199 229 298
128 153 182 241 277
127 140 183 250 271
133 173 192 245 265
131 147 217 237 265
127 150 190 254 268
125 155 219 258 271
123 176 197 232 288
120 167 186 239 276
110 176 198 255 293
135 145 217 257 263
3153 3544 4717 5223 6902
3288 4807 6171 6822 8961
5893 7140 9032 9892 12773
4002 6842 8242 10322 11202
1574 1898 2210 2894 3290
4112 4352 6362 6842 8732
5111 5501 8075 9557 11663
4019 6008 8387 9791 10298
5202 6402 8522 8882 10442
2358 3251 3973 4866 5379
2992 3245 4671 5890 6419
4430 6480 7874 9842 10908
2730 3632 4424 5392 6514
2472 2890 3631 4220 5417
2130 2662 4011 4524 5037
3632 5162 6182 7082 8432
2598 3522 4622 5348 6426
1358 1874 2618 2918 3242
2888 4110 5696 6216 6944
6519 7303 9165 10978 14408
2886 4902 5210 6554 7898
3032 5162 6302 7742 8042
3946 5476 6292 8230 9046
4286 6680 7688 10292 11846
5033 5696 7880 9011 10376
3018 3954 5098 6606 7100
4237 5392 6547 8787 10047
3714 5218 6242 8194 8738
4760 6242 8504 10025 10376
3844 5476 6190 7822 9148
1352 1442 1942 2362 2992
4762 5917 6932 8437 10327
2522 3986 5066 5378 6266
4682 7427 8867 10487 12332
3586 4650 5322 6778 7366
1289 1674 2257 2576 3027
3632 5744 6899 8219 9440
5056 6576 8286 8400 10946
3797 4820 6338 7922 8879
3474 4146 6078 7226 7310
1920 2116 2998 3138 3726
4244 6932 7982 10586 11216
4220 5700 7328 8586 9881
2567 2776 3783 4752 5056
4142 4712 6362 7232 7832
3404 3917 5375 6779 7211
2400 3148 4006 5040 5810
3054 4818 5882 6190 7758
1940 2977 3113 3946 4745
1328 2199 2823 3135 3863
3975 4555 6353 6788 7745
5125 7851 8838 10483 13585
2491 2795 4125 4942 5265
6304 6902 8650 10582 13618
5618 7058 10178 10658 14402
1135 1729 2048 2576 3181
3458 4484 5024 6239 7643
5522 6672 9524 10812 12836
4657 5917 7317 8647 9522
1502 2114 2342 2978 3122
2396 2700 4049 4258 5398
5384 6580 8466 10674 12238
4523 5051 6437 8021 8582
4097 5357 6617 9102 9872
4701 5367 6847 9474 10214
2992 3429 4257 5844 6672
3199 3452 4878 5568 6350
4062 4236 5657 7368 7542
3620 4430 4889 6941 7589
3946 5135 5599 7455 8412
4738 5922 6699 8142 10769
3395 4932 5802 7165 8238
2182 3182 3962 4982 5902
2365 3028 3742 3895 4473
2127 2807 3113 4337 4796
5000 7436 8780 9956 11972
2333 3551 4055 5168 6197
5783 7945 9684 11188 13632
3134 5164 5570 7281 7600
5294 6862 9116 11615 14653
3226 5210 6822 7473 8527
5458 7262 8846 10430 12410
5582 6347 8867 10577 12782
5252 6638 8570 10376 11930
1892 2200 2816 3586 4090
2666 4034 4466 5978 7058
6032 6977 8777 10622 12287
3726 4930 5210 7282 7786
2018 2802 3330 3858 4450
1372 1432 1882 2342 2942
1122 1672 1842 2372 2662
4646 6538 9247 10279 12816
2738 4322 4850 5570 6314
5042 5842 7762 9642 10842
5322 7082 8682 9122 11442
1787 3028 3691 3793 4439
5595 7005 9026 11987 13209
4786 7454 9386 10444 13664
5897 8012 8552 10487 12827
3061 3797 4648 5591 6327
5474 8210 10082 11090 13010
5042 5186 7742 8786 10118
1612 2242 2522 3474 3936
1618 2386 3474 4114 4194
3044 3746 4890 6346 7126
3166 4090 5462 6330 8402
4430 6726 8817 10129 11523
5219 7898 8603 10906 13491
4002 6962 7642 9082 10562
5384 6164 8231 10103 10220
5414 6111 8202 9268 10826
3382 4474 5722 5852 7308
1640 2452 2760 3292 3978
3742 5442 6190 8740 9590
4877 5852 7217 9089 10532
3682 5570 6338 7202 9250
5454 6629 9120 12081 12316
6253 6723 9449 11282 13914
4218 4466 6512 7132 8620
2126 2774 3476 4196 5060
1406 1978 2446 3356 3486
6065 7099 9355 11564 14102
1757 1900 2654 3252 3707
1444 2032 2606 3488 4118
5267 6944 7997 8777 10883
3352 3777 5152 6452 6802
5672 6392 9767 10082 12962
5833 8283 10047 12546 14702
1542 1619 2290 2730 3236
4202 6806 8696 9746 11972
2280 2586 3538 4065 5102
5122 6722 8402 9362 10802
3200 3876 5098 5982 6840
1742 2132 2927 3302 4292
1902 2909 4125 4296 5132
4146 5367 7550 9585 9622
5294 6974 9032 9536 11258
5033 7011 9204 10967 11956
4727 6232 7457 8017 9802
1342 1442 1982 2552 2882
2647 3728 4418 5867 6074
2858 3818 4682 5882 7130
3872 5372 6182 7502 8462
2054 2846 3242 4340 5060
4389 7259 7587 9309 10908
5186 7058 9794 10706 13586
2229 3062 3640 4201 4541
5042 7742 9902 10172 11927
5062 6558 9506 11178 12190
1377 1641 2367 2807 3225
3772 4642 5512 7223 8586
1222 1422 2082 2452 2902
5736 8321 9966 11235 13256
3490 4674 6914 7746 9538
4762 5497 7457 7842 10257
1382 1958 2414 3002 3422
2202 3390 4116 5590 5898
3753 5396 6264 7256 8899
4061 5513 7064 8450 8978
4182 6120 7450 9008 11288
3194 3674 4346 6098 6626
4963 7382 7505 10088 11605
3939 4714 5737 7070 8217
3502 4426 5294 6526 7702
4386 5250 6018 7970 9058
3170 3962 5258 6098 6554
5084 7268 8276 9242 11804
4486 6576 7222 9122 10034
1362 1542 2082 2522 2902
2195 2892 3283 3878 4728
2836 4058 5098 6216 6840
2002 3302 4082 4542 5282
2999 4781 4997 5969 7076
6120 7730 9386 10628 13572
4817 6617 9317 10487 11882
2468 2846 3656 4106 4682
6302 7202 9252 12452 13752
3215 4808 5429 7022 7103
6602 8452 9002 11302 14302
2212 2841 3572 4218 4473
2194 2738 2946 3538 4418
5686 8087 9900 12105 13330
4482 6762 8802 9522 11122
3044 4656 4890 6476 7126
6852 7402 10752 12202 13002
4818 6323 9419 10322 11741
5384 5618 7295 9752 10181
4622 5987 6967 8787 9417
1250 2114 2450 2894 3494
4904 6409 8559 10795 11483
1770 2277 2641 3122 3785
5108 7684 9754 11640 12376
3485 4862 5321 5996 7049
5209 7218 8448 9022 11072
1731 2277 2420 2966 3473
2782 3442 4102 4842 5582
4130 4642 6882 8066 8866
1432 1806 2114 2862 3027
1212 1575 2235 2422 2928
5000 8283 10488 10929 13281
3924 6329 6921 8660 10843
2212 2841 3130 4286 4881
4388 6366 7871 10494 12257
4603 7011 8129 9806 12300
5462 7352 8066 10292 10922
3924 6477 7217 9363 9955
3257 5210 6822 7132 9302
2325 4027 4671 5384 6603
3916 6804 7412 9426 10490
2577 3852 5027 6302 6602
4842 7570 9418 10914 12586
4112 5252 5432 6842 8822
6394 8274 9355 10483 12692
3812 4532 5612 6902 8012
1113 1707 2345 2686 2884
1062 1522 2042 2502 2942
6715 8038 8871 11811 14016
5426 7058 9842 11762 12866
2902 3552 5102 6077 7002
4942 6500 6842 8400 10376
1607 2192 2747 3452 4487
3962 6374 7202 8462 9758
4664 7394 8906 9788 11216
3402 5952 6326 7788 9590
2862 3588 4820 5436 6536
2810 4178 4754 5594 6842
4450 4802 6498 7266 9250
2002 3182 4022 5162 5782
1542 1685 2004 2466 3291
3660 5582 6729 7380 8961
2594 3962 4490 6098 6362
5706 8006 9156 10812 12146
5138 8402 10514 10610 13874
3922 4146 5378 6414 8402
3443 5489 6450 7349 8155
1179 1795 2400 2587 2917
3424 4700 5396 6701 8499
1892 2756 3260 4124 5006
1162 1802 1982 2422 2782
2762 3402 4002 4682 5642
5714 5924 7856 10166 12560
1923 3045 3538 3878 5068
4587 5882 7457 8262 10012
3632 5018 6272 8120 9275
2585 3068 4097 4748 5861
2434 3042 3935 4448 4961
5119 7269 8000 11139 11956
1804 2501 3079 3810 4779
1315 1848 2407 2875 3694
1922 2537 2822 3872 4262
1292 1702 2142 2312 2802
4348 6767 7956 9883 11154
6152 7802 9052 12502 14702
1022 1502 2072 2562 2852
2796 3962 4226 5656 6272
2438 3194 4307 5357 6113
2414 3116 3656 4034 5348
1388 1971 2059 2554 2862
4482 5218 5858 7362 8898
5246 5398 7184 8628 10832
1954 2754 2962 3986 4658
2884 3852 4050 5238 5810
4302 7570 7828 10709 12816
4259 5084 5942 8384 8648
4345 6624 9032 10709 11956
3924 6588 7476 8438 10029
2830 4062 5378 7114 7506
4162 4994 6594 8098 9026
5504 6512 7814 9788 11930
5762 7586 10322 11282 13970
1922 2354 3218 3746 4162
2706 3850 4838 6216 7542
2016 2738 3859 4790 5645
2018 2306 3378 4050 4706
2914 3798 5306 6346 7620
5266 8227 9919 11611 13350
3992 5222 5882 7172 7832
1923 2399 3487 3776 4881
5642 8180 9825 11658 14008
2008 3011 3232 3810 4830
3815 4435 6140 7907 8403
1836 2046 2886 3096 3670
1458 2382 2900 3390 4048
4562 6922 8722 9522 10802
3970 4435 6822 7938 8217
2952 3677 5227 6027 6877
2072 2828 3638 3962 5294
2989 4178 6324 6730 8122
1498 1773 2235 2477 3038
4479 6403 7883 8697 10954
2862 3694 5670 6476 7074
5501 7052 9026 11987 14008
2818 3962 4732 5502 6294
5034 5478 7513 8845 9770
1298 1766 2306 3110 3134
5042 7394 8024 9410 11762
1334 2090 2486 2714 3542
2594 3770 5162 5642 6962
6338 7778 8642 10562 13442
2548 3023 3726 4486 5246
2680 4370 5124 5722 6918
3776 5986 7448 8842 10032
5049 8234 9263 12301 12840
2417 3467 3845 4685 6302
4775 6403 7513 8401 10177
5502 7652 10252 12652 13202
2297 2586 3504 4201 4558
5334 6108 8817 9892 12472
2902 4990 5541 6498 8644
1310 1946 2294 3098 3398
2677 4327 5002 6177 7452
3482 4903 5715 7136 8441
5252 7184 8738 9494 12602
3446 4118 5994 7170 7954
2522 2882 3722 4602 5462
1355 1685 2015 2664 3060
3382 4552 4838 6424 7178
2108 2666 3674 4376 4952
1550 1766 2402 2870 3578
1142 1782 1962 2312 2682
1322 1806 1982 2554 2906
4143 6521 7710 9022 11728
1406 2082 2641 2914 3382
3932 5012 5942 7172 8042
2931 4381 5396 7484 8383
3702 6477 6921 9178 11102
4156 5086 5613 7256 8124
2450 3410 5138 5378 6674
1514 2060 2564 3306 3964
5678 6882 8129 11182 11612
3992 5357 6652 8017 9942
2402 3582 4142 5162 5562
2858 3698 4055 5378 6176
3330 5058 7010 7874 9122
1757 2522 2972 3842 4052
4225 5988 8489 9637 11441
1262 2042 2534 2810 3398
5678 7174 9066 11134 12894
4482 5322 7492 8612 10432
5430 6902 9984 11686 13250
5762 8402 9794 12242 13826
1997 2966 3764 4524 5512
1742 2282 3212 3707 4307
2570 3986 4778 5402 6362
5205 6280 9204 9849 11483
2858 4678 6134 7254 7534
1974 2603 3453 4371 4456
3302 4922 5642 6662 8492
4062 4178 6121 6556 8557
2802 3627 4827 6302 6927
1719 2518 3555 4422 4643
3602 6158 6590 8930 9362
1890 2402 3170 3794 4210
6252 7552 9652 11602 13452
4682 6050 6806 8426 10010
3938 4546 6434 8002 9410
1730 2354 3282 3778 4674
1736 2977 3487 4133 4796
3470 5986 6156 8638 10202
4523 5744 6800 8054 8879
2891 4241 5051 6293 7076
3872 4562 5792 7352 8072
1341 1939 2394 2888 3629
4524 5714 7074 8502 9896
3026 4986 5826 7282 8290
3674 6194 7238 8750 10658
3215 4160 4889 6320 7130
2827 3927 4677 5627 7427
3096 4136 5046 5722 6866
2686 3500 4292 5260 6580
3302 4772 5702 7112 7862
2972 3148 4776 5678 6162
2950 3126 4006 5524 6360
3929 5315 7229 8021 8945
4331 5969 7529 8582 10883
5447 6437 8777 11252 12287
5294 6848 9074 10712 10964
4249 5024 6171 7225 8310
1311 1707 2037 2653 2895
1618 2338 3026 3570 4162
2642 3506 5234 6122 6602
2784 4682 4734 5852 7724
1906 2450 3506 3522 4514
5045 7054 8325 9145 11195
1822 2200 2718 3460 4020
2076 2501 3725 4150 4473
1182 1802 1972 2542 2792
2270 2684 3656 4376 5114
3266 3818 5114 5546 6578
2716 3774 4349 5637 5982
4930 6954 8274 11178 12498
3222 3429 4349 5361 6879
3002 4982 6482 7322 8402
1646 1934 2246 2726 3350
1612 1976 2998 3530 3754
3877 4404 6295 7597 9085
5502 7130 8230 10210 11794
4446 6338 8538 11222 12674
5132 6082 8096 9540 10908
2532 3705 4211 5959 6649
2774 3488 4160 4622 5567
3107 4457 5456 6590 7157
4322 4642 5954 7330 9090
6252 8502 9102 11702 14002
1532 2237 2882 3542 4142
3424 4990 6266 6382 7803
5098 7695 10684 10880 12889
1402 1482 2032 2572 2802
4799 5891 8231 8699 11078
1245 1729 2356 2477 3159
4237 5182 7527 7702 9802
1902 3175 3688 4239 5702
5205 6796 8215 10967 11956
2342 2684 3548 4574 5114
2998 4314 5322 6918 8150
1766 2074 2774 3152 4104
3202 5506 6818 8258 8386
2543 3215 3845 4832 6134
2463 3958 4257 5315 6373
4512 6316 8489 9186 11318
2082 3142 4262 4462 5502
5502 8152 9902 11102 14902
3728 4484 5078 6131 7292
3830 5909 6074 7394 8582
3629 5396 6140 7380 9116
5568 6580 8880 10260 13112
5312 7517 8417 10532 12602
3227 3927 5252 5977 6802
5986 7042 8978 10650 11750
2752 4452 4627 6327 6502
4849 6403 8031 8549 9659
5430 7362 9708 10214 12514
1486 2494 2592 3474 4062
3572 5034 6598 7550 9454
6074 7218 8626 10254 11486
2567 3156 3650 4220 5322
4183 5219 6884 9289 9622
5210 6344 9242 9242 11426
1802 2630 3548 3998 5186
4412 7142 7688 10670 11048
5033 6624 8774 9462 12214
1796 2017 2862 3083 3408
4534 6734 8890 9682 11662
2532 3478 4336 4930 6316
2783 4538 5780 6185 7643
4517 7355 8946 10752 11741
2884 3962 4204 5678 6580
2702 3482 4342 5162 5842
2830 3922 5350 6638 7282
3130 3889 4947 5821 6396
2168 2890 4068 4885 5322
3288 4931 5768 7504 8093
4162 5570 6466 7394 9282
4471 7382 8325 9801 11564
3337 4236 6295 6875 8644
1234 1850 2147 2543 3027
2324 2702 3764 4286 5330
4122 6402 8722 10242 11842
1820 3116 3818 4268 4844
1333 1553 2114 2499 2939
4826 6374 7418 8714 10118
2022 2802 4202 4822 5602
2062 3182 3922 4442 5482
5168 6806 8192 9452 12350
3047 4352 6353 6817 8412
1627 2238 2680 2927 3837
3304 4396 5618 6216 7360
3107 4106 5591 6941 7994
3572 5077 7072 7877 10397
5194 6602 8010 11134 13202
1328 2004 2758 2862 3785
1267 1773 1993 2675 3181
2732 3642 5176 6502 7646
4412 6722 8360 9620 12098
5807 6280 8086 9591 11526
3412 5241 5737 8031 8248
4052 4682 5942 7412 8012
2216 2810 3872 4268 4934
3810 5408 7278 7516 8842
2210 2514 3298 3954 4770
6617 7254 9410 11762 14359
2022 3082 3922 5182 5242
4058 5891 7139 9947 10688
3599 4886 6305 7922 9407
1738 2438 2564 3180 3782
3606 5782 7380 8842 8978
2333 3509 4496 5042 6176
2498 4322 4394 5978 6962
5539 7891 9067 11321 13232
4143 6972 8325 10211 10744
2836 3798 5020 6502 7698
3702 6477 7291 9437 9844
2110 2773 3283 3742 4643
1082 1562 2092 2412 2802
3742 5544 6428 8332 8910
1727 2282 2912 3692 4397
3306 4230 5882 6806 8038
4063 4652 6791 7721 8217
4874 6218 8024 9494 11048
3026 3986 4538 5978 7010
4482 6522 7922 10082 11762
2677 4402 4502 5702 6702
5898 7306 9154 10650 11662
2491 2928 3707 4695 5208
4904 5702 7640 9502 10908
4466 5834 6950 8750 9398
4951 7842 9165 12742 13036
2348 2994 3589 3827 4932
3257 5458 5737 7163 8744
2902 4816 5570 6469 7571
5336 6218 9242 10040 11846
5238 7570 8406 11002 12454
1550 2162 2486 2846 3302
2092 3270 3783 4619 5265
5492 7697 9452 10937 11837
2035 3099 3422 4866 5550
5352 7752 10302 12852 13602
6862 8234 9410 11713 13232
2229 2892 3181 4405 5000
1562 2138 2342 2930 3254
3252 4162 5254 6502 6996
2054 3008 3314 4412 5276
5689 7757 9637 11940 13867
4143 7259 8407 10375 11851
4952 8057 8192 10487 12242
3502 4277 5227 5827 6652
4125 5024 5582 7938 8744
2732 3362 4433 4874 5588
3252 4656 5072 5904 7048
2677 4377 5077 5577 7427
1607 2417 3017 3602 4427
3486 4526 4734 6164 6918
2282 3175 4068 4695 5208
4372 6766 7488 9350 10376
5736 8227 8838 11705 13867
1234 1795 2114 2642 2917
2178 3062 3164 4099 4694
4183 5441 7254 8660 10362
1858 2386 3026 4114 4498
4534 7262 8582 10474 11530
4760 6242 7802 10103 10649
6441 7381 9308 10483 12880
5752 7362 9984 11502 12284
1382 1982 2222 2642 3230
5373 6603 8530 9227 11236
3614 4818 5630 6750 7282
2802 4202 5302 6277 7252
4109 5478 7957 8327 11028
4132 5952 6792 8367 10047
6813 8283 9851 11811 14457
1418 2042 2306 3122 3290
1832 2432 2897 3782 3977
1124 1641 2257 2697 3104
5833 7205 9361 11370 14408
2670 3291 4142 5476 6281
4454 6218 8570 10166 11468
3599 5546 6470 7295 9275
4524 5442 6360 8604 8910
5246 7684 8972 11594 13526
4970 6374 6662 8678 9974
4388 6968 8559 10795 11354
3002 4027 4527 6327 7202
1192 1702 1972 2222 2942
5127 6152 8079 9309 12015
3098 4226 4490 5378 6290
4066 5090 6690 7586 8706
1444 2228 2522 3334 3782
2602 4318 5488 5774 7776
4916 6176 8738 9242 12014
3801 4207 6266 6643 8325
4202 6802 7882 9082 12002
5042 8594 8738 11858 13154
5458 7834 9198 9902 11706
2532 3588 4314 5150 6008
2598 3456 4578 5084 5876
4666 6646 8054 10166 11970
5539 8479 10292 12252 13967
3174 3772 4786 6164 7126
2758 4500 4864 5800 7386
5312 7112 9812 9902 12197
4358 6122 6698 9254 10154
1601 1835 2667 3109 3772
2301 3194 3422 4619 5645
4030 6728 7298 9084 10148
4538 5654 7454 7922 9398
4748 6302 7982 9326 11342
4220 5848 6699 9289 9844
1838 2603 3555 4082 4881
4797 6127 7037 8577 9662
3134 4642 5802 7513 7542
6212 7316 9570 10858 12698
3266 4770 6370 7426 8706
5414 6602 8318 11398 12938
4342 4621 5985 7876 8465
2062 3102 3642 5162 5622
2165 3530 4286 4895 6071
5170 6196 8134 8514 11250
2212 2450 3317 4133 4541
3674 5114 7310 9038 9470
5492 6932 8417 10577 12602
1744 2082 2823 3005 3889
3127 4427 4577 5877 7352
2952 4152 5177 6152 6927
1731 2069 2563 3083 3733
5202 5802 8122 9722 11442
5420 7312 9204 10193 12515
5784 7842 10145 12644 13624
4657 6162 6897 8822 9382
3002 4177 5177 5877 6852
3887 5532 7562 7772 9697
3278 4202 5826 7114 7282
3272 4952 5912 6962 8612
2002 3042 3662 4462 5202
4990 7570 8129 9720 11784
3257 4652 6543 7349 8992
4098 5378 7042 8194 9250
4431 7269 9333 9548 11655
5619 6972 7874 9104 12302
3812 5252 5882 7202 8702
3776 5680 6462 8740 8910
5145 5774 7735 9326 11065
3212 4802 6602 7322 8372
5783 7851 10295 11047 12833
3538 5476 6870 8298 9420
3859 4787 6237 6614 8354
2831 3452 4326 5821 6465
4862 7472 9182 10847 12422
3537 5007 7107 8227 9312
5986 6602 8010 9814 12190
2795 2942 4181 5084 6029
3701 4700 5753 6023 7913
3665 5678 6965 7757 9803
4994 7490 10178 10802 13682
4970 7684 10122 11042 11962
2818 3192 4754 5150 6470
1262 1742 1982 2272 2622
2400 3478 4072 5436 6140
4772 6977 8282 10892 11837
3323 4700 5510 6482 7022
3632 5102 5702 7622 7952
6253 6770 9261 10483 13820
1864 1990 2704 3110 4174
4066 5570 6914 7202 8514
1682 1946 2402 2654 3386
3743 5048 5715 6527 7571
4694 5782 7210 8842 9522
1864 2018 2690 3586 4048
4970 5366 6698 9182 9578
3854 5222 7094 9254 10298
2282 2902 4242 4402 5382
2831 3521 4395 5269 6396
2242 3182 4342 5042 5642
1727 2432 2957 3767 4037
1542 2298 2844 3152 3754
4102 6767 7423 10252 11482
3302 3777 5202 5902 7427
5672 7877 9137 10082 12242
5798 6050 9200 9452 12350
5936 6718 9800 11134 13112
1394 2090 2426 2762 3590
2226 2770 3298 3538 4466
4952 7877 9362 11387 13367
5378 6770 9746 11570 14354
2852 4327 4727 5627 6652
4642 6922 8202 9282 11602
2187 3061 4125 4429 5702
1142 1442 1902 2262 2672
1510 1861 2680 3122 3629
4832 5042 7107 8122 10257
4214 6194 7850 8534 9434
3674 5748 7346 8434 9386
5722 7878 8186 11090 12894
2036 2540 3386 4610 4970
3890 6374 6878 8822 9938
3674 5186 7094 8894 9830
3176 3820 4533 5959 6350
3975 4700 5889 6962 7745
1500 2466 2844 3600 3908
4244 6554 8024 9830 11258
1682 2116 2662 3516 4020
3381 5024 5954 6853 8899
4818 7570 8516 10709 11311
1341 2043 2511 3070 3616
1272 1682 1802 2232 2892
1498 1575 2422 2499 3060
2268 3324 4424 5084 5766
1523 2108 2797 3148 3785
2480 3446 4223 5336 5672
4553 6070 6699 9104 9807
4194 4546 6274 7170 8770
6347 6911 8462 12175 13585
3330 4770 6210 7618 8706
2378 2972 3692 4322 5222
3426 4514 6306 8098 8450
4063 4528 6326 8000 8620
2864 4349 5402 6671 7076
2114 2834 2882 3650 4514
1092 1792 2102 2562 2702
1738 2256 2956 3152 4090
6032 7382 9047 9947 11747
2831 3728 4372 5545 6005
3929 4985 6965 8252 9605
3252 4227 5352 6102 6652
1730 2546 3234 3602 4418
3002 3650 4994 5474 6818
3302 4402 5427 5652 6627
1862 2672 2987 3812 4352
5689 8086 9261 10718 14055
3377 3802 4927 6327 7227
5702 7852 9652 11502 14102
5501 8321 9073 12222 13209
4874 7016 8150 9914 11636
2785 3245 4441 5108 6281
5291 6108 8860 10408 12730
4122 6562 7322 8922 10522
5238 6338 9286 11354 12410
3618 4802 7042 7842 8962
2810 4154 5186 6170 6866
2198 2774 3440 4376 5366
2378 3134 3638 4610 5312
5717 8012 8687 10982 12917
2891 4457 4916 6212 7292
1836 2466 2970 3082 3810
2228 3320 4475 5042 5693
1838 2603 3283 3929 5068
4754 6338 8098 9770 12322
3279 4468 5251 7542 8209
5504 6974 8822 9284 12560
4175 6593 7022 9128 10961
1889 2416 3691 3912 4677
6002 8202 9252 11202 14802
1392 1562 2042 2332 2842
2830 4958 6022 7170 7870
1934 2144 2578 3222 3978
2950 3720 4138 5326 5942
1124 1839 2334 2708 2873
6617 8136 10194 11468 13085
1072 1772 1962 2512 2862
5086 6931 8612 10375 10908
5352 8052 9952 12352 14802
1256 1729 2180 2774 3159
1157 1597 2400 2466 2895
5126 6890 8528 10628 11762
5370 6426 8274 11222 12806
1476 1817 2345 2554 3071
2468 2774 3836 4664 5006
4960 5441 7587 8845 10621
3558 4090 5042 6218 7982
3362 4802 6242 7042 9122
3366 4439 5338 7223 7919
4172 4472 6392 7562 8192
1705 1835 2394 3187 3460
3512 4430 5456 6104 7805
4032 4993 5706 6946 8496
5420 7484 8473 9763 11741
4838 6710 7919 9713 10766
5082 5882 8042 10362 10562
2434 2795 3498 4353 5436
1358 2030 2282 2690 3506
3896 4985 5942 7493 9308
3642 4706 6134 6386 7450
3222 4510 5630 6386 7366
5614 6994 9662 11870 12376
1682 2242 2882 3906 4546
2546 3578 4586 6170 6986
5936 6366 8946 10021 12601
2585 3362 4097 4727 5819
2548 3289 4011 4410 5683
3350 3971 5888 6293 7643
2643 3213 3821 4410 5284
1570 1990 2872 3124 4062
2102 3152 3992 5189 5735
3163 5048 5860 6904 7948
5807 7269 8344 10752 11354
3107 4295 5699 6644 7184
3782 5978 6842 8174 9866
3922 4426 5574 6246 7478
1202 1814 2222 2726 3182
1618 2274 3106 3970 4706
5858 6818 9170 10898 14258
2606 3047 4118 5063 5672
3252 4448 4942 6242 6814
2414 2864 3746 3962 5132
2918 4349 5834 6401 7886
3350 3836 5618 6212 7589
5850 7398 7742 9935 11612
3878 6500 6918 9654 10718
3427 4352 4677 5627 6527
3192 4932 6208 7194 7832
4562 5588 7070 8552 11250
3887 6057 6827 8892 9172
2954 3818 4874 6074 6650
3278 4958 5266 6694 7674
4094 4838 5923 7287 8186
1214 1982 2366 2846 3494
3627 4120 5512 6585 7977
4923 6033 7846 9511 10658
5042 5922 7402 9162 10962
2702 4349 4997 6077 7724
3215 4727 5429 6131 7535
5252 6260 8360 10922 12308
6120 7178 8558 11548 13020
2072 2342 2882 3452 4067
1940 3327 3726 4714 4999
4162 6842 8482 10402 11362
2902 5135 5338 6585 8383
1787 2327 2927 3617 4307
1052 1662 2122 2602 2802
1978 3346 4049 4600 5683
4594 5947 8079 9432 12179
1598 2466 2578 3376 3978
5618 7154 8642 12050 14402
5313 8133 8462 11987 12269
4496 5924 7772 10208 12224
5602 7552 11002 12552 14002
2708 3258 4512 4842 6272
3784 4745 5954 8031 8589
1302 1802 2162 2422 3002
1252 1752 1982 2302 2952
4143 6849 8448 9186 11318
5245 7695 9312 12203 13673
5756 6680 8612 10922 11258
4512 6767 7956 10334 11154
2642 4250 4562 6122 6770
4600 6538 7450 8970 9996
4560 6667 8860 10838 12558
4826 6410 7346 9074 10658
5126 6218 8318 10082 11888
6162 7438 8142 10342 11926
1940 2960 3181 3776 4643
4970 8144 9570 10260 12790
4430 6972 9022 9883 10826
2207 2942 4013 4706 5756
2378 2792 3584 4412 5042
4001 4559 6543 7845 8279
4946 6818 9026 11474 12722
6338 7394 9842 12386 13250
6394 7193 9073 11094 12692
4474 6839 8559 10408 11397
5414 6808 7915 10539 10662
4980 5664 7412 9046 10642
4717 5742 8284 10457 10703
5689 7992 9167 10483 13162
1202 1982 2546 3110 3482
5087 7382 9497 11612 12692
3404 4349 5429 6077 7130
4294 6514 7661 8253 11102
2762 3386 4682 6098 7202
5986 7614 8406 11398 12146
5246 5512 6880 8666 10262
5234 8642 9602 12338 12626
5987 6572 9677 10847 13052
1794 2754 3026 3650 4370
4162 5602 5922 8322 8930
2111 3118 4182 4448 5151
5078 8039 8979 11846 12222
4738 5774 8068 8845 10325
4754 5834 6950 8282 10406
6167 7247 9857 10397 12512
1267 1630 2114 2686 3192
3485 3890 5645 6941 8102
3152 4152 4927 6477 6677
3038 3962 4798 5172 5898
1278 1850 2301 2708 2994
3350 3917 5186 6860 7400
2365 2569 3317 4167 4558
2377 2681 3726 4581 5436
1838 2535 3572 4286 5051
5810 7730 9026 12434 14018
5357 7562 8372 10847 12872
4348 6685 9022 10621 11769
3314 3458 4850 5762 6458
2884 3478 4072 5568 5964
3924 5330 7920 8660 10991
1607 2102 3137 3317 4487
4259 4622 5942 7493 8615
4648 7822 10030 11962 12422
1954 2850 3442 3682 4674
3377 4592 5888 6320 7940
5228 5969 7100 8894 11195
3016 3082 4248 5678 6492
3431 3890 5537 6239 7670
4214 6944 8036 8582 11663
3754 4314 5350 6442 7618
4004 4265 6295 6904 8441
1667 2252 2987 3842 3977
5245 7352 8822 11468 12987
2877 4177 5252 6077 7302
4517 5532 7422 8542 9522
5384 6554 7568 8972 11273
1766 2284 2648 3390 3950
5018 5930 7070 8818 10110
1864 2032 2900 3278 3656
5345 6554 7178 9869 10766
4412 5007 7212 7737 9347
3640 6122 7006 8672 9148
2739 4073 4257 5775 6672
1393 1900 2680 3096 3447
4790 5474 7526 8246 10442
2834 4106 4586 5570 6650
6568 6960 10733 11811 13673
4762 5714 6428 8026 9726
5090 7394 9602 11330 12482
2402 4082 4970 6146 6410
3586 4594 5294 6302 8318
4034 5258 6554 9146 9938
1245 1608 2202 2741 3181
2162 2936 3710 4178 5204
3015 3590 4855 5338 6304
4402 5842 7722 9642 10602
4002 5090 6626 7074 8866
1668 2466 2802 3460 3642
4001 5334 6543 7349 8310
1302 2069 2368 3018 3707
2466 3874 4050 5172 6470
3714 4994 6082 7362 8994
1334 2138 2606 2954 3530
2417 3889 5016 5545 6212
2161 2773 3606 3929 5017
4812 5589 6662 9178 10214
2012 2192 3182 3377 4097
3896 4787 7064 8054 9902
2554 3478 4292 5260 5788
6302 7832 8417 11477 13052
2042 3182 3922 4782 5282
3148 4448 5514 6008 6944
6225 6960 9361 11811 13330
1192 1412 2162 2382 2942
5618 7298 10466 11378 12578
4258 4994 6754 7714 9410
5562 7122 8642 9162 11442
1634 1754 2414 3110 3398
1242 1612 1872 2392 2662
5291 6753 7957 10408 11440
1344 1575 2356 2829 2994
6112 7475 10248 11376 12739
6715 6960 10635 10929 13624
5522 7776 9524 11778 12192
3846 4993 6822 6915 8713
1526 1850 2522 2822 3578
2054 3134 3728 4448 4916
1234 1839 2345 2653 3126
2249 3110 4013 5273 5546
2426 4322 4610 6242 7082
5496 7177 7792 10416 11974
2624 4004 4556 5637 6465
1122 1682 2082 2342 2812
3486 4656 4708 6372 6762
4259 5381 6206 7559 9506
1300 1960 2224 2796 3016
5982 8052 9202 10628 13112
4562 6722 7362 9562 10802
3854 5258 6734 7922 10586
5357 6797 8867 10442 13007
1528 2116 2928 3194 3866
5111 6749 8309 8738 10610
5714 7352 8528 10712 12350
1780 2354 2914 3502 3978
2858 4062 5294 6386 7394
1667 2312 2747 3557 4352
4225 7054 8448 9678 12179
5302 8002 10652 12002 13802
5345 6398 8231 9206 11507
4594 6357 7997 9022 11646
4886 7834 9154 10298 11838
3250 4526 5657 7107 7571
3212 4232 5882 7652 8072
4923 6625 7920 8697 10880
6519 8528 8920 10978 14702
3512 4700 5186 6428 7049
2042 2342 2777 3347 4427
4861 6323 8387 10279 12558
5208 6614 7868 9882 10566
5282 7922 8362 10738 12234
5245 8724 9116 11664 14114
3166 4426 5826 7198 7534
3227 3952 4727 5627 7152
3382 4058 5202 5904 7412
3512 4578 5254 6294 6788
2567 3346 3460 4277 5531
4409 6515 8270 8894 10259
2036 2738 3602 3962 4718
3026 4106 5024 6509 7022
2906 3522 4094 5040 5876
6338 7586 10082 11522 12674
1370 1790 2558 2918 3218
2362 3522 4342 5122 5522
5602 7452 10402 12002 13452
5049 7450 10341 12595 13428
1332 1782 1992 2292 2982
3586 4286 5098 6750 7758
2034 2242 2930 4002 4338
1465 1905 2114 2697 2917
1574 1766 2606 2846 3182
6225 7352 9312 12448 13134
1502 1862 2630 3098 3254
1478 2114 2366 2786 3458
4562 6348 7070 9084 10490
2202 3522 3962 5102 5862
6077 6527 9767 11567 11837
