200 10 5
102 45 30 44 26 78 54 75 98 42 35 0 102
192 41 21 43 31 40 53 73 70 50 66 0 192
163 42 91 90 55 84 28 67 64 51 83 0 163
119 97 25 49 52 48 45 57 42 88 68 0 119
168 44 32 46 84 68 78 89 51 79 99 0 168
189 87 40 68 58 76 95 34 58 93 44 0 189
171 30 44 43 55 74 93 59 49 98 99 0 171
182 59 68 39 47 66 21 67 89 30 95 0 182
142 68 43 52 84 67 28 94 60 77 31 0 142
101 97 56 34 56 83 27 54 58 82 38 0 101
128 26 91 56 42 50 26 71 70 32 34 0 128
180 65 50 23 76 25 25 72 79 85 64 0 180
143 20 32 70 61 80 48 26 53 88 48 0 143
155 34 27 78 32 94 28 71 37 33 54 0 155
120 83 70 81 30 51 74 77 82 91 51 0 120
130 86 40 28 52 35 66 68 43 42 26 0 130
171 29 79 41 62 29 54 30 33 48 59 0 171
119 47 57 90 45 54 73 97 94 43 24 0 119
168 51 32 23 48 62 43 88 80 79 82 0 168
154 69 64 66 97 34 54 23 87 51 50 0 154
109 63 32 20 45 64 90 35 67 22 51 0 109
117 59 60 30 31 53 67 27 68 85 64 0 117
137 25 58 85 52 82 75 69 87 89 67 0 137
198 35 76 42 29 82 97 35 72 77 97 0 198
111 83 70 96 41 39 74 33 89 91 49 0 111
176 70 99 89 99 95 41 56 100 100 52 0 176
193 79 100 60 37 37 39 88 38 95 62 0 193
148 85 25 73 80 33 93 24 60 60 80 0 148
127 78 59 21 68 81 53 33 94 87 54 0 127
121 27 97 70 27 38 80 72 39 95 44 0 121
179 77 71 52 35 44 52 88 92 23 44 0 179
160 72 44 99 58 54 38 80 49 58 53 0 160
170 82 95 41 36 73 41 93 71 70 85 0 170
168 91 64 83 95 93 28 24 73 34 33 0 168
118 70 75 31 42 22 45 53 45 70 69 0 118
126 71 57 84 43 36 50 65 51 39 53 0 126
171 23 81 59 66 34 71 20 78 92 33 0 171
109 47 29 100 73 31 95 53 77 86 50 0 109
190 93 95 25 62 23 88 75 74 71 96 0 190
104 39 72 21 80 58 59 49 27 67 31 0 104
158 76 22 31 86 80 81 63 40 79 94 0 158
107 69 45 99 94 51 42 86 58 34 59 0 107
171 95 58 29 86 43 26 58 85 72 43 0 171
110 46 69 32 89 78 67 23 20 70 30 0 110
157 48 70 51 25 80 51 32 68 31 51 0 157
150 88 27 57 70 87 59 31 49 27 79 0 150
164 80 69 90 72 62 98 40 91 91 50 0 164
171 48 23 30 64 23 54 87 44 74 76 0 171
112 32 48 97 88 24 49 52 83 41 23 0 112
105 34 62 95 59 78 73 71 74 88 41 0 105
189 23 44 72 47 87 68 31 99 98 49 0 189
118 35 25 63 81 97 56 38 40 58 70 0 118
128 69 73 54 48 32 39 46 35 93 38 0 128
182 34 86 53 56 76 68 34 72 66 92 0 182
181 100 39 89 82 82 71 99 60 23 62 0 181
199 82 38 34 54 81 24 99 47 66 100 0 199
100 26 42 74 23 99 49 34 49 50 61 0 100
136 87 26 41 99 73 53 50 93 63 32 0 136
121 39 67 67 96 92 96 29 34 79 65 0 121
177 59 82 73 55 91 66 40 28 48 35 0 177
120 55 43 31 37 29 56 50 71 38 53 0 120
121 66 41 67 33 67 52 44 89 41 60 0 121
155 75 45 93 84 27 52 29 41 51 33 0 155
110 97 82 62 39 94 40 81 42 97 93 0 110
176 25 90 61 70 40 24 56 46 95 76 0 176
185 68 61 95 89 62 40 90 98 69 85 0 185
165 43 38 46 73 59 32 30 43 61 90 0 165
114 51 53 33 40 87 88 75 22 35 97 0 114
131 82 38 52 86 32 84 21 68 55 77 0 131
105 39 54 32 27 88 32 83 59 26 47 0 105
158 87 91 53 53 20 64 70 26 83 90 0 158
125 79 27 92 82 38 52 95 44 52 43 0 125
111 57 40 95 77 94 78 37 91 94 41 0 111
140 22 46 90 23 61 98 66 55 24 58 0 140
162 78 67 51 25 72 34 29 32 39 73 0 162
102 84 69 53 27 88 98 53 75 32 90 0 102
135 34 43 75 48 25 86 47 97 32 62 0 135
162 25 32 74 21 37 76 85 34 64 67 0 162
129 97 44 49 33 67 80 38 78 66 53 0 129
171 81 73 90 40 97 49 48 77 60 39 0 171
122 28 63 66 24 72 82 55 20 25 33 0 122
103 57 36 96 93 53 86 78 44 63 49 0 103
109 49 71 47 51 88 81 49 53 46 98 0 109
185 56 86 83 97 73 70 53 39 62 26 0 185
155 83 74 83 27 49 41 66 74 33 71 0 155
116 31 84 56 54 59 35 65 38 21 89 0 116
129 85 97 94 27 31 47 53 52 91 44 0 129
161 75 54 87 48 75 57 63 33 54 68 0 161
148 55 85 59 55 100 99 74 55 46 86 0 148
180 40 81 46 86 51 22 26 86 72 87 0 180
124 25 76 27 30 28 80 88 39 30 63 0 124
121 100 48 75 98 74 94 84 72 39 99 0 121
166 28 96 95 36 50 59 26 96 82 73 0 166
149 86 72 60 32 46 81 41 35 56 93 0 149
125 86 42 51 84 36 61 50 63 98 21 0 125
145 75 30 26 95 67 40 35 49 37 31 0 145
126 58 93 60 89 95 91 98 29 30 34 0 126
196 75 97 89 92 34 55 66 88 31 98 0 196
116 92 30 68 61 92 76 41 76 22 76 0 116
196 30 80 75 100 82 35 67 73 78 90 0 196
150 33 41 21 94 99 60 43 46 95 49 0 150
190 22 79 82 85 98 92 51 26 93 53 0 190
106 53 88 73 91 79 98 23 69 38 37 0 106
128 99 52 62 45 64 37 56 23 85 72 0 128
189 21 69 97 93 22 62 94 99 65 42 0 189
174 30 34 95 33 74 29 51 35 85 94 0 174
124 69 46 23 93 23 46 92 56 86 39 0 124
178 32 55 54 55 58 78 48 41 80 50 0 178
113 57 92 63 73 74 62 60 89 100 99 0 113
129 97 90 31 28 75 64 95 46 77 85 0 129
106 89 33 87 69 84 25 33 56 88 93 0 106
177 29 34 29 68 46 24 46 62 73 36 0 177
119 76 32 90 76 57 90 46 92 89 89 0 119
105 94 55 73 77 23 60 32 52 58 37 0 105
123 31 70 38 31 40 62 62 64 64 66 0 123
117 76 81 51 82 23 91 94 85 27 64 0 117
103 70 82 61 49 87 40 61 81 75 21 0 103
161 79 62 38 73 54 57 40 72 41 22 0 161
119 73 85 44 39 55 39 91 74 99 34 0 119
177 69 89 95 25 76 50 27 73 97 98 0 177
181 60 28 43 45 30 52 69 26 46 83 0 181
135 87 87 56 40 21 64 94 61 86 73 0 135
198 97 79 27 84 63 54 65 76 97 65 0 198
122 72 64 26 63 36 93 52 100 43 52 0 122
154 58 68 58 59 94 41 54 79 56 27 0 154
130 72 99 34 27 95 71 68 40 42 26 0 130
133 76 58 58 55 97 41 42 29 66 82 0 133
107 28 50 84 22 76 59 46 83 31 70 0 107
130 78 98 92 51 63 53 75 60 41 61 0 130
181 29 26 32 90 29 92 55 64 43 58 0 181
159 58 79 82 28 30 51 79 55 96 39 0 159
179 33 41 32 43 92 49 61 76 78 71 0 179
137 77 58 90 86 70 94 27 60 66 36 0 137
134 25 80 76 94 94 98 65 57 40 65 0 134
125 59 44 67 98 34 21 35 29 83 54 0 125
130 21 98 58 95 91 63 75 56 24 85 0 130
161 99 39 29 25 54 76 97 58 35 21 0 161
114 62 45 59 43 93 51 85 33 73 77 0 114
131 48 34 67 68 69 39 45 50 56 72 0 131
101 23 22 44 57 69 86 33 67 96 50 0 101
167 77 55 88 29 33 68 45 73 65 41 0 167
190 82 39 66 92 23 21 30 85 79 92 0 190
104 75 97 31 69 53 87 62 56 35 49 0 104
141 71 66 21 28 62 64 20 83 94 35 0 141
196 60 87 51 48 96 55 39 27 36 98 0 196
181 44 25 82 98 95 25 42 24 72 42 0 181
146 24 91 49 84 74 36 81 100 38 23 0 146
166 82 77 84 41 81 85 50 32 35 25 0 166
108 38 28 71 66 81 29 80 56 74 30 0 108
170 84 83 45 66 22 55 59 36 75 55 0 170
135 25 81 86 68 84 86 74 31 67 57 0 135
196 64 29 46 95 61 43 89 56 97 77 0 196
185 27 33 36 46 31 89 80 76 75 31 0 185
117 24 60 75 88 70 71 88 39 25 27 0 117
175 40 96 61 31 55 69 21 25 24 69 0 175
193 79 92 27 34 56 59 85 61 44 46 0 193
179 92 59 66 65 75 35 47 84 63 52 0 179
173 92 43 28 23 54 88 34 61 62 71 0 173
184 82 54 53 25 92 25 21 70 46 80 0 184
178 32 35 40 66 87 89 53 55 47 68 0 178
165 63 47 48 47 90 91 28 72 51 80 0 165
149 52 91 25 40 92 90 48 80 95 95 0 149
165 49 82 88 62 64 76 74 91 80 58 0 165
143 32 98 20 76 99 71 70 76 66 55 0 143
131 24 39 22 46 23 31 25 45 28 67 0 131
194 85 63 37 30 29 57 24 33 83 49 0 194
183 49 35 60 95 68 41 40 94 53 49 0 183
137 38 49 75 97 76 74 70 48 63 89 0 137
164 99 23 61 52 39 38 45 50 89 70 0 164
103 50 76 91 32 64 67 58 28 73 27 0 103
155 53 96 72 86 48 92 92 71 94 53 0 155
134 67 89 23 71 55 20 98 88 43 100 0 134
104 59 21 92 78 77 29 81 58 69 39 0 104
193 53 26 30 73 94 66 30 94 63 40 0 193
160 74 46 58 71 53 55 56 55 27 49 0 160
114 65 77 67 81 37 99 98 72 79 53 0 114
150 70 40 49 28 59 69 20 79 77 94 0 150
149 46 95 42 60 98 96 97 23 66 75 0 149
125 66 36 66 20 96 49 31 35 63 88 0 125
155 32 63 46 44 42 57 47 43 60 29 0 155
187 30 47 65 57 37 88 70 100 89 96 0 187
119 31 94 35 69 26 40 37 62 60 21 0 119
136 85 60 65 67 100 48 20 86 99 29 0 136
114 75 42 87 81 69 26 28 29 91 63 0 114
159 23 65 80 48 79 64 83 64 99 40 0 159
189 82 91 77 95 53 92 84 62 96 74 0 189
120 42 34 100 72 54 64 30 66 97 25 0 120
184 37 33 70 24 33 42 40 21 93 78 0 184
200 84 59 80 86 62 27 71 75 98 53 0 200
111 23 64 63 71 41 99 63 87 47 99 0 111
191 55 26 78 69 95 24 61 95 23 30 0 191
101 94 56 27 22 64 56 72 39 85 43 0 101
102 48 71 40 70 37 63 35 61 23 96 0 102
137 48 51 73 72 99 37 64 95 63 40 0 137
193 67 96 82 61 45 47 92 58 40 55 0 193
189 49 91 30 37 55 79 49 40 37 42 0 189
195 68 81 49 50 81 99 72 31 35 94 0 195
186 54 57 46 84 56 75 43 80 21 33 0 186
193 77 71 30 40 81 53 51 30 66 91 0 193
138 21 48 74 40 97 43 96 83 95 44 0 138
37 41 47 44 31
102 147 207 234 277
107 180 193 228 288
129 160 185 228 279
112 148 216 226 283
120 145 187 250 272
127 157 210 250 272
115 167 190 241 278
119 146 183 222 288
105 150 201 233 298
120 153 209 232 281
121 154 202 235 272
112 152 184 220 269
134 145 190 230 265
132 167 207 234 285
137 178 218 236 283
102 165 188 258 270
139 147 197 228 260
110 155 189 221 297
111 159 220 235 277
136 178 191 247 291
108 144 210 240 282
126 156 211 256 269
111 145 218 231 290
101 155 204 229 265
124 143 201 239 282
130 150 204 252 294
102 157 206 240 270
131 163 211 250 295
124 151 188 252 294
104 162 201 258 263
119 150 219 259 266
132 170 190 230 291
102 150 191 238 296
128 164 192 222 280
140 143 211 223 271
102 140 204 220 300
108 154 211 227 293
115 159 201 245 266
114 166 183 222 288
106 143 185 240 295
139 149 211 250 278
140 174 205 223 284
100 143 197 220 275
105 164 207 255 290
102 156 196 251 262
100 178 188 246 267
100 142 186 227 300
122 150 182 237 266
118 148 188 225 296
103 155 190 254 264
108 177 216 246 287
121 161 180 249 295
102 170 208 253 273
112 175 206 252 299
121 180 191 243 288
124 173 185 226 275
116 180 202 254 287
130 164 204 249 279
117 156 202 258 268
107 180 202 241 269
140 171 212 256 273
135 179 217 242 271
135 172 203 246 300
115 176 205 221 266
106 180 206 255 272
116 156 183 236 271
136 160 216 255 281
105 167 191 237 271
122 179 194 232 263
140 175 212 238 291
109 162 195 238 280
123 158 216 221 283
127 164 198 259 284
138 170 183 243 271
101 162 186 260 300
122 173 209 243 295
124 155 180 247 294
103 162 220 237 294
129 145 199 256 281
137 149 188 230 267
133 148 184 224 279
117 147 215 229 265
100 165 216 229 297
102 152 208 235 292
117 157 182 251 279
130 174 220 248 285
116 180 208 244 279
125 140 212 222 274
134 159 202 228 286
128 174 191 229 277
137 173 210 235 264
109 176 186 239 281
135 171 210 246 277
100 166 194 222 273
116 171 182 232 262
102 161 194 225 298
139 178 209 220 296
126 167 211 241 276
109 163 216 253 276
118 177 191 239 261
137 145 217 240 277
101 156 202 223 279
104 151 203 241 297
118 156 215 254 294
103 148 211 239 293
116 164 209 258 289
121 147 200 238 287
126 151 207 229 291
120 172 199 224 279
122 179 220 232 286
119 159 217 257 294
103 169 219 225 271
114 179 193 260 279
121 171 196 236 288
100 162 185 259 263
115 177 193 220 300
134 159 220 224 277
140 160 196 222 262
139 142 207 234 278
137 177 201 253 274
136 164 194 224 276
105 159 201 229 263
128 141 204 224 280
124 175 187 256 300
127 141 189 244 282
125 149 185 254 278
115 170 212 247 288
109 164 220 246 284
100 166 186 234 274
138 169 205 250 295
131 177 199 248 300
135 152 189 251 282
102 160 192 246 272
108 140 181 227 300
134 165 199 242 260
118 163 205 230 293
110 155 219 247 298
122 165 210 250 267
134 178 213 249 268
102 175 219 233 296
135 165 203 221 289
112 159 185 226 275
100 175 209 236 279
140 156 210 255 295
139 146 194 246 272
135 153 212 260 289
100 156 189 249 267
107 154 190 244 294
137 176 197 235 285
135 172 200 249 296
123 142 191 241 265
128 148 197 244 267
136 169 204 252 295
114 148 184 226 286
105 163 218 252 276
100 149 186 256 278
138 180 208 242 263
100 160 219 226 278
110 176 198 254 289
136 161 220 259 269
112 154 213 232 296
137 177 199 254 296
104 177 215 260 293
123 148 187 246 294
100 160 183 233 284
132 161 196 236 267
127 167 184 259 288
102 176 203 239 279
119 150 185 224 272
122 164 201 225 282
118 140 217 254 287
118 171 188 230 261
119 164 183 253 289
111 142 220 258 288
118 177 205 258 281
129 167 190 231 287
102 158 199 228 264
117 179 219 239 278
120 175 200 250 293
103 153 201 248 271
105 143 210 255 270
112 144 214 253 266
131 155 211 232 299
139 165 202 253 264
121 153 188 248 271
119 150 182 238 282
137 141 214 239 262
137 164 183 221 290
108 177 217 235 295
123 170 184 237 266
114 146 188 220 267
118 170 220 243 278
113 164 191 224 298
101 171 211 240 285
100 166 204 223 268
104 153 188 250 288
115 166 193 249 268
119 149 203 251 280
135 167 209 240 290
119 166 203 237 271
10411 15003 21124 23879 28266
20551 34569 37066 43786 55308
21035 26089 30165 37175 45489
13336 17621 25714 26904 33689
20168 24369 31426 42011 45708
24011 29682 39700 47261 51419
19673 28566 32500 41222 47550
21666 26581 33316 40415 52428
14917 21309 28552 33097 42328
12128 15462 21119 23443 28393
15496 19721 25866 30091 34827
20168 27369 33130 39611 48432
19170 20744 27180 32901 37907
20468 25894 32095 36280 44186
16448 21369 26170 28330 33971
13267 21459 24450 33551 35111
23777 25146 33697 38999 44471
13098 18454 22501 26310 35355
18655 26721 36970 39491 46547
20952 27421 29423 38048 44825
11779 15704 22900 26171 30750
14750 18261 24697 29963 31484
15214 19873 29876 31658 39742
20005 30699 40402 45353 52482
13772 15881 22321 26540 31314
22888 26408 35914 44363 51755
19693 30310 39768 46331 52122
19396 24132 31238 37010 43671
15756 19185 23885 32015 37350
12591 19611 24331 31229 31834
21309 26858 39211 46372 47625
21128 27209 30409 36810 46572
17347 25509 32480 40471 50332
21512 27561 32266 37306 47052
16528 16882 24908 26324 31989
12859 17649 25714 27731 37812
18475 26343 36091 38827 50115
12543 17340 21919 26716 29005
21668 31549 34780 42191 54732
11031 14881 19250 24971 30692
21970 23550 33348 39511 43935
14988 18627 21945 23871 30399
17108 24462 33697 37631 47037
11557 18049 22780 28061 31911
16021 24501 30782 39418 41145
15007 26709 28210 36911 40061
16407 23297 30514 37239 49212
20870 25659 31132 40538 45498
13224 16585 21066 25211 33164
10822 16284 19960 26681 27732
20419 33462 40834 46504 54254
14286 19007 21249 29393 34822
13063 21769 26634 32395 34955
20391 31859 37502 45874 54429
21909 32589 34580 43993 52139
24684 34436 36825 44985 54737
11607 18009 20209 25411 28711
17688 22313 27754 33875 37955
14165 18885 24452 31229 32439
18946 31869 35764 42668 47624
16808 20529 25450 30730 32771
16343 21668 26267 29292 32802
20933 26669 31474 38140 46511
12658 19369 22560 24320 29271
18663 31689 36266 44891 47883
21468 28869 33865 43671 50147
22448 26408 35650 42085 46376
11977 19047 21784 27029 30906
15990 23458 25424 30403 34464
14708 18384 22270 25000 30566
17229 25605 30820 37615 44252
15383 19759 27010 27635 35387
14105 18213 21987 28760 31535
19328 23809 25629 34031 37951
16369 26253 30141 42131 48612
12451 17655 21328 24796 30101
16748 20934 24309 33356 39702
16693 26253 35650 38404 47640
16649 18713 25681 33035 36260
23435 25488 32158 39341 45669
16234 18065 22458 27339 34050
12059 15150 22155 23598 27306
10907 17994 23554 24971 32385
18877 28129 38490 43486 54032
18143 24344 28219 38916 43257
15088 20193 25530 28778 33071
14971 23229 26842 31486 36002
20133 22548 34142 35753 44126
19840 23541 29906 33754 42339
23048 31329 34390 41230 49871
16996 21461 26050 29150 32747
13196 21305 22516 28930 34013
22418 28395 34870 40846 45993
14907 24743 28916 33089 40689
14508 21384 22760 29011 32762
14797 23354 28140 32636 43222
17522 22437 26344 27730 37307
24704 32741 41366 47246 54107
12651 18917 25066 29359 32027
23136 34701 37446 46855 51167
20558 21758 32560 36010 41561
19197 29649 38390 42381 53022
11031 16015 21528 25557 31494
15111 19976 27530 32523 37643
19474 27981 39889 45182 55389
20191 28545 36376 44903 50297
15012 18236 24810 29523 35600
22436 26887 36856 40772 51810
13568 19445 22497 25322 31539
15745 23100 28390 29938 36905
12621 16862 23012 27253 31175
18238 29922 38773 39835 47978
13573 21310 22976 30951 33212
12713 17964 20590 24790 30251
12307 19935 22765 31868 32360
13462 20718 22591 25750 35112
13810 16386 22670 23082 28542
22548 25769 31566 35752 42193
16549 16906 24643 27857 33093
24257 31338 35586 44791 48509
24624 29693 35124 40554 49967
14183 21474 27145 30926 35517
25352 27926 40402 44363 55452
15135 21359 22823 31243 36611
19566 21722 29116 37587 43440
16258 19379 24059 33031 36152
15302 22619 28206 32861 38315
11670 17557 23550 26333 30399
13007 21589 24190 30431 35632
24986 30598 37114 45260 53406
20837 28152 31650 39442 47711
24173 27217 33840 44940 50489
13981 21929 26314 33713 37276
14480 18769 24264 30429 40212
16758 20634 24885 30261 32511
15348 21199 26660 29910 38102
17717 24963 35269 39778 47989
13916 18819 23950 28511 30449
17562 23327 27913 32629 35119
10309 17684 22129 23543 29907
22553 27564 33911 36917 48274
21288 30219 35160 42951 52262
10407 18209 21746 24555 29027
19748 22004 29619 35965 41606
27252 28624 38034 48227 53323
24443 27701 38382 47071 52320
14607 22785 27604 36365 38994
17769 25573 31550 40515 48816
14804 19017 21285 25390 30791
22958 29249 34009 42340 50331
16613 19179 25795 32546 35787
25096 29017 38622 47835 52343
25168 31274 37749 46630 54586
13346 17325 21538 26453 33474
18382 28534 38160 44111 48311
19307 28766 35908 49419 53666
24710 32229 37242 43328 47088
17307 27689 37897 39109 48106
20247 32393 36441 46747 53187
24216 28666 39170 46113 47893
18487 25419 35155 38290 48852
20421 26382 29660 37856 44115
17167 29214 35485 42911 48356
17597 21172 26750 35189 42054
13107 20969 23983 30534 37216
25616 31243 38034 45795 51809
23249 30570 33681 47408 52715
13981 24121 27821 32754 38234
19524 24609 30350 36747 44620
12574 16901 20713 23185 29058
18298 21708 33645 39381 44496
15820 22923 25202 30831 34985
12384 17065 19041 26323 30068
21430 27414 42470 49805 55595
18887 28329 32810 41291 44971
14714 19047 21669 26344 32730
15307 23709 29860 34211 39612
17440 26680 32641 35621 41433
15007 21884 25009 31260 36636
15972 23724 31165 38451 42017
19642 26749 39280 47696 50501
13336 17144 25476 30118 31665
17824 21088 28706 31562 40676
15854 18819 23038 28853 30107
19247 24336 29902 39443 43100
22499 28359 34408 44993 53310
16448 16928 25690 28691 31451
25216 30185 33681 40674 53372
21607 35409 43410 47010 59011
13661 18879 20434 26318 29537
21782 27895 35918 42031 51009
11925 17179 22230 24553 28089
11534 16737 19492 22858 30408
13844 23436 28917 32891 39056
19307 32047 39382 43050 51736
19663 28926 35542 47261 54444
22433 32379 37645 48566 52271
22142 27722 37768 46697 52091
26063 32240 40347 46330 55981
16430 22917 28024 32717 37409
