1000 10 5
3 92 40 66 89 84 92 26 62 50 96 0 11
5 99 33 71 29 87 32 23 32 45 53 0 22
10 48 66 21 49 52 29 24 68 63 43 0 47
4 34 30 57 98 90 63 43 33 46 68 0 20
6 43 66 55 55 65 45 38 70 85 81 0 29
3 84 61 48 62 31 96 34 61 57 27 0 13
2 65 66 32 71 55 100 98 94 55 60 0 10
5 46 96 27 39 86 63 36 21 52 77 0 24
10 37 97 77 50 45 62 38 65 99 61 0 46
4 92 89 32 100 86 86 82 59 67 30 0 20
8 60 57 88 21 63 28 39 69 93 68 0 36
9 77 65 82 79 88 94 98 97 60 58 0 43
3 45 85 68 92 35 43 47 85 73 54 0 13
9 72 100 97 20 74 62 62 28 49 28 0 45
3 71 39 59 41 96 82 76 73 67 81 0 12
10 54 83 47 74 88 37 99 32 53 91 0 47
6 76 87 89 57 99 34 82 77 48 96 0 30
4 97 30 29 60 78 57 56 41 84 37 0 19
5 57 44 97 42 27 25 89 59 74 99 0 22
7 27 56 41 93 40 80 59 78 65 25 0 34
5 88 59 39 21 88 60 49 46 79 74 0 21
10 21 60 66 69 23 28 22 36 78 95 0 46
6 85 47 34 93 36 63 51 100 30 82 0 28
6 50 87 21 80 75 95 88 76 75 55 0 30
7 96 43 65 91 55 28 58 68 72 66 0 34
7 28 98 29 82 76 20 80 26 20 82 0 33
4 80 29 64 25 43 87 91 25 51 94 0 18
3 37 28 76 35 62 60 20 37 45 52 0 13
9 26 35 71 52 60 37 74 86 46 88 0 41
8 35 83 46 84 87 61 26 28 54 54 0 38
6 59 63 48 25 32 21 71 22 94 31 0 26
10 86 29 84 80 50 59 55 85 56 34 0 46
5 99 20 41 77 78 28 42 39 48 53 0 21
10 66 89 33 21 98 89 98 48 80 66 0 47
4 69 28 75 75 82 67 50 64 66 58 0 19
4 78 85 57 76 76 49 69 38 39 32 0 18
5 41 39 50 50 97 86 56 87 75 63 0 22
5 43 24 41 75 37 90 65 98 76 51 0 24
10 66 34 21 51 89 56 34 59 28 40 0 49
5 73 53 80 88 38 28 62 95 87 21 0 23
5 86 57 44 96 78 92 61 56 56 45 0 23
8 21 69 60 93 66 57 73 32 53 82 0 39
9 28 56 89 91 42 85 75 69 37 56 0 45
6 37 96 91 77 34 59 97 89 82 52 0 30
3 91 52 66 82 78 76 80 32 28 74 0 11
4 61 83 28 56 91 100 49 66 33 31 0 16
5 55 48 46 87 44 95 50 97 61 54 0 23
4 64 26 97 26 56 72 91 66 48 48 0 18
10 73 23 87 25 84 38 28 60 45 37 0 47
8 66 41 47 62 98 38 22 40 60 24 0 39
6 73 29 24 40 32 58 21 41 68 32 0 28
10 85 84 23 52 41 32 47 59 45 60 0 46
6 81 74 92 74 81 64 62 81 20 92 0 30
8 92 21 59 26 80 96 52 55 90 72 0 40
9 85 37 51 79 46 87 72 79 82 46 0 42
4 57 26 98 74 59 34 91 48 58 54 0 16
4 29 27 23 75 64 86 81 79 94 52 0 16
3 39 80 64 61 54 53 33 84 44 99 0 11
5 97 38 20 38 64 58 41 32 63 77 0 24
8 66 64 27 61 30 33 64 84 62 84 0 37
3 30 57 87 60 35 95 74 52 20 20 0 13
8 56 33 100 53 46 82 78 59 28 83 0 38
10 47 90 33 98 81 63 95 36 70 39 0 48
10 96 35 81 60 55 31 46 40 53 80 0 49
3 36 67 98 93 53 79 56 21 23 31 0 14
3 78 98 88 46 61 86 43 28 59 89 0 14
8 23 32 76 93 78 26 62 44 90 34 0 36
4 58 36 75 76 95 57 62 48 95 58 0 17
3 96 58 91 22 42 55 32 43 71 76 0 15
8 66 61 20 88 36 97 48 31 69 54 0 39
7 81 58 57 57 39 38 79 45 35 23 0 32
10 71 45 30 42 66 99 33 28 73 58 0 46
9 59 96 37 58 56 27 91 55 23 65 0 45
8 83 48 27 96 94 72 83 59 56 97 0 40
5 59 33 30 90 85 34 81 30 62 31 0 23
9 49 27 52 29 52 76 50 68 52 26 0 41
8 26 70 53 45 23 28 98 22 53 68 0 38
3 53 90 21 91 52 89 71 56 60 26 0 14
8 98 24 48 35 78 77 73 26 80 91 0 39
9 83 21 57 37 40 48 22 38 63 29 0 45
8 57 28 95 99 36 23 75 20 68 53 0 36
6 61 27 59 52 55 47 95 99 20 92 0 29
3 68 22 76 27 72 50 90 43 22 43 0 11
7 68 34 89 86 56 22 53 83 79 66 0 35
9 36 94 57 21 81 59 40 65 35 41 0 43
8 97 35 69 89 89 58 47 88 66 79 0 39
3 72 52 71 63 68 64 92 39 81 31 0 13
10 67 63 42 33 58 64 49 76 32 33 0 47
6 86 65 29 61 86 47 66 57 99 36 0 30
10 70 26 23 38 31 67 29 87 66 68 0 47
3 98 26 68 31 76 94 87 29 43 46 0 15
6 97 73 99 80 49 61 66 38 91 24 0 28
3 70 93 65 57 76 71 43 82 91 77 0 12
9 84 27 42 40 90 82 97 61 26 76 0 45
8 87 87 93 84 23 91 95 63 65 44 0 40
5 51 26 46 77 20 30 51 71 30 29 0 24
3 66 79 80 58 44 37 30 31 22 57 0 14
5 25 53 56 73 21 43 53 82 67 61 0 24
10 97 61 21 74 85 23 34 46 40 70 0 50
10 23 67 79 43 91 75 44 69 24 47 0 47
3 59 24 90 45 55 39 84 86 30 66 0 15
3 80 20 27 23 98 26 55 42 49 51 0 15
9 90 55 56 41 31 73 74 61 21 68 0 42
8 99 76 65 21 64 96 23 25 71 74 0 37
3 46 21 46 43 62 90 29 25 68 91 0 13
7 64 37 49 41 33 26 87 65 48 57 0 33
7 37 54 23 99 49 55 95 36 56 41 0 31
5 25 55 76 84 90 77 39 77 65 64 0 23
5 75 29 29 69 93 31 95 51 20 89 0 25
5 22 50 60 91 37 93 83 93 29 68 0 25
7 34 31 39 66 60 91 97 99 71 96 0 33
3 56 82 68 51 83 22 50 66 100 32 0 13
4 68 49 34 33 45 94 49 29 51 93 0 18
7 58 86 59 30 76 44 93 27 96 57 0 34
5 43 38 78 68 87 94 91 55 55 73 0 24
9 94 57 45 28 95 72 64 45 21 85 0 44
3 29 66 38 77 77 61 97 32 79 33 0 12
8 59 60 63 38 89 93 55 91 78 29 0 40
8 48 40 88 52 57 53 62 81 97 42 0 38
2 63 87 72 84 24 77 63 34 81 56 0 10
5 24 34 84 93 69 80 31 72 90 28 0 25
5 40 90 45 69 74 81 65 30 67 51 0 21
6 60 87 25 78 98 82 21 91 50 40 0 29
4 97 96 54 93 99 43 74 65 25 94 0 17
4 64 74 60 77 100 76 85 65 54 83 0 18
3 65 87 71 44 61 53 67 35 47 61 0 15
10 46 64 23 68 89 97 77 76 81 96 0 46
9 89 72 22 24 97 46 90 73 68 41 0 42
5 40 56 66 89 40 33 78 89 78 32 0 24
5 69 78 23 42 41 28 35 44 50 49 0 22
10 24 29 24 91 40 79 33 43 34 66 0 47
7 73 90 48 75 54 52 20 59 86 79 0 33
3 45 38 77 70 27 54 48 58 33 48 0 12
10 36 33 49 70 58 78 28 64 35 86 0 48
6 64 92 30 76 39 32 24 77 70 47 0 30
8 58 72 52 81 98 41 26 21 25 73 0 40
7 75 81 51 90 31 41 48 54 36 28 0 33
9 42 54 41 67 72 56 98 40 83 33 0 44
10 49 85 48 25 48 28 74 91 83 72 0 48
6 39 77 52 73 31 61 55 86 76 71 0 27
8 86 29 39 63 36 92 88 69 51 21 0 37
6 94 21 30 23 81 97 52 72 50 28 0 28
9 63 37 45 96 67 42 43 49 50 96 0 41
10 26 23 28 66 72 86 65 40 65 48 0 49
5 34 92 99 75 39 55 52 47 57 100 0 23
3 57 83 80 21 64 33 96 48 43 67 0 13
9 92 68 85 37 52 82 23 95 56 99 0 43
6 99 86 28 70 81 75 93 93 84 65 0 27
9 30 22 79 40 49 79 71 88 64 20 0 43
5 23 93 36 96 42 36 70 60 91 31 0 24
3 39 27 25 43 27 51 95 41 90 33 0 11
5 73 42 37 79 69 33 57 22 32 94 0 22
5 85 80 42 44 90 98 60 34 66 91 0 22
5 46 67 64 83 32 37 47 21 74 57 0 22
4 50 26 84 84 91 38 46 67 60 85 0 16
4 46 94 71 99 77 80 36 86 98 70 0 18
10 49 74 51 86 75 77 40 22 69 97 0 47
7 20 82 48 69 82 88 69 84 99 93 0 32
7 81 99 29 61 34 50 99 99 51 69 0 33
10 88 73 76 90 65 64 70 83 45 74 0 47
10 71 93 42 81 69 61 46 83 66 52 0 49
5 89 85 67 91 42 49 78 85 92 26 0 22
7 82 43 32 39 88 29 46 30 45 99 0 32
7 88 43 31 62 92 49 78 98 31 58 0 31
6 51 36 65 53 40 58 66 59 74 60 0 26
8 48 81 88 48 37 69 91 92 28 87 0 37
8 24 24 24 34 60 41 71 86 34 63 0 40
6 51 60 50 77 83 82 34 39 79 48 0 26
6 36 63 99 62 91 75 36 86 36 35 0 27
9 89 87 68 35 50 43 64 36 69 72 0 41
6 50 73 68 57 88 83 82 85 93 100 0 27
10 90 67 44 58 64 46 89 54 89 75 0 48
3 89 57 37 54 32 90 23 51 32 88 0 11
8 46 52 72 28 96 97 95 96 92 51 0 39
5 63 56 100 27 51 87 77 96 94 69 0 24
3 65 95 78 97 77 90 25 70 92 89 0 14
4 89 47 90 26 64 58 82 75 95 74 0 19
3 55 74 33 55 29 80 52 65 62 73 0 15
3 52 88 23 66 40 95 60 59 81 35 0 12
9 73 59 80 43 67 50 22 64 32 39 0 42
8 89 66 33 80 50 40 93 40 21 32 0 37
8 43 60 98 64 58 73 99 59 54 22 0 38
2 76 75 96 88 34 87 86 98 52 27 0 10
5 87 52 89 88 55 98 74 98 79 38 0 24
5 72 74 72 91 51 28 59 73 36 89 0 24
4 81 26 51 89 57 67 95 44 21 98 0 17
2 89 97 100 55 21 51 65 73 41 44 0 10
9 66 46 98 85 36 48 42 96 91 43 0 43
3 34 54 81 43 75 42 67 57 50 96 0 13
5 63 86 52 26 47 83 80 66 65 87 0 23
8 79 93 99 74 53 93 66 34 24 84 0 38
8 33 55 80 33 54 85 81 81 89 85 0 40
8 67 69 44 57 39 92 99 60 53 46 0 40
4 53 81 46 25 23 28 80 68 81 33 0 17
7 94 83 74 30 79 92 33 51 47 23 0 34
6 91 73 29 46 64 96 47 48 34 40 0 27
4 67 89 81 88 32 57 72 91 77 90 0 20
3 35 95 55 43 46 100 24 47 66 75 0 12
8 92 75 46 62 92 91 41 65 68 23 0 38
8 96 74 59 50 79 51 81 76 84 78 0 36
9 70 24 58 40 76 21 99 65 36 48 0 42
4 48 51 42 72 21 21 69 56 75 95 0 17
10 35 42 77 56 49 75 84 41 95 59 0 48
7 50 63 69 74 24 75 82 32 72 51 0 34
5 49 28 22 53 44 40 49 82 37 67 0 21
10 80 83 65 44 36 41 29 89 75 51 0 48
9 56 30 25 53 92 68 91 45 24 52 0 45
3 35 84 87 61 91 78 47 64 100 79 0 14
9 93 75 95 24 79 87 25 22 75 68 0 45
6 21 36 41 60 50 55 91 99 51 39 0 27
8 21 89 49 88 34 64 45 62 45 90 0 36
9 94 69 94 45 62 78 40 61 27 20 0 44
8 86 87 43 74 84 60 24 43 90 30 0 36
10 29 74 69 79 37 84 42 44 43 94 0 46
8 49 58 64 64 30 94 49 39 25 88 0 37
8 23 61 53 80 60 47 51 29 74 69 0 38
4 91 29 44 40 46 97 69 56 65 36 0 18
10 56 68 94 42 69 62 29 50 30 100 0 47
7 25 36 86 34 89 32 41 94 50 50 0 34
7 91 52 87 94 49 52 58 74 51 58 0 33
8 52 63 98 27 71 65 63 72 41 51 0 40
5 26 59 46 40 99 46 77 34 62 25 0 25
5 95 21 87 77 22 76 57 39 49 92 0 22
7 85 81 66 42 37 73 38 97 50 73 0 32
10 56 89 85 79 49 99 26 25 80 34 0 50
5 87 33 63 44 25 59 36 79 50 67 0 25
6 62 96 62 50 54 32 32 28 85 87 0 29
9 72 61 60 30 22 91 47 99 95 60 0 41
10 55 34 76 30 79 36 21 87 21 33 0 50
9 37 53 67 63 72 55 23 66 83 50 0 43
7 66 77 75 23 78 53 58 77 31 27 0 31
10 68 80 37 35 80 96 37 83 77 23 0 50
9 40 56 95 89 36 94 25 33 61 57 0 44
4 64 79 95 93 58 98 59 42 67 92 0 16
7 81 91 95 49 40 73 79 94 82 96 0 35
8 98 67 71 35 59 40 94 87 43 32 0 38
10 57 47 98 79 79 44 36 41 49 86 0 46
3 94 54 36 96 47 29 60 89 71 48 0 11
5 39 59 84 29 37 45 37 44 50 51 0 21
9 80 62 31 26 63 67 73 77 41 98 0 41
7 82 62 41 63 99 23 24 39 98 66 0 32
10 41 81 47 32 70 80 40 82 29 24 0 47
5 58 38 83 93 93 62 78 45 91 78 0 23
6 80 55 27 50 86 24 40 88 72 68 0 30
5 38 30 95 91 35 31 25 36 55 57 0 23
8 50 38 47 91 57 28 41 82 28 61 0 38
8 22 81 47 42 77 26 93 68 31 49 0 39
2 53 43 50 73 33 98 96 33 39 25 0 10
4 61 92 31 20 48 37 97 97 59 74 0 16
8 77 74 49 41 84 51 20 97 31 37 0 36
5 74 41 42 66 45 27 81 25 56 28 0 23
2 54 31 91 56 85 86 35 24 74 21 0 10
9 48 44 53 26 68 82 31 29 43 99 0 45
3 81 38 98 58 49 39 35 83 63 35 0 13
9 61 80 61 38 91 85 76 77 94 70 0 41
5 76 45 55 72 41 94 71 59 94 89 0 25
5 30 79 50 90 52 61 37 81 70 60 0 24
7 28 70 80 91 75 33 39 65 28 42 0 32
8 38 88 46 31 31 28 25 69 57 28 0 36
5 68 68 44 27 22 91 74 34 88 72 0 24
8 39 92 86 87 28 45 97 80 62 53 0 40
5 70 81 98 62 37 25 65 48 63 99 0 21
8 47 49 27 85 66 43 61 57 24 59 0 39
5 68 26 31 75 71 52 53 50 50 91 0 25
8 32 74 34 57 97 21 49 41 92 77 0 40
5 96 45 83 55 81 60 25 69 86 70 0 23
10 80 46 96 99 79 24 95 97 25 49 0 50
7 68 75 83 79 58 31 55 22 77 99 0 32
10 91 48 77 58 23 84 31 34 95 57 0 47
9 62 22 66 37 95 56 34 64 22 34 0 44
5 33 45 49 96 42 56 64 29 73 70 0 21
6 42 31 32 94 87 26 95 49 44 34 0 28
7 79 69 95 52 84 97 48 69 94 41 0 34
8 32 85 77 23 29 83 81 67 50 88 0 40
9 43 63 39 60 96 46 28 70 91 70 0 43
7 91 37 36 23 51 79 85 58 84 52 0 31
4 29 66 57 41 33 41 60 45 42 32 0 17
9 67 51 99 27 39 24 85 43 25 39 0 44
5 39 82 20 43 84 39 57 81 50 50 0 25
2 66 84 34 53 29 67 72 74 29 77 0 10
10 81 99 33 83 29 44 31 69 63 34 0 50
3 83 99 49 67 29 91 76 76 69 80 0 12
10 29 99 70 27 31 47 23 66 47 49 0 49
8 50 61 36 27 44 74 31 75 93 97 0 40
4 53 51 66 97 50 98 31 21 90 29 0 17
3 85 99 60 52 21 85 62 81 98 42 0 15
10 61 31 42 27 25 48 24 67 77 24 0 48
4 38 94 61 42 41 84 83 93 99 91 0 17
8 52 71 97 56 59 91 69 30 65 59 0 36
2 46 51 32 81 75 24 63 27 74 21 0 10
7 62 34 71 31 99 58 88 97 82 67 0 34
7 27 45 66 97 93 40 74 33 21 55 0 33
3 98 96 43 90 78 69 40 82 51 63 0 15
3 32 24 71 27 51 86 34 38 47 22 0 13
7 71 98 60 94 56 99 78 67 80 46 0 35
5 66 40 57 53 90 72 64 54 26 38 0 22
4 74 37 30 91 91 20 84 87 66 50 0 19
8 83 42 54 49 56 27 32 35 45 68 0 36
10 75 63 55 95 41 34 82 42 21 39 0 49
7 30 89 71 100 87 80 60 31 98 71 0 31
9 60 92 90 57 54 40 26 95 29 81 0 43
5 64 37 64 32 67 81 77 29 45 34 0 25
6 27 89 91 67 78 73 59 64 41 92 0 30
6 52 99 86 53 78 79 73 23 20 86 0 30
5 30 53 58 22 75 21 56 69 87 70 0 25
8 41 99 95 77 84 40 80 24 74 80 0 38
5 22 44 58 92 66 74 44 98 64 61 0 24
5 38 32 89 59 43 39 73 91 82 84 0 25
9 32 45 91 51 70 28 85 55 43 41 0 45
7 84 93 25 22 30 50 43 75 58 22 0 31
2 73 44 30 65 25 73 70 74 63 84 0 10
6 48 23 60 55 93 75 36 98 59 96 0 30
8 87 38 58 74 58 64 58 32 74 26 0 40
3 27 24 34 69 29 94 23 78 100 93 0 13
3 69 87 97 90 96 28 24 77 59 97 0 12
3 84 83 78 87 59 51 92 92 25 25 0 11
9 76 83 58 25 67 62 48 39 64 68 0 45
8 91 48 72 55 87 66 67 75 55 56 0 38
6 26 22 26 92 46 31 64 24 42 58 0 26
6 82 38 45 60 57 57 72 39 94 45 0 26
5 33 74 67 75 90 48 32 34 31 62 0 24
5 27 69 33 67 27 68 54 29 85 68 0 21
9 92 70 32 53 83 84 72 71 82 27 0 41
5 29 48 60 34 43 88 38 69 35 39 0 25
9 39 30 63 54 98 72 80 85 76 20 0 43
7 82 75 85 39 72 27 46 43 32 85 0 35
7 21 86 65 90 55 46 100 48 74 98 0 32
6 79 68 91 85 76 67 31 69 93 36 0 28
6 26 81 74 70 28 82 81 25 95 78 0 26
4 68 31 96 33 97 84 74 63 64 31 0 18
5 39 89 91 46 73 72 69 88 27 86 0 21
9 75 26 96 66 25 67 29 61 36 75 0 43
7 79 58 48 22 64 79 28 69 57 41 0 32
3 39 55 82 25 49 85 28 47 75 70 0 14
7 52 73 70 70 36 98 47 27 28 40 0 32
8 92 27 28 50 60 28 99 88 90 87 0 37
10 21 53 25 59 60 38 24 87 37 98 0 47
4 69 21 63 87 58 77 33 94 68 46 0 20
3 55 78 24 50 38 59 37 91 22 87 0 13
4 72 70 74 88 89 97 72 60 68 74 0 17
7 33 55 61 62 97 39 47 58 77 25 0 34
4 48 32 80 33 60 36 30 80 37 21 0 19
10 87 93 42 74 47 50 32 32 62 100 0 49
10 99 51 96 93 48 37 76 29 74 91 0 47
2 59 83 82 94 61 22 40 65 42 75 0 10
10 70 21 36 53 86 56 28 29 52 35 0 47
10 51 35 91 79 95 85 29 100 38 79 0 50
3 76 92 70 92 46 25 68 63 63 51 0 14
8 51 50 86 72 21 51 70 34 23 91 0 38
5 50 40 80 26 51 62 94 45 33 94 0 23
4 91 65 86 93 29 39 93 51 86 41 0 20
5 83 88 57 75 36 75 27 76 98 78 0 24
4 95 36 47 95 56 29 95 63 64 23 0 16
4 24 89 41 22 23 56 85 55 56 58 0 17
4 54 42 36 53 40 63 94 34 43 61 0 20
7 20 80 89 61 81 67 41 93 69 21 0 33
8 90 84 87 33 90 89 42 42 23 24 0 36
10 44 46 63 69 93 72 65 52 87 87 0 47
4 72 51 75 82 27 47 98 76 98 75 0 19
3 93 35 69 62 81 69 61 60 59 56 0 11
6 22 36 82 68 95 91 52 73 21 74 0 27
9 70 96 43 99 50 79 71 68 64 22 0 43
6 30 87 89 61 26 22 21 52 71 55 0 27
4 41 29 64 98 62 46 89 82 54 40 0 18
6 73 51 65 29 30 63 98 36 83 24 0 28
8 89 80 57 22 83 66 44 63 61 86 0 36
7 100 88 21 84 48 92 23 55 51 54 0 32
3 77 67 77 93 45 66 53 21 81 36 0 11
8 63 67 79 74 83 57 55 31 82 27 0 38
2 99 48 53 72 60 56 66 54 79 87 0 10
3 33 81 63 52 59 94 40 62 77 58 0 13
8 79 31 49 95 72 82 47 94 22 91 0 39
7 36 86 73 85 34 82 57 63 79 36 0 34
8 41 45 42 33 29 73 47 77 89 69 0 40
10 20 74 85 79 37 54 70 55 44 92 0 49
8 91 58 57 80 31 41 70 75 37 55 0 37
7 89 67 46 75 48 33 81 93 29 54 0 34
8 77 62 65 39 65 74 70 55 30 34 0 38
9 95 77 58 35 20 82 92 25 73 50 0 44
6 70 65 90 59 62 37 92 87 28 44 0 26
3 28 61 28 82 49 62 69 26 36 84 0 15
4 24 26 23 34 31 61 35 42 29 27 0 17
4 97 49 25 44 53 81 21 49 24 76 0 20
10 50 55 45 35 20 74 40 29 68 84 0 49
8 57 53 94 36 85 90 74 65 41 75 0 40
8 82 22 33 97 89 94 57 68 32 25 0 38
7 45 90 89 21 41 27 55 73 93 45 0 35
7 73 29 57 26 36 56 79 52 73 21 0 35
7 51 23 32 57 65 93 50 58 22 35 0 35
6 57 42 74 38 55 57 37 63 50 70 0 28
8 41 85 38 49 98 95 88 41 75 92 0 37
4 86 24 74 44 22 71 88 27 36 69 0 16
9 66 82 48 69 79 34 23 78 45 63 0 43
3 92 79 26 28 78 51 39 100 26 29 0 15
4 62 27 22 60 53 43 32 48 45 59 0 19
7 66 55 33 51 61 30 23 40 70 70 0 34
3 57 48 33 64 97 53 90 75 43 29 0 14
6 84 85 90 47 53 99 23 77 98 25 0 30
2 70 63 40 36 27 41 70 38 83 95 0 10
6 50 93 56 54 62 67 28 36 80 65 0 28
7 84 64 67 89 61 42 60 83 95 78 0 34
6 90 90 94 90 35 35 36 26 86 71 0 27
8 27 47 21 96 66 55 98 65 67 30 0 40
6 95 45 86 61 72 54 68 77 99 63 0 29
4 41 40 42 27 46 83 24 22 35 39 0 17
5 64 23 56 62 56 35 70 25 64 23 0 22
3 95 88 59 97 97 30 27 20 68 85 0 13
9 66 96 24 31 27 32 61 42 61 40 0 41
10 95 31 42 91 58 95 77 56 88 73 0 47
5 85 74 23 73 92 57 34 67 29 84 0 24
6 29 67 71 71 33 77 35 97 25 89 0 29
3 57 41 41 95 30 58 27 22 27 46 0 15
6 86 48 84 69 86 84 94 43 58 45 0 29
8 80 46 96 94 39 74 33 67 90 75 0 38
5 20 68 73 89 95 94 89 71 70 29 0 23
9 28 82 93 24 72 48 41 91 86 39 0 43
4 78 87 43 62 23 91 54 79 61 75 0 17
6 49 51 34 79 83 25 68 29 30 62 0 26
3 80 26 100 91 80 58 37 51 30 78 0 12
9 50 60 42 36 75 42 86 26 67 71 0 43
9 92 71 52 58 81 50 41 43 26 53 0 41
4 76 82 50 69 25 23 86 38 61 68 0 18
5 69 74 23 59 64 86 72 61 95 74 0 25
5 57 98 65 90 29 27 35 22 59 26 0 21
6 67 83 84 74 61 70 25 50 47 90 0 30
6 37 62 60 91 23 35 44 47 36 78 0 27
5 81 31 89 58 97 40 79 76 29 35 0 21
6 99 50 62 32 46 57 25 56 61 38 0 26
4 40 37 93 90 98 24 37 97 91 91 0 19
10 86 87 79 63 99 57 53 45 71 56 0 47
10 56 99 49 31 73 55 69 30 45 97 0 48
4 77 96 44 38 88 26 35 25 94 53 0 16
2 74 51 60 66 59 28 93 25 24 95 0 10
3 71 94 48 43 40 100 46 86 80 86 0 14
3 42 56 21 23 32 36 68 27 62 26 0 15
8 20 79 93 96 52 35 52 97 66 27 0 39
4 54 74 44 80 73 33 86 94 26 24 0 20
6 84 88 39 72 24 77 21 94 28 29 0 26
8 31 94 53 31 42 64 69 32 98 58 0 37
6 82 72 46 86 21 98 92 46 53 36 0 28
7 57 75 22 52 37 66 40 60 52 88 0 35
9 50 96 42 78 50 82 34 94 26 87 0 42
7 59 53 67 21 67 77 57 85 81 47 0 31
10 83 76 47 60 67 29 43 31 69 89 0 49
6 71 61 66 91 76 23 26 86 29 21 0 30
3 37 83 79 76 23 61 63 38 29 31 0 12
9 54 90 87 23 33 34 35 64 61 58 0 42
3 52 28 81 82 29 96 88 98 98 52 0 13
5 42 76 35 54 98 61 42 69 80 27 0 22
6 27 74 36 44 34 87 91 90 53 60 0 26
5 93 97 96 57 52 87 47 70 22 91 0 22
3 92 22 77 57 34 50 100 59 78 55 0 12
3 56 89 56 50 96 95 45 29 55 44 0 11
8 79 64 85 44 69 75 34 30 20 64 0 39
9 23 75 40 52 93 24 62 31 51 51 0 41
6 26 27 74 96 82 80 80 49 50 67 0 30
6 38 99 49 26 54 63 24 47 92 33 0 27
3 27 68 51 46 69 99 46 37 62 34 0 15
7 85 34 63 77 36 83 78 71 88 46 0 34
3 84 92 89 42 61 60 58 91 81 62 0 15
10 41 27 37 29 91 44 23 76 68 65 0 47
3 50 67 51 69 96 27 87 66 24 27 0 15
4 57 63 32 46 86 41 71 46 62 33 0 17
9 96 84 74 58 31 41 88 88 69 53 0 44
5 21 57 43 92 66 38 27 75 96 91 0 21
4 91 31 21 52 56 30 32 70 80 24 0 16
8 32 23 44 64 97 60 33 31 72 84 0 40
8 41 91 25 54 50 31 93 41 66 84 0 37
8 37 47 67 96 80 61 41 33 53 28 0 38
5 49 76 75 98 99 39 61 34 77 74 0 21
5 35 40 48 51 32 35 66 40 77 32 0 23
10 60 46 42 33 35 53 72 50 76 33 0 48
6 31 22 40 50 74 45 82 48 56 26 0 26
8 65 53 44 61 86 51 23 93 76 23 0 36
5 40 46 37 90 46 94 44 29 43 36 0 25
10 43 86 93 22 26 88 41 52 43 44 0 49
9 99 86 53 60 78 42 84 29 75 34 0 43
6 90 71 25 53 81 41 49 28 69 97 0 26
8 58 43 54 49 51 52 67 95 75 98 0 39
8 92 83 63 99 36 69 71 22 60 59 0 39
9 41 26 99 92 34 95 54 71 43 24 0 41
3 94 80 38 69 82 76 85 95 56 81 0 13
8 87 59 39 22 37 59 69 78 78 50 0 36
9 99 50 23 30 32 24 100 25 83 90 0 45
7 82 22 30 28 53 96 91 64 58 93 0 31
6 97 34 69 88 96 44 90 41 34 88 0 26
4 46 94 62 79 76 94 64 33 78 39 0 18
3 75 31 33 53 50 86 26 75 37 41 0 13
6 61 23 59 57 28 69 82 97 48 41 0 27
9 63 65 73 45 92 34 87 54 32 93 0 43
9 67 27 61 24 77 20 47 46 83 72 0 42
6 80 99 70 71 35 79 91 61 81 92 0 29
6 69 24 67 22 28 78 27 31 82 88 0 30
9 76 69 38 86 77 72 62 82 72 76 0 43
8 97 59 82 27 40 42 84 83 82 36 0 38
7 42 95 98 81 85 74 75 90 58 44 0 35
8 58 85 50 65 81 45 94 40 57 94 0 40
10 49 90 74 81 68 64 53 43 32 43 0 50
9 89 79 95 23 47 79 40 86 26 85 0 44
7 55 31 70 66 62 34 27 85 38 68 0 32
4 50 51 100 29 25 65 55 32 51 45 0 17
3 28 53 59 95 36 24 80 56 86 73 0 13
4 53 65 80 59 60 99 54 77 35 35 0 16
7 90 22 55 82 79 97 75 92 51 68 0 33
4 52 33 36 28 44 74 23 24 29 86 0 16
6 71 40 82 51 26 100 52 31 45 30 0 28
3 49 87 36 22 59 80 97 49 69 67 0 11
10 72 73 82 83 85 65 40 32 80 63 0 48
2 60 66 67 38 97 65 94 31 67 78 0 10
7 82 45 95 78 47 48 54 64 68 35 0 35
6 59 40 66 64 75 85 33 90 69 67 0 27
3 64 86 79 28 30 72 71 89 68 84 0 14
6 42 60 34 55 71 64 84 64 70 64 0 30
4 61 50 70 61 68 79 22 46 46 81 0 20
7 55 69 56 94 91 92 44 98 100 91 0 32
7 37 85 94 87 89 90 45 92 74 20 0 31
9 62 60 71 45 26 65 34 36 33 91 0 43
9 27 33 62 43 20 100 54 79 51 81 0 44
6 31 42 25 21 82 50 63 76 28 65 0 29
4 83 42 38 56 48 38 41 74 48 61 0 18
4 33 39 35 94 45 45 99 33 64 76 0 17
2 68 83 67 62 26 28 64 73 72 36 0 10
10 43 68 64 46 45 49 32 84 59 50 0 48
8 24 93 21 73 97 30 30 81 80 36 0 37
6 74 35 21 68 39 37 72 78 72 34 0 29
7 79 62 94 64 66 99 26 75 72 43 0 32
6 41 88 71 44 28 50 40 97 67 48 0 30
8 54 71 34 37 30 89 60 44 55 71 0 39
3 84 28 61 78 58 81 20 63 79 87 0 12
8 31 22 94 36 70 86 35 64 37 56 0 39
4 89 58 72 59 24 48 42 54 55 92 0 16
10 60 75 32 58 37 89 87 36 70 31 0 46
4 28 41 33 20 63 26 53 89 70 85 0 20
10 58 93 28 77 97 23 32 62 42 52 0 49
4 24 30 71 82 42 82 88 31 83 56 0 17
7 55 48 50 78 71 23 34 55 31 70 0 35
5 48 64 57 59 73 28 36 44 49 68 0 21
10 83 50 47 64 87 30 98 65 22 60 0 48
6 82 78 27 61 43 34 97 23 58 61 0 26
3 61 82 87 26 79 43 97 62 37 59 0 11
2 75 48 32 38 55 36 64 21 21 33 0 10
10 69 29 96 77 75 94 27 27 88 90 0 46
8 86 48 65 51 63 96 36 99 88 66 0 38
9 26 56 51 37 52 97 25 37 50 30 0 42
9 72 76 25 87 93 93 76 66 35 41 0 43
6 80 68 62 42 77 42 48 99 88 52 0 30
7 54 98 31 39 33 31 44 85 34 24 0 32
6 53 75 44 61 57 97 96 41 50 73 0 30
6 71 98 41 26 86 64 28 43 20 34 0 27
8 62 78 83 49 51 61 71 95 98 27 0 40
10 20 36 90 82 61 56 62 90 54 93 0 48
6 30 39 25 53 35 85 75 42 75 90 0 30
6 90 47 64 71 76 88 71 88 23 23 0 27
7 34 31 25 45 78 48 39 92 50 47 0 32
9 71 26 53 65 50 27 90 36 30 77 0 45
3 26 88 41 60 28 89 31 55 68 23 0 15
9 34 35 63 81 99 94 82 34 61 84 0 41
4 94 93 88 50 62 44 56 24 54 57 0 16
6 62 43 91 70 40 43 38 80 44 88 0 30
6 67 54 54 100 95 72 37 35 27 62 0 26
9 73 70 36 94 85 41 21 45 86 73 0 42
4 34 97 76 48 50 67 25 27 72 80 0 17
10 48 91 96 76 80 94 25 24 50 64 0 50
6 71 99 74 51 49 28 27 34 68 24 0 28
7 26 63 34 81 89 34 25 62 52 77 0 31
5 53 100 53 96 79 25 44 27 87 36 0 24
5 95 28 45 64 76 53 94 59 89 92 0 23
4 34 38 78 74 71 43 62 44 40 76 0 20
3 21 93 21 33 79 69 62 54 78 57 0 15
4 64 47 29 28 92 71 95 65 30 41 0 19
8 65 69 38 88 90 20 78 62 64 99 0 38
9 55 65 98 21 86 38 64 51 94 75 0 42
9 22 20 28 69 90 61 67 78 88 97 0 43
5 55 96 99 34 66 38 30 53 86 87 0 25
9 97 63 90 95 83 24 63 77 86 99 0 45
9 44 87 90 60 90 67 93 44 67 49 0 44
4 24 38 24 70 30 69 36 89 71 59 0 16
6 53 45 87 93 42 48 35 56 80 51 0 28
5 33 63 29 46 77 63 98 61 43 60 0 22
10 37 92 35 84 85 89 96 91 28 46 0 50
9 55 58 64 84 32 46 78 67 66 37 0 43
5 95 75 42 81 65 31 36 44 93 76 0 22
5 53 75 54 99 30 84 84 68 84 52 0 25
6 58 31 88 30 78 39 63 46 85 56 0 28
7 27 94 30 39 64 79 40 87 28 24 0 32
8 96 90 23 67 55 85 91 69 95 23 0 36
9 93 48 83 84 30 79 88 74 93 97 0 41
8 98 48 32 85 85 52 77 45 84 84 0 37
3 36 51 52 41 81 73 38 57 52 55 0 13
8 45 38 54 36 100 65 97 72 44 71 0 39
5 64 34 36 98 92 52 88 93 40 27 0 25
2 48 75 61 86 35 79 64 54 90 76 0 10
7 52 22 88 62 30 72 96 74 80 29 0 35
8 43 48 64 76 39 69 30 85 21 66 0 40
8 97 74 96 60 78 44 29 25 90 33 0 36
4 48 52 69 47 44 75 95 26 32 70 0 17
3 94 54 20 52 22 65 35 90 31 24 0 12
10 56 66 63 32 37 45 39 87 87 97 0 46
6 47 62 58 66 85 29 73 30 77 29 0 30
7 74 87 51 70 92 82 26 37 27 38 0 34
5 51 75 94 68 56 52 31 94 31 97 0 21
3 77 68 68 73 72 68 80 74 36 97 0 11
6 59 62 22 32 60 31 64 70 87 58 0 27
9 30 73 39 63 64 80 80 38 98 83 0 43
9 58 85 29 36 24 73 91 74 58 67 0 43
9 87 89 76 36 25 62 33 97 87 89 0 43
8 66 42 35 40 50 34 83 99 26 48 0 38
6 25 37 73 71 58 35 68 46 99 87 0 27
4 28 47 24 90 73 71 90 48 63 79 0 17
10 79 77 53 84 21 36 35 62 39 54 0 50
8 62 23 36 98 74 56 73 88 73 39 0 40
7 70 39 35 42 85 86 63 45 67 78 0 34
8 59 86 47 44 20 25 67 31 66 62 0 36
5 67 62 61 80 36 72 74 80 21 86 0 23
9 84 54 62 59 38 79 43 64 66 79 0 44
10 80 34 72 57 49 23 81 98 38 60 0 47
5 53 56 78 55 67 86 24 54 52 22 0 24
6 42 92 85 56 90 37 82 89 33 32 0 26
10 40 26 85 36 32 77 25 80 30 90 0 46
3 58 25 84 41 63 69 88 35 25 55 0 15
4 47 22 87 60 85 22 74 20 66 37 0 16
6 43 48 85 80 67 66 96 56 82 66 0 30
9 81 36 95 65 97 87 66 68 57 43 0 42
3 55 57 86 98 98 22 59 34 69 51 0 12
10 51 63 55 76 83 70 35 54 75 54 0 46
6 87 25 93 85 55 63 70 74 39 53 0 30
3 67 36 53 87 59 58 37 65 92 38 0 14
4 93 77 61 79 88 24 69 58 39 83 0 20
4 97 90 83 53 33 22 92 88 95 67 0 18
5 84 93 98 77 59 26 69 67 72 81 0 23
8 75 71 84 100 62 29 63 46 33 33 0 37
3 73 76 87 59 91 76 43 62 77 60 0 14
3 81 65 40 54 52 70 87 60 89 62 0 15
5 76 79 67 38 69 68 20 36 22 82 0 23
8 42 77 23 69 70 23 94 66 94 66 0 38
10 39 85 36 75 60 21 84 51 71 56 0 49
4 29 90 33 86 27 67 97 89 53 34 0 19
3 79 53 56 35 86 81 70 93 74 27 0 15
8 83 70 87 45 48 78 57 64 25 44 0 39
6 45 91 49 46 93 65 60 60 79 26 0 28
8 89 84 93 89 33 84 26 61 72 77 0 40
5 38 65 30 80 50 66 37 81 58 55 0 24
5 70 38 55 78 52 27 83 99 55 46 0 25
10 27 91 81 27 68 69 37 87 58 98 0 47
4 42 57 85 37 47 79 50 36 45 80 0 18
9 50 99 97 62 63 70 80 56 63 23 0 42
6 96 48 50 76 68 43 88 57 21 59 0 28
7 68 82 81 52 91 72 67 21 57 83 0 32
4 61 76 36 24 44 81 42 30 29 21 0 18
5 40 28 50 82 52 69 43 76 54 55 0 21
8 37 73 69 31 98 45 39 49 79 63 0 40
3 81 88 75 72 52 42 41 93 84 40 0 15
5 74 39 22 23 40 36 56 55 23 98 0 23
9 28 92 92 89 22 62 72 52 43 55 0 43
4 73 68 88 68 48 42 83 62 92 26 0 16
7 73 25 71 40 21 45 89 50 49 88 0 33
7 87 66 76 66 20 69 68 76 36 54 0 34
8 79 40 77 31 93 63 75 83 81 83 0 39
6 63 33 53 53 87 31 25 84 37 85 0 26
7 62 31 25 78 91 61 22 87 76 86 0 35
5 38 32 28 78 74 31 76 27 29 33 0 24
8 79 78 56 57 46 22 48 37 85 89 0 38
5 71 71 86 69 48 43 22 25 85 74 0 23
7 32 67 90 84 26 63 82 33 46 98 0 34
4 20 96 21 75 88 59 24 46 35 25 0 19
3 43 68 38 93 69 54 29 31 94 53 0 11
9 21 64 96 61 54 44 68 90 22 72 0 41
3 33 90 94 41 66 28 77 57 51 49 0 11
4 40 99 37 28 36 83 81 97 65 63 0 18
4 21 77 38 40 92 23 29 82 86 58 0 20
3 81 96 90 81 88 51 68 71 82 20 0 12
7 45 68 86 83 50 54 86 83 22 80 0 33
8 77 94 43 40 22 20 77 42 82 31 0 40
10 35 55 52 63 88 67 20 78 61 31 0 50
5 50 24 88 26 43 75 36 93 37 48 0 22
9 93 67 68 79 49 50 84 92 79 72 0 43
5 44 41 77 73 48 85 26 98 56 22 0 25
10 71 54 39 28 51 78 20 61 70 38 0 47
10 58 27 28 20 82 29 21 21 49 74 0 48
9 49 63 73 42 89 78 87 28 42 87 0 44
8 61 46 64 22 87 78 39 42 40 89 0 40
3 48 89 28 29 40 81 23 53 51 40 0 12
9 61 76 44 99 29 21 44 35 58 23 0 45
9 26 42 76 59 35 95 45 89 78 36 0 41
7 98 61 75 79 50 96 57 61 76 43 0 34
7 76 25 91 82 33 69 95 30 75 33 0 32
8 85 61 76 25 36 82 55 68 85 29 0 36
8 56 38 80 76 92 34 66 52 83 90 0 40
4 76 67 39 87 24 30 23 87 98 49 0 19
5 36 36 29 51 98 58 22 45 37 51 0 22
10 81 50 39 51 42 72 37 65 53 93 0 47
3 56 55 56 71 36 33 52 77 23 99 0 15
4 49 91 61 54 53 55 26 92 70 21 0 17
8 61 52 79 62 49 93 83 51 87 70 0 36
4 29 72 39 57 84 96 26 83 51 77 0 19
9 62 61 88 88 21 34 58 84 82 30 0 42
10 92 35 33 75 84 60 96 97 74 99 0 50
9 67 72 44 73 23 68 49 96 24 86 0 45
5 91 30 51 21 85 63 27 24 48 44 0 22
4 47 41 46 64 46 26 25 51 53 95 0 18
9 45 32 25 58 62 64 98 86 69 96 0 42
6 89 54 36 94 65 41 61 24 93 42 0 29
4 74 22 52 31 49 62 29 39 31 74 0 18
7 25 55 44 34 24 99 82 24 74 58 0 32
3 63 93 34 25 34 52 83 68 26 49 0 11
4 24 20 81 61 82 94 42 47 25 54 0 20
6 99 43 82 94 21 79 23 90 43 86 0 30
6 99 33 100 74 42 90 97 85 88 64 0 27
3 98 72 87 69 86 77 52 76 91 64 0 15
4 77 35 45 72 43 86 68 82 79 38 0 16
6 82 85 60 41 98 23 88 86 95 97 0 28
6 84 37 62 32 50 91 44 32 87 28 0 30
8 37 30 97 31 57 80 63 44 87 23 0 36
10 61 75 43 90 54 60 97 29 92 85 0 50
6 93 59 84 88 60 58 58 28 48 98 0 29
3 81 61 57 51 49 51 86 88 45 46 0 14
7 41 51 60 26 56 29 33 94 42 54 0 35
9 98 38 34 57 76 62 98 42 92 30 0 42
6 42 76 41 82 56 94 31 93 67 44 0 27
9 24 33 23 54 39 35 46 73 26 77 0 41
2 84 21 28 54 66 77 24 95 70 72 0 10
7 95 42 50 49 97 20 26 48 53 74 0 33
8 71 83 82 54 20 55 34 92 74 45 0 38
5 80 82 85 72 29 80 69 100 84 46 0 23
8 32 40 48 29 27 87 87 93 51 37 0 36
5 23 80 48 67 87 84 79 58 85 47 0 21
5 78 93 87 56 96 64 34 32 55 97 0 25
10 58 37 78 28 23 68 29 54 83 24 0 49
7 98 73 81 65 39 41 97 47 35 68 0 32
9 37 32 70 25 97 47 35 55 58 82 0 44
6 56 33 55 51 35 23 94 44 34 50 0 28
5 74 76 22 38 42 38 77 66 82 58 0 24
9 73 85 65 36 54 23 99 26 93 57 0 45
9 77 26 79 41 77 46 90 85 74 39 0 45
4 36 83 77 44 45 21 33 96 79 31 0 18
6 63 21 36 85 24 33 74 76 69 76 0 26
6 76 62 30 74 21 68 100 48 59 68 0 28
10 30 49 94 88 74 65 71 43 98 20 0 50
5 65 92 43 61 75 71 59 67 47 96 0 21
10 72 27 69 69 35 69 70 48 56 43 0 46
3 76 57 70 54 47 48 54 30 25 66 0 11
3 71 23 80 87 97 48 65 22 56 99 0 11
4 89 72 57 59 92 88 97 79 64 96 0 19
4 95 59 85 43 70 35 93 63 64 99 0 20
5 79 51 79 22 85 57 44 53 35 83 0 22
5 74 81 55 71 62 87 36 34 78 59 0 24
9 77 80 29 25 75 30 97 67 60 95 0 42
9 72 76 71 81 46 55 80 70 54 42 0 45
8 67 89 72 71 75 83 78 88 85 78 0 37
10 45 68 32 28 77 24 59 25 90 62 0 47
6 73 21 27 78 80 40 80 34 30 44 0 26
3 49 44 79 27 78 66 58 94 25 84 0 11
6 91 44 55 40 72 96 91 27 86 61 0 28
5 76 62 93 28 32 70 40 74 37 40 0 22
10 30 97 97 53 61 89 100 37 63 87 0 48
6 79 88 48 48 78 97 89 23 80 95 0 28
3 61 75 62 63 71 70 29 52 32 44 0 15
9 49 92 41 98 43 30 65 22 91 30 0 43
9 48 71 69 95 51 76 63 68 99 80 0 44
8 41 74 97 33 44 22 82 30 93 90 0 38
5 26 53 56 43 46 70 43 53 93 89 0 25
8 27 28 39 94 88 46 84 36 25 24 0 39
2 24 92 51 23 50 72 75 58 23 45 0 10
4 23 54 75 100 98 49 99 82 94 60 0 19
9 32 97 41 81 24 67 28 43 80 88 0 41
3 54 58 95 22 47 94 93 59 40 49 0 14
9 39 99 70 99 83 45 93 99 34 43 0 41
3 35 90 92 68 51 68 78 24 22 36 0 15
6 24 76 95 42 56 44 43 23 67 33 0 27
7 96 85 85 81 44 36 49 32 47 99 0 31
4 50 39 73 73 52 68 40 74 89 70 0 17
6 50 89 76 70 31 70 44 57 76 69 0 29
10 96 46 51 95 84 34 26 28 66 86 0 49
4 25 51 72 43 50 98 33 22 60 73 0 19
6 48 77 95 90 55 39 73 65 96 60 0 28
6 50 34 77 69 52 83 25 94 57 64 0 28
10 79 26 23 92 93 80 78 29 37 85 0 50
4 32 42 70 84 83 55 56 54 40 90 0 16
6 93 96 52 37 87 61 74 56 61 31 0 26
3 41 76 77 53 64 45 49 56 79 45 0 15
3 86 54 66 78 43 75 46 57 52 90 0 15
3 37 97 45 90 57 76 32 28 81 57 0 11
7 24 21 33 60 82 89 100 91 80 56 0 31
8 67 83 43 69 100 34 64 90 66 94 0 38
5 43 47 97 75 32 68 80 44 37 33 0 22
5 36 43 80 79 60 91 46 61 97 63 0 23
10 87 77 72 64 81 95 39 46 39 72 0 46
10 66 23 79 88 35 32 54 27 89 21 0 49
9 65 50 96 77 36 35 46 50 64 97 0 45
3 99 60 63 26 78 74 62 92 81 99 0 11
4 99 68 31 67 68 80 84 46 47 52 0 18
3 43 89 56 66 87 40 84 85 21 78 0 12
9 99 42 66 53 76 78 98 34 96 27 0 41
7 49 31 74 94 24 70 56 56 81 76 0 33
6 57 99 49 76 77 57 45 61 72 51 0 28
6 66 85 52 60 84 62 30 31 25 45 0 29
8 76 30 99 22 51 83 42 53 36 83 0 38
3 22 48 86 84 32 39 60 44 31 80 0 12
8 77 88 84 36 71 81 57 28 70 74 0 37
4 86 60 34 37 93 35 30 76 72 51 0 16
7 90 82 71 95 63 64 84 56 41 40 0 35
8 40 71 48 58 66 69 54 31 43 26 0 38
9 88 30 96 74 85 64 52 87 73 66 0 42
6 72 72 39 54 45 70 88 35 89 25 0 30
8 83 31 77 93 48 78 80 22 99 58 0 39
6 70 83 41 71 40 73 25 32 94 71 0 26
7 85 77 52 73 59 60 70 44 43 72 0 33
3 89 55 66 33 55 60 70 45 39 92 0 11
3 54 39 24 38 55 82 38 53 23 89 0 11
6 36 92 26 56 21 70 51 51 92 53 0 27
5 26 32 91 66 53 53 88 92 64 81 0 23
5 30 24 22 97 35 51 73 42 39 91 0 25
10 51 42 55 65 81 80 41 24 35 56 0 48
6 86 22 77 89 36 44 50 71 29 33 0 27
8 37 92 47 50 96 46 99 37 60 35 0 40
9 34 42 58 48 74 82 73 65 36 41 0 41
9 44 66 26 35 53 26 97 72 43 37 0 45
8 91 61 90 78 40 72 53 77 61 66 0 36
10 26 54 89 94 56 45 34 61 34 79 0 49
5 87 91 71 58 55 69 27 50 54 45 0 25
7 24 89 66 53 25 72 74 99 84 99 0 31
5 55 33 46 35 57 87 88 81 79 84 0 21
6 99 41 36 43 22 49 47 90 43 31 0 26
4 93 44 21 21 33 58 53 60 98 29 0 17
3 80 63 52 64 48 57 70 34 61 46 0 11
9 68 84 45 66 66 52 86 37 85 86 0 42
6 57 37 40 82 40 38 31 94 89 52 0 30
7 48 41 64 45 52 94 80 93 28 50 0 31
3 50 55 36 45 70 44 75 59 65 77 0 13
3 36 88 53 64 77 31 91 75 23 67 0 11
10 80 32 68 81 89 74 53 28 52 99 0 50
9 88 62 48 59 55 35 35 79 28 99 0 45
10 99 69 66 100 30 58 59 97 27 71 0 48
4 79 32 74 80 36 24 30 29 100 73 0 19
7 75 81 21 72 87 53 92 92 96 91 0 35
8 53 31 45 30 41 36 60 82 52 31 0 36
10 88 57 50 79 93 31 85 68 48 52 0 46
4 88 48 44 85 73 89 55 43 48 61 0 18
10 34 79 42 68 21 42 96 27 39 42 0 47
6 26 36 82 50 28 72 40 55 83 73 0 28
10 51 49 68 88 42 91 67 77 32 72 0 49
7 25 60 68 43 28 76 35 23 26 28 0 34
3 69 78 68 30 23 82 31 30 36 85 0 13
5 55 63 98 22 84 45 89 96 41 27 0 25
6 44 97 75 74 79 90 22 85 46 24 0 28
5 65 73 98 94 41 45 79 72 56 71 0 24
6 96 34 89 63 50 57 24 33 100 45 0 30
3 44 40 83 45 64 73 34 50 54 65 0 11
4 83 71 32 36 87 45 93 35 30 60 0 20
8 24 81 91 100 66 83 88 34 28 58 0 36
7 83 36 49 78 39 47 60 96 35 28 0 33
10 54 53 70 44 67 64 82 32 88 84 0 48
10 59 93 24 49 83 74 74 86 67 46 0 47
7 63 76 99 86 45 47 50 41 74 47 0 33
10 27 96 52 99 83 98 22 89 69 27 0 49
9 43 49 99 38 58 70 59 37 41 96 0 44
10 99 41 55 59 86 58 47 83 68 76 0 46
4 51 33 95 84 95 94 94 58 42 30 0 20
6 44 91 45 36 57 26 24 49 64 46 0 30
6 90 29 65 96 90 72 70 21 51 55 0 27
6 22 28 52 33 20 57 20 99 41 22 0 29
9 81 26 56 25 88 50 37 72 93 35 0 44
5 35 75 38 77 50 99 21 59 24 89 0 24
8 75 38 85 65 79 44 98 60 89 22 0 40
8 21 73 75 37 74 59 85 92 86 38 0 40
10 55 87 76 37 27 51 49 90 29 61 0 49
6 87 82 91 22 23 58 24 94 53 84 0 29
9 48 42 54 77 96 77 76 73 24 97 0 43
4 72 58 45 69 96 47 73 63 69 64 0 20
3 67 98 75 97 70 50 68 42 61 88 0 11
4 24 96 46 69 62 63 96 27 93 53 0 20
8 48 40 52 94 45 85 91 29 82 97 0 40
10 30 55 61 48 80 62 32 31 68 42 0 47
7 76 24 32 92 92 85 52 52 36 86 0 34
8 42 28 62 55 58 44 28 72 95 73 0 37
3 72 52 36 60 22 70 78 45 32 53 0 13
7 82 89 100 93 47 98 69 33 64 29 0 33
3 41 81 43 87 93 94 62 23 66 23 0 13
9 96 93 83 76 82 26 93 98 100 71 0 44
3 27 64 66 30 58 55 97 64 31 23 0 12
10 37 32 61 45 94 97 28 63 31 35 0 50
10 98 49 97 98 78 82 38 41 53 98 0 49
10 90 99 21 45 68 93 93 86 47 25 0 46
10 44 70 80 29 81 51 23 44 34 67 0 48
4 61 67 80 71 65 21 50 91 30 76 0 17
3 90 64 32 84 55 21 89 87 93 92 0 13
6 88 26 86 69 63 32 95 70 23 78 0 26
8 87 75 38 69 67 40 90 47 65 61 0 39
4 43 80 59 30 63 28 39 82 41 92 0 16
7 86 23 28 60 63 54 35 77 29 97 0 34
3 56 73 51 100 98 94 55 84 63 50 0 13
7 83 100 85 71 80 70 21 95 77 64 0 31
9 22 76 64 70 43 77 90 96 67 40 0 41
4 41 32 92 49 76 67 94 58 94 41 0 16
5 96 75 36 85 43 57 34 33 29 38 0 22
10 55 28 97 71 46 81 54 89 75 96 0 50
3 26 87 26 25 70 92 40 40 21 48 0 14
9 54 52 91 75 92 46 74 95 79 62 0 42
4 51 31 37 66 33 57 40 32 42 87 0 17
3 85 35 64 49 98 40 30 42 92 45 0 13
5 92 58 71 94 64 71 62 23 21 99 0 23
4 70 56 24 94 26 50 63 65 33 95 0 16
9 60 61 29 38 25 92 71 68 65 51 0 44
9 70 66 90 60 54 95 96 69 87 23 0 45
8 61 86 70 42 37 97 22 91 56 34 0 39
7 43 58 37 89 37 68 43 95 37 40 0 31
5 86 52 24 91 72 38 72 74 25 32 0 23
4 99 98 83 42 89 50 89 23 61 55 0 18
7 48 50 24 77 30 63 63 29 32 81 0 31
5 41 85 93 76 58 89 40 74 98 93 0 22
5 59 36 34 80 46 96 36 67 55 77 0 24
6 79 89 49 28 55 93 62 32 69 81 0 29
6 51 69 72 70 56 51 73 36 90 100 0 28
3 62 71 53 100 38 30 65 52 52 57 0 13
8 25 24 94 53 97 48 35 91 87 57 0 37
7 93 53 73 77 93 80 64 50 74 66 0 32
7 42 52 32 90 97 81 45 82 42 27 0 32
8 38 56 68 71 88 48 31 76 69 82 0 40
6 20 21 32 91 37 53 67 72 54 54 0 29
9 38 84 52 47 85 49 93 81 94 54 0 43
9 23 94 89 84 26 67 59 94 26 47 0 41
2 49 57 80 88 24 38 55 42 59 82 0 10
3 26 95 55 21 43 53 77 33 73 62 0 13
5 51 31 37 28 29 36 38 85 78 98 0 24
3 62 54 58 80 60 87 50 77 72 60 0 12
6 39 45 94 84 99 97 38 82 70 20 0 28
6 69 53 51 37 35 90 69 37 64 21 0 26
3 52 87 24 21 85 45 81 99 22 25 0 12
7 35 24 87 55 30 44 29 74 82 80 0 32
8 27 39 93 37 25 21 81 94 25 21 0 38
8 81 84 47 46 91 60 35 26 80 84 0 36
6 69 62 53 79 63 65 31 50 89 23 0 26
7 25 36 74 60 34 62 24 89 51 63 0 33
2 43 29 46 89 52 23 35 28 51 64 0 10
9 92 24 89 61 66 93 89 28 47 98 0 45
3 34 22 56 24 34 85 63 35 40 93 0 15
7 30 25 87 94 90 81 31 55 61 78 0 34
4 31 87 64 42 40 71 77 88 99 68 0 18
5 99 63 63 90 86 99 57 81 92 37 0 23
4 81 34 77 95 91 65 88 67 56 95 0 19
6 46 62 67 21 23 70 56 50 51 54 0 27
4 56 87 31 43 71 89 77 35 66 75 0 18
4 67 83 50 80 38 84 78 29 89 65 0 16
7 41 81 62 82 35 60 54 63 67 32 0 32
4 61 55 26 22 45 22 52 55 43 31 0 19
8 29 84 80 86 52 91 95 69 99 86 0 37
10 35 53 76 22 26 53 90 81 47 67 0 49
10 78 50 91 52 55 61 41 87 49 48 0 50
3 73 32 82 33 100 83 85 26 88 64 0 12
3 64 94 48 53 37 98 32 68 61 32 0 11
4 42 44 43 98 46 75 74 81 88 94 0 18
3 89 31 97 50 54 90 82 61 88 29 0 15
7 26 55 97 39 62 58 72 48 47 56 0 34
10 23 28 41 69 69 84 94 43 59 24 0 47
6 84 84 21 65 66 64 53 25 42 97 0 29
9 20 55 39 94 34 44 93 20 75 38 0 45
7 80 98 21 47 23 39 20 62 96 28 0 35
5 73 35 47 31 92 65 80 44 37 73 0 24
6 73 31 90 38 58 59 95 37 89 66 0 28
7 56 73 85 94 98 42 74 90 54 45 0 31
3 77 94 33 68 45 37 30 57 63 25 0 12
5 74 97 75 67 65 51 34 55 78 78 0 23
5 85 28 41 35 96 94 97 97 39 21 0 22
4 66 22 86 86 41 28 82 92 36 76 0 20
7 40 46 47 40 55 22 84 50 70 51 0 31
6 32 92 29 43 99 45 85 94 22 47 0 28
10 93 59 36 22 84 47 21 44 29 31 0 48
10 49 75 67 78 25 84 60 91 34 37 0 49
4 71 77 22 28 69 77 80 92 62 42 0 17
9 79 50 80 78 37 33 92 40 31 58 0 42
9 43 70 43 89 100 29 78 85 26 58 0 42
3 85 49 95 39 41 30 55 58 44 41 0 13
6 46 72 74 89 77 75 63 67 37 24 0 29
10 90 74 71 31 98 54 39 46 84 90 0 46
3 27 28 42 43 80 91 34 36 33 60 0 12
6 45 96 53 39 40 38 24 31 20 78 0 29
3 78 91 32 61 39 72 40 33 38 71 0 11
8 32 99 64 21 90 42 52 66 22 53 0 37
3 33 23 95 30 38 96 50 58 94 90 0 13
8 39 50 50 36 38 26 60 35 77 56 0 37
5 84 63 60 86 69 32 34 75 49 27 0 25
6 86 51 54 20 95 72 47 96 57 43 0 28
8 63 64 36 79 84 81 60 71 45 74 0 40
6 98 75 97 97 26 96 71 99 40 80 0 28
10 33 23 76 86 51 98 91 27 42 34 0 48
8 47 91 88 42 81 98 97 21 28 96 0 37
6 76 72 45 68 44 94 84 70 92 58 0 29
10 61 46 75 27 37 89 66 78 21 65 0 46
8 78 79 35 93 98 57 90 66 36 49 0 37
9 84 40 82 31 61 51 82 64 99 73 0 41
7 21 93 22 75 81 95 99 47 65 41 0 32
10 41 98 20 88 67 49 63 40 53 63 0 50
5 88 78 31 52 87 73 20 47 70 91 0 24
9 60 44 59 97 52 45 21 100 98 22 0 45
5 35 60 77 87 98 90 86 62 39 80 0 23
9 70 63 30 63 63 20 47 63 37 32 0 45
5 42 59 52 95 47 56 44 78 78 73 0 25
9 75 69 71 55 86 40 30 36 48 29 0 41
10 92 50 69 45 44 34 77 22 29 48 0 48
3 42 90 58 76 44 74 34 80 33 41 0 15
175 170 242 197 216
106 166 182 231 274
124 164 217 228 264
123 164 207 246 295
107 144 187 239 291
135 165 220 223 285
118 165 208 224 273
103 164 206 255 264
117 169 210 254 264
113 176 217 246 295
121 161 219 226 266
117 175 202 229 287
131 148 216 238 273
128 171 198 243 280
129 145 181 257 297
113 174 187 246 264
139 178 184 252 275
103 159 192 224 298
119 147 204 229 267
101 175 215 247 269
115 160 209 259 288
104 151 207 236 270
124 177 195 245 274
105 156 214 249 300
140 159 209 225 268
102 169 209 257 298
107 165 203 260 260
121 151 212 244 282
120 152 190 240 269
108 166 191 231 283
130 151 218 236 269
123 156 196 241 276
111 174 212 220 281
119 143 182 245 287
129 168 188 245 270
140 154 196 226 266
112 140 220 256 291
103 143 189 222 276
126 156 188 237 283
138 173 183 251 273
137 168 203 229 277
138 157 190 221 295
103 155 187 245 269
115 169 181 227 267
118 163 189 246 267
108 175 214 243 272
139 147 203 230 273
104 154 214 243 263
139 150 191 224 289
140 149 194 223 268
135 171 216 246 281
128 162 183 256 284
120 140 211 232 263
110 156 190 225 282
129 149 211 253 296
102 175 217 247 287
123 176 217 229 286
137 153 190 247 275
124 156 180 235 263
132 160 219 256 269
139 155 184 242 270
115 143 209 252 275
108 146 212 246 279
117 178 213 250 288
132 145 189 220 275
120 162 219 235 285
125 155 209 245 286
118 146 217 229 292
140 144 217 246 284
127 163 206 233 284
101 162 197 223 289
118 145 220 245 283
119 146 187 220 286
139 177 180 258 299
138 177 206 259 266
115 167 183 223 294
135 160 208 237 269
114 160 196 245 288
119 143 220 222 290
115 164 191 246 298
117 169 190 259 271
101 158 211 243 268
106 180 194 243 280
111 176 205 248 265
120 179 216 233 298
127 141 212 221 292
107 168 213 240 299
127 165 197 244 295
105 161 199 244 277
114 164 187 233 280
125 177 209 246 294
126 174 200 250 269
140 159 190 235 300
101 150 214 227 266
118 159 192 231 285
127 150 193 242 279
112 147 185 240 292
130 168 197 227 282
134 162 206 257 291
124 144 199 223 278
107 143 209 236 270
114 148 182 253 291
113 169 200 248 284
103 172 196 243 270
127 148 212 225 271
136 150 208 224 269
138 173 196 226 263
120 170 200 256 295
108 159 216 253 279
111 160 193 257 299
137 159 192 227 278
139 174 207 253 285
132 144 200 244 276
116 158 206 240 282
115 140 199 222 280
120 173 205 233 278
112 175 201 248 282
127 145 217 241 276
118 176 201 225 279
139 176 201 243 263
123 162 189 259 275
131 144 193 247 264
101 151 192 258 274
101 178 219 222 287
108 165 181 256 275
123 140 219 251 291
104 164 192 222 262
108 177 185 235 285
129 171 183 252 285
101 157 212 235 282
121 165 220 242 295
126 158 209 237 262
109 173 213 253 262
118 156 217 258 268
100 150 182 242 293
114 172 212 225 261
128 142 220 236 272
101 165 181 227 267
126 170 192 229 300
115 174 186 236 294
109 153 213 220 289
102 144 211 258 288
125 157 202 251 298
137 146 198 237 281
118 147 216 233 294
134 177 200 250 260
124 152 189 235 263
128 168 191 227 279
129 175 202 234 277
120 167 204 237 268
140 156 186 246 260
109 174 211 232 276
132 151 214 251 300
134 152 201 246 287
129 141 182 231 262
127 151 205 260 284
104 164 187 242 264
132 170 208 236 297
114 161 197 234 290
100 144 181 229 260
117 163 184 243 293
114 148 206 243 297
133 143 214 233 287
113 165 189 259 279
136 149 205 223 277
113 164 218 234 300
101 165 187 231 264
131 177 194 239 272
122 148 191 253 272
137 144 195 223 278
106 178 207 240 269
121 178 219 227 281
134 150 180 242 262
124 176 186 242 288
116 160 211 259 270
109 159 182 234 288
114 169 215 253 296
111 158 188 225 270
109 171 197 244 296
118 143 203 232 274
111 144 192 259 275
134 173 213 228 273
128 179 210 220 277
111 169 203 257 293
113 150 195 220 294
114 171 180 235 291
112 170 216 251 292
112 165 213 223 286
132 153 192 224 272
102 146 185 238 262
101 142 186 248 288
119 178 186 248 296
134 162 217 227 266
123 180 216 229 284
125 178 204 224 269
110 152 183 233 289
101 167 211 239 292
130 149 194 239 293
133 156 211 241 288
105 147 219 255 274
111 142 192 241 291
134 152 193 260 270
103 161 208 240 287
108 180 199 238 262
132 163 219 233 286
102 142 189 236 276
116 142 187 240 279
113 176 218 248 280
106 179 181 241 290
109 173 198 236 280
106 156 214 253 285
138 172 219 248 271
105 171 198 238 265
110 170 206 231 282
109 147 214 251 271
133 165 199 238 287
104 142 197 232 267
112 144 188 252 294
136 163 180 220 275
123 171 196 234 277
113 140 180 235 268
134 180 184 248 296
103 179 181 259 270
103 173 184 223 282
111 158 204 245 290
113 160 185 251 266
116 151 183 239 272
100 177 184 248 285
131 180 182 221 267
122 177 204 249 265
100 145 201 231 265
115 175 192 240 299
125 156 188 254 284
104 152 218 221 277
128 169 198 246 283
127 173 207 239 263
121 178 199 238 280
106 161 219 228 299
109 168 183 227 282
102 172 199 222 294
124 144 186 243 287
109 166 211 259 287
125 170 188 221 281
114 155 190 232 265
133 166 181 228 272
139 154 216 241 275
138 144 180 240 293
132 147 215 227 280
108 155 180 226 279
131 141 182 245 298
114 157 194 224 272
128 163 203 242 266
131 168 194 259 289
115 146 202 226 282
138 146 206 228 275
132 146 201 258 280
137 162 215 227 287
113 144 201 258 278
116 168 190 222 283
108 157 201 246 269
124 152 201 242 277
130 167 183 257 269
103 162 192 226 272
135 149 210 239 292
103 173 189 233 265
102 154 201 243 295
135 177 203 232 268
132 153 189 231 295
112 160 195 240 289
127 167 182 220 297
126 152 192 232 280
128 157 190 242 260
127 171 212 224 276
135 168 205 236 268
134 162 190 236 293
133 161 208 252 298
108 166 182 233 272
119 172 194 226 261
119 174 200 237 277
101 141 187 226 290
104 178 220 244 297
127 160 215 246 267
119 180 195 243 273
129 151 220 243 292
104 164 186 257 288
137 164 183 227 290
124 159 207 253 287
113 180 211 249 285
110 142 201 232 283
127 173 199 222 272
115 158 194 241 264
110 152 217 254 288
114 168 187 248 298
124 173 186 250 295
131 159 204 247 281
106 168 202 237 266
135 145 210 227 268
140 172 207 250 260
126 178 194 243 265
112 147 183 244 281
133 175 213 260 263
109 156 210 245 263
126 175 199 250 266
123 158 214 245 276
138 168 190 248 265
124 142 203 243 277
134 154 202 243 298
107 173 190 241 264
112 157 187 234 292
100 151 205 248 297
124 171 219 253 262
126 163 191 259 280
109 176 186 226 295
103 158 211 248 283
137 156 213 248 274
136 173 187 220 284
139 147 184 234 267
106 167 196 257 264
120 156 196 230 264
129 150 213 223 290
120 171 187 255 277
140 141 209 255 261
139 164 213 241 260
103 176 211 255 264
125 166 217 235 276
116 154 198 245 275
105 155 191 237 270
133 160 181 250 274
103 142 185 247 278
113 146 181 254 290
105 148 206 237 282
124 161 180 238 289
132 180 198 254 293
104 144 185 259 295
136 177 219 246 288
102 179 196 254 288
100 149 186 243 278
131 140 219 260 282
117 168 194 249 285
114 171 213 255 267
125 146 192 229 278
104 168 201 253 267
130 150 193 260 263
112 157 191 226 300
121 143 196 258 270
137 160 207 220 277
128 143 216 225 287
101 176 191 249 282
136 143 184 238 300
136 144 202 224 261
128 173 210 243 267
112 166 186 221 274
117 145 213 250 291
109 174 211 220 272
124 163 218 226 265
108 161 207 237 277
121 147 199 255 286
136 146 187 251 260
127 156 181 258 285
116 178 216 233 299
134 166 182 259 293
123 167 207 250 285
134 172 191 240 273
135 149 184 245 270
128 172 187 244 267
113 166 213 254 292
125 150 207 232 265
131 169 190 227 280
126 176 191 246 299
115 163 214 241 288
120 160 203 239 280
113 174 181 230 288
118 147 185 234 274
136 157 180 260 283
140 164 185 259 294
119 147 216 238 275
130 144 196 240 261
107 180 201 231 262
134 168 208 226 276
118 149 211 235 299
114 174 203 259 262
129 143 218 236 260
107 150 201 226 271
129 143 209 242 294
124 143 211 250 262
126 180 185 236 289
100 158 200 257 280
137 165 203 230 279
115 162 184 236 286
123 161 190 246 297
101 154 216 229 267
126 168 220 238 283
110 163 187 249 266
139 177 207 256 289
107 168 203 246 282
107 148 184 231 279
103 147 210 251 265
105 173 185 240 260
126 174 186 242 278
121 166 218 232 267
121 156 191 258 284
127 169 185 246 292
107 151 208 250 267
133 140 202 235 281
122 161 203 247 261
122 149 200 245 275
117 157 193 220 285
107 151 183 224 299
129 143 217 223 286
118 159 198 243 278
115 152 214 239 294
133 180 182 252 273
112 146 182 247 281
115 178 200 249 262
120 165 183 248 281
103 171 212 224 267
133 165 191 229 276
119 159 210 245 300
134 148 191 240 280
124 146 194 240 266
113 157 188 260 269
130 178 214 235 291
130 145 209 237 277
126 177 196 229 290
128 155 220 229 283
123 151 198 230 297
116 164 199 231 291
120 174 182 257 299
123 171 191 260 298
130 168 192 241 286
116 155 212 230 279
123 145 182 243 279
123 142 209 242 275
126 170 204 235 281
119 166 211 241 260
127 147 188 224 269
135 152 194 258 281
115 171 197 260 271
115 144 208 256 266
102 151 192 258 282
117 145 220 250 289
122 154 202 251 289
103 164 209 256 260
112 161 218 224 263
116 170 220 229 263
125 170 213 221 288
121 156 200 249 295
136 153 191 244 291
125 165 213 244 273
135 177 208 220 299
113 143 208 256 274
115 167 217 236 266
119 153 213 257 260
102 162 203 232 281
140 154 183 259 286
130 170 180 235 283
109 175 183 258 284
126 147 184 246 264
126 148 213 248 288
113 180 197 255 277
119 144 209 231 285
102 179 210 251 300
133 179 198 243 265
132 178 216 252 261
122 171 217 251 297
132 162 220 241 284
109 153 220 228 270
107 145 220 235 281
113 162 212 226 289
109 150 183 258 295
124 176 183 247 262
112 161 211 253 283
140 146 198 236 275
138 143 219 249 297
118 156 185 247 262
114 167 203 233 261
134 150 193 237 298
113 158 217 222 263
126 166 207 256 288
126 172 182 240 286
137 167 181 248 288
114 166 203 260 265
103 154 214 232 280
116 164 180 224 287
131 160 203 222 297
123 175 216 260 279
106 148 206 225 278
103 140 190 226 291
118 160 214 221 268
106 149 187 254 275
121 165 211 250 272
138 150 191 249 276
103 150 219 250 286
133 161 215 242 275
131 172 193 255 273
124 150 184 247 278
104 144 206 240 283
101 160 189 235 299
135 167 182 241 286
112 159 182 256 294
134 150 182 231 289
114 171 208 223 294
100 169 219 241 271
109 151 186 239 279
115 141 219 247 299
102 180 181 225 272
136 175 216 258 278
131 141 209 227 268
134 140 193 251 269
102 147 183 260 283
107 148 188 221 293
116 172 189 236 279
134 156 188 257 271
103 177 184 258 275
126 159 194 243 260
119 177 206 254 264
140 163 197 248 280
101 146 207 238 267
116 169 185 238 297
109 157 189 235 284
106 157 192 255 288
113 152 206 253 269
117 152 180 255 266
122 159 196 244 268
114 159 210 259 276
115 179 196 247 292
118 152 206 246 279
119 174 194 229 289
101 154 206 228 268
140 169 191 238 278
136 156 213 230 267
117 172 184 257 292
132 178 196 238 291
132 158 188 226 279
127 169 200 222 276
125 167 187 254 272
126 154 199 246 287
120 151 210 228 288
139 180 192 253 267
122 176 187 251 264
140 173 216 237 286
135 157 206 253 294
100 140 203 221 262
116 163 216 236 264
115 155 190 222 286
128 162 219 241 278
117 159 208 223 279
109 180 212 242 284
131 146 211 256 280
104 151 183 220 290
116 156 193 234 278
116 180 216 233 273
134 164 197 251 268
137 157 212 238 295
102 165 182 239 285
129 177 220 227 274
105 152 180 253 270
108 153 198 232 296
124 144 199 241 284
130 146 185 232 278
100 173 180 258 291
131 161 214 227 260
129 166 180 228 271
134 174 185 235 269
132 144 204 241 261
125 168 207 256 299
103 143 192 252 299
105 149 180 239 282
123 165 186 231 275
103 149 184 234 281
117 164 216 245 272
137 178 213 245 271
110 163 184 256 261
140 164 182 249 293
135 171 212 234 273
136 144 196 242 300
117 170 214 252 270
119 173 196 241 300
102 150 214 232 264
134 152 205 253 285
115 177 199 251 265
100 172 189 221 284
127 168 195 242 275
122 145 180 240 274
133 140 211 231 270
104 171 214 259 279
134 148 209 260 288
127 153 213 234 271
120 180 197 243 283
138 148 210 256 265
121 161 203 247 261
103 161 206 239 267
113 175 219 254 272
121 142 194 224 268
108 179 195 257 280
104 151 184 245 273
100 161 201 241 273
132 174 218 220 292
113 166 217 252 278
111 162 218 251 291
115 141 203 244 296
112 160 214 227 296
139 144 187 232 289
104 179 215 244 261
127 178 200 223 263
123 156 199 245 270
126 177 191 240 263
138 166 206 232 279
100 156 217 247 293
101 167 195 224 295
131 176 183 228 295
126 159 215 231 290
129 164 189 248 265
134 152 191 234 276
117 151 210 258 292
130 175 214 232 293
119 173 213 222 288
120 175 201 227 260
105 156 200 240 265
111 150 211 222 267
105 158 198 223 300
106 172 214 243 295
109 171 194 240 300
138 179 183 259 267
103 146 192 251 287
113 178 188 248 260
103 146 197 256 280
112 174 182 246 299
137 165 218 228 270
138 144 194 234 266
104 144 209 244 264
136 159 198 221 260
130 166 188 233 268
113 151 195 222 268
124 140 218 256 299
111 154 220 229 283
101 144 180 252 294
112 142 188 237 290
113 145 197 246 295
128 160 194 259 264
105 167 204 228 300
106 166 219 240 279
126 160 186 237 275
112 146 216 254 279
122 147 187 232 272
129 179 205 221 265
116 144 196 225 300
110 149 219 258 290
130 174 192 240 292
107 166 187 243 270
136 160 206 233 260
135 154 199 240 286
117 146 203 240 272
126 157 210 242 288
104 145 218 240 277
118 149 200 231 286
137 178 212 237 293
104 144 182 223 287
101 157 186 224 266
115 168 196 253 285
122 163 202 235 296
120 170 207 234 289
113 146 191 251 275
106 169 196 229 261
134 140 217 222 288
118 157 205 227 263
116 179 198 259 300
112 174 220 233 277
102 161 202 243 281
128 163 207 257 268
102 161 184 257 269
132 163 203 230 268
126 167 219 224 275
137 180 212 220 284
131 177 183 224 261
140 173 207 233 263
109 176 184 258 288
140 172 199 259 290
124 163 208 236 297
133 158 195 258 266
105 180 185 226 271
134 179 215 229 294
110 176 217 243 263
129 163 209 228 264
107 171 189 231 280
126 149 186 239 263
112 154 202 224 281
110 141 207 227 274
122 155 190 225 268
118 162 191 255 265
115 148 194 243 265
119 158 215 260 275
122 160 184 228 279
112 160 194 229 260
116 172 213 248 296
101 173 211 245 266
110 146 189 243 300
131 156 205 254 263
110 159 200 226 266
112 179 191 233 277
137 172 188 259 261
101 160 198 235 281
131 178 219 227 277
105 154 217 235 283
119 170 209 258 282
125 176 212 235 283
107 141 209 250 282
139 156 200 260 269
106 175 205 240 264
127 161 204 224 263
117 146 187 239 294
132 150 188 227 271
136 154 216 240 289
100 167 212 232 287
129 153 189 250 300
124 180 187 238 298
116 145 192 231 283
116 169 200 227 280
114 153 184 231 276
118 173 189 248 262
116 160 181 249 298
105 155 187 224 291
102 155 214 241 261
104 155 205 234 299
140 147 212 258 300
100 148 183 254 294
137 175 206 223 289
111 140 205 252 279
102 180 201 247 289
117 180 189 245 296
106 180 209 251 297
115 161 207 248 299
135 159 219 236 279
113 173 185 242 275
113 167 196 243 290
120 180 186 246 297
117 145 205 251 275
136 172 220 238 278
129 179 191 229 262
126 165 207 251 295
130 156 198 223 263
114 158 192 251 294
114 148 195 254 269
115 173 209 231 288
133 145 180 231 299
129 165 189 247 270
126 143 213 230 280
137 154 187 235 281
111 162 211 228 278
101 153 193 246 290
117 148 217 242 278
134 170 218 239 287
117 145 180 241 295
112 157 215 230 264
107 149 201 259 297
120 172 206 246 267
128 166 203 255 294
140 162 192 239 266
105 149 203 240 270
138 164 190 242 297
121 164 186 255 292
130 151 181 240 263
138 173 210 245 290
102 151 206 246 263
107 147 187 251 267
105 161 215 234 279
117 162 203 257 268
114 156 200 223 279
124 150 204 257 269
137 151 207 242 276
116 146 184 234 261
107 159 200 256 264
109 147 183 244 270
103 144 216 237 281
128 156 198 221 263
129 160 202 238 271
105 179 198 259 278
131 162 194 233 300
128 166 218 232 261
120 180 194 256 275
108 147 207 251 299
118 146 213 258 281
108 172 211 248 286
121 142 202 230 266
131 143 198 259 269
134 144 198 252 276
120 141 210 240 279
130 159 219 227 282
115 163 218 225 294
140 162 210 233 274
136 166 200 251 275
120 172 181 246 296
111 174 220 228 299
119 164 182 258 297
108 142 199 258 278
106 172 210 233 295
139 177 210 240 279
124 158 189 258 277
101 177 220 250 291
126 167 218 257 262
103 173 185 224 292
105 161 190 247 269
130 166 214 254 275
100 156 217 225 288
114 156 201 242 280
110 161 212 242 290
121 161 190 249 300
112 155 194 245 278
111 172 182 225 299
139 175 186 242 289
100 151 199 241 265
103 145 200 260 299
127 178 204 244 268
126 164 185 260 280
123 140 215 242 289
118 151 192 240 271
101 140 183 260 265
114 165 182 228 269
127 144 200 233 299
125 162 189 260 275
140 145 210 256 296
135 158 202 252 277
106 160 211 230 292
132 159 196 235 268
101 151 220 229 274
128 157 202 242 295
135 149 217 224 260
137 148 205 259 284
130 173 202 253 279
107 151 206 251 287
128 157 181 255 284
113 170 211 247 286
129 157 195 221 294
104 173 182 249 299
118 173 208 239 265
140 144 185 238 299
139 147 198 235 277
116 146 182 230 273
121 171 218 237 270
108 158 201 227 299
137 151 185 244 293
109 159 214 244 287
127 156 188 250 286
116 167 199 255 286
131 146 200 221 285
137 165 185 225 269
131 140 189 246 299
104 180 191 242 276
139 180 212 253 283
106 154 206 257 275
126 163 218 247 271
100 147 190 246 299
128 172 211 249 274
115 153 208 220 282
137 146 208 242 289
116 153 198 235 265
113 176 212 226 273
119 145 183 232 291
138 158 218 238 286
117 174 184 225 272
107 152 212 250 296
123 161 209 237 281
138 177 188 240 283
115 152 217 224 297
138 157 187 245 294
106 149 206 229 285
105 141 188 259 297
137 164 206 221 292
124 152 196 254 297
117 151 194 223 273
107 175 185 253 275
122 161 210 228 279
111 164 211 228 263
118 158 218 258 283
101 178 213 242 290
136 156 208 234 296
107 161 204 221 286
120 142 203 258 270
122 144 185 238 291
124 144 211 255 290
133 179 217 255 289
107 142 189 255 275
109 160 216 222 293
101 170 190 254 299
100 145 220 225 295
135 171 187 238 299
132 172 209 247 261
104 152 186 230 293
106 158 200 249 283
134 153 216 244 299
104 166 215 243 289
140 147 182 225 284
125 174 194 240 290
139 150 215 256 270
131 178 216 256 270
138 147 191 248 260
138 162 216 254 287
105 140 181 257 289
127 174 218 241 265
117 169 203 253 296
117 153 209 228 285
135 150 200 243 275
108 169 218 253 266
123 141 217 224 268
117 174 183 253 282
110 155 208 245 264
127 166 208 220 293
116 156 205 224 276
114 179 199 239 292
125 172 214 222 296
137 179 186 246 299
136 156 188 227 290
106 168 211 246 291
118 174 214 227 269
100 176 194 222 287
113 166 217 254 266
131 176 211 234 262
122 153 214 242 269
137 163 214 259 292
140 174 181 220 265
102 141 194 235 269
110 142 199 241 285
124 159 185 245 292
125 161 190 246 293
128 180 197 243 299
136 160 181 254 287
117 179 203 245 268
118 151 191 225 261
127 171 207 235 285
133 151 220 229 290
135 141 206 224 263
132 179 181 259 300
118 163 218 246 294
132 172 218 237 293
121 148 205 225 268
112 169 217 237 274
110 168 202 256 268
129 172 193 242 275
112 164 188 251 293
109 149 205 249 294
119 170 190 231 272
122 142 185 257 272
114 156 196 230 300
116 167 218 231 268
104 160 192 250 298
111 156 219 251 266
105 172 214 221 300
130 180 198 246 273
118 155 196 250 292
139 171 189 226 294
106 149 205 246 269
137 154 181 221 265
101 146 181 248 299
129 170 199 233 282
108 175 211 253 290
115 156 201 252 283
113 159 185 236 284
107 140 188 225 281
103 158 207 243 274
101 141 193 257 261
115 158 203 225 297
122 158 220 255 269
122 141 204 258 275
123 156 200 249 284
104 169 199 243 268
132 142 200 237 261
129 159 187 236 275
140 169 220 232 299
117 174 205 232 264
125 171 209 255 281
105 174 220 240 291
104 141 202 254 299
135 169 191 232 297
117 147 208 239 292
115 147 199 247 284
132 178 215 223 298
125 170 199 225 269
140 156 188 227 299
111 163 207 232 295
100 164 203 230 283
127 151 189 246 264
100 180 188 225 285
117 155 204 231 295
103 142 212 250 269
140 150 183 257 262
105 143 215 240 297
112 143 214 220 269
115 166 185 258 293
120 143 214 227 290
102 161 192 223 293
108 175 185 246 295
125 148 198 230 274
132 175 201 259 282
108 177 183 236 268
132 168 207 246 283
100 158 219 234 261
122 149 181 249 265
122 168 198 230 300
112 180 217 242 262
129 176 183 230 299
140 169 202 248 270
1234 1932 2118 2688 3189
2804 3709 4907 5156 5970
5854 7805 9851 11707 14039
2208 2971 3858 4931 6004
3996 4883 6511 6600 8435
1607 2247 2833 3051 3718
1094 1741 2187 2707 2803
2879 4158 5167 6249 6495
5264 8199 10109 11460 13742
2495 3319 4515 4659 5484
4283 6406 7394 8383 10506
5713 6454 9419 10379 11905
1741 2326 2693 3305 3808
5883 6613 8255 11721 13545
1427 2196 2360 3105 3332
6616 8472 8758 11994 13089
3155 4870 5880 6860 9127
2337 2886 4005 4496 5242
2284 3957 4861 5584 6081
3979 5535 7230 8960 9963
2250 3267 4478 5105 5841
5779 8249 9088 11418 12769
3003 4461 6120 7121 8579
4286 4867 6398 6888 8204
3529 5846 7230 8890 10308
3597 5547 6824 8740 8740
2252 2810 3945 4540 5247
1636 2072 2590 3271 3666
4496 6910 7951 9615 11780
5019 5830 8417 9112 10386
3274 4152 5217 6415 7346
5174 8111 9882 10255 13098
2574 3093 3936 5299 6207
6142 7999 8951 11665 12855
2747 3022 3846 4435 5220
2084 2604 4092 4762 5413
2334 3240 4282 5030 6253
3102 3841 4628 5835 6967
6845 8581 9077 12450 13541
3234 3966 4792 5405 6538
3259 3707 4486 5218 6965
4083 6144 7412 9711 10663
5249 7713 8261 10360 12185
3614 4992 5788 7533 8176
1254 2031 2483 2820 3156
2310 2443 3373 3822 4536
2457 3639 5056 5741 6214
2588 2793 3556 4170 5380
6668 7097 9240 10621 12764
5344 6769 8550 9738 11123
3662 4634 5235 7323 8124
5596 6529 9840 10819 12265
3370 4779 5821 6893 8639
5236 6048 8564 10269 12014
4345 7454 9243 10521 12225
2041 2921 3601 3800 4746
2276 2542 3156 4103 4568
1443 1816 2095 2735 3061
3246 3935 5385 6295 6615
5229 5831 6922 9104 10157
1566 1947 2846 3431 3744
4171 5638 8187 9500 10774
5685 8648 10349 12146 13992
6552 7198 9381 10920 13650
1752 2365 3197 3431 4161
1825 2263 3051 3577 4176
4320 5345 7945 8384 10690
2463 2534 3818 4328 4997
1982 2544 3215 3636 4432
4003 6420 7807 8837 11453
3848 4728 7173 7988 9227
5550 6809 8722 10261 13339
6336 8068 8205 11760 13629
5601 7184 8361 10512 10796
2717 3945 4323 5268 6945
5617 6657 8654 9861 11192
4402 6178 7568 9460 11120
1740 2090 3216 3245 4238
4555 6495 7564 9742 11802
5336 7708 8666 11813 12360
3699 5787 7728 8900 9815
3139 5330 5744 7195 8291
1289 2043 2380 2879 3076
4270 6370 7686 8291 10604
5540 6150 9247 9639 12736
4237 6652 8434 9503 11839
1727 2243 2678 3317 4011
5000 7667 9477 11619 13191
3492 5023 5727 7136 8575
5948 8422 9945 11705 13989
1966 2715 3120 3900 4197
4004 4547 5434 6720 8579
1277 1896 2705 2869 3362
5384 7254 8759 10539 13002
5159 6093 7839 9829 11332
2758 3620 4556 5910 7191
1899 2455 2878 3316 4120
3294 3983 5064 6318 7154
6279 7291 10076 11291 14076
5097 6812 9956 11242 12861
1781 2312 2843 3952 4545
1763 2637 3121 3870 4431
4390 7331 8354 10357 11508
4778 5568 7976 8465 10196
1853 2043 2833 3051 3664
4639 5815 6589 7597 8841
3791 5370 6318 8087 9318
2549 3753 5098 5972 6585
2842 4096 4941 6579 7654
3510 4073 4918 5815 7121
4668 5843 6951 8495 9570
1797 1961 2723 3322 3758
2159 2941 3834 4467 5248
3984 4850 6893 7690 9699
2953 4257 5044 5733 6841
4996 7805 8965 11061 12577
1602 1828 2736 3039 3480
4793 7148 8163 9138 11331
5365 6794 7758 9380 10151
1305 1719 2005 2747 2917
3357 3690 4946 6329 6765
2185 3266 4152 5580 5926
2991 5270 6484 6573 8497
1903 2908 3190 4511 4846
2288 2604 4073 4668 5412
1628 2566 3005 3474 4100
5035 8252 8624 10955 13286
5496 7285 7796 10735 12141
2487 3866 5220 5786 6943
2733 3727 4969 5466 6663
6000 7524 9952 11285 12476
3663 5814 7158 8502 8805
1487 1966 2735 3251 3377
4864 7295 8851 11769 14249
3491 5267 6492 6890 7992
5199 5767 8935 9585 11047
3399 5552 6091 7639 8985
5620 7582 8564 10214 13380
5590 8458 9041 11472 14291
3011 4226 5884 6077 7983
3837 5416 7936 9703 10832
3574 4489 5776 7177 8520
5701 6076 8239 9862 11693
5854 7292 10715 11559 14584
3163 4177 4720 5900 6136
1691 2073 2577 3204 3586
5583 7328 8331 9901 12169
3561 4830 5576 6459 7646
5234 7284 8897 10337 11689
3447 3841 4579 6056 6401
1266 2020 2450 2694 3205
2981 3410 4833 5669 6775
3029 3435 4543 5560 6486
2922 3194 4122 5232 5934
2108 2506 3402 4315 4713
1939 3057 3485 4510 4920
6282 8090 9898 11231 14133
3718 5251 6425 7632 9458
3367 4849 6094 7710 8754
5571 7761 8761 11570 13950
5655 7342 10219 12055 14733
3007 3233 4838 5267 6488
3685 5381 6163 8446 9098
4300 4711 6482 7051 8758
3005 4362 5798 6223 7978
3802 6212 7040 8696 9938
5319 7187 7877 9704 11044
3248 3940 5085 6735 7241
3785 3978 5387 6161 7680
4411 7407 8614 9987 11194
3339 4912 6044 6264 7755
6517 7295 8754 11769 12742
1439 2042 2158 2808 3341
4594 6337 8356 10257 10693
2685 3916 4483 5763 7093
1663 2465 3136 3690 4317
2181 3104 3693 4420 5304
1701 2668 3074 3807 4618
1491 1806 2564 2930 3461
4732 6138 8184 11040 11721
5039 6505 8009 8573 10265
4942 6910 8107 8493 10693
1176 1790 2150 2722 3104
2783 3695 4803 5419 7241
2807 4210 4431 5785 7164
1970 2990 3799 4415 5136
1189 1751 2261 2367 3035
5759 6675 8377 9773 11867
1393 1994 2526 3250 3578
2387 3356 4396 5861 6807
4593 6870 7179 9572 11424
5442 6579 8812 9218 10802
4993 7307 8768 9296 11528
2202 3135 3593 3945 4738
3810 5264 6338 8069 10009
2788 4610 5825 6598 8061
2679 3071 3998 4926 6038
1675 1965 2658 3035 3627
4055 5676 8456 9846 10580
4066 5201 7032 8827 10658
5710 6476 8223 11078 11504
1814 2836 3664 4227 5055
5251 8752 9675 11572 12738
4566 5639 7576 8060 9893
2208 3074 4091 5109 5975
5642 6906 9095 11672 13569
5152 8024 9939 11307 12766
1549 2616 2645 3522 4238
4972 7891 9032 10765 12772
2926 4306 5907 6984 7867
5049 6293 8012 9073 9914
4686 7631 8836 10621 11826
4028 6224 7542 8458 10325
5082 6853 9976 11701 12633
5001 6204 7482 8949 10791
4020 5488 7614 8967 10319
2086 2681 3500 4692 5474
6478 7764 8573 10478 13098
4257 5919 6784 8099 9587
3803 4712 6058 7909 9019
5439 7306 7468 10066 12014
2639 4586 4637 6635 6917
2332 3916 4165 5047 6383
3620 5152 6652 7989 9456
5721 8101 9366 12708 13467
2974 3871 4692 6127 6973
2962 5242 5449 7345 8440
5453 7492 7576 9199 11114
6174 8957 10323 12600 13409
4365 6329 8774 10083 11567
3634 5530 6067 7584 9448
6326 7895 9514 12854 14373
4642 6784 9729 9863 12362
2125 2805 3286 4083 4697
4522 6160 7371 8510 9364
4671 6871 7682 9187 10809
4940 7503 10206 10626 13935
1268 1954 2129 2640 3280
2205 3719 4302 4799 6356
5161 5994 7742 10114 11945
3553 5411 6877 8442 9354
5953 8096 8953 10524 13382
2695 3664 4492 5485 6265
4073 5084 5543 6982 8330
3280 3634 5097 5687 6489
5329 5561 6951 9268 11314
5229 5823 8517 8992 11091
1150 1650 1916 2406 2970
2177 2343 3024 4070 4951
4177 5752 7108 8207 9965
3022 3849 4793 5714 6280
1387 1779 2054 2742 3060
5248 6662 9217 10312 12868
1879 1988 2805 3105 3744
5492 6074 8362 10733 11648
3507 4147 5503 5810 7346
2782 3545 4948 6351 6843
3785 5481 6199 7243 9233
3956 5750 7361 9009 9852
3052 3742 4948 5957 6818
5279 6782 7431 10436 10924
2229 3506 4155 4891 5886
5346 5900 8315 9464 11562
2641 4435 4845 5973 6793
4143 6255 8164 9869 11981
3187 4178 4791 5476 6326
6681 7744 9566 11691 14930
3653 5218 6360 7827 9425
6048 7952 8666 10476 14142
5623 6783 8568 10353 12494
2768 3396 4109 5234 5623
3633 4892 6065 6408 7895
4672 5814 7094 8167 9274
5441 6578 7715 9582 11897
5797 7017 9065 10983 12987
3417 5252 5758 7371 8605
2098 3032 3420 3984 4601
5309 7762 8922 10572 12356
2591 3617 4796 5796 7438
1101 1885 2329 2583 3144
6427 8097 10880 12448 13511
1500 2269 2458 3063 3441
6398 7488 10910 12051 14481
4224 6661 7554 10437 11696
2413 2888 3223 3998 5107
1934 2480 3228 3945 4475
5491 8746 10252 12099 13848
1940 2504 3544 4091 4990
4651 6335 7287 8129 9960
1223 1680 2062 2562 2806
3806 5259 7508 8788 9965
3831 5645 6284 8334 10014
1934 2698 2901 3899 4601
1782 2162 2774 3359 3821
3777 5985 7196 8443 9476
3054 3280 4751 5135 6062
2743 3370 4056 4899 5095
4613 6516 7102 8896 9701
5559 7296 9083 12110 13947
4201 5528 6728 8212 8307
4755 6805 9161 10688 11473
3226 4481 5095 6401 6810
3764 4835 6549 7498 8446
4224 5142 5815 7590 8111
3177 3638 5201 6225 7096
5172 5944 7796 9378 11501
2635 4261 4679 5935 6502
2870 4023 4792 5996 7482
4561 6888 9350 11312 13546
3918 5403 6919 7993 8278
1336 1728 2025 2746 2968
3338 5389 5695 6919 9032
4183 6417 8569 10071 11493
1863 2121 2896 3372 3725
1715 2182 2359 2775 3582
1617 1710 2140 2722 3105
4836 7618 8941 11724 12043
4636 6027 7572 8886 10199
3433 3992 5668 5934 7717
3193 4550 4975 6785 7370
3445 3470 5143 6275 6423
3003 3543 4601 5206 5616
4286 7323 8779 10610 10984
3200 4250 5555 6016 7066
5060 6718 8637 10687 11995
3742 5524 6807 8446 9622
4338 5218 5903 8153 8936
2950 4067 5299 7074 7962
3009 3887 4819 6762 7720
1956 2757 3837 4414 5252
2681 3481 3891 5145 6247
5753 7844 8629 11069 12769
3393 4697 6035 8449 9623
1982 2580 3192 3585 4197
3326 5836 6390 8281 9389
3764 5609 7001 9147 10464
6235 6663 10423 12374 13421
2411 3462 3997 5130 5872
1551 2326 2897 3468 3631
2204 2574 3385 4038 4901
3600 5816 6958 8758 9243
2550 2942 3786 5100 5159
5558 7791 9478 11214 14886
5762 6810 9334 12286 12857
1454 1698 2197 2335 2939
6095 6809 10284 10713 13665
5112 8908 9667 12603 14273
1987 2090 2689 3478 4383
5254 5563 7804 8654 10083
3021 4083 4956 5735 6301
2312 3426 3839 4561 5655
2879 3568 5240 6151 7159
1812 2892 3507 3657 4521
2184 2871 3840 3981 4668
2227 3320 4268 4887 5711
4067 4940 6688 8570 9612
4981 5347 6849 9193 9522
6046 7427 8617 12283 13568
2272 3487 4231 4564 5857
1554 1924 2110 3002 3396
3394 4608 5712 6898 7864
5843 7500 8329 10465 11904
3729 4116 5083 6768 7458
2383 3202 3481 4542 4970
3231 4746 6090 7262 8348
4578 5494 7581 8497 9706
4273 5512 6197 7403 9132
1461 2040 2214 2851 3465
4439 6292 8260 9302 11117
1274 1698 2154 2536 2971
1539 2370 2465 3133 3923
4678 5827 7333 9275 10861
4706 5433 6229 8997 9792
5682 6657 7509 10512 11933
5904 7294 10717 11808 13644
4892 5419 7376 9031 9821
3705 6232 6959 7998 9071
5173 6486 8030 8725 10655
5264 6646 9412 10482 13337
3033 4629 5401 6891 6970
2015 2234 3405 3687 4061
1888 2646 3546 3987 4781
2658 2946 4306 4986 6057
6153 7096 10470 12405 13000
5116 7309 7512 9582 11734
3862 6101 7723 9924 10812
4878 5875 7228 8189 9933
4097 5771 6555 8407 10188
4379 5732 6764 8758 10574
2892 4410 6185 6557 7645
4737 6316 8270 8947 10638
1829 2710 3109 4140 4423
6057 7713 9020 11155 12593
1670 2622 3169 3840 4401
2102 2908 3615 4538 5481
3567 5090 7272 8691 9176
1537 2532 2708 3513 3805
3857 5326 5693 7407 8509
1284 1761 2313 2461 2833
3462 4463 5464 7380 8124
4395 5848 6401 8512 10103
2956 4171 5746 6906 7375
5402 5687 8205 9545 11413
3613 4768 6012 7315 7730
2150 2625 3524 4316 4845
2648 3553 4368 4979 6449
1459 2059 2495 3054 4077
5368 5951 9030 9280 11901
5619 7571 9428 11570 13237
2830 3740 5265 5880 7233
3937 5328 5387 7459 8081
1751 2283 2845 3861 4393
3405 5271 5922 7373 7758
4634 6371 7066 9576 10850
2434 4040 5009 5292 6308
5801 7197 8331 9988 12038
2094 2797 3695 4310 5278
3567 3939 5084 6388 7453
1566 1844 2450 3031 3360
4929 6849 8201 11341 11734
5406 7402 8899 9772 12101
2420 2699 3890 4411 5156
3226 4532 5018 5863 7424
2765 3349 4753 4947 6114
3766 4623 6061 7041 9092
3203 4528 5495 6378 8035
2591 3757 3930 5549 6456
3270 4547 5078 6913 7923
2548 3293 3764 4724 5606
5524 7381 10095 10952 13285
5982 7051 8851 11817 13568
2044 2360 3473 4021 4570
1336 1803 2163 2492 2979
1739 2426 3084 3522 3800
1987 2299 2941 3504 4207
5346 6019 7683 10217 11128
2370 3523 4059 5357 5584
3061 3833 5537 6814 7081
3838 5681 7223 9706 10609
3346 4147 6292 7150 8265
4344 5483 7192 8936 10289
4390 6989 8907 10910 11080
3542 5092 6894 7084 8318
5755 8434 10915 11361 13048
3825 5202 6518 6763 8813
1525 1966 2520 3137 3717
5794 6518 8137 10395 12397
1700 2244 2897 3318 3713
3050 3998 4699 4970 6754
3008 3806 5536 6814 7293
2601 3776 4907 5336 6015
1501 1930 2686 3241 3279
1186 1883 2360 2697 3266
5544 6098 7247 10256 11325
5410 7074 7491 9779 11776
3336 5356 5601 7896 8692
3482 4062 5085 6798 7295
1966 2309 3323 3868 4492
3910 6228 6816 8823 9584
1859 2249 3265 3608 4451
4854 8518 9993 11944 14276
2075 2793 3089 3791 4134
2322 3131 3799 4432 4591
5439 7623 9674 11189 13240
2850 3498 4750 5203 6131
1812 2544 3657 3790 4489
4347 5890 8936 9546 11414
4250 6093 7974 8500 10869
4209 5792 7067 9963 11391
2681 3805 3956 5339 5664
2643 3800 4980 5971 6679
6806 7098 9626 11473 13369
3669 3802 5822 6620 7896
4323 5715 6777 9048 9598
2922 4280 5202 5971 6688
6647 7441 9574 11756 14782
4930 6894 9468 9686 11474
3350 4414 5504 6806 7657
4991 6813 7209 9506 11328
5425 6613 7168 9821 11405
4743 6907 8446 10818 11026
1403 2098 2915 3160 3814
4249 6008 6594 8205 10513
5974 7297 9258 10124 13544
3885 5527 6822 8211 8811
2824 3942 5487 5993 7405
1921 2610 3542 4214 5425
1608 2180 2916 3011 3651
2929 4117 5167 7018 7598
5276 7194 9200 10900 11859
5880 6392 8139 10610 11760
3050 4441 6484 7402 8468
4070 4926 6578 7404 8414
5712 7499 8414 11117 11902
4789 5794 7107 9540 10737
3705 5130 7339 8550 10082
4103 6500 7678 9546 12146
6832 8451 9210 12196 14473
4997 7093 8119 11420 13115
4371 4893 5937 7535 9427
2007 3011 3662 3926 5176
1361 2301 2981 3281 3689
1813 2512 3094 3976 4641
3864 4738 7358 8299 10046
1697 2995 3012 3743 4525
3887 5001 6172 7373 7944
1523 1640 2430 2639 3116
6515 6807 9384 12204 13079
1084 1562 1945 2763 3008
3814 5275 6700 7876 10442
3204 4750 5220 6518 7705
1958 2279 2746 3754 3959
3154 5419 5633 7898 8419
2599 3279 4001 5011 5362
3880 5770 6716 8280 8606
4424 5150 6224 7836 8847
4408 6371 9033 10386 11651
5175 7539 8253 10617 13249
3230 4652 5600 6963 8414
1973 2922 3574 4746 5361
1991 2678 3629 4457 4739
1244 1616 1914 2711 2828
5932 7731 9529 11863 13030
4287 5979 7896 9739 10378
3404 5298 5801 7310 8642
3848 4957 6718 8022 9099
3643 5326 5938 7009 8846
4004 6105 8166 9038 10623
1765 2130 2407 2999 3503
5387 6179 8437 9111 10576
1942 2855 3054 4266 4847
6150 8293 9132 11089 13558
2722 3259 3877 4661 5754
6301 8385 9923 11015 13694
2201 2941 3293 4473 4790
4486 5483 7085 8759 10218
2594 3264 4539 4928 6225
6755 8747 9330 12294 12974
3247 4684 4977 6680 7026
1622 2004 2502 2745 3312
1429 1662 2181 2678 3112
4666 6533 9472 10312 12225
4480 6294 8341 9113 10194
4903 6608 8100 9464 12193
5580 7063 9547 10507 12119
3583 4869 6369 6828 8543
3553 5867 6910 7888 9257
4009 4467 6456 7833 8567
2875 4175 5059 6082 8017
4713 6338 7841 9507 11294
5638 8748 10498 11324 13268
4101 5019 6029 7681 8202
3780 4332 5849 6566 8139
3328 5384 5939 7798 9299
5882 8071 10031 10350 12493
1642 2377 2815 3956 4222
4495 6368 8241 9656 12319
2061 2393 3307 4005 4719
3982 4472 5667 7106 8515
2661 4604 4790 6866 7744
5583 6861 9120 9674 11080
2274 2926 3173 4019 4777
6782 8807 9364 11894 13615
3778 4122 5839 6898 7471
3948 5306 6537 8085 9442
2536 3521 4727 6204 7361
2483 3523 4255 5650 6667
2537 3403 3836 4764 5672
1612 2331 2879 3661 4396
2294 3215 4234 4803 5332
5287 6869 8219 9454 10457
4689 6949 7844 10913 11126
6104 7150 7934 10855 12773
3456 4377 5427 5990 6988
6202 6567 8938 11036 13680
5218 7582 9544 11239 12041
1975 2871 3253 3999 4978
2921 4296 6128 6644 7560
3028 3435 4632 5716 6439
5820 8958 10071 12703 13411
4364 7505 8247 9643 12392
2871 3798 4409 5471 6217
3128 3718 4615 6153 7024
3807 4007 6039 6612 7728
3390 5574 6976 8442 9094
4903 5415 7647 9513 10538
5285 6367 8864 9738 11277
4512 6768 7407 9136 10640
1877 2013 2856 3482 3604
4794 6378 8042 9785 10340
2640 4126 5279 6125 6842
1197 1854 2320 2690 2881
4313 5062 6915 7984 9553
4385 7268 7917 10434 11368
3811 5533 6742 8977 10003
1763 2838 3543 4248 4812
1662 2191 2745 2770 3676
5266 7735 10112 11742 12954
3396 4956 6669 7679 8902
3981 4881 7026 8445 10245
2420 3457 4624 4905 6395
1615 1673 2173 2695 3357
2872 4942 5936 6737 7206
5540 7764 8724 9727 11471
5365 6804 8680 10686 11776
5496 7720 8330 10467 11470
5327 6408 7952 8955 10769
2761 4306 5990 6818 8088
1780 2943 3437 3948 5199
6629 8906 9261 11538 14928
5116 6455 8729 9379 11774
4466 5677 6542 8585 9173
4907 5566 6995 8569 10107
2761 3563 4955 6088 6890
5796 7803 9542 10344 13064
5665 8235 10140 10568 13710
2955 4309 4949 5589 6402
2797 4155 5327 6392 7058
5177 6996 9840 10353 12452
1641 2468 3093 3484 4686
1759 2854 3551 4032 4895
3336 5233 5937 7345 9181
5879 7625 7795 11032 11373
1301 1843 2424 3169 3623
5268 8299 8765 11562 12121
3154 4471 6033 7840 8574
1636 2541 2658 3593 4367
2823 3399 4491 4697 5562
2571 2682 3614 4359 4955
2458 3404 4940 5767 6239
5118 5983 7451 8316 9783
1901 2427 2749 3407 3918
1768 2363 3051 3473 4193
2925 3303 5143 6039 7053
4286 5947 8495 8843 10928
5013 7147 8934 12507 14591
2199 2788 3691 4653 5693
1765 2264 3076 3841 4606
5070 6338 7684 10259 10457
3004 4778 5836 6523 8583
4305 6741 8893 9745 11329
3103 3940 4580 5835 6771
2868 3739 5531 6504 7145
5812 7003 8908 11052 12957
2401 3332 3816 4113 4932
4945 6138 8354 9590 12787
3146 4261 6263 7378 8293
4238 5672 6258 7823 9518
1994 3093 3484 4527 5030
2940 3459 4453 5036 5620
5482 6253 8080 9745 11613
1828 2282 3172 3750 4250
2974 3705 4956 5711 6796
4537 6325 9510 10469 12083
1962 2477 3324 3840 4754
4601 5977 7119 7958 9839
3604 4990 6307 7727 9945
4005 6226 7376 8883 10548
3059 4469 5214 6730 7581
4344 5803 7192 8366 10538
2952 4182 5092 5756 7109
4365 5640 7378 9695 10622
2506 3995 4633 5413 6169
4638 4846 7511 7684 9968
2317 3082 4024 4456 5163
1344 2073 2293 3000 3474
4660 7239 9153 9693 11524
1185 1871 2347 2823 3265
2381 3032 3850 4780 4984
2104 3321 3796 5302 5549
1665 2056 2561 2901 3381
4235 5612 7360 7528 9241
5561 7307 8606 8930 11528
6632 8961 9265 11340 13214
3165 3910 4679 5266 5944
4753 7674 8023 11250 12558
3581 4399 5090 6625 7417
5902 7758 9900 11233 14136
6465 7680 9478 12540 12929
4687 8034 8257 10087 12095
5438 7264 8725 9293 11931
1387 2219 2736 3063 3315
5885 7436 9534 10401 12043
4454 7118 7867 9616 11655
4364 5161 6442 8278 9109
3655 5025 6591 7309 9169
4030 5166 7584 8317 10039
4958 6299 7721 9143 10891
2315 3178 3747 5002 5199
2603 3350 4391 5500 5998
5664 7520 10233 12375 13089
1907 2501 2876 3563 4360
1976 2823 3422 4040 4587
4244 6293 7793 9073 10829
1981 3393 4139 4806 5217
4688 6223 8055 10357 12786
6630 7895 10374 12854 13309
5020 7256 9127 10314 12139
2533 4049 4320 5270 6265
2549 3200 3497 4818 4855
4306 6821 8440 10018 11978
3877 5268 6481 6718 8197
1955 2867 4040 4375 5268
3878 5540 6811 8408 9190
1449 2041 2458 2725 3281
2206 2907 4309 5155 5814
4253 4773 6120 7955 8231
2928 4833 5662 6628 7291
1985 2516 3188 3500 4109
1945 2427 3109 3973 4887
3780 4295 5383 6500 7759
4161 4711 6608 7342 8841
3662 6115 7762 8494 10508
6528 7742 9563 12650 15180
3670 5327 5535 7044 8820
1698 2122 2810 3380 4141
4132 6019 7123 8085 9973
4861 6524 7846 9850 11768
3259 4778 5220 6849 7236
4827 6658 7531 10361 12400
1117 1649 1989 2383 3095
3430 5213 7197 8105 8777
4016 5985 7916 9036 11545
3301 3466 4999 6083 7074
3663 5421 6703 9303 10768
2959 3779 4448 4816 6241
2844 3587 5252 6456 7148
5060 8928 9970 12251 14335
3814 5867 6161 7986 9648
4726 8026 9319 11191 13242
3289 4604 5919 7091 8550
3321 3911 5386 5805 6862
5155 7892 8440 11040 12545
5154 7616 8939 11082 13226
2232 3347 3459 4574 5523
3114 3860 5456 6681 7319
3888 4917 6289 6804 7947
6530 9061 9668 11592 13262
2720 3562 4468 5418 6368
6062 7275 9233 10399 12264
1323 1834 2229 2913 3412
1325 1721 2267 2953 3127
2255 3391 4097 4528 5645
2743 2990 3712 4763 6165
2917 3731 4274 5585 6105
3102 3520 5243 5662 6893
5839 6563 7969 10015 11975
5064 7390 9626 10401 12682
3800 5756 7261 9255 10910
5571 7047 10332 11522 13236
3562 4519 5795 6354 7630
1360 1686 2093 2802 3429
3206 4494 6155 6584 7557
2419 3368 4544 5854 6713
5833 8360 10013 11957 12978
3659 4745 5803 7289 8404
2186 2529 2998 3731 4153
4582 6501 8858 10472 11781
6154 7314 8473 10792 13244
4671 6331 7180 9843 11271
3333 3871 4640 6152 6742
5462 6847 8312 9697 11478
1085 1606 2190 2616 2796
2102 2887 3672 4929 5243
4370 6700 8947 9738 11611
1709 2367 2965 3754 3915
4746 6494 8326 9283 11615
1936 2342 3184 4012 4199
3782 4168 5714 6680 7619
3672 4621 5824 7406 8261
1886 2802 3524 4511 4652
3231 4358 5425 7233 8003
5112 7146 10719 11761 13944
2513 3063 3888 4339 5164
3691 4578 5780 6810 7754
3003 5120 5663 7408 7951
6629 8197 9817 11790 15180
2126 2757 3621 3853 4335
3192 4788 5160 6809 7314
1686 2294 3230 3917 4666
1841 2278 3323 4025 4384
1253 1995 2447 2876 3317
3828 4493 6391 7276 8415
5058 5522 7645 10000 10387
3030 3256 4477 5698 6240
2834 3330 4960 5668 6589
6058 7410 10206 10579 13142
5705 8085 10814 11161 14583
6384 7387 9576 10625 12495
1577 1925 2319 2910 3189
2233 3200 3367 4576 5506
1398 2191 2771 2871 3765
4951 6823 7571 10733 12355
3631 4774 6691 8674 9347
3032 4920 6007 6664 8438
4113 5237 6213 7101 8254
4788 6100 7297 9961 10694
1272 2228 2770 3147 3663
4737 6278 8196 9662 9850
1713 2877 3076 3724 4855
3741 5737 6770 8801 9584
5017 6406 8258 9802 10612
4262 6649 9249 9590 12275
3491 4776 6154 7409 8573
4357 6376 8396 9584 11485
3219 4283 5054 6623 7980
3766 5212 6523 8237 9347
1290 1999 2115 2614 3474
1612 2029 2157 2806 3350
2764 4174 5500 6661 7325
2432 3423 4722 6138 7059
3251 4557 5222 6246 6861
6124 7971 8992 12637 13609
3396 3865 5935 6681 7978
4795 6135 7801 9751 11011
4206 5830 7621 10828 11036
5203 7531 8306 10406 12277
4650 5272 7322 8530 10946
6201 8036 9376 12897 13641
3582 3710 5373 6550 7573
4266 4993 6383 7963 8753
2291 3458 4560 4971 6311
3514 4232 5217 6255 7134
1781 2662 3878 4037 4830
1485 1821 2343 2807 3421
5754 6351 9249 9547 11082
4191 4528 6272 7923 8688
4107 5465 6381 7992 8814
1457 2055 2804 3416 3906
1486 1823 2101 2960 3297
5718 8601 10676 12497 14470
5885 7162 8895 10081 13411
5055 8409 8847 12103 14534
2314 3393 4079 4687 5197
4985 5128 6588 8475 10647
5090 5383 7250 8604 10142
5411 6811 8490 10729 12734
2251 3181 4055 4409 5022
5143 7524 9571 10809 14237
3919 4320 5292 6980 8381
5407 7887 10615 12103 14236
4395 5399 6506 8652 9898
1578 2271 2706 3468 3889
3357 3741 5125 5663 7302
3922 4723 5296 6440 7700
3224 3445 4651 6054 7358
3184 5511 5848 7409 8450
1609 2083 2454 2928 3275
2185 3175 4246 5298 5669
4611 5966 7978 9039 9918
3363 4943 6389 8271 10053
6220 8358 10253 12099 13314
5477 7287 9906 10478 13430
4603 4906 6989 8131 9710
5758 7594 9827 11664 13153
5041 7852 9458 10082 12179
5549 6762 8534 10818 13569
2842 3253 4489 4900 5889
3584 5330 5636 6892 8331
2954 4196 5852 6900 8170
3642 4767 6188 7016 8319
6155 7894 8384 10703 12621
2830 3741 5340 5512 7309
5603 6374 7592 9947 11936
4307 6054 8369 9304 11579
5210 6996 9328 12851 14736
4055 4855 6098 6542 8643
5406 6627 8545 11074 12949
2415 3117 4004 4602 5634
1243 2033 2149 2939 3194
2515 3319 4329 4700 5751
4510 6663 8572 9263 10685
5616 7520 10375 12279 13468
3495 6159 7369 8373 10033
5113 5865 7820 8797 11128
1458 2194 2780 3011 3897
4034 4774 6824 8673 9076
1662 1962 2521 3243 3965
5530 6422 9410 11372 12933
1672 2250 2728 3205 3633
5418 7190 9570 12911 13924
5408 7938 10716 11014 14536
4707 7923 8855 11837 13934
4862 7050 10697 10940 14343
2375 3009 3290 4187 5261
1795 2339 2842 3359 3549
2770 4049 4954 6126 7804
4199 6259 7923 9864 11211
2223 2538 3582 4047 4959
3599 5744 7439 8408 10000
1908 2003 2480 3066 3870
3950 5498 6130 7584 9163
5782 6239 8943 10648 11230
2173 2952 3582 4245 4477
3122 3326 4321 5610 5882
6980 8194 10925 12847 14516
1536 2048 2648 3760 4228
5410 7412 9286 10266 11288
2058 2973 3571 4450 5206
1593 2084 2846 3105 3881
3188 3542 4722 5737 6493
1793 2806 3620 4201 4417
5490 6293 9685 9997 11961
5336 7936 8346 11538 12861
4359 6142 8242 9708 10460
4014 5246 6574 6953 9260
2741 3686 4843 5292 6521
2120 3329 3701 4445 5431
3950 5434 6761 7014 9352
3094 4043 4201 5556 6753
3348 3840 4628 5587 7138
3138 4973 6245 7281 8613
3376 4978 6123 6495 7696
1363 2398 2643 3025 3910
4249 6242 8160 9551 10002
4271 5738 6879 7629 8542
3979 4990 6979 7892 8773
5559 6614 8683 10509 11848
4148 5155 5362 6517 7850
4453 6155 8468 10258 11742
4579 5911 8284 10032 11863
1316 1687 1963 2599 3098
1701 2190 2585 3346 3986
3147 4425 4843 5974 7351
1714 2016 2281 3201 3616
3347 5120 5807 7008 7666
3145 4024 5090 5996 6955
1600 2154 2608 2960 3590
4336 4923 7172 7465 9453
5215 5447 7958 8654 10160
4829 6548 6622 9475 10975
3138 4334 5796 6541 7817
4433 5776 7321 7959 9839
1287 1574 2180 2392 2850
5108 7708 9897 10809 12496
1717 2623 3153 3996 4183
4464 5952 6679 8375 9516
2084 3052 3498 4670 5452
2574 3518 4840 5878 6941
2335 3336 3729 4533 5337
3371 3923 5111 7100 7514
2122 2904 3649 4281 5584
1927 2774 3621 3837 4452
3392 5218 6261 8152 9718
2177 3059 4295 4922 5216
3949 6468 8047 8311 11281
6448 8927 9820 12201 13540
5972 7844 9919 12651 14777
1752 2155 2382 2848 3704
1233 1733 2384 2860 3128
2554 2871 3374 4119 4939
1579 2282 2829 3876 4673
4464 5883 6886 8063 9758
5140 8328 10042 12040 13801
3405 4619 5951 7461 8379
5156 7255 8441 10768 12958
3815 4991 6702 8021 10018
2536 3890 5097 5983 6746
2893 4039 5528 7361 7476
3636 4995 6418 7113 9389
1537 1991 2772 3212 3389
2881 3330 4817 6092 6493
2781 3527 4521 5629 6420
2145 3485 4104 5011 5527
4175 4492 6326 7496 8255
3692 4551 5352 6755 7871
6801 8210 10687 11270 14525
5805 8633 10172 11511 13099
2199 3008 3676 4485 4942
4473 7412 9371 10223 12395
4432 6009 8608 10823 12741
1836 2298 2597 3155 4038
3465 4353 6159 7077 8646
5361 6853 9277 11514 13239
1661 2240 2706 2807 3750
3703 5035 5894 6664 7968
1625 1811 2182 2635 3470
4175 6130 7785 8725 11094
1363 2235 2766 3134 3856
4779 5682 7112 9256 9933
2563 4613 4818 5766 7303
3348 4435 5837 6609 8440
4185 5769 8613 10157 10929
4007 4293 5237 7355 7498
5105 6952 10452 11667 14438
4216 5383 8055 8281 10125
3404 4914 5476 7637 8673
5594 6666 9976 10582 13518
3839 6059 7225 8392 11026
4494 7281 7697 10235 12274
4079 4829 6460 7504 8940
6677 8852 10167 13101 14264
2660 4360 4507 5813 6601
6018 7659 9437 11215 12902
2363 3734 5175 5529 6167
5568 6800 8260 11363 12093
3124 4301 5069 5888 7680
4660 7489 9028 10068 10900
6270 8554 8894 11178 14532
2183 2636 3150 3868 4211
