200 10 5
3 60 49 28 84 36 54 20 65 61 28 0 15
6 77 40 29 33 50 57 35 38 66 77 0 28
7 77 74 81 55 32 94 56 36 46 81 0 35
5 78 81 69 35 67 65 58 81 44 100 0 24
7 96 88 64 39 39 97 21 74 79 47 0 32
8 99 36 84 22 73 57 61 52 21 27 0 37
7 28 97 87 44 67 99 21 41 22 64 0 33
2 25 40 96 90 92 56 64 91 80 29 0 10
7 84 100 27 67 86 30 79 65 57 89 0 31
8 80 26 57 88 67 96 35 71 34 84 0 37
2 83 76 60 77 37 50 62 47 81 79 0 10
3 90 38 96 38 42 51 99 68 42 54 0 14
3 61 65 94 85 49 39 37 90 90 99 0 13
10 70 41 21 62 81 29 33 72 38 51 0 50
8 30 99 37 59 70 48 75 71 96 66 0 39
4 94 42 65 78 75 82 23 66 51 45 0 18
4 56 24 48 26 79 75 79 57 82 32 0 17
10 43 59 57 29 49 64 34 66 44 88 0 46
7 47 96 54 91 76 67 21 48 58 81 0 34
4 99 43 89 53 92 72 70 36 82 33 0 20
6 50 59 74 87 26 97 44 80 80 36 0 26
3 82 47 93 28 61 82 84 68 86 43 0 12
6 50 89 92 65 52 72 44 74 54 59 0 27
9 98 32 85 47 49 66 70 28 45 98 0 44
10 94 100 87 89 86 92 48 82 68 99 0 50
6 84 27 27 32 43 47 98 42 59 34 0 26
7 80 82 90 33 59 69 93 53 78 45 0 33
6 35 79 70 67 91 21 54 36 47 97 0 26
6 54 21 69 33 73 65 55 74 55 38 0 30
3 85 97 49 22 34 94 55 83 37 91 0 14
6 89 25 26 76 40 95 96 68 72 46 0 29
5 62 52 32 40 73 48 59 94 63 68 0 24
9 63 89 61 85 46 44 34 59 65 80 0 41
8 32 52 94 92 91 39 43 34 76 89 0 40
7 64 62 99 64 26 46 62 47 75 93 0 35
5 28 20 43 28 96 69 100 31 33 73 0 22
8 33 32 43 42 84 28 35 67 87 91 0 36
4 54 60 87 30 98 32 44 32 86 22 0 20
8 43 53 70 84 57 25 28 92 98 71 0 39
7 30 42 79 22 83 92 22 53 72 29 0 31
10 42 50 41 72 29 42 24 40 20 48 0 50
6 61 69 60 29 45 60 78 93 63 31 0 28
8 75 94 35 47 37 100 26 23 99 21 0 40
8 66 57 28 96 77 73 83 22 73 95 0 38
5 38 62 44 84 87 60 61 99 99 37 0 21
4 91 52 75 28 92 96 97 98 85 98 0 18
8 71 91 80 86 64 99 84 66 73 78 0 40
5 34 40 21 21 49 62 37 90 70 30 0 21
9 84 20 97 78 31 59 65 28 63 41 0 45
4 25 36 88 57 67 76 59 66 100 57 0 18
8 60 93 68 76 42 45 42 74 89 83 0 37
9 99 87 85 94 81 70 81 98 98 94 0 42
4 88 32 30 20 45 83 22 85 67 88 0 18
9 69 27 88 97 21 97 21 77 75 68 0 41
5 60 69 70 92 46 53 23 86 87 92 0 22
7 76 51 84 21 37 32 97 39 66 32 0 31
10 60 49 89 29 55 67 26 97 59 24 0 49
2 99 68 68 54 51 38 84 38 53 63 0 10
4 84 90 100 74 58 69 51 88 45 81 0 20
7 21 41 98 83 98 23 98 91 32 22 0 32
10 20 85 75 84 56 35 91 81 73 50 0 50
8 95 90 24 43 26 31 87 35 95 28 0 40
5 75 20 54 80 35 58 76 25 39 35 0 25
3 64 89 56 37 95 24 87 41 34 87 0 14
7 68 31 74 62 46 39 37 27 65 33 0 35
9 87 77 92 47 88 42 96 89 97 68 0 42
5 76 52 23 67 49 54 83 98 51 32 0 21
3 52 62 93 35 62 96 52 23 31 53 0 14
8 83 82 88 56 54 68 88 48 46 35 0 39
5 59 83 70 79 26 59 91 80 77 61 0 24
10 32 66 41 52 42 32 28 28 31 25 0 47
7 46 82 96 80 94 95 93 73 52 20 0 31
10 66 62 57 21 33 85 41 93 99 29 0 50
5 59 68 97 59 69 85 63 38 34 79 0 22
3 54 82 44 75 90 47 86 82 29 37 0 13
6 52 87 32 36 85 90 93 29 49 34 0 29
8 31 72 97 53 26 32 25 81 89 94 0 38
9 55 95 95 61 54 36 85 61 38 69 0 42
9 37 75 78 63 22 37 32 37 67 71 0 41
5 97 89 39 28 50 89 53 45 37 38 0 25
7 63 79 87 25 49 37 45 80 80 58 0 35
6 20 77 53 43 58 72 66 29 60 96 0 26
5 62 73 94 62 40 21 41 60 85 71 0 21
10 42 100 89 94 36 76 79 54 32 84 0 49
6 67 94 75 50 48 81 81 96 20 71 0 30
7 55 92 61 54 36 66 72 40 29 52 0 31
9 65 65 60 34 47 66 31 98 43 63 0 43
9 87 26 32 31 41 43 87 60 82 63 0 44
10 63 68 28 28 74 26 84 75 33 97 0 50
3 23 72 92 43 37 54 45 42 72 77 0 14
10 39 69 57 63 95 97 47 75 27 69 0 46
2 72 60 23 26 44 43 67 81 35 71 0 10
8 59 92 98 76 42 37 85 69 24 23 0 38
4 23 81 26 24 71 100 34 95 52 46 0 18
7 26 62 27 90 94 24 49 88 89 97 0 32
10 40 55 29 100 40 72 39 33 96 74 0 49
3 67 47 52 72 25 35 35 34 68 37 0 14
9 64 42 34 77 58 36 64 25 97 25 0 43
9 81 86 49 60 87 82 77 76 76 52 0 45
10 52 37 28 50 42 89 32 34 81 62 0 50
9 39 93 67 81 48 35 23 34 47 46 0 42
8 65 32 91 36 25 79 39 37 37 72 0 40
3 97 55 81 25 35 78 74 60 89 60 0 15
10 85 20 32 56 92 68 60 37 46 51 0 47
5 57 98 83 28 31 80 64 91 50 30 0 25
9 56 67 23 50 51 63 61 57 75 40 0 44
6 93 58 55 84 62 53 93 72 32 25 0 26
7 34 29 91 71 82 34 34 83 35 46 0 33
4 43 57 96 72 84 73 87 49 58 73 0 18
3 56 28 65 47 32 28 66 60 52 83 0 11
5 75 61 77 70 99 39 50 48 25 54 0 25
5 46 39 27 22 58 57 59 40 26 64 0 22
8 83 44 82 54 34 56 74 43 28 48 0 38
5 89 36 36 51 23 80 72 47 83 53 0 24
7 87 94 27 23 62 59 52 67 58 43 0 32
3 70 23 92 58 87 52 81 83 35 47 0 11
2 95 72 96 68 27 59 41 37 56 24 0 10
8 71 51 76 98 36 26 89 30 50 76 0 38
9 60 62 70 51 61 70 69 22 95 29 0 41
3 64 76 85 88 64 63 75 94 43 40 0 11
9 83 36 67 77 63 40 25 47 43 42 0 41
8 83 72 39 28 73 29 32 47 34 48 0 38
10 80 99 98 34 49 73 63 61 61 99 0 49
9 21 81 31 29 84 37 56 46 89 92 0 44
7 20 92 60 26 20 24 100 22 21 66 0 35
5 85 88 58 25 46 80 56 53 86 78 0 21
5 53 21 90 41 20 82 34 80 43 27 0 24
5 85 95 71 57 55 65 35 42 20 88 0 22
10 59 37 89 27 41 39 72 48 36 36 0 46
2 60 73 40 23 61 85 71 45 87 47 0 10
6 90 95 68 36 51 81 25 89 47 59 0 27
7 56 71 37 34 68 90 38 27 95 77 0 34
4 54 70 33 65 32 39 22 69 20 90 0 19
10 91 66 80 61 55 23 45 76 30 71 0 49
8 94 22 28 47 29 26 72 64 52 51 0 36
8 34 71 26 32 35 84 46 24 86 47 0 40
8 79 65 92 77 83 94 55 39 72 21 0 40
4 77 85 93 61 63 65 44 78 70 72 0 16
3 64 62 39 26 45 37 68 96 58 26 0 15
5 46 74 66 27 29 35 95 55 58 97 0 22
5 68 72 80 65 99 80 97 59 45 21 0 21
8 69 93 80 61 45 74 40 65 36 93 0 39
7 20 38 46 49 64 54 56 35 82 86 0 34
10 61 27 68 100 22 68 30 74 62 87 0 49
10 65 98 97 30 65 31 46 41 24 66 0 46
6 50 54 97 27 89 59 49 51 82 73 0 28
7 97 39 75 69 93 53 95 41 82 93 0 33
7 23 72 41 91 59 42 25 46 83 54 0 33
2 53 28 39 25 27 52 79 22 86 42 0 10
4 22 72 68 92 65 56 69 65 93 39 0 19
5 68 49 65 27 37 30 34 95 21 75 0 21
3 48 64 72 83 68 88 39 84 85 89 0 11
9 63 96 27 24 48 51 66 20 81 95 0 43
7 94 30 74 53 22 55 83 98 82 54 0 35
3 82 87 77 47 64 23 65 99 34 63 0 11
9 99 88 77 41 77 39 36 68 24 26 0 43
9 71 22 75 91 93 36 25 85 87 20 0 44
10 56 94 65 47 38 25 22 64 56 30 0 46
6 85 64 66 59 80 64 89 68 93 91 0 26
4 78 86 61 74 79 86 52 37 80 53 0 18
4 70 31 60 25 26 41 27 94 47 97 0 17
6 42 59 100 27 31 72 47 40 52 64 0 26
9 47 86 40 74 52 61 100 98 50 92 0 41
6 71 55 24 61 77 85 20 33 70 72 0 26
8 86 30 54 43 68 93 43 32 27 100 0 37
5 26 95 92 99 97 58 50 28 74 50 0 21
4 58 65 28 77 59 39 24 49 67 32 0 19
10 99 29 78 24 36 72 35 59 90 84 0 47
5 22 71 81 47 76 35 61 36 67 65 0 23
7 86 96 71 71 41 88 83 33 78 66 0 35
3 78 53 45 61 70 58 86 59 91 34 0 14
5 21 46 22 32 68 84 93 98 100 67 0 24
6 82 89 21 72 46 59 65 55 48 87 0 27
3 35 45 75 50 57 23 83 75 97 83 0 15
9 55 63 33 20 96 45 32 56 59 42 0 44
6 58 46 71 60 30 58 67 100 35 61 0 26
5 91 44 61 72 81 55 33 31 99 80 0 21
8 21 47 47 78 91 37 20 36 89 68 0 40
10 54 21 68 94 86 52 97 26 26 59 0 48
5 74 59 79 90 33 24 47 49 65 90 0 25
3 97 71 53 78 34 86 48 76 73 88 0 13
5 59 36 68 60 39 25 98 97 61 86 0 24
5 76 95 87 36 58 72 76 73 76 24 0 24
6 41 28 41 44 69 72 43 53 23 38 0 28
10 65 50 40 83 54 93 51 40 52 39 0 49
5 34 31 31 61 87 38 89 89 78 34 0 24
9 54 33 51 49 63 75 52 29 59 66 0 41
10 29 89 62 94 90 40 78 69 93 71 0 47
8 88 32 88 23 88 55 33 21 30 82 0 37
7 96 85 33 72 67 69 37 72 26 88 0 34
2 90 52 78 62 66 32 28 24 97 72 0 10
6 32 94 68 66 91 66 50 44 22 51 0 30
7 86 62 48 77 75 83 90 98 78 73 0 32
3 88 52 85 23 40 88 54 44 30 21 0 15
3 96 23 65 21 74 48 98 57 65 85 0 13
9 58 76 26 85 26 92 40 22 60 70 0 43
5 21 44 95 98 29 63 37 52 38 76 0 23
3 75 23 65 58 85 50 69 39 80 41 0 13
3 55 53 65 99 99 61 32 68 72 37 0 11
7 72 46 94 93 53 25 42 98 68 52 0 31
43 31 52 31 43
130 143 197 254 294
109 144 198 253 274
114 175 207 255 296
135 152 197 241 294
107 154 181 254 296
122 170 212 252 268
107 177 203 243 283
127 154 218 256 295
135 167 194 243 292
110 146 205 242 261
114 144 180 244 296
103 152 216 239 281
109 167 219 235 296
118 163 194 245 285
135 146 181 244 286
103 145 180 239 269
109 147 187 259 271
119 140 203 232 260
112 154 216 225 299
104 144 204 251 275
114 157 198 234 291
124 159 194 222 271
132 178 218 244 295
124 176 210 228 297
127 142 185 246 277
119 159 215 229 283
133 156 183 251 265
130 163 203 228 279
104 172 207 230 299
109 154 195 250 294
104 148 204 235 288
105 170 186 247 273
130 156 184 227 295
110 168 188 232 266
138 159 197 247 298
125 176 203 251 273
103 144 183 259 290
131 172 194 257 273
136 167 198 235 276
118 145 203 250 287
129 172 201 259 265
105 144 208 222 268
116 142 194 234 291
109 158 187 237 268
126 178 215 259 278
140 176 209 238 297
121 154 213 248 283
137 159 195 242 283
111 155 197 224 271
136 171 212 230 261
100 142 204 228 282
140 153 187 225 278
132 165 208 231 300
101 160 198 258 287
140 144 215 259 300
124 180 215 258 281
124 154 180 256 264
134 178 195 226 274
103 140 186 225 272
121 170 211 234 278
130 174 201 241 292
128 173 191 254 277
102 141 192 239 297
122 180 193 220 281
133 171 216 257 272
118 178 193 241 271
107 144 194 258 299
100 149 189 243 271
107 147 206 228 275
132 180 204 232 278
125 146 185 246 300
130 151 191 251 292
105 142 209 245 268
134 173 195 250 261
125 163 212 222 265
127 160 183 225 269
122 163 213 254 263
132 179 190 237 267
110 147 198 258 270
127 163 217 233 278
122 178 210 237 294
104 143 193 250 271
103 180 183 248 265
122 148 192 248 283
127 179 196 258 300
124 177 209 251 300
121 175 186 241 272
122 175 211 227 288
140 162 218 245 269
107 156 196 234 272
100 148 196 259 292
139 141 201 239 260
111 149 200 251 274
114 166 207 231 271
131 163 186 260 260
112 158 202 221 278
105 155 217 259 264
136 155 185 225 298
110 157 219 246 270
134 159 194 253 279
118 153 181 255 260
114 160 216 246 278
127 144 200 229 288
130 151 192 239 289
109 152 207 240 291
114 151 199 231 288
112 153 195 232 260
140 155 188 226 290
138 151 212 237 261
131 167 195 230 295
138 153 209 224 285
114 146 213 245 277
124 161 183 221 299
137 157 217 238 279
137 144 202 247 264
119 161 184 227 289
115 140 180 251 285
104 169 191 247 292
129 168 188 252 294
138 149 191 256 300
102 180 183 229 292
136 155 184 238 282
122 163 185 237 300
117 152 206 249 281
132 171 211 247 281
127 158 205 259 268
132 163 212 224 279
102 166 181 249 282
121 169 211 246 299
121 167 198 247 283
127 179 202 239 264
110 155 213 221 271
121 157 193 255 290
137 150 193 232 296
110 166 199 220 298
106 170 196 232 281
136 140 191 222 286
138 140 190 220 280
101 166 194 222 278
115 180 218 246 266
115 140 184 227 278
126 162 213 222 295
114 143 184 221 270
121 160 187 226 299
136 167 212 229 298
133 141 192 239 272
127 156 208 238 278
108 144 216 221 260
136 157 213 248 296
135 161 200 235 279
118 145 219 234 281
116 146 182 231 294
131 141 197 226 272
139 168 213 249 272
133 160 210 233 293
105 144 203 235 284
135 146 197 224 288
126 142 203 247 294
120 148 194 242 289
116 156 201 232 262
121 168 201 225 260
127 176 214 220 265
105 164 190 242 265
107 142 189 256 260
102 159 206 236 287
103 145 210 246 293
127 170 197 228 296
138 155 210 251 278
101 150 184 251 264
120 159 185 239 266
138 147 219 244 287
139 155 201 220 287
135 158 205 237 271
135 168 219 244 267
118 172 184 252 279
131 141 200 230 292
104 140 199 238 267
102 141 212 257 288
110 157 208 227 276
100 174 205 226 274
140 172 197 224 283
104 179 197 237 266
135 158 212 223 271
113 146 209 255 271
107 175 197 232 275
105 172 196 220 292
131 157 216 230 290
134 170 181 231 284
122 145 180 233 299
133 158 181 254 291
125 143 182 238 296
134 169 212 258 298
119 169 183 229 287
136 161 210 225 272
119 179 197 226 291
112 170 216 256 267
102 163 210 260 277
118 162 207 258 278
123 141 191 254 282
124 173 189 226 262
1960 2155 2967 3823 4424
3061 4042 5556 7098 7686
3999 6136 7257 8938 10374
3250 3658 4740 5797 7070
3433 4939 5803 8142 9487
4523 6301 7856 9337 9929
3540 5852 6711 8032 9353
1279 1550 2192 2573 2964
4195 5188 6025 7546 9066
4079 5413 7598 8968 9671
1149 1450 1812 2453 2975
1451 2139 3037 3359 3948
1426 2182 2859 3068 3862
5909 8161 9712 12263 14264
5275 5704 7070 9529 11168
1863 2621 3252 4316 4857
1862 2510 3191 4417 4621
5484 6451 9351 10685 11974
3817 5246 7356 7663 10180
2089 2890 4092 5034 5514
2973 4093 5160 6097 7580
1498 1919 2340 2677 3266
3573 4817 5898 6600 7979
5465 7755 9252 10044 13082
6360 7110 9262 12314 13864
3103 4145 5602 5967 7372
4399 5159 6051 8296 8759
3390 4249 5290 5941 7268
3129 5171 6222 6913 8984
1535 2167 2742 3513 4130
3025 4303 5928 6828 8367
2529 4091 4476 5941 6566
5340 6407 7556 9320 12110
4409 6731 7532 9293 10654
4840 5575 6906 8658 10444
2759 3883 4478 5535 6020
3717 5194 6600 9338 10455
2630 3451 3891 5153 5474
5314 6524 7734 9178 10778
3667 4505 6305 7763 8911
6459 8611 10062 12963 13263
2949 4043 5837 6229 7519
4649 5690 7772 9373 11655
4151 6015 7118 9020 10198
2655 3749 4527 5452 5851
2530 3179 3774 4296 5360
4849 6170 8532 9933 11334
2887 3350 4107 5095 5957
5004 6986 8877 10093 12209
2458 3089 3828 4153 4711
3709 5265 7561 8449 10449
5890 6437 7866 9463 11690
2385 2981 3756 4170 5414
4150 6571 8130 10591 11781
3090 3178 4742 5711 6614
3853 5591 6677 8011 8724
6086 7557 8832 12558 12950
1350 1791 1962 2273 2754
2069 2811 3732 4514 5455
3881 5451 6764 7501 8910
6509 8711 10062 12063 14614
5129 6931 7651 10173 11094
2559 3535 4812 5988 7440
1717 2531 2714 3093 3948
4664 5996 7572 9008 9533
4965 7487 8118 10135 11396
2256 3034 4086 5431 6293
1409 2097 2658 3416 3809
4182 5744 8047 8905 10739
3178 4331 4908 5581 6686
5885 6872 8706 11575 14115
4040 4691 5933 7794 9066
5259 7110 10463 12264 13414
2958 3817 4302 5513 5755
1635 2130 2768 2899 3459
3693 4651 5319 6538 7815
4645 6205 8106 9665 10007
5554 7529 7992 9967 11228
4519 6037 8130 10592 11084
3184 4086 5437 5838 6964
4279 6241 7362 8307 10304
2713 3729 5030 6514 7060
2172 3792 3855 5222 5579
5988 7262 9420 12165 13881
3819 5381 5891 7753 9014
3853 5498 6491 7794 9314
5212 7536 8010 10376 11710
5377 7711 9296 10000 12686
7010 8110 10912 12263 13463
1507 2195 2756 3289 3822
4609 6818 9028 11928 13446
1400 1420 2022 2403 2614
4227 5673 7612 9552 10426
2061 2999 3738 4171 4892
4202 5227 5964 8334 8334
5497 7753 9910 10842 13636
1479 2181 3050 3640 3710
5858 6676 7967 9688 12828
4959 7076 9867 11083 12164
6710 7961 9712 12663 13964
4966 6437 7614 10724 10934
4569 6411 8652 9853 11134
1915 2170 3012 3448 4334
6120 7107 9036 11246 13597
2734 3810 5187 6013 7289
5025 6655 8768 10177 12686
2922 3989 5082 6045 6774
4630 5126 6216 7471 9584
2494 2728 3828 4279 4712
1451 1848 2157 2543 3259
3460 3835 5237 5613 7139
2517 3222 4698 5403 6108
4722 6129 6966 8411 11377
3298 3778 5220 5725 6710
4394 4618 6476 7917 8462
1319 1782 2036 2510 3194
1159 1410 1812 2524 2865
3961 6433 7270 9399 11110
5298 6899 7719 10345 12068
1528 1649 2112 2829 3314
4191 7392 7515 9402 11987
5178 5901 7004 9057 10730
5987 7998 9076 11626 14714
5157 6698 9076 10969 12378
4629 5996 7397 8658 9849
2676 3329 4317 5452 5642
3178 3923 5100 5389 6710
2253 3663 3994 5492 6218
5575 7785 9718 11329 13768
1219 1681 1992 2483 2844
3439 4844 5466 6466 7142
3749 5281 7255 7527 9228
2308 2993 3679 4858 5524
6723 7360 9469 11381 14518
3969 5987 7176 7933 10743
4249 6811 7852 9293 11254
5450 5610 7652 8893 11455
2218 2250 3052 3533 4495
1524 2501 2922 3343 4185
2539 3971 4808 5425 5865
2425 2951 3876 4780 5853
4923 6329 8319 8670 11519
3886 4873 6268 7527 9195
5938 7851 9175 11087 14666
6266 7693 9764 10546 13722
3734 3958 5388 6705 7630
4201 5159 6876 7867 9188
3573 4763 7141 7306 8594
1369 1580 2142 2493 2974
2575 3070 3812 4478 5315
2487 3055 4612 4927 5915
1286 1617 2014 2554 3249
5643 6073 8483 9731 11710
4875 5891 7467 8728 9533
1473 1770 2322 2576 3237
4524 6203 8741 10118 12227
5950 6434 8680 9869 12686
5805 6542 9350 11375 13538
3129 3858 5056 6305 7528
2098 2819 3630 4189 4730
2067 2867 3429 3838 4434
3312 4587 5576 5732 6904
4314 6735 7802 9936 10879
2791 3703 4926 6670 6774
3783 5894 7634 8745 10633
2172 3055 4422 5179 6167
2422 3241 3755 4345 5638
6496 7295 9882 11810 13080
2332 3461 4244 5787 6086
4210 5576 6487 8378 9324
1942 2068 3078 3429 4032
3346 3731 4836 5292 6902
3655 4277 5547 6412 7331
2035 2531 3297 3673 4018
5201 7579 8107 11101 12290
3416 3676 5212 5993 7606
2193 2951 4192 5012 5621
4089 5650 8492 10293 11534
5289 7547 9996 10909 13262
2509 4361 5137 5663 6864
1830 2247 2573 2924 3693
2505 4308 4740 5701 6398
3250 3803 5100 5365 6518
3173 4098 5864 7154 7602
5252 8586 9665 11381 13489
2529 4139 4716 5293 7023
5381 6447 8868 9442 11904
6308 8001 8518 10870 13362
4524 5375 6672 8634 11078
4532 5383 6165 8649 9908
1260 1440 1832 2393 2975
4029 5080 6372 7753 8954
3817 5419 5868 7341 9198
2050 2426 3162 3388 4094
1556 2338 2573 2951 3797
4825 7321 9300 11021 11494
2355 3760 4842 5993 6385
1543 2117 2703 3367 3628
1363 1561 2113 2808 3116
3854 5374 5871 7019 8136
