1000 10 5
124 36 94 52 55 29 83 60 71 99 57 0 124
171 29 57 31 33 54 21 70 51 47 44 0 171
179 69 50 96 48 90 46 61 53 72 98 0 179
110 26 33 49 87 92 47 67 57 30 92 0 110
143 77 22 23 82 97 31 77 90 74 93 0 143
151 24 61 88 46 25 49 50 65 99 62 0 151
161 56 28 48 93 61 62 93 52 66 27 0 161
147 72 77 41 52 92 84 24 35 30 74 0 147
109 97 91 40 92 96 82 41 31 52 45 0 109
189 84 79 76 90 39 29 76 23 43 69 0 189
107 91 75 58 87 71 77 74 49 49 73 0 107
195 99 38 80 24 24 66 37 61 89 44 0 195
166 33 25 52 35 35 77 68 92 81 52 0 166
130 29 77 36 37 86 25 79 46 55 65 0 130
162 48 47 91 29 74 68 81 100 23 84 0 162
176 43 89 35 65 84 60 65 100 54 45 0 176
159 95 64 52 99 76 31 80 91 54 90 0 159
124 42 94 47 96 90 66 91 42 31 58 0 124
151 25 71 37 34 65 88 49 56 96 31 0 151
104 32 67 94 96 99 32 52 86 85 88 0 104
180 69 51 54 97 81 57 61 93 21 85 0 180
167 21 47 97 61 28 27 20 85 83 27 0 167
194 26 78 78 35 64 74 33 81 90 71 0 194
116 24 53 95 48 38 51 62 78 61 90 0 116
191 72 49 65 86 35 85 53 61 81 85 0 191
141 71 56 88 30 25 66 97 56 76 78 0 141
140 79 64 60 88 67 62 27 82 28 65 0 140
107 46 68 54 65 40 49 24 76 54 41 0 107
118 92 23 88 51 52 90 52 79 67 57 0 118
166 24 93 65 70 75 95 84 93 34 80 0 166
193 25 85 36 58 30 56 71 98 59 75 0 193
123 91 48 49 32 75 83 60 84 72 33 0 123
166 77 67 44 44 89 25 86 71 79 53 0 166
120 83 53 95 47 85 82 25 38 50 57 0 120
169 26 42 92 54 43 34 57 50 94 99 0 169
196 26 72 21 67 85 27 79 45 60 43 0 196
115 89 64 53 43 56 39 67 61 51 90 0 115
178 36 28 29 63 95 42 91 22 35 65 0 178
111 49 87 21 31 82 82 95 99 85 64 0 111
129 66 95 54 71 67 69 48 39 76 91 0 129
179 56 40 69 43 53 37 79 50 44 86 0 179
115 70 60 67 38 21 69 58 50 95 44 0 115
156 32 63 64 21 57 83 76 66 53 35 0 156
110 99 36 78 51 72 74 40 94 91 85 0 110
149 90 64 36 52 75 63 71 93 51 55 0 149
180 41 95 43 76 69 83 51 99 50 32 0 180
125 28 56 34 53 75 72 22 49 62 80 0 125
192 46 76 67 52 94 74 27 64 88 96 0 192
117 74 79 79 95 72 37 52 23 54 96 0 117
128 87 21 75 43 42 67 43 79 60 98 0 128
178 74 61 51 28 96 26 38 55 72 96 0 178
109 60 42 68 61 29 67 24 88 28 75 0 109
189 79 84 50 93 27 52 52 23 66 97 0 189
184 76 78 74 60 53 63 63 62 82 87 0 184
129 88 61 49 84 96 65 99 44 34 82 0 129
175 44 63 49 43 65 69 88 61 53 90 0 175
153 30 61 43 46 42 86 44 54 93 74 0 153
115 25 66 52 25 77 47 97 98 48 20 0 115
107 35 66 57 47 32 63 37 95 55 95 0 107
167 88 37 55 28 74 33 74 79 84 62 0 167
152 75 47 64 41 48 50 65 21 67 24 0 152
136 91 55 88 91 63 41 65 65 40 35 0 136
175 70 25 41 85 58 94 34 81 24 94 0 175
149 68 99 36 79 32 95 40 81 81 28 0 149
156 33 29 73 29 89 84 82 26 57 31 0 156
179 62 26 81 46 29 88 53 96 58 44 0 179
128 31 25 68 67 64 29 61 79 35 87 0 128
122 54 62 61 90 29 48 66 68 21 74 0 122
109 32 84 23 94 49 38 78 22 47 20 0 109
148 31 49 48 41 31 94 71 93 60 85 0 148
181 65 57 53 84 80 78 31 23 98 21 0 181
172 68 20 99 81 30 82 65 53 42 34 0 172
107 87 48 35 57 29 28 31 68 65 36 0 107
168 64 76 43 58 63 98 53 85 46 28 0 168
100 76 35 67 78 46 22 25 34 62 73 0 100
172 79 98 85 61 46 28 59 27 20 30 0 172
197 54 83 20 64 46 21 51 87 23 78 0 197
103 51 64 29 83 21 48 49 86 62 98 0 103
128 58 98 87 26 91 54 53 97 76 35 0 128
178 70 77 77 37 70 82 94 62 36 70 0 178
149 84 44 91 92 38 45 30 69 66 64 0 149
184 40 42 90 51 44 40 68 88 56 29 0 184
171 48 59 55 31 64 87 28 61 93 24 0 171
141 34 54 66 94 72 55 43 87 21 78 0 141
133 60 44 28 33 82 48 92 86 87 81 0 133
193 75 24 85 92 63 92 53 80 81 61 0 193
186 39 48 65 78 88 38 91 90 95 32 0 186
103 40 77 32 83 21 24 60 87 40 47 0 103
136 36 35 46 42 61 41 78 52 69 86 0 136
101 74 33 64 65 62 32 31 86 57 61 0 101
176 40 75 52 48 80 91 94 37 53 49 0 176
117 71 51 43 33 82 99 91 67 95 23 0 117
179 71 32 88 76 90 51 56 91 67 58 0 179
153 70 66 29 77 83 88 27 72 75 60 0 153
158 97 57 49 51 54 64 30 72 93 48 0 158
194 71 75 78 65 62 58 56 70 36 69 0 194
118 87 78 61 46 53 32 91 64 44 81 0 118
174 57 93 89 80 39 68 44 87 41 46 0 174
181 89 88 30 62 44 85 83 50 32 31 0 181
143 59 25 74 50 57 86 51 66 23 24 0 143
110 45 63 37 51 44 29 29 21 76 79 0 110
133 74 57 99 57 77 25 99 32 23 53 0 133
144 31 42 24 97 29 23 46 100 21 52 0 144
128 48 86 32 62 89 81 79 30 62 54 0 128
184 57 92 68 89 38 71 30 30 26 41 0 184
104 73 74 82 34 22 62 71 24 99 96 0 104
196 29 72 28 58 97 22 34 35 81 85 0 196
148 47 30 75 82 27 98 70 70 66 66 0 148
129 86 86 86 77 49 67 96 74 88 78 0 129
151 75 38 53 55 24 35 84 97 98 66 0 151
143 56 78 90 87 38 38 42 91 26 72 0 143
108 31 24 42 52 99 38 46 87 29 49 0 108
147 44 41 93 72 99 53 58 36 39 53 0 147
105 40 86 38 24 26 92 79 63 54 89 0 105
106 37 71 84 63 23 38 59 69 25 86 0 106
152 33 87 92 85 92 88 62 73 27 92 0 152
184 88 87 22 86 67 85 47 32 48 98 0 184
175 52 87 87 50 56 21 21 67 26 31 0 175
138 85 51 73 28 43 23 94 91 26 66 0 138
176 33 82 82 73 52 60 65 69 93 47 0 176
139 52 96 79 47 39 61 70 33 26 77 0 139
195 83 22 77 56 52 100 60 85 46 37 0 195
131 77 91 44 82 60 98 29 26 35 23 0 131
135 91 61 51 68 90 20 57 43 75 69 0 135
148 75 79 81 34 81 30 46 84 45 70 0 148
130 85 29 89 64 51 42 70 58 74 50 0 130
187 84 36 24 78 61 97 69 38 36 26 0 187
151 93 67 69 91 73 31 50 98 75 52 0 151
134 25 60 62 55 34 46 90 24 90 89 0 134
200 90 79 22 30 87 57 92 93 60 83 0 200
149 38 53 30 54 91 23 86 48 35 40 0 149
146 98 38 49 61 74 38 50 86 41 93 0 146
103 31 86 76 88 30 98 79 40 76 58 0 103
109 77 26 99 67 29 71 34 57 41 56 0 109
120 36 92 88 87 43 80 74 89 99 28 0 120
100 62 78 78 96 60 83 78 76 34 42 0 100
101 39 69 43 54 22 34 62 85 45 89 0 101
132 72 34 29 60 55 41 42 30 67 56 0 132
131 26 70 81 75 82 96 20 87 56 83 0 131
161 88 53 22 43 67 63 72 87 88 66 0 161
184 36 33 48 95 92 79 80 60 31 23 0 184
105 26 96 86 21 42 82 70 99 41 90 0 105
176 22 47 78 22 62 58 34 30 21 58 0 176
165 84 96 97 92 99 50 62 60 58 95 0 165
100 89 60 47 47 86 57 99 88 81 72 0 100
126 56 21 94 75 67 70 61 73 43 48 0 126
156 88 72 49 28 87 36 26 30 78 47 0 156
103 20 81 84 43 30 70 26 43 52 79 0 103
104 67 72 22 29 44 48 77 72 26 32 0 104
120 69 52 31 72 75 71 77 52 100 63 0 120
112 65 73 76 45 38 36 45 46 82 70 0 112
113 91 99 33 59 59 49 43 91 60 60 0 113
150 73 34 89 72 66 60 20 81 51 67 0 150
179 46 62 85 97 73 29 79 38 41 53 0 179
108 47 30 28 41 29 44 30 40 43 100 0 108
102 31 29 50 62 28 49 21 52 46 46 0 102
177 77 70 81 38 62 65 60 48 95 35 0 177
193 50 62 38 96 62 95 95 36 49 53 0 193
159 76 65 42 35 93 79 87 86 51 27 0 159
114 71 68 90 75 68 85 73 94 60 26 0 114
125 22 56 95 91 30 45 73 65 58 94 0 125
124 50 58 54 71 56 92 59 94 100 25 0 124
172 83 69 83 38 49 91 76 95 81 74 0 172
146 95 91 67 83 25 83 87 29 78 50 0 146
143 66 94 90 91 84 87 32 25 64 46 0 143
190 98 98 47 60 48 94 31 44 66 27 0 190
115 73 29 25 22 26 56 39 53 89 28 0 115
169 36 88 21 99 31 84 20 20 68 85 0 169
130 25 69 65 98 83 45 28 35 21 63 0 130
150 71 73 21 27 92 81 86 54 88 75 0 150
186 70 48 63 55 78 56 99 26 69 42 0 186
183 90 75 87 54 29 69 60 92 50 85 0 183
142 26 26 28 76 75 54 80 92 75 78 0 142
118 68 68 27 31 67 95 48 70 29 87 0 118
118 85 82 32 40 79 53 88 88 72 75 0 118
136 80 31 82 69 56 46 42 38 98 94 0 136
147 42 23 43 59 38 40 59 47 28 37 0 147
150 68 52 69 42 69 88 42 64 79 42 0 150
190 38 67 96 61 63 64 97 99 87 87 0 190
175 41 64 28 46 29 47 68 96 40 20 0 175
124 36 29 33 94 87 27 46 23 89 51 0 124
135 46 96 36 54 65 27 36 79 54 50 0 135
151 37 87 98 82 62 79 23 32 88 29 0 151
142 60 57 65 51 50 51 82 47 93 97 0 142
185 78 74 81 23 26 77 67 34 56 22 0 185
112 81 56 41 94 68 30 48 68 72 64 0 112
131 93 44 62 60 85 44 56 91 99 93 0 131
196 40 34 63 41 62 94 81 98 34 71 0 196
112 90 37 74 81 54 52 85 64 58 53 0 112
140 52 65 64 35 25 22 82 89 97 60 0 140
149 59 66 47 86 46 78 79 62 33 95 0 149
124 41 97 22 74 95 53 66 73 79 99 0 124
153 39 49 89 25 80 32 44 68 70 32 0 153
159 69 37 92 72 33 52 75 95 89 36 0 159
150 32 71 56 68 43 52 51 50 65 80 0 150
132 46 82 38 75 42 49 94 46 67 40 0 132
177 89 82 72 30 35 50 20 68 36 88 0 177
123 21 99 36 47 55 74 98 26 67 40 0 123
147 68 42 72 53 63 39 77 85 26 45 0 147
156 96 90 37 70 35 79 69 39 23 50 0 156
144 74 25 22 42 20 66 90 77 95 96 0 144
116 23 28 80 39 69 49 66 29 34 99 0 116
137 43 29 57 83 98 46 87 72 32 30 0 137
148 38 98 33 61 80 65 51 89 35 27 0 148
181 59 62 27 84 46 68 32 28 40 22 0 181
193 45 99 65 91 32 78 24 42 92 47 0 193
185 42 20 46 76 75 79 93 99 36 21 0 185
137 43 27 75 79 69 60 21 77 30 83 0 137
191 50 21 44 86 81 21 22 93 55 57 0 191
123 91 70 36 71 34 56 80 70 21 35 0 123
149 69 81 86 69 56 95 75 50 89 88 0 149
153 26 84 98 30 75 96 43 70 61 71 0 153
173 92 21 95 27 34 48 50 41 62 47 0 173
101 36 44 33 49 27 88 89 59 47 77 0 101
116 51 83 91 38 65 35 27 79 75 68 0 116
194 23 37 87 72 37 29 78 31 61 41 0 194
115 42 99 92 34 51 46 33 56 32 46 0 115
199 68 33 82 25 22 83 61 46 81 84 0 199
144 50 45 85 91 22 88 69 95 94 64 0 144
197 31 71 21 80 31 46 64 66 93 84 0 197
119 98 27 100 25 95 30 37 52 57 91 0 119
184 70 21 26 47 80 89 25 72 83 82 0 184
189 74 51 34 59 80 61 38 90 70 76 0 189
120 33 29 77 24 43 61 97 90 87 75 0 120
148 32 44 26 55 95 33 42 56 96 75 0 148
181 76 26 21 49 27 36 32 81 37 37 0 181
195 91 60 89 45 79 39 56 90 28 60 0 195
108 49 34 46 79 42 99 67 89 42 93 0 108
152 36 79 21 34 79 69 59 81 46 87 0 152
155 41 83 96 21 81 61 70 58 70 51 0 155
195 53 27 78 51 53 23 89 86 47 66 0 195
150 80 84 38 54 23 59 50 70 73 66 0 150
128 47 49 28 56 57 35 37 88 76 97 0 128
105 54 71 41 73 20 52 81 21 31 64 0 105
181 90 81 31 57 94 28 21 57 38 34 0 181
145 28 28 54 29 77 89 59 22 26 37 0 145
164 23 76 54 41 87 76 34 65 36 98 0 164
123 60 45 62 77 36 36 72 89 40 62 0 123
101 55 78 76 57 92 29 37 39 68 67 0 101
165 30 97 86 67 94 27 76 92 90 35 0 165
111 44 29 97 30 94 62 42 84 62 65 0 111
116 78 40 68 32 47 31 89 64 64 36 0 116
176 47 50 76 48 38 57 22 91 45 56 0 176
175 30 82 75 49 60 48 82 43 39 36 0 175
149 91 70 50 57 59 33 53 100 23 79 0 149
194 84 77 94 83 31 61 56 54 94 79 0 194
126 87 93 78 84 49 58 94 41 82 51 0 126
120 23 22 44 47 94 74 74 40 28 92 0 120
109 45 66 55 27 52 45 50 42 50 97 0 109
115 51 66 85 43 98 76 31 37 91 52 0 115
122 75 77 36 72 85 57 52 64 68 82 0 122
114 20 70 88 45 69 86 75 47 68 50 0 114
155 96 73 80 20 62 78 57 89 54 77 0 155
180 93 99 60 52 36 68 44 26 85 71 0 180
170 58 97 44 40 28 41 97 64 86 82 0 170
181 29 61 53 91 68 43 79 98 32 35 0 181
150 81 41 91 30 36 26 87 39 61 44 0 150
186 41 72 79 20 79 74 60 98 21 78 0 186
148 67 39 83 29 59 38 89 26 39 44 0 148
139 84 63 98 41 49 65 97 98 66 32 0 139
128 81 65 68 68 95 44 96 46 62 72 0 128
143 59 62 72 96 45 56 27 32 89 22 0 143
187 52 24 31 88 52 54 74 43 76 51 0 187
185 53 29 26 86 99 68 88 29 73 75 0 185
200 34 30 73 65 88 27 24 40 80 98 0 200
190 84 32 90 37 63 87 42 39 61 62 0 190
161 65 39 77 96 30 52 44 59 59 50 0 161
167 59 80 36 25 87 73 78 68 35 90 0 167
154 82 21 99 76 100 99 88 55 23 39 0 154
161 24 26 70 75 86 58 44 49 75 71 0 161
192 41 57 89 63 83 59 62 76 76 98 0 192
177 57 81 75 54 71 45 40 42 72 88 0 177
195 54 54 95 68 32 93 70 32 100 94 0 195
170 62 22 53 83 57 39 73 68 56 38 0 170
167 94 42 39 94 33 54 92 61 68 68 0 167
186 56 81 41 34 57 89 24 47 33 68 0 186
164 45 70 77 99 29 88 59 83 22 56 0 164
162 83 46 94 36 51 98 93 28 46 63 0 162
195 59 43 52 89 27 57 38 55 63 47 0 195
111 88 54 43 22 29 41 62 78 45 86 0 111
100 58 68 78 69 29 38 28 87 98 51 0 100
126 100 35 62 66 58 96 60 26 70 93 0 126
109 38 85 74 65 55 99 42 94 88 85 0 109
195 35 55 68 24 65 40 27 55 55 56 0 195
135 55 23 72 72 25 21 66 65 94 56 0 135
150 50 45 48 88 76 58 90 55 44 91 0 150
122 92 39 100 89 63 76 21 28 48 79 0 122
125 60 49 95 86 39 50 67 73 39 68 0 125
132 52 92 85 77 56 50 32 20 29 39 0 132
179 46 51 30 38 53 73 33 51 89 57 0 179
148 64 49 20 43 67 77 66 80 22 68 0 148
127 90 58 69 47 40 68 80 47 94 73 0 127
120 32 83 89 20 44 42 24 88 33 46 0 120
169 39 30 70 30 27 44 64 81 80 64 0 169
163 40 85 37 29 82 67 88 45 80 67 0 163
178 79 63 52 68 74 78 25 27 50 31 0 178
166 84 31 82 61 31 59 93 33 53 57 0 166
104 48 53 82 40 40 43 48 65 32 35 0 104
123 98 99 74 34 37 87 30 24 84 26 0 123
134 42 31 89 74 68 30 59 70 26 80 0 134
107 83 26 30 66 56 82 88 88 95 23 0 107
140 64 69 35 95 75 73 83 47 25 38 0 140
146 53 93 93 52 79 48 42 86 85 35 0 146
195 52 65 33 49 96 49 68 40 41 85 0 195
181 39 96 98 39 47 40 75 61 56 56 0 181
149 66 23 62 44 30 79 21 70 50 98 0 149
152 31 41 57 31 30 65 39 28 56 92 0 152
177 74 92 98 89 89 93 43 93 80 75 0 177
178 50 26 47 50 61 80 59 51 39 36 0 178
193 95 71 97 24 90 56 38 80 58 60 0 193
179 20 54 84 88 27 77 76 38 46 93 0 179
197 83 54 52 36 80 98 55 46 39 93 0 197
104 66 61 90 62 32 67 86 31 56 26 0 104
196 84 66 25 74 56 66 80 31 99 70 0 196
190 31 63 66 64 93 41 76 46 38 87 0 190
125 29 41 62 46 88 35 44 55 84 93 0 125
112 61 63 62 59 48 58 97 53 73 97 0 112
198 82 71 97 98 32 59 30 78 59 97 0 198
197 35 86 45 26 39 28 44 90 75 84 0 197
196 38 67 31 26 67 68 45 60 34 69 0 196
150 34 97 69 27 67 38 56 86 60 71 0 150
118 22 26 77 53 22 72 47 89 93 96 0 118
140 90 77 48 46 67 84 20 30 76 79 0 140
155 32 75 50 20 39 83 56 23 28 43 0 155
166 22 90 68 95 34 89 67 73 77 92 0 166
135 37 55 46 72 62 92 38 70 66 53 0 135
196 83 87 34 22 60 26 88 67 67 35 0 196
176 95 53 45 29 77 60 25 94 77 60 0 176
143 74 86 87 62 33 93 28 43 58 21 0 143
139 46 70 90 84 91 49 27 93 84 44 0 139
110 92 69 25 67 41 75 22 55 53 95 0 110
147 52 71 63 46 100 86 86 75 61 66 0 147
186 20 70 24 54 69 39 56 67 22 30 0 186
118 99 44 96 63 64 94 63 64 46 88 0 118
178 36 72 46 54 35 99 89 97 56 48 0 178
186 61 50 49 29 22 37 79 39 30 79 0 186
138 53 92 48 42 37 91 78 43 46 80 0 138
122 45 52 20 62 42 53 98 42 29 58 0 122
158 72 84 70 85 64 49 50 87 72 65 0 158
198 62 52 43 35 73 70 73 44 72 57 0 198
180 58 65 86 34 46 23 48 76 81 77 0 180
170 31 43 84 52 67 93 25 73 37 26 0 170
190 50 90 26 29 90 50 57 20 68 75 0 190
178 52 29 41 46 64 32 42 87 63 68 0 178
188 28 39 81 96 79 87 43 88 78 95 0 188
109 98 37 52 85 41 87 75 33 64 33 0 109
170 25 96 70 68 72 69 59 91 23 76 0 170
196 54 74 88 67 59 84 28 78 95 39 0 196
114 54 56 27 66 22 21 87 51 49 61 0 114
101 33 23 41 87 71 47 60 73 61 94 0 101
136 24 85 93 54 79 36 53 97 85 62 0 136
180 35 42 78 82 79 99 36 85 47 43 0 180
169 27 93 31 21 22 68 61 39 34 35 0 169
117 86 21 82 93 61 75 50 46 26 63 0 117
141 59 28 93 86 70 71 81 49 51 31 0 141
190 86 90 26 54 25 42 77 48 37 40 0 190
118 26 68 26 37 72 42 51 36 22 75 0 118
135 63 84 47 53 38 25 96 95 38 71 0 135
107 44 94 82 59 69 23 37 33 61 85 0 107
139 93 20 66 97 56 40 63 56 49 91 0 139
144 84 93 29 80 52 41 56 97 97 75 0 144
132 74 40 39 55 93 39 58 42 88 62 0 132
133 93 85 52 62 44 98 69 83 34 27 0 133
191 83 73 85 43 34 68 43 75 42 45 0 191
117 86 60 27 65 93 28 29 24 98 86 0 117
169 21 51 49 69 28 21 27 81 49 86 0 169
130 40 53 65 64 44 26 89 27 34 49 0 130
132 79 67 99 33 72 64 22 68 97 45 0 132
157 40 38 29 72 22 35 60 66 32 33 0 157
130 29 79 38 95 71 63 31 26 46 70 0 130
159 96 47 52 62 54 72 71 30 78 57 0 159
147 65 85 95 95 79 24 78 36 50 59 0 147
120 57 33 36 30 54 75 88 34 21 84 0 120
142 23 47 40 53 41 21 24 39 69 62 0 142
100 88 34 98 96 47 20 21 85 99 96 0 100
145 60 73 91 51 75 82 66 62 54 77 0 145
138 28 61 77 68 74 49 22 36 43 52 0 138
150 54 48 93 53 57 84 72 21 65 62 0 150
172 61 27 57 40 58 44 83 75 24 72 0 172
168 20 46 74 53 52 31 87 89 73 81 0 168
122 30 79 34 22 35 84 87 36 76 79 0 122
162 44 41 30 20 98 97 22 99 66 58 0 162
195 46 44 66 20 65 24 51 62 26 96 0 195
176 42 82 75 52 30 90 26 48 37 76 0 176
150 81 35 23 60 68 21 32 57 29 69 0 150
189 94 23 32 22 29 90 22 82 28 39 0 189
146 50 24 82 81 34 32 60 70 21 20 0 146
109 43 25 96 84 81 96 28 41 35 58 0 109
147 58 37 82 96 87 98 56 93 85 64 0 147
187 29 82 83 22 58 47 61 78 38 62 0 187
123 85 56 80 73 96 42 25 84 94 60 0 123
197 77 79 39 23 22 57 76 83 89 80 0 197
166 28 22 49 49 71 31 33 80 70 39 0 166
194 73 81 75 98 30 91 32 62 62 50 0 194
124 65 61 31 90 57 34 83 51 88 34 0 124
153 35 90 21 23 94 69 46 94 54 38 0 153
101 50 52 43 95 85 92 95 76 63 69 0 101
102 31 57 23 65 52 66 29 29 34 58 0 102
169 86 73 24 52 61 98 83 77 59 94 0 169
188 98 70 51 58 40 48 98 38 69 74 0 188
199 92 87 45 79 70 35 44 40 35 31 0 199
158 77 71 79 34 60 89 72 65 88 81 0 158
103 47 34 72 81 22 54 79 33 73 54 0 103
127 64 72 85 84 37 56 26 22 34 51 0 127
121 63 56 31 71 37 32 20 73 66 36 0 121
158 91 20 70 63 43 35 69 34 92 62 0 158
135 25 72 87 38 63 28 33 32 41 100 0 135
177 31 60 76 51 39 30 43 98 25 50 0 177
187 73 61 34 28 55 70 89 45 49 85 0 187
197 83 41 45 96 86 44 46 56 51 59 0 197
162 54 52 31 87 26 65 62 93 56 55 0 162
178 65 95 82 31 21 33 41 47 30 51 0 178
131 71 68 63 56 36 71 70 22 61 51 0 131
142 88 68 59 96 93 77 40 93 59 96 0 142
197 54 99 87 62 45 79 77 25 51 76 0 197
168 97 25 47 80 97 89 81 49 40 86 0 168
195 68 48 89 78 70 85 51 63 52 65 0 195
192 36 72 20 65 58 30 82 37 37 93 0 192
149 50 28 76 54 90 67 61 25 59 61 0 149
170 49 57 66 21 59 71 80 49 22 38 0 170
174 67 98 74 28 61 91 86 57 39 69 0 174
114 92 40 36 55 36 74 43 68 50 52 0 114
140 86 70 51 31 40 61 22 27 88 100 0 140
142 38 49 85 97 64 94 24 20 21 42 0 142
185 78 34 30 98 94 70 61 85 69 52 0 185
108 66 94 81 43 59 29 43 67 83 60 0 108
185 38 56 38 86 94 56 78 84 71 85 0 185
196 79 39 43 63 52 43 68 69 76 24 0 196
136 46 76 65 52 59 26 70 65 97 63 0 136
165 34 38 26 41 63 44 29 56 99 30 0 165
110 54 28 40 76 20 48 57 39 64 63 0 110
198 82 30 37 87 47 84 84 71 59 34 0 198
135 78 21 84 86 61 42 74 51 84 49 0 135
149 33 81 51 97 78 39 26 42 92 30 0 149
143 33 49 52 38 80 22 36 26 23 36 0 143
143 79 99 76 82 56 69 74 89 39 20 0 143
140 94 41 56 62 66 75 35 59 35 68 0 140
120 94 43 31 55 36 62 66 53 37 51 0 120
144 36 21 99 100 87 42 67 70 59 73 0 144
108 99 61 93 27 81 31 44 69 30 28 0 108
172 93 54 31 71 55 86 40 72 96 24 0 172
147 77 28 86 78 64 69 28 29 28 45 0 147
141 21 87 35 34 93 79 51 31 26 20 0 141
120 31 56 62 95 30 46 46 53 58 33 0 120
174 21 46 89 49 62 83 78 69 40 77 0 174
150 78 41 61 72 39 73 69 76 21 88 0 150
180 43 75 54 94 98 22 93 83 30 69 0 180
122 91 95 46 43 47 36 40 52 94 44 0 122
148 66 56 65 88 31 46 73 71 99 76 0 148
190 36 99 52 29 66 37 38 26 88 23 0 190
107 46 60 61 31 46 31 36 74 93 27 0 107
195 26 76 66 56 48 79 99 33 63 39 0 195
182 41 79 53 85 74 91 54 92 47 59 0 182
182 52 82 81 46 61 84 27 36 22 56 0 182
185 42 96 32 42 33 73 57 50 91 50 0 185
186 89 33 74 99 41 86 56 78 44 99 0 186
114 29 93 59 66 32 42 68 42 35 74 0 114
187 32 39 36 95 30 95 38 66 77 64 0 187
150 69 44 38 97 52 34 98 41 24 96 0 150
139 46 37 36 73 28 41 96 39 81 27 0 139
196 49 74 31 67 60 90 47 64 96 63 0 196
116 68 33 59 76 58 63 100 28 92 81 0 116
147 47 42 44 34 48 82 37 90 44 39 0 147
195 80 31 60 54 27 74 43 35 58 37 0 195
162 64 40 27 52 42 64 78 66 59 82 0 162
196 42 89 52 53 36 99 92 76 73 78 0 196
106 34 66 74 94 51 70 97 31 85 41 0 106
186 41 57 35 60 57 30 43 32 34 21 0 186
198 75 89 76 62 95 39 55 62 70 73 0 198
148 69 85 62 43 26 98 21 63 85 42 0 148
144 46 61 51 91 30 42 65 78 41 26 0 144
119 46 92 48 34 87 99 69 75 73 77 0 119
161 41 23 32 41 74 23 45 53 85 71 0 161
166 91 86 60 29 65 96 97 43 79 91 0 166
124 90 89 38 43 85 93 29 38 58 54 0 124
196 52 85 44 39 61 35 87 100 93 28 0 196
112 98 100 59 75 52 60 96 30 33 84 0 112
150 48 74 63 32 25 49 31 52 63 99 0 150
194 55 71 64 60 33 66 64 99 61 54 0 194
108 27 36 94 94 87 99 72 42 27 29 0 108
141 91 28 77 82 27 80 100 46 54 98 0 141
121 22 84 62 94 42 36 67 70 35 86 0 121
100 70 64 38 74 63 91 30 22 72 95 0 100
145 32 32 76 51 44 73 74 83 67 73 0 145
180 35 46 61 37 74 64 90 29 38 94 0 180
138 68 94 99 82 81 29 82 93 87 53 0 138
170 62 85 79 29 55 59 52 67 54 52 0 170
159 21 59 72 31 59 75 70 60 27 50 0 159
113 88 100 37 93 86 25 73 97 62 73 0 113
119 85 96 92 44 98 43 29 68 85 95 0 119
110 43 43 74 44 83 20 75 27 61 90 0 110
162 88 74 30 51 54 88 86 84 79 73 0 162
111 55 62 22 24 66 99 73 75 87 47 0 111
113 33 85 63 45 60 96 75 69 85 25 0 113
132 80 75 98 53 57 24 31 21 94 29 0 132
160 68 58 52 22 31 42 28 26 72 24 0 160
124 63 54 52 38 55 89 27 72 46 77 0 124
134 23 69 61 72 67 51 94 81 62 91 0 134
122 32 87 90 22 87 45 92 47 94 31 0 122
131 51 64 38 47 76 47 95 80 21 37 0 131
158 88 88 58 34 45 78 64 80 28 87 0 158
137 35 36 75 38 64 99 77 75 67 66 0 137
158 92 22 25 54 60 64 53 65 92 50 0 158
135 91 51 86 27 92 81 32 79 22 95 0 135
155 54 48 90 49 26 55 77 87 24 71 0 155
164 44 21 80 97 49 20 52 98 27 73 0 164
109 94 78 96 97 34 61 43 52 94 46 0 109
184 60 46 68 34 58 56 23 42 86 56 0 184
109 54 33 49 57 85 91 82 37 96 35 0 109
104 39 40 66 36 66 27 93 86 38 68 0 104
158 69 91 71 92 38 38 28 48 43 78 0 158
169 71 61 92 36 51 47 51 70 29 98 0 169
122 24 73 81 53 79 58 53 62 24 43 0 122
131 85 28 22 24 64 22 92 90 44 65 0 131
132 76 95 26 40 29 50 75 63 83 92 0 132
121 41 22 33 60 84 71 58 84 51 96 0 121
118 86 69 27 50 81 61 63 72 66 53 0 118
171 77 73 21 31 79 84 98 83 48 28 0 171
182 94 86 85 81 59 91 66 45 49 61 0 182
143 41 78 82 55 38 59 53 62 80 22 0 143
128 50 33 88 34 86 83 49 44 60 93 0 128
118 91 60 27 72 68 87 55 89 77 85 0 118
192 67 94 49 95 91 33 70 38 22 83 0 192
119 20 21 99 50 41 36 36 78 25 71 0 119
192 94 78 52 59 96 67 98 54 32 57 0 192
154 36 36 55 47 35 21 21 99 66 21 0 154
113 31 78 96 61 52 67 77 75 91 67 0 113
135 28 91 35 51 33 56 85 71 87 63 0 135
147 71 58 88 92 81 83 98 27 84 92 0 147
127 43 60 94 28 22 81 63 54 87 76 0 127
140 72 52 93 31 25 48 67 62 98 34 0 140
156 59 88 46 23 54 31 73 92 68 58 0 156
169 74 33 28 60 74 45 50 20 28 73 0 169
135 60 28 43 55 84 41 56 78 56 98 0 135
134 63 26 55 32 73 48 29 74 81 45 0 134
109 89 62 55 85 72 97 72 43 22 46 0 109
102 64 37 97 23 100 58 51 34 89 34 0 102
139 89 100 40 76 37 82 38 73 90 67 0 139
189 72 74 67 40 38 42 24 21 89 71 0 189
152 89 64 97 20 31 93 22 42 87 62 0 152
168 27 62 58 82 42 35 89 98 50 30 0 168
138 69 61 59 40 89 28 86 54 61 21 0 138
135 86 50 95 99 57 95 51 32 31 56 0 135
164 29 64 30 92 55 34 43 72 25 73 0 164
171 91 71 35 26 56 31 31 81 28 83 0 171
194 61 29 39 99 70 38 79 29 74 50 0 194
105 94 30 44 63 81 70 88 86 62 67 0 105
169 54 92 76 25 22 100 84 95 45 54 0 169
151 37 24 43 78 24 25 99 87 56 79 0 151
121 45 36 76 39 47 40 72 49 96 21 0 121
115 99 70 20 78 37 76 49 70 54 37 0 115
149 31 33 59 58 40 47 93 51 40 93 0 149
153 65 67 68 93 71 90 60 66 45 44 0 153
124 60 28 21 23 92 29 70 86 46 99 0 124
121 27 97 93 55 60 38 23 76 56 36 0 121
165 91 68 54 95 56 75 82 60 68 49 0 165
118 52 59 99 79 24 72 63 58 78 44 0 118
102 37 95 43 36 40 26 65 45 35 21 0 102
194 97 94 47 76 75 62 92 92 28 44 0 194
141 21 54 81 25 93 69 93 43 57 88 0 141
111 100 61 39 65 38 62 84 67 45 97 0 111
131 23 97 21 35 77 66 39 58 31 41 0 131
129 53 87 96 63 75 55 36 98 61 28 0 129
149 57 83 88 78 64 47 50 22 44 20 0 149
183 76 86 44 63 32 66 53 73 35 61 0 183
172 55 47 35 32 37 78 92 27 98 89 0 172
171 42 39 33 36 79 89 85 44 30 57 0 171
137 31 57 62 77 49 58 59 30 59 42 0 137
142 44 44 47 59 67 59 66 95 61 48 0 142
101 32 84 22 79 28 35 83 47 99 99 0 101
104 35 70 24 43 45 52 22 64 33 50 0 104
140 70 37 89 74 41 41 65 36 51 23 0 140
114 79 77 39 34 64 43 42 74 84 57 0 114
126 36 82 64 96 73 96 100 37 33 22 0 126
155 99 21 48 54 78 44 92 47 33 76 0 155
119 22 66 43 21 34 35 74 41 94 82 0 119
152 86 60 44 34 37 54 56 81 46 84 0 152
129 73 51 31 25 98 98 28 48 34 94 0 129
139 69 84 98 44 60 57 62 61 60 51 0 139
123 74 91 51 57 74 27 25 25 25 78 0 123
111 63 90 31 97 21 27 79 33 52 83 0 111
106 83 48 45 63 97 29 80 83 81 42 0 106
153 99 35 73 55 35 32 44 40 63 73 0 153
139 81 21 33 82 54 46 47 49 75 57 0 139
124 85 59 83 28 88 97 21 85 29 44 0 124
193 31 77 23 48 97 87 60 32 55 31 0 193
189 64 67 60 69 39 87 89 78 36 29 0 189
161 36 54 81 82 62 86 85 94 64 66 0 161
173 35 82 71 77 83 22 67 59 100 100 0 173
184 87 57 86 77 64 48 49 48 81 62 0 184
157 57 37 51 56 83 75 73 94 70 69 0 157
183 29 93 40 65 84 35 59 60 65 63 0 183
155 22 66 38 94 75 20 42 23 100 47 0 155
169 33 65 49 29 20 79 56 40 44 78 0 169
142 68 68 72 87 31 44 33 34 70 62 0 142
191 22 54 73 42 63 29 74 97 55 62 0 191
196 33 29 78 64 47 76 28 48 27 94 0 196
106 60 80 51 21 67 60 40 73 81 64 0 106
118 50 80 64 38 32 84 70 67 78 54 0 118
100 38 56 83 84 36 95 38 76 53 96 0 100
128 54 85 33 31 20 26 23 92 70 79 0 128
149 59 25 39 95 91 40 37 44 79 52 0 149
133 99 48 24 44 64 81 39 53 24 61 0 133
181 62 62 65 47 96 27 31 61 88 43 0 181
149 35 56 32 81 37 48 94 49 35 70 0 149
146 35 81 48 71 24 77 30 21 43 81 0 146
103 40 84 60 86 56 47 70 41 41 21 0 103
102 85 36 50 75 38 86 41 83 47 38 0 102
110 85 100 50 61 95 89 30 40 84 78 0 110
169 36 62 50 54 84 76 40 83 83 94 0 169
129 32 50 31 65 89 85 28 86 89 36 0 129
197 90 23 29 20 91 89 88 79 44 72 0 197
188 40 75 55 36 70 30 57 89 82 77 0 188
155 46 51 82 72 77 32 66 49 50 93 0 155
186 58 83 51 92 71 31 67 98 76 56 0 186
168 99 79 59 71 50 21 97 95 21 84 0 168
123 28 63 44 59 46 29 31 43 96 68 0 123
188 58 51 42 79 36 47 71 60 89 48 0 188
174 26 73 85 73 32 72 89 95 28 62 0 174
198 77 39 79 47 34 84 35 66 54 82 0 198
183 45 28 95 33 76 49 82 21 31 57 0 183
148 39 31 90 29 66 56 50 36 47 78 0 148
164 68 76 30 65 92 89 75 26 58 38 0 164
157 76 83 27 61 58 76 27 85 84 35 0 157
152 56 76 80 94 79 33 50 35 77 44 0 152
124 33 54 61 58 90 60 87 83 57 53 0 124
122 31 64 33 49 78 59 67 38 98 100 0 122
151 93 26 34 46 29 59 21 55 49 22 0 151
126 84 94 29 25 100 66 90 98 21 87 0 126
114 30 27 95 79 73 83 73 91 44 89 0 114
164 24 67 94 53 83 24 60 45 31 54 0 164
130 43 40 85 41 69 34 98 22 74 42 0 130
139 84 30 82 67 86 27 68 89 98 33 0 139
105 99 86 50 54 96 21 81 36 90 94 0 105
146 73 75 65 86 39 86 69 82 29 88 0 146
111 73 74 42 73 32 58 60 85 63 63 0 111
176 92 38 83 65 95 31 72 75 76 88 0 176
116 63 66 68 25 37 25 92 70 71 51 0 116
150 31 88 24 83 82 20 74 52 28 96 0 150
143 30 67 54 78 77 33 99 67 97 97 0 143
193 48 40 52 25 74 24 50 79 68 98 0 193
149 42 56 58 27 96 51 91 77 93 26 0 149
136 31 25 75 32 83 34 21 44 54 35 0 136
113 40 65 37 86 59 54 84 24 49 55 0 113
107 83 71 21 71 22 58 92 99 78 82 0 107
173 42 91 21 22 39 37 87 50 90 21 0 173
164 93 69 42 24 69 81 38 54 76 70 0 164
173 57 94 77 98 87 83 67 81 32 20 0 173
169 21 71 71 23 43 26 57 56 72 49 0 169
186 23 41 71 28 99 57 68 71 51 49 0 186
119 91 86 33 77 88 74 73 25 56 29 0 119
146 72 98 97 92 24 77 68 82 43 42 0 146
149 71 49 32 66 89 26 99 23 71 65 0 149
100 97 78 59 81 54 71 50 53 43 22 0 100
128 50 51 25 69 40 78 98 33 36 69 0 128
137 25 62 95 59 75 38 56 32 34 81 0 137
139 75 56 34 21 62 59 82 64 89 71 0 139
163 75 63 61 39 88 87 52 76 50 95 0 163
106 42 79 81 53 53 72 69 60 80 90 0 106
180 39 33 97 51 84 69 46 51 69 58 0 180
112 79 99 79 54 74 48 90 34 41 86 0 112
163 40 78 96 34 87 77 38 36 36 70 0 163
162 75 20 55 33 25 57 44 37 42 39 0 162
192 43 46 97 96 33 68 86 90 81 58 0 192
193 25 90 73 68 96 100 71 44 71 22 0 193
156 80 83 90 52 35 99 46 42 90 80 0 156
139 97 89 65 29 32 50 77 49 34 84 0 139
115 39 78 69 41 37 28 97 61 62 63 0 115
166 48 29 33 55 38 89 60 38 89 34 0 166
163 46 28 24 67 39 76 89 31 30 91 0 163
131 95 66 36 61 99 100 47 39 37 38 0 131
149 57 55 91 89 67 81 69 32 38 71 0 149
174 80 35 62 81 63 61 44 59 98 86 0 174
190 36 56 32 94 47 65 86 44 84 35 0 190
126 86 68 25 33 72 59 37 50 67 50 0 126
111 98 91 68 34 74 85 71 61 60 59 0 111
113 30 79 38 30 49 91 56 44 93 62 0 113
126 30 46 40 65 60 79 55 36 86 50 0 126
199 70 68 98 97 45 43 72 22 30 37 0 199
185 81 48 59 84 91 39 88 37 32 79 0 185
181 34 33 52 96 52 31 57 28 56 83 0 181
100 44 97 35 92 73 80 58 79 76 86 0 100
170 84 31 70 37 44 54 86 94 27 87 0 170
161 70 40 26 44 39 61 90 63 30 76 0 161
114 78 63 68 94 71 37 25 81 84 86 0 114
160 72 70 70 50 54 70 34 42 91 51 0 160
167 71 73 95 88 42 64 76 85 30 75 0 167
112 37 89 32 81 34 87 54 67 28 42 0 112
148 92 73 31 42 78 62 95 52 58 39 0 148
157 30 92 82 98 38 99 31 67 76 30 0 157
110 68 74 38 54 52 47 62 89 46 51 0 110
117 54 85 97 29 84 23 41 62 74 39 0 117
147 78 63 77 26 80 81 72 42 39 43 0 147
107 54 94 56 71 59 22 69 72 81 78 0 107
180 71 90 61 29 92 32 58 64 84 100 0 180
158 73 53 68 33 41 21 63 24 93 83 0 158
186 83 35 67 89 72 50 44 30 39 80 0 186
137 57 31 21 59 76 99 80 51 32 79 0 137
122 44 56 56 83 98 78 67 50 30 41 0 122
171 79 90 74 24 73 83 32 76 62 37 0 171
163 74 74 45 25 50 100 69 41 67 87 0 163
183 87 34 92 65 50 22 98 94 88 58 0 183
133 26 71 71 28 94 88 99 77 72 75 0 133
113 95 60 87 33 41 81 73 74 88 72 0 113
150 99 73 89 35 24 88 98 59 91 84 0 150
165 38 84 64 50 99 89 69 91 62 73 0 165
176 23 25 46 50 33 55 76 33 86 60 0 176
175 40 86 61 88 69 67 97 50 50 74 0 175
198 58 22 97 60 66 86 93 49 58 25 0 198
154 29 76 89 78 34 33 69 23 85 39 0 154
190 65 34 44 54 65 75 81 58 44 77 0 190
132 87 49 90 75 45 64 63 28 53 85 0 132
148 75 50 97 80 53 76 65 85 74 39 0 148
118 97 58 97 23 91 69 41 94 23 36 0 118
150 90 84 89 25 38 42 66 87 98 78 0 150
126 34 64 77 88 51 79 87 56 79 54 0 126
149 58 32 37 65 90 87 59 42 82 29 0 149
148 59 40 51 58 94 50 73 52 45 76 0 148
123 57 82 84 99 72 23 36 60 56 74 0 123
192 27 95 39 24 92 24 74 67 48 94 0 192
101 77 45 59 91 80 70 36 82 39 85 0 101
174 55 77 35 50 39 98 44 63 67 68 0 174
143 99 21 90 92 50 46 83 47 84 67 0 143
120 75 30 94 96 65 36 85 87 69 42 0 120
125 67 95 58 37 57 58 66 72 92 78 0 125
193 52 93 69 64 69 90 21 41 66 59 0 193
110 64 25 34 79 59 72 34 78 59 51 0 110
111 63 90 67 67 87 30 28 89 27 56 0 111
184 44 48 29 80 39 47 88 60 54 75 0 184
172 51 38 54 77 48 42 27 93 88 92 0 172
135 26 43 85 68 21 55 54 62 52 85 0 135
106 82 27 59 52 85 25 73 73 71 52 0 106
135 99 40 47 78 20 59 30 47 32 75 0 135
150 23 33 92 33 32 73 89 39 81 96 0 150
155 48 81 36 50 35 71 73 78 82 70 0 155
110 66 75 49 48 66 55 100 96 87 91 0 110
186 48 44 72 68 60 67 50 67 57 55 0 186
197 44 67 55 54 98 60 36 32 85 99 0 197
191 100 94 58 60 80 31 58 27 25 81 0 191
183 78 85 29 21 33 98 37 43 52 74 0 183
147 24 21 26 71 36 76 87 33 24 55 0 147
165 88 52 47 23 59 21 58 84 55 36 0 165
106 82 38 95 56 87 89 35 38 98 98 0 106
198 88 31 58 87 31 43 42 46 22 39 0 198
146 82 27 81 64 88 89 63 48 23 97 0 146
186 50 71 65 28 64 92 56 59 62 27 0 186
135 39 56 79 65 58 83 73 82 36 74 0 135
180 27 24 71 69 100 39 85 91 33 45 0 180
173 80 88 37 39 88 86 54 37 50 42 0 173
136 84 21 73 93 62 33 21 87 42 97 0 136
126 41 36 65 95 63 35 24 85 29 86 0 126
149 32 83 30 32 92 28 97 28 53 97 0 149
152 97 85 45 74 81 30 39 63 36 87 0 152
142 29 22 79 96 100 25 30 75 36 60 0 142
139 22 74 44 92 85 81 94 98 87 66 0 139
115 90 65 100 65 93 86 76 59 51 75 0 115
198 92 92 26 49 98 96 44 53 56 99 0 198
119 76 88 26 27 31 39 37 47 69 89 0 119
186 74 56 90 37 35 27 99 82 50 49 0 186
168 95 76 72 81 95 79 69 62 63 31 0 168
115 73 100 32 72 67 52 25 59 27 44 0 115
118 76 23 83 91 66 98 59 100 27 70 0 118
171 59 75 56 64 77 92 48 24 70 24 0 171
196 21 79 49 84 76 96 68 87 34 40 0 196
154 54 82 81 81 49 29 72 84 71 46 0 154
142 39 22 83 89 33 97 22 84 53 22 0 142
158 48 54 86 30 63 65 26 47 61 59 0 158
110 37 83 78 98 91 65 75 72 47 62 0 110
119 36 38 28 93 62 54 92 69 92 30 0 119
199 22 42 51 70 87 65 61 51 23 79 0 199
127 27 73 43 92 75 98 65 83 86 54 0 127
111 54 74 30 80 71 76 91 96 96 30 0 111
156 33 74 42 92 71 63 99 68 62 36 0 156
124 49 60 81 51 37 77 37 79 89 55 0 124
147 70 33 68 72 33 61 91 32 96 51 0 147
141 39 20 29 98 44 52 23 30 22 50 0 141
150 59 44 81 98 44 89 28 52 62 73 0 150
168 98 30 26 84 50 91 53 86 77 37 0 168
188 86 52 45 70 86 76 74 34 29 71 0 188
165 46 89 92 46 80 50 29 24 54 62 0 165
169 64 40 89 94 85 85 20 43 61 83 0 169
139 60 50 41 88 75 89 56 84 29 83 0 139
193 40 33 49 42 47 66 45 61 99 24 0 193
136 89 80 56 71 91 75 88 55 46 93 0 136
167 82 90 80 29 71 92 48 56 81 41 0 167
127 27 48 29 89 98 72 52 51 76 92 0 127
108 27 46 97 70 89 96 26 87 93 94 0 108
134 87 43 93 90 95 85 25 60 69 67 0 134
141 52 54 22 27 21 45 57 95 47 86 0 141
141 74 63 51 99 77 66 89 54 51 85 0 141
117 43 79 86 23 42 32 94 79 52 21 0 117
167 65 56 55 64 25 94 92 35 47 92 0 167
106 83 93 59 93 58 55 54 57 40 66 0 106
108 81 29 85 96 56 26 49 50 81 99 0 108
190 65 35 53 33 28 95 33 23 82 73 0 190
186 78 25 35 71 30 26 92 50 35 54 0 186
179 52 69 39 91 82 49 24 35 37 65 0 179
185 69 57 20 93 33 91 61 52 42 35 0 185
198 65 68 50 83 66 77 70 48 24 49 0 198
200 64 44 57 73 64 32 80 29 51 70 0 200
176 89 49 89 52 99 99 89 28 77 75 0 176
100 92 50 24 47 56 39 65 98 66 65 0 100
120 66 74 85 72 32 47 64 85 68 73 0 120
149 89 61 35 65 95 56 82 54 45 35 0 149
150 55 99 85 79 48 73 38 72 34 51 0 150
185 59 71 34 58 61 37 27 74 71 68 0 185
172 44 50 54 96 24 21 86 53 31 35 0 172
146 34 66 54 32 47 49 26 63 89 91 0 146
164 95 34 58 89 86 78 100 80 38 23 0 164
155 38 80 24 32 99 48 73 67 45 62 0 155
145 59 66 25 66 86 68 29 32 74 70 0 145
133 50 58 55 85 25 26 38 76 100 46 0 133
120 67 33 66 44 84 94 44 58 48 20 0 120
142 60 40 82 66 36 33 82 21 55 89 0 142
103 64 87 49 47 80 35 53 91 65 45 0 103
113 42 86 41 58 70 84 74 68 32 31 0 113
140 26 95 88 65 95 98 56 44 36 99 0 140
121 87 37 26 42 81 87 78 22 77 56 0 121
114 84 65 45 45 25 43 77 55 27 78 0 114
103 25 74 25 68 99 90 50 66 61 90 0 103
158 84 81 47 90 72 69 81 56 55 54 0 158
103 50 47 47 77 53 52 22 66 30 77 0 103
180 61 48 66 40 24 28 23 100 97 67 0 180
143 76 26 44 65 38 49 81 44 58 21 0 143
147 27 92 95 54 48 59 82 40 50 79 0 147
156 22 54 37 80 21 65 92 80 27 81 0 156
184 91 44 54 70 93 78 50 44 67 99 0 184
112 94 60 20 63 42 30 97 67 95 59 0 112
170 26 77 60 41 23 93 98 64 73 91 0 170
148 59 28 21 97 27 37 54 77 51 67 0 148
101 40 22 22 71 59 28 21 35 66 95 0 101
133 66 44 60 77 87 72 66 54 62 75 0 133
165 66 42 94 69 74 46 94 62 96 27 0 165
154 49 54 50 96 91 64 68 40 21 51 0 154
182 40 81 47 29 56 34 57 78 56 57 0 182
183 76 26 100 89 79 81 65 27 85 65 0 183
160 82 58 57 98 97 79 49 37 82 79 0 160
121 30 74 87 57 38 81 51 35 88 44 0 121
130 30 68 96 24 26 45 22 48 35 52 0 130
130 63 58 28 70 31 85 82 95 50 76 0 130
169 95 51 96 85 67 55 91 51 42 78 0 169
108 87 37 37 78 67 33 76 87 36 73 0 108
146 81 51 36 69 50 27 84 39 40 63 0 146
161 51 46 20 98 44 33 25 100 85 76 0 161
150 84 60 28 100 80 62 59 56 75 42 0 150
190 62 36 41 99 25 54 34 69 51 31 0 190
196 97 51 60 80 49 62 50 65 24 90 0 196
128 93 24 41 52 51 71 87 38 46 92 0 128
109 74 82 97 63 58 46 63 86 51 82 0 109
161 45 76 84 77 32 53 48 54 28 26 0 161
181 57 90 83 34 74 96 55 88 82 72 0 181
117 81 84 40 64 96 39 58 51 68 95 0 117
169 58 89 53 65 93 27 39 24 79 70 0 169
109 86 23 21 90 83 72 54 83 79 48 0 109
130 40 37 94 61 81 37 93 51 85 79 0 130
125 75 85 72 90 38 82 49 82 33 93 0 125
192 41 43 39 78 25 45 29 39 24 64 0 192
136 42 58 79 44 89 33 82 54 48 52 0 136
197 98 35 32 58 23 98 74 64 29 46 0 197
117 64 43 97 59 33 81 88 100 82 53 0 117
110 36 61 66 50 99 45 23 29 67 66 0 110
161 22 93 72 43 47 84 27 69 91 60 0 161
194 83 21 78 38 49 98 67 23 53 81 0 194
165 26 63 43 82 60 85 76 38 52 99 0 165
126 93 49 64 30 58 92 98 55 54 100 0 126
178 70 41 34 91 29 97 92 43 48 43 0 178
158 32 25 48 37 61 23 92 75 40 61 0 158
107 95 84 74 50 32 49 89 21 64 47 0 107
130 52 80 69 40 97 73 72 51 78 74 0 130
196 78 70 90 59 55 36 99 77 87 93 0 196
103 37 45 48 39 48 81 80 86 21 46 0 103
156 26 46 52 64 46 77 95 54 69 59 0 156
190 62 75 59 63 94 70 24 80 97 48 0 190
192 96 49 44 81 85 49 60 62 58 27 0 192
117 57 82 22 52 95 33 75 78 46 73 0 117
139 99 21 46 65 52 73 25 31 79 21 0 139
193 55 51 57 91 97 75 48 44 39 35 0 193
163 56 44 93 50 66 26 78 52 67 21 0 163
154 36 67 98 67 67 24 67 71 66 39 0 154
186 55 65 21 61 92 67 30 31 60 27 0 186
189 79 29 97 28 31 91 40 35 35 96 0 189
116 87 26 84 48 69 57 69 38 42 83 0 116
110 24 31 54 76 83 73 51 46 53 24 0 110
122 30 87 67 35 45 88 27 58 48 22 0 122
114 91 28 59 43 26 78 54 24 58 99 0 114
104 22 35 40 79 91 37 97 49 89 71 0 104
101 76 33 56 38 26 50 88 67 55 45 0 101
183 47 73 28 71 40 81 83 100 44 61 0 183
100 87 78 60 73 59 73 83 45 62 64 0 100
151 97 52 63 38 26 41 61 88 99 90 0 151
169 25 32 26 22 68 32 75 99 42 64 0 169
177 65 84 49 72 97 29 37 23 45 86 0 177
125 37 60 29 74 97 83 84 59 78 31 0 125
149 52 68 24 97 44 61 50 48 46 93 0 149
151 63 62 50 62 51 34 33 94 50 93 0 151
186 28 79 86 35 39 85 80 100 97 55 0 186
142 48 44 52 21 49 53 94 35 99 21 0 142
178 93 65 65 22 47 91 97 53 59 35 0 178
196 67 40 69 73 75 20 100 87 70 38 0 196
115 21 80 97 87 43 72 95 68 30 28 0 115
175 87 51 92 49 85 38 41 59 73 87 0 175
107 30 32 27 87 33 45 59 99 55 41 0 107
123 89 39 64 88 71 28 39 96 30 53 0 123
185 35 63 99 58 36 44 84 43 27 29 0 185
112 45 36 55 94 75 77 99 69 41 72 0 112
129 50 75 67 74 53 86 90 89 24 97 0 129
100 99 36 29 99 65 87 32 43 99 83 0 100
172 87 65 71 27 69 56 96 22 60 68 0 172
134 34 95 40 55 45 64 23 81 39 81 0 134
105 39 95 24 27 63 90 42 64 25 31 0 105
145 45 71 76 59 71 58 75 52 60 75 0 145
166 97 98 67 46 38 97 92 55 43 90 0 166
163 87 76 39 72 59 70 75 55 26 52 0 163
182 41 74 32 84 30 84 49 66 33 51 0 182
112 98 93 46 29 94 68 71 65 38 22 0 112
158 52 23 48 67 66 93 87 97 68 42 0 158
123 47 52 84 95 38 85 81 55 64 99 0 123
178 27 58 76 69 76 59 36 61 67 91 0 178
100 42 73 77 66 69 70 46 39 31 75 0 100
189 42 33 56 28 78 46 72 89 86 84 0 189
146 70 21 86 58 85 36 46 47 50 24 0 146
191 28 85 64 95 22 89 79 74 91 83 0 191
181 76 90 47 64 45 96 93 85 45 24 0 181
166 66 25 72 78 33 66 39 84 80 51 0 166
144 71 99 21 43 21 65 60 64 73 43 0 144
140 44 40 90 66 36 47 86 43 95 51 0 140
170 81 59 87 73 70 95 55 66 92 54 0 170
107 91 65 60 50 90 67 38 35 42 41 0 107
142 82 25 59 96 84 63 83 63 89 20 0 142
169 68 69 90 73 54 65 75 92 38 69 0 169
125 81 80 66 74 97 33 51 78 43 72 0 125
154 58 31 47 57 35 22 52 59 33 23 0 154
105 97 43 64 24 76 100 23 70 87 97 0 105
183 91 66 69 71 68 31 24 29 24 95 0 183
108 59 94 49 44 74 63 59 52 74 34 0 108
112 89 52 30 97 42 71 91 23 28 40 0 112
115 48 92 97 59 78 53 69 79 71 35 0 115
112 23 24 55 35 98 37 91 64 75 38 0 112
101 35 65 21 41 51 58 62 37 56 26 0 101
156 86 97 94 80 64 72 77 92 92 77 0 156
100 47 31 21 95 38 35 52 74 86 38 0 100
173 91 71 74 100 80 75 30 88 80 36 0 173
109 45 95 53 61 91 100 43 56 26 62 0 109
163 98 45 44 92 43 64 30 32 45 55 0 163
138 74 21 96 90 52 31 73 85 29 34 0 138
158 97 70 48 31 93 49 50 57 66 38 0 158
115 99 30 97 50 33 45 32 39 82 54 0 115
182 91 52 63 85 24 57 93 79 70 24 0 182
156 87 65 78 63 76 28 81 77 86 38 0 156
162 94 81 37 48 61 91 78 29 82 22 0 162
137 63 32 60 46 88 64 52 63 70 88 0 137
104 53 78 43 73 96 40 52 36 70 47 0 104
113 33 55 54 55 53 31 90 59 40 39 0 113
119 65 70 73 48 91 92 32 23 49 92 0 119
101 34 64 45 29 28 51 82 84 96 39 0 101
116 59 96 46 90 80 60 89 73 39 77 0 116
186 46 99 41 69 81 33 69 69 78 58 0 186
146 50 33 41 46 44 41 78 95 99 68 0 146
200 82 49 66 67 68 88 83 65 22 49 0 200
114 22 87 98 94 81 26 63 73 50 61 0 114
111 55 34 66 55 35 82 82 64 77 26 0 111
114 39 74 93 22 28 72 40 36 40 31 0 114
110 87 59 79 79 29 49 82 44 40 83 0 110
104 21 31 31 34 83 91 51 96 50 46 0 104
186 37 48 21 36 94 59 73 50 35 67 0 186
146 79 53 44 22 33 28 74 46 54 63 0 146
197 34 89 43 95 62 37 95 68 33 70 0 197
101 88 98 60 93 22 58 39 41 51 96 0 101
185 93 56 67 81 58 82 23 24 99 78 0 185
171 35 43 71 95 55 76 72 29 67 73 0 171
157 55 97 64 20 77 40 79 89 50 52 0 157
166 43 53 43 81 37 73 33 64 55 82 0 166
121 70 41 88 35 36 44 32 26 36 29 0 121
119 90 48 30 60 52 79 99 53 70 73 0 119
175 80 88 77 62 94 30 36 32 28 22 0 175
181 43 95 64 83 42 60 56 38 69 92 0 181
152 28 55 57 31 62 32 92 70 26 35 0 152
180 28 96 33 80 91 24 22 59 24 93 0 180
178 82 58 39 91 96 84 74 40 60 28 0 178
166 58 94 95 100 69 21 20 44 68 33 0 166
155 89 49 81 61 73 66 47 43 65 28 0 155
192 26 73 89 100 97 39 50 30 84 87 0 192
105 49 94 26 94 96 80 57 59 76 83 0 105
174 52 21 33 84 89 69 32 35 22 23 0 174
128 52 67 31 81 79 91 44 37 57 71 0 128
110 81 84 44 62 67 41 28 75 52 100 0 110
136 49 97 80 96 93 44 46 30 67 62 0 136
107 79 67 37 21 71 24 91 89 46 36 0 107
170 88 38 29 74 29 59 58 72 57 89 0 170
186 73 40 98 61 62 61 56 94 65 78 0 186
100 32 22 23 46 80 46 21 81 99 90 0 100
147 63 92 84 95 33 79 62 69 45 77 0 147
190 79 94 72 46 21 90 92 45 89 82 0 190
115 33 38 62 47 67 78 75 61 51 41 0 115
192 85 49 72 92 89 36 47 65 86 29 0 192
118 51 21 64 45 42 63 25 69 70 35 0 118
163 27 23 42 77 94 51 47 58 85 25 0 163
189 33 44 62 78 84 41 59 25 94 84 0 189
128 50 33 80 68 79 57 45 25 40 44 0 128
182 29 92 60 68 31 23 50 41 36 41 0 182
216 197 221 154 213
133 149 185 223 264
107 150 210 253 262
139 157 194 229 281
114 170 194 243 266
116 158 182 241 274
125 180 212 243 278
132 165 205 243 273
111 148 193 255 269
119 150 219 234 298
102 173 192 229 293
137 178 207 250 289
100 166 194 221 265
129 145 180 225 292
110 161 212 235 283
138 148 209 253 296
130 159 210 223 267
117 163 208 223 292
111 145 184 254 266
122 155 203 242 294
126 160 204 236 275
120 145 212 260 289
120 173 191 248 267
132 176 216 258 277
108 156 191 232 267
125 146 185 245 296
121 145 210 240 269
114 166 211 223 266
117 170 196 259 272
119 145 199 238 269
116 144 211 257 277
107 174 211 255 261
114 177 216 220 288
102 175 186 244 291
100 160 197 234 285
114 168 195 238 279
112 157 213 248 273
135 179 183 220 279
131 165 191 240 294
108 179 191 237 270
116 165 190 256 260
136 160 214 236 288
117 158 185 234 296
102 141 196 229 296
123 164 196 257 290
128 140 212 248 263
101 174 208 251 282
108 174 220 245 299
109 163 184 221 261
136 179 216 238 260
137 172 183 258 294
112 164 191 236 286
122 161 187 241 300
108 149 199 223 297
134 168 189 259 272
116 145 188 229 289
106 173 218 228 262
106 151 180 232 265
103 179 192 228 270
126 145 188 221 281
121 155 192 222 262
118 160 212 229 263
105 180 196 233 267
136 140 201 255 266
131 172 215 245 292
137 173 203 224 290
140 163 218 227 276
113 161 213 243 262
139 179 217 226 279
135 172 193 236 283
131 175 206 224 283
134 173 195 253 268
127 155 183 245 288
122 147 196 251 292
131 169 203 250 297
110 160 216 223 294
115 173 205 226 261
134 150 192 222 282
115 180 210 249 274
106 176 215 247 285
107 146 206 222 276
111 164 180 231 280
122 161 217 248 297
121 165 206 228 267
125 180 217 248 294
137 180 212 244 263
104 155 204 221 295
140 159 201 241 266
126 150 187 259 282
101 156 200 235 293
140 158 214 228 298
110 162 181 233 261
112 164 191 256 269
100 150 216 230 282
104 174 184 253 291
136 164 197 246 300
104 147 214 253 289
129 171 194 239 265
128 165 203 257 283
107 178 190 234 286
118 141 209 260 270
106 163 205 245 269
140 178 181 239 272
125 147 215 245 283
102 147 219 232 278
140 151 210 247 267
122 152 180 237 280
118 166 180 255 263
132 175 220 232 281
113 157 217 254 270
103 179 187 236 281
131 141 216 235 265
129 156 188 229 264
100 141 195 257 296
104 141 196 229 294
134 165 214 240 273
128 151 218 244 287
137 152 189 237 276
116 161 220 224 280
140 152 184 245 270
121 155 214 259 282
135 179 191 224 286
119 146 186 241 263
121 154 197 250 278
108 172 216 220 288
123 161 196 243 297
138 178 200 232 272
112 153 211 236 297
136 169 209 254 264
136 168 216 227 278
112 144 195 231 294
138 162 204 231 277
103 166 215 226 281
140 144 197 229 282
134 160 214 225 263
110 160 189 225 298
102 170 199 231 281
132 165 213 236 292
135 179 188 223 279
108 179 184 220 298
126 148 203 248 292
139 150 189 223 263
115 179 208 254 275
130 147 207 234 294
120 160 206 225 284
105 157 212 247 290
111 157 210 255 284
112 158 204 241 284
105 167 202 232 276
109 154 212 235 280
114 170 213 246 291
121 173 187 236 290
122 179 206 258 272
105 155 197 228 293
114 152 196 239 299
120 156 219 226 273
139 144 216 225 280
114 170 217 223 270
104 143 185 222 298
119 161 210 225 290
133 172 180 257 266
139 143 194 238 262
125 167 219 232 276
119 140 205 232 263
133 171 199 220 285
117 147 216 229 278
127 162 204 231 284
133 176 205 225 284
126 174 201 227 299
124 152 212 243 290
129 150 217 255 277
107 166 208 252 297
106 169 202 246 298
129 167 210 238 267
130 157 189 220 295
121 147 205 226 275
123 154 184 244 269
110 168 210 226 272
101 158 180 247 277
135 154 198 223 276
102 172 181 224 300
134 153 215 248 284
127 144 211 232 299
100 147 209 239 299
128 159 183 259 268
138 176 188 260 284
130 175 186 243 279
131 166 180 256 282
128 177 205 225 284
101 161 185 252 261
122 156 202 245 265
130 157 191 231 288
136 164 217 247 284
129 170 200 231 288
128 149 195 221 292
122 160 207 241 262
116 176 199 223 283
114 176 211 247 299
108 162 205 222 298
126 145 200 252 275
139 177 187 246 283
113 153 185 234 282
114 159 215 253 299
112 175 206 249 291
108 171 217 244 279
110 155 198 230 264
112 163 180 238 271
104 155 189 234 288
118 152 209 249 292
121 143 199 242 292
140 153 211 235 279
138 174 210 254 298
128 144 202 220 298
134 173 198 240 291
118 144 205 238 283
125 165 199 234 261
126 179 198 255 266
103 167 193 256 293
138 144 191 239 265
117 171 194 234 300
134 168 186 223 275
133 154 217 233 297
121 140 194 254 296
112 175 185 252 269
108 153 206 247 283
109 165 217 226 261
113 141 209 245 290
103 144 181 258 260
104 140 213 220 279
137 165 185 255 284
117 179 220 244 267
137 172 194 222 269
132 162 181 244 261
123 164 215 257 280
134 170 186 226 277
122 147 207 220 278
113 160 196 235 290
121 165 204 226 300
131 161 183 258 269
111 153 200 235 291
111 178 189 254 281
101 154 182 257 288
102 169 193 251 263
108 167 202 237 288
115 147 194 225 294
117 148 200 256 269
116 153 191 231 276
126 142 188 221 297
102 159 192 238 282
104 149 185 252 266
112 147 219 253 292
107 145 193 225 262
107 164 181 241 297
136 171 200 233 299
128 155 208 225 270
121 146 190 237 299
114 141 208 235 280
132 176 183 236 265
106 178 211 229 299
103 162 207 223 281
118 177 180 250 279
127 147 202 249 260
132 140 207 239 272
130 157 182 246 272
123 158 190 230 282
121 155 218 250 292
106 151 209 245 288
131 159 196 252 285
120 178 189 238 286
132 151 216 258 263
118 151 210 249 289
133 174 200 239 268
139 140 217 254 260
139 164 199 221 280
108 141 184 253 298
106 149 202 236 288
139 158 203 223 270
115 157 189 236 285
111 180 182 227 294
131 159 210 256 260
125 178 195 231 283
120 162 199 243 287
106 142 219 229 287
140 145 214 235 261
137 171 217 230 268
125 172 218 256 295
121 172 209 237 293
127 172 216 249 271
109 172 193 232 274
113 155 186 249 282
104 145 189 256 289
103 154 187 220 260
104 155 211 249 275
108 180 192 223 284
122 167 192 247 297
132 151 190 220 299
133 143 198 251 297
113 178 188 242 268
127 171 219 258 271
130 152 207 253 296
139 150 183 220 297
118 162 216 244 280
140 150 204 236 300
125 177 196 246 295
111 165 206 227 282
106 155 180 255 297
126 157 211 220 260
123 178 219 247 290
137 163 184 234 283
125 146 185 226 263
118 147 214 258 280
107 160 188 259 273
116 180 182 253 281
128 156 205 243 282
136 142 198 252 299
129 175 197 221 272
135 165 197 228 293
120 178 191 258 278
123 146 199 260 288
100 161 205 229 262
136 157 203 240 269
115 175 207 240 286
131 156 201 241 281
112 150 185 223 261
121 158 207 244 270
133 170 189 250 289
116 176 213 223 289
130 155 211 223 266
113 156 216 226 296
102 163 217 257 279
122 163 189 224 280
132 163 183 248 284
114 167 189 221 295
139 144 214 255 296
137 165 197 236 294
131 175 185 250 285
130 177 217 227 287
134 152 188 239 279
115 140 197 242 264
126 171 211 243 281
111 171 215 241 276
111 174 216 254 281
139 156 217 228 299
123 174 182 236 274
110 163 202 234 298
125 154 216 247 284
116 176 181 254 285
103 167 182 251 280
105 178 198 246 273
109 149 214 251 297
112 166 219 256 291
135 152 206 231 265
129 148 194 237 284
129 173 212 244 280
125 159 199 256 262
100 162 181 239 262
106 161 215 245 291
127 159 209 236 288
110 142 210 245 272
121 156 215 222 265
117 153 206 233 279
108 173 211 251 281
107 155 189 240 268
139 157 201 228 268
123 155 203 230 296
132 164 201 250 299
117 141 197 237 296
103 172 188 241 286
118 170 189 252 295
137 172 215 257 260
124 148 190 248 273
106 162 211 242 297
115 155 215 235 297
114 160 207 247 280
136 158 204 248 286
126 149 181 235 293
120 146 217 233 295
108 164 190 224 289
110 175 202 228 264
106 176 191 235 286
131 171 185 227 279
139 172 200 237 284
123 177 180 239 285
100 171 217 225 273
133 141 216 245 288
128 170 195 246 292
106 156 183 244 276
133 163 191 245 270
100 152 188 225 260
124 153 208 251 286
134 145 217 234 269
122 177 215 224 298
132 166 201 223 293
106 147 181 250 282
105 146 180 253 281
123 180 214 242 292
138 169 209 253 275
137 153 187 239 269
121 145 185 254 293
109 163 218 240 269
103 151 198 230 282
132 156 197 244 279
136 167 219 239 299
136 176 184 235 276
125 177 189 231 278
126 159 196 241 267
105 172 181 254 262
137 141 216 260 300
138 180 211 235 289
131 162 220 243 287
107 151 192 255 263
116 171 208 234 296
105 156 202 225 279
117 176 220 237 284
138 178 213 245 262
101 147 215 220 292
120 151 182 220 264
113 156 203 247 279
138 178 182 243 284
102 154 204 241 271
103 179 214 221 268
112 155 180 221 297
119 167 206 222 287
115 164 213 251 272
128 159 213 258 262
134 166 183 259 262
131 155 200 223 267
101 167 216 224 297
109 165 207 253 280
139 162 186 257 263
134 163 205 241 264
107 172 191 247 265
139 173 183 247 265
138 153 204 235 281
131 169 198 240 260
131 151 195 240 292
118 154 204 238 295
119 148 217 222 295
133 152 206 238 276
133 155 188 254 269
111 152 204 258 297
106 162 209 231 286
101 145 196 260 297
130 150 180 245 288
121 162 196 255 266
129 153 209 252 268
115 159 215 259 295
106 167 189 251 293
112 164 190 240 299
106 145 214 229 294
110 179 185 255 274
109 148 207 232 299
132 148 187 222 291
105 160 196 250 296
107 156 216 255 275
114 146 201 223 267
103 169 196 258 297
100 144 215 250 292
108 157 192 247 277
121 142 181 239 293
111 144 195 253 292
119 173 194 244 260
135 168 186 255 298
122 163 189 237 285
105 158 202 234 265
117 156 191 243 277
102 152 210 253 275
117 180 216 235 266
114 172 205 228 262
138 154 206 254 297
135 174 205 245 275
135 168 205 223 274
129 171 202 259 269
109 142 187 234 297
106 161 218 254 292
102 180 188 242 270
133 153 212 238 279
103 143 218 243 269
134 157 206 241 269
122 150 201 244 283
129 157 201 222 288
116 164 211 255 268
120 174 186 250 297
101 170 189 234 285
122 174 215 259 288
118 142 206 244 270
130 153 197 243 262
121 141 213 220 265
131 167 212 223 289
124 180 198 254 263
123 179 181 250 277
140 144 220 221 279
120 170 182 242 262
131 144 183 246 265
121 143 190 260 279
137 160 212 250 283
134 145 210 255 265
121 163 218 259 282
139 151 195 233 289
136 167 202 242 273
112 173 203 221 300
106 167 213 236 300
114 178 208 239 267
129 170 183 233 281
122 159 200 227 293
121 165 187 225 265
100 143 216 246 293
132 156 217 241 274
118 152 213 234 290
109 169 215 244 280
120 179 218 221 292
135 176 203 255 277
132 152 215 237 273
130 175 203 233 268
115 141 192 245 262
122 150 180 244 293
126 155 181 223 292
128 142 210 229 295
131 179 197 258 287
127 149 183 220 293
125 147 197 240 283
130 173 180 246 297
133 170 219 227 276
133 145 181 253 299
107 154 181 230 263
124 156 180 240 277
128 171 207 247 290
102 166 199 245 288
103 142 214 240 293
131 174 207 251 283
121 142 195 227 297
102 152 205 240 283
127 176 196 238 281
104 158 188 251 261
110 178 207 230 265
132 160 203 236 286
124 169 189 225 286
118 151 203 257 275
130 151 194 259 295
109 172 213 240 298
125 159 181 255 274
108 177 220 250 269
120 172 182 238 298
136 151 191 236 274
102 153 192 238 271
113 153 195 252 296
121 168 195 251 272
128 154 215 250 288
136 153 199 253 273
140 163 185 236 269
101 177 220 251 299
130 159 196 244 276
125 178 205 247 287
106 151 198 230 286
125 160 184 227 292
113 147 215 257 274
105 142 215 255 262
131 167 206 241 268
116 158 219 231 261
106 175 193 239 300
100 180 217 240 293
126 145 209 248 263
122 161 203 244 296
136 176 211 260 273
123 153 220 221 287
119 145 202 231 287
114 176 213 222 286
124 171 191 237 292
101 150 187 237 264
106 160 204 239 286
105 161 216 224 272
131 150 204 226 264
127 175 186 230 268
112 171 198 221 300
140 162 187 257 282
111 171 186 252 293
112 158 187 257 284
133 174 220 253 293
104 166 206 255 280
129 175 205 237 269
116 147 211 232 278
130 163 190 248 280
108 173 189 230 266
111 179 193 236 275
140 141 187 236 291
104 161 200 231 281
110 159 210 235 298
113 149 206 253 291
106 172 216 232 287
126 161 182 234 260
128 151 218 233 278
113 165 204 236 265
113 150 220 259 288
129 172 203 234 266
111 170 194 232 286
134 163 187 232 283
108 174 203 260 285
115 143 180 233 298
110 165 208 245 286
135 159 190 246 286
133 161 202 247 292
132 164 192 220 286
116 141 196 227 290
117 156 193 242 287
101 177 184 244 268
124 149 186 239 275
102 174 202 226 274
115 168 185 251 274
124 167 219 235 262
114 157 197 223 263
130 156 201 246 277
129 146 207 232 266
103 179 220 240 293
110 169 195 222 295
118 161 181 233 260
111 163 199 229 289
109 177 210 244 285
103 173 219 248 273
125 166 192 227 267
113 174 184 232 293
127 158 203 231 287
133 168 219 243 287
105 141 188 228 282
102 161 219 255 265
126 151 189 228 294
133 142 215 257 278
134 165 212 222 261
109 168 204 260 299
102 156 220 234 273
131 170 216 232 297
125 140 187 227 280
130 150 208 236 279
129 156 217 242 260
104 142 185 235 264
107 164 189 252 279
130 142 192 257 277
126 143 183 232 300
104 179 183 255 266
103 158 186 238 271
121 154 190 229 260
128 179 214 254 285
108 159 214 258 273
118 170 206 251 276
104 170 204 238 294
110 160 183 231 266
132 142 180 241 298
116 156 187 229 260
104 174 206 222 286
106 167 215 230 295
116 155 215 255 298
127 142 215 224 269
127 167 207 234 293
108 156 192 250 298
105 140 193 227 288
113 148 219 226 277
112 142 214 250 280
125 170 188 249 264
139 156 201 227 276
129 167 218 242 289
125 170 186 260 290
133 165 201 253 285
133 146 205 222 279
103 164 219 241 300
125 167 215 230 277
124 176 187 250 261
106 165 204 225 264
132 166 215 222 282
124 156 180 240 264
113 175 182 220 297
106 151 192 235 269
102 155 189 254 269
118 161 185 256 278
136 178 217 233 266
117 162 194 220 297
105 147 192 234 292
107 147 180 249 270
119 149 200 228 260
120 162 209 240 261
118 157 220 232 290
120 164 186 220 264
103 150 201 226 273
104 148 188 241 277
127 154 187 234 260
124 140 208 242 282
115 148 180 226 280
115 161 205 239 288
126 163 209 255 282
122 166 181 249 263
108 172 202 254 263
131 160 193 233 298
139 166 202 255 271
119 178 185 241 264
110 152 194 255 297
110 173 201 230 265
103 174 186 243 288
132 178 206 259 286
131 152 218 258 292
130 159 215 250 282
114 179 195 237 290
112 148 189 222 265
125 141 198 248 261
126 166 183 228 260
123 148 189 234 270
132 168 197 255 297
140 166 214 225 289
128 152 208 221 278
106 169 209 251 284
115 143 212 220 266
107 140 202 232 300
135 156 220 247 280
136 145 208 256 286
124 149 188 251 279
121 160 220 221 286
113 175 183 249 290
123 142 214 260 290
116 178 196 220 296
108 167 189 251 292
139 160 211 235 297
131 166 195 232 292
129 151 202 253 300
105 170 185 245 276
116 158 198 227 284
133 143 215 225 280
136 161 203 242 290
140 173 205 249 286
131 167 213 234 294
122 145 203 233 295
131 180 197 228 285
133 164 214 254 296
110 162 197 236 298
112 171 180 244 286
106 146 205 256 294
102 153 206 252 265
129 158 201 231 288
118 163 188 249 291
133 156 205 234 273
135 162 190 246 287
101 164 200 239 287
126 160 180 231 261
117 167 208 258 297
107 146 208 255 292
133 169 190 244 269
103 149 214 257 267
136 157 213 252 263
138 154 184 250 282
139 174 195 251 298
119 179 207 246 277
104 177 200 258 276
100 155 193 243 265
108 164 204 249 285
123 144 200 259 296
120 162 182 239 293
105 140 202 253 297
128 151 216 243 265
128 164 201 220 264
139 175 217 248 267
133 154 205 239 282
130 155 186 258 279
100 166 209 260 281
110 173 196 230 295
103 172 183 243 291
124 164 217 257 284
127 175 216 245 268
138 175 215 221 277
134 178 190 236 287
137 168 187 249 276
136 149 206 230 264
129 157 196 222 296
132 140 198 225 264
136 150 181 226 288
106 180 206 241 297
100 153 210 233 288
106 178 189 240 273
101 163 212 225 274
119 174 203 233 272
131 141 213 248 299
107 144 198 229 266
105 155 200 249 297
118 164 198 252 280
134 172 180 227 275
138 141 193 221 288
123 152 199 239 289
107 162 220 243 267
108 180 197 229 263
107 172 206 254 300
129 143 192 244 288
125 169 217 254 272
101 163 187 241 260
116 172 185 231 260
106 174 189 233 274
105 154 210 224 285
126 171 200 250 260
128 162 182 251 265
115 169 202 255 290
121 179 191 229 295
128 170 200 224 262
122 164 180 244 293
106 154 184 247 268
120 162 214 238 289
122 178 201 246 275
113 178 218 237 280
140 155 197 249 278
114 168 183 250 260
125 156 210 237 284
119 142 190 246 267
131 157 216 250 260
129 142 182 235 270
122 149 212 244 281
102 145 220 244 284
126 142 195 229 273
134 171 190 239 285
137 153 214 258 278
122 146 209 227 291
125 179 201 233 260
129 168 206 241 269
137 174 210 256 275
102 150 181 230 284
115 146 215 223 265
125 173 192 244 273
100 163 196 229 264
125 179 215 260 284
101 153 183 227 267
115 144 212 237 281
125 167 209 236 282
117 143 216 257 292
125 178 182 247 279
118 167 217 224 270
134 141 218 254 271
120 176 212 249 286
115 170 207 232 268
113 165 201 239 263
121 167 210 259 278
126 172 202 252 294
134 142 217 247 289
138 163 201 242 290
119 158 207 245 264
110 175 198 226 295
135 166 197 235 266
127 148 183 258 267
140 158 209 231 268
110 176 202 235 282
125 151 209 239 291
114 146 220 247 280
132 146 216 245 293
109 162 196 226 273
106 176 184 237 289
136 154 193 229 275
139 176 186 241 282
101 154 195 256 293
104 157 180 223 275
130 148 209 259 275
101 172 193 236 289
113 141 185 249 264
111 162 198 240 283
108 142 208 235 266
109 175 193 239 266
110 148 189 246 295
136 177 194 220 291
120 166 194 247 271
102 164 191 231 270
137 165 212 255 282
100 159 199 233 297
123 167 196 241 270
127 141 217 235 289
114 143 200 229 281
129 141 217 249 264
107 161 198 222 269
140 176 186 234 270
120 168 202 222 294
118 147 186 251 284
109 148 180 227 288
136 162 203 257 300
119 161 219 241 296
103 142 207 246 266
113 174 187 235 294
126 165 197 233 264
134 142 193 222 277
110 159 188 242 281
123 174 207 234 284
121 166 184 238 289
111 179 216 227 280
139 159 208 231 287
138 160 215 231 260
135 145 190 229 261
115 148 200 223 277
127 160 191 231 271
127 142 212 227 273
121 151 213 240 293
121 150 189 225 281
111 176 186 244 273
121 169 208 239 291
130 148 198 260 265
127 171 205 226 291
119 150 215 221 299
103 159 203 244 288
122 180 219 220 280
131 162 206 245 263
107 143 207 221 285
117 165 203 243 280
101 179 189 256 279
113 153 190 255 295
132 142 217 243 260
108 152 186 245 297
137 143 200 254 296
109 171 189 229 270
111 142 186 244 294
121 142 186 223 277
113 162 211 252 264
122 140 180 253 293
109 173 209 220 290
130 163 201 243 260
105 153 208 240 270
108 162 218 253 278
123 148 199 223 294
124 170 198 254 295
123 178 181 248 279
125 171 191 249 290
130 155 216 247 279
140 169 207 235 278
106 140 188 248 268
126 141 217 257 278
120 155 187 234 284
123 146 216 241 299
102 146 203 242 268
116 159 188 229 287
105 163 220 248 283
121 169 209 242 277
103 176 189 241 261
118 150 202 234 267
117 147 182 246 298
107 161 215 251 283
112 165 214 251 276
123 162 198 243 274
129 140 186 227 293
103 150 201 237 288
103 153 188 248 286
100 166 188 253 285
105 154 190 244 271
108 168 181 245 272
122 141 204 237 293
122 165 182 228 289
123 146 194 228 281
102 157 220 231 284
122 166 191 220 282
100 148 188 239 300
125 142 193 234 274
134 150 207 256 298
112 165 219 237 271
119 166 197 227 277
122 148 207 259 274
118 177 202 257 268
129 161 199 258 288
137 140 219 243 272
124 176 211 225 277
125 153 203 226 291
129 153 214 234 295
137 153 208 229 295
135 173 214 255 273
123 153 191 260 279
138 179 199 220 296
120 165 220 223 291
125 140 218 232 294
109 158 216 259 293
103 178 208 244 299
125 151 189 235 294
114 176 205 221 291
129 174 193 248 261
121 154 203 243 276
121 149 186 242 276
102 150 195 251 270
101 172 180 246 296
101 178 191 259 280
114 156 190 231 286
122 171 198 241 270
127 159 218 243 263
140 174 205 239 262
102 179 220 256 294
104 147 220 246 265
123 148 208 231 288
137 162 197 226 267
126 165 218 225 266
114 159 189 247 295
115 178 200 253 273
111 165 194 236 270
118 149 219 246 267
127 148 209 222 267
134 167 220 251 267
100 178 218 257 294
138 163 188 220 278
120 180 210 258 281
122 152 217 254 270
130 159 209 220 263
113 162 197 251 293
122 177 206 239 296
107 146 192 255 299
128 148 180 254 281
115 177 209 220 271
125 173 216 250 286
137 144 191 231 262
120 151 183 220 279
117 167 195 259 276
16499 18483 22948 27661 32745
18303 25657 35918 43272 44811
24888 28110 34734 40999 50308
12546 18707 21348 26739 29269
16594 22601 26034 34472 39191
18881 27187 32020 36701 41987
21258 26572 33013 39131 43962
16323 21763 28379 37494 39552
12977 16357 23879 25514 32491
19284 32704 36296 43289 55386
14665 19053 22157 26758 30932
19506 32378 37838 43104 51684
21421 24077 29888 37359 48482
14306 20937 27568 30558 36799
22362 23983 33866 40994 47961
22886 27991 36968 39256 47001
18609 25924 33080 35465 46437
13770 17987 22824 31505 32993
18428 23412 30661 36550 44403
13110 16647 21224 24552 28609
21606 26107 38168 46809 52029
20046 28898 31905 41425 44598
25614 34151 41912 50060 53747
12534 18103 22164 26921 30981
23881 27893 35343 46804 56545
17067 20452 29618 33849 37938
15966 23247 29548 31228 37249
12525 18197 20980 27722 29113
14048 17117 23490 28093 31751
19262 23911 35034 42671 45991
20657 33589 40731 49224 50382
14028 21778 26576 27068 35433
16938 29057 30884 40513 48315
12006 19207 23648 28089 34209
19272 28399 32963 40231 47160
21958 30779 41756 48617 53517
15532 20592 21053 25308 32094
23324 29377 34006 42728 52341
11994 19877 21209 26316 29979
14970 21292 24518 33033 33549
24350 28647 38314 42252 51561
13461 18177 21283 26919 34050
15918 22003 30584 35733 46186
13536 18047 21568 28279 31909
19078 20867 31596 36961 39196
18186 31327 37448 45189 50769
13506 21757 27508 30633 37384
20934 31304 35336 42441 50121
15918 20950 25280 27854 30429
17542 22023 23431 33033 37641
19942 29199 34006 42017 50917
13304 17556 20391 26277 32709
20418 28168 37619 42155 56143
24662 30919 34783 47665 50057
14970 18712 24260 29550 37291
18556 30282 38158 39908 45859
16224 23110 27548 35505 40555
11851 20593 22088 26229 31059
13489 15522 20124 23656 30077
20214 25892 32072 37083 43763
17942 24327 32232 34817 39985
14286 24488 26664 31697 36321
23807 24507 35183 44634 46559
19525 25635 32043 36513 43517
21378 26995 31676 34952 45249
25067 29184 39030 40641 49413
14470 20615 27272 31113 33545
16964 21845 26482 27580 34047
14721 18755 21045 25732 30856
19394 25907 30496 33160 41893
24260 31320 35303 45802 48517
21850 26667 31484 42149 49545
13060 15736 20980 26866 31253
22014 28399 34112 42008 49905
11006 16007 21608 22308 29409
19786 29763 35268 38880 44901
26405 29557 37832 43742 55563
11851 18547 21638 25655 28231
13574 22535 27528 31624 36489
19052 25995 36676 39525 49138
16545 24443 26828 34428 41730
22454 29631 39936 45640 54657
20697 28222 35234 38996 45666
17631 25387 30605 34976 41463
18227 23947 28204 32460 34988
20078 29922 39380 42661 56945
26047 29581 37394 44835 49485
12984 15457 19269 26686 29055
13742 21223 27208 31969 39858
14146 15965 21622 23036 30107
19366 28519 31864 41017 45945
13110 19195 22355 29961 31482
17906 26857 38672 41179 50487
15918 26629 28160 38718 44532
21494 25919 31133 38876 47409
20182 28525 41524 49091 56075
15228 20185 22900 28211 31279
22278 28717 35330 44727 49251
19373 32225 34398 42362 51775
16880 20170 29895 37189 38619
11666 17937 22558 26959 29599
18627 23681 24080 31795 36185
18006 21175 30968 35289 40761
13062 18823 28040 29705 35593
25767 27791 38648 45457 49137
12694 15815 18728 24657 29129
23134 32543 35288 49989 51557
19542 25907 32568 34344 41597
14583 20260 28001 32775 34839
15559 27037 28245 35645 42440
18740 20170 30896 33614 37904
13939 16855 20312 24741 28521
14706 20734 28673 37788 43522
10926 14812 20588 24054 30880
14210 17497 22692 25448 28947
19462 22959 33144 37096 43633
25215 27975 34784 43617 50793
20306 28182 38508 39208 49009
19327 20983 25400 33819 37269
21302 27287 37672 45593 49641
18771 24888 26557 31144 39763
23211 28477 36278 47004 51294
15857 20181 25815 32759 36427
14586 23227 29168 29708 38889
18210 23835 29016 35972 43965
17946 23147 26008 30168 35369
20950 28618 39465 44140 55548
20542 25526 31567 38363 39873
18230 22519 28952 30426 37261
22406 28807 39008 46209 58810
20569 24145 30404 34427 41282
15044 24243 31398 33004 41035
14427 14839 20299 23595 29055
14613 17447 23334 24533 28676
13206 19207 22688 27008 35770
10206 17007 19908 23109 28109
13338 16672 21521 23844 29501
17827 23635 24824 29444 36837
14154 23457 24112 28828 39048
20292 23835 32691 39937 47021
25583 27607 34784 41041 48401
12081 18802 21848 26679 28884
22886 25879 36440 41192 51753
19806 26407 33998 37133 46869
10506 15707 21208 24709 29009
13992 19789 26468 32139 35793
17478 24655 31832 37605 44313
10821 17208 20814 23905 28437
11342 16023 22056 24449 29129
13686 20407 25568 29528 34929
13558 19383 20952 26440 32489
13792 20234 23286 29163 30745
15756 23257 29558 34209 43960
20412 27215 35092 42790 53530
12966 16855 23660 24416 29493
14185 14695 22040 22958 28569
20184 30097 38417 39479 47799
20078 27606 35713 42855 57524
18927 25606 33398 35783 46119
15168 19615 20527 29307 30333
17382 17882 24258 29759 32759
15506 20715 27164 28776 34233
20474 24087 35268 39913 45245
19424 24973 29062 32128 41619
16737 21028 30896 32755 39763
24136 30787 38768 43898 53969
15301 20247 23583 25883 32669
21300 29413 33977 38371 50540
16126 19767 27568 31598 37709
19356 22507 32558 38259 41559
19908 30883 38696 46881 55251
19404 30934 36974 45026 54543
18324 23721 29828 33804 37923
15346 18533 22310 25968 34820
14284 17353 24198 26677 32459
16734 20951 25032 33193 36593
16176 24703 30878 33230 39993
15156 23707 27008 37059 41559
25657 29267 37628 42378 52449
17856 30107 31683 39208 52510
16622 18979 26668 30760 35225
17151 19447 28493 31328 40374
15106 22204 31567 36098 45159
18182 22585 25994 36787 38065
25536 32567 34787 48109 52549
14566 19607 20840 27225 31257
17167 21753 23587 33545 36951
25094 34699 40188 44108 55673
11318 18039 20728 28233 29241
17086 21847 28288 34309 37109
19376 23400 28467 34427 42921
16870 20343 26916 30636 35225
19743 26017 30608 35351 44073
20358 23698 31013 35147 46438
18306 24007 31058 36159 39309
15318 23239 26276 29444 37365
20184 31159 37355 43727 52932
13290 19933 25223 27314 36664
18528 21322 29408 37053 40434
21690 27619 29179 38384 44157
16278 22039 26648 33705 40618
13230 18451 24948 29356 34693
15350 23982 28230 34121 39876
15990 25315 32124 36120 41301
19916 28062 35846 41639 47793
21622 31466 34748 45943 52312
19246 28682 34973 43299 53290
16172 20831 28641 34122 40013
23117 27320 38017 46231 55781
17227 18826 25961 28913 34326
20568 25933 31298 37854 44411
19590 22039 30914 33668 45604
23188 29936 34262 41528 50352
11924 14551 20713 24047 28592
14506 19147 23092 27153 30285
24450 34733 38420 49479 51613
11851 19212 22203 29449 33704
27469 28663 38017 47570 52744
16854 24631 27944 33704 43209
26405 33103 36650 43939 54184
15833 18333 25831 27735 35352
22270 25767 35704 46745 54473
21174 33082 34973 47637 50850
12966 18367 24728 29649 33969
16138 24427 32124 33456 38637
20459 25528 37837 44354 52499
20091 28087 35303 50319 50709
11238 15127 23012 23769 30142
20830 25087 28127 38769 43177
18141 27752 34108 37828 41394
26722 33547 37838 43298 52464
19807 24307 27158 36609 39159
15750 20999 27528 32905 35849
14077 17857 19538 23738 29094
22088 26614 37475 39828 50327
16391 23207 28428 34084 42059
19850 27067 33464 37072 49209
16119 19810 22517 31743 33096
11217 15460 20208 23744 29400
18321 29377 31193 41919 46374
11217 17101 20210 28536 31977
11838 19611 22396 29125 30517
19014 29399 35560 41720 50697
20131 25732 33958 39383 51460
17439 22059 29808 38153 40090
22510 29689 37062 44823 53553
15882 17899 23696 27854 37432
12246 19087 23048 28569 33849
11342 16248 20173 27477 29003
12886 16912 25193 29104 33589
13060 17697 23554 27459 31974
12204 18703 20642 27483 33868
21086 26512 31008 36123 46354
23046 27907 37448 40508 48609
20576 24827 32308 40299 50840
20640 25528 37656 42544 50689
19807 26407 27458 35409 39759
19722 33115 39254 42602 55623
15250 23983 30644 33012 41597
16408 24610 25027 34759 38790
16262 18823 25864 31881 33289
18883 20027 29609 34186 38905
24317 29366 34042 46011 50873
22761 29237 35158 42559 52179
24206 31007 43608 50008 58409
20146 28697 39718 46559 54729
21097 25606 31564 40581 45894
20046 29733 31571 39754 47771
20334 23261 33272 39741 40511
19004 24318 33818 40098 46538
25542 33415 38408 45896 51465
24610 24787 38417 44967 46029
27112 31987 38813 43103 54609
18366 23977 31288 43019 50670
17708 24890 33742 39421 48105
25861 29395 37766 41486 50229
18866 25755 31004 38713 46749
17988 29168 29492 36782 47637
25551 31012 40958 49929 50709
13881 19765 21653 25649 31422
12006 16207 19908 24309 28709
13362 17899 27602 28863 36171
15267 15812 23334 25624 28458
26721 33352 42323 44858 52269
16881 23227 29438 34568 39834
18156 25807 31358 35558 43959
15500 20991 26360 30386 33071
13631 21507 24133 29009 34259
14922 20467 24560 32877 37233
18622 25962 33839 45833 51740
15250 22799 27684 32569 38490
13214 19692 26805 31632 34934
12966 21608 23048 26768 34089
20624 28230 32456 41751 50202
21523 24620 30978 35868 48747
23680 25461 35252 44687 52875
18764 29556 31216 40181 44497
13214 17791 22784 26840 28193
15996 18703 25469 31127 36417
18633 20107 24530 29488 39808
12632 17341 23120 26116 29969
19606 21007 28568 33048 42009
18256 25849 28624 35924 43079
21651 32182 40178 44273 54999
19192 28062 32588 46164 53767
18780 23400 31447 32788 38749
18702 27063 33296 37552 44089
24256 28858 32576 41426 50100
22257 25995 32938 40237 46823
22780 28378 41310 49803 54049
19159 28647 33660 46370 48876
22858 35467 35861 49850 55366
13318 16231 21328 25280 29337
26662 27839 38816 49401 58613
24516 33257 37438 41998 51689
16881 20632 24633 28508 36634
13446 19943 21400 28905 31145
24360 28915 39410 51489 57033
19706 31724 40393 45122 51623
26663 30779 39796 47049 52733
17256 26257 31058 36008 42909
15464 18415 23726 28446 33167
15686 21007 25908 31229 36550
18761 24497 32093 37829 41859
22084 28227 31381 41508 47983
15666 23767 28763 30113 39024
25487 30387 41364 43716 52145
19894 27463 38024 39784 52105
14592 23316 31039 36760 39906
16964 22664 26279 31144 38929
14526 17937 20137 27289 31249
16764 24556 27791 32495 43375
25860 26790 39812 47438 55065
16172 19477 23254 27856 34701
23324 31157 32937 44509 50739
24186 32929 40370 42230 53391
18499 20983 25952 32991 38511
14036 17087 24042 29533 32217
19914 27025 33346 38402 44407
21984 33865 42578 47726 54657
19986 31327 38888 45728 50589
23636 26527 36898 38768 50839
23376 33067 34588 44849 52069
19586 29021 35964 41660 53053
23506 28959 40616 46444 53401
12650 19191 19736 27695 31074
17516 28397 30948 42679 47609
20586 34895 38816 48225 53517
12432 16993 24404 28623 33867
11318 16773 22127 25864 29400
18367 20679 28024 31424 36049
23226 26647 34928 42669 51129
21807 29244 35836 41244 47329
14631 18610 23291 29961 30663
14106 22850 25529 33708 36951
20146 30597 40858 46558 55299
14992 18769 24670 27856 33993
14856 19177 28358 33084 36729
12953 16699 23013 23762 28364
16269 21274 28642 32396 38790
15558 24919 30392 36153 40473
14130 20467 24956 31689 35385
18494 20888 26741 30332 35653
23499 29612 38781 43938 56545
15450 19195 23525 29258 34992
19779 23836 33301 40062 50034
13396 22367 24448 31339 37189
15582 22447 24955 33273 38949
21515 27011 33763 40358 40829
16126 19247 24708 32249 35499
16860 25765 33557 38486 47232
16911 22792 31613 34553 43668
13686 19207 24848 29649 33609
19318 22443 28976 35224 40621
12606 14907 18108 23509 29310
17406 21177 31473 33793 42784
14910 22639 26228 30920 39892
16506 26258 30308 34209 39609
18238 30279 32860 40429 49201
22014 28735 31088 38144 46881
16964 20991 24408 28922 34657
19932 28681 29167 38727 46179
19506 33352 42323 43883 53244
23414 24823 38024 43128 50697
19206 25507 29258 36908 43809
20040 29491 34595 46125 52173
19424 23805 27894 35779 39429
10906 16575 20500 24534 28350
18234 22498 30584 36906 42051
25065 27122 40587 43766 50312
15012 21778 26453 27560 36663
26010 32709 39605 43939 57730
17602 24409 30054 41509 46822
20376 28331 34928 49091 54524
15258 22327 26544 30016 36217
21120 25864 31985 38717 42084
13844 15460 18895 24148 27178
12348 14797 18878 25917 29895
18427 27554 36850 40569 45470
19370 28395 37232 43249 53026
26274 31051 39211 48565 55530
21494 26393 34610 37770 47251
14015 18135 18960 24213 28437
15881 22486 24011 29345 35315
15252 19246 23724 29170 32316
16596 27184 28606 40141 41405
18501 19041 29168 35108 40509
24432 31867 37355 41603 51162
24503 30301 41148 45449 53678
21085 29754 37832 50244 51820
18798 27709 33704 37916 47961
18696 27775 35964 40059 49671
15333 23063 28828 31055 37213
19602 25283 30254 34798 37213
19903 28966 42363 43348 57534
20167 25375 30584 36969 44362
22041 30427 39593 48174 54414
26502 34183 34951 46664 54537
15204 22953 30404 35918 40388
17516 30438 36388 37578 45569
19494 26977 31328 38463 51688
13572 19045 23492 25316 32727
16106 22967 29828 35149 38089
18182 22585 30254 36645 37213
24796 30717 33863 47924 48479
14155 16747 21608 24092 28845
18691 30902 39968 41448 54954
21370 32347 40580 49597 54889
18911 22039 25304 34961 35777
22116 26902 33833 39774 43569
11776 18927 21018 27179 29159
27529 34261 36241 48915 52479
18637 20662 27548 31733 37944
19525 25188 29510 35769 38749
18739 21600 27893 34328 41765
16880 22029 29180 34042 42194
16666 20727 30388 31088 41309
15966 18247 24728 28568 33129
19159 22327 27080 36585 38745
11994 16423 22040 27873 32085
18238 27871 35956 39740 49201
14853 21322 28820 38229 43668
18336 21157 25388 34554 40617
14526 19447 23528 30609 31929
22452 26629 36374 43857 46641
17256 23857 32258 38859 44259
19086 30067 34028 45189 52749
13670 20015 23188 29289 36487
15694 21467 31680 33900 43522
20906 34017 35158 48459 52069
11669 15843 22157 24832 32003
25747 28867 36473 43298 56755
19116 29127 35680 45509 53881
19480 28399 39320 46419 50059
21096 27017 37193 41264 49404
19164 31441 36464 47997 55251
11406 16423 24518 28509 33297
20202 29366 35912 46198 51808
18156 21307 27158 35859 43960
15435 20023 27113 35176 40597
23330 33915 38032 47833 50969
15666 19495 21583 29588 34577
17940 23968 27791 34848 41904
20481 30817 39398 45639 51684
18960 25279 30950 39375 44883
19998 29799 41168 49597 53909
12408 19087 22904 24918 28205
21210 31999 38138 42417 48741
27330 30499 40796 50300 58815
19986 25759 30348 36268 40709
19447 24199 29528 32120 39465
15357 20356 24046 30830 32020
17555 22869 30115 37683 47827
17602 26733 36196 42173 48481
12654 22328 23320 30017 33489
26074 29995 41560 46656 54693
11542 16023 24424 27225 30137
20106 23557 30908 36159 40359
23674 29107 39002 47345 54911
13938 16963 21716 23984 31113
16362 23131 29759 35964 37797
14526 21061 22513 30259 35946
10106 17007 18908 23409 28509
17696 25237 31183 37563 41769
21246 25567 37088 43929 48609
17947 21121 27194 33543 36165
20576 23977 36218 37409 45059
20835 26560 33716 35465 45960
14018 20347 22382 28711 29728
14643 21308 21546 29759 32972
15407 15847 24208 24318 30699
19446 27547 29492 39213 42453
14548 15991 20321 27315 29424
13679 16166 21478 29389 31536
18090 21127 27992 33008 37365
21446 23207 33608 40809 42409
15010 20219 27040 32125 34977
18633 20241 26138 31230 38735
16598 20381 24652 29532 33315
14678 22670 26601 28959 39309
16754 26393 33662 37296 47409
15624 24393 28504 32751 36588
20388 26867 28922 36822 44407
16476 21472 27008 30653 39564
18761 25582 28993 34884 41084
16406 23459 35432 40353 48061
14394 17011 23661 26277 29875
21718 27975 39200 43064 53369
11887 18428 23443 26604 30529
12486 18623 22680 22992 30377
21336 27815 32082 40298 43775
22314 25695 36343 40061 46146
15866 21357 24774 28434 32705
15071 18478 25160 32104 34331
16110 19807 23768 32217 38685
15252 18762 21909 26991 35342
15110 16763 24788 27030 34819
22407 30616 33694 44126 49086
23121 27125 33314 40048 53336
17881 21028 28179 34329 40478
16646 22151 23047 31496 38025
15700 20067 25850 26794 32577
25542 27847 34759 48585 57417
12739 18333 21547 27379 31307
23814 29959 34568 46089 53193
19718 26341 31886 38046 44669
11532 18765 22495 27694 32553
13911 19177 28898 32409 39564
19263 25585 30437 36905 41610
15373 18041 24773 28837 37729
14286 21287 28708 33609 39629
19818 27463 30584 37136 43845
17582 26709 31780 42428 44118
14856 24038 27953 31058 35784
17694 21447 27210 31632 38333
13522 18428 20609 24533 31183
12042 15409 20714 26223 28059
18076 20996 26974 36010 41014
20607 32515 40265 45368 56331
19006 24175 27520 38769 41657
18150 29743 36968 42009 45201
16566 23743 25123 32852 41133
18367 20392 25793 31869 36999
16734 25099 31496 39041 44453
19329 26170 33353 43101 50625
23480 32599 37838 48703 52777
13446 16177 22583 26258 30249
22990 25864 33639 42766 46146
21147 24620 27943 35645 40628
12226 21424 26628 30379 36188
14956 18292 22548 28069 31749
18631 26529 30553 36811 42772
16224 23110 30302 35199 43768
15506 19847 22824 28156 36217
13679 17794 26023 31106 33163
17331 23437 35483 42084 43239
15464 19713 24316 28446 31633
11838 16123 22346 23571 26631
20570 33957 37450 46374 58209
14106 25387 30605 33848 41322
13992 16102 23207 27537 29202
15988 21098 26601 31972 38785
17550 22711 27227 33548 35226
18333 22804 32788 32937 42772
21783 26542 36974 42282 52530
19614 30279 36644 38192 49201
21210 29248 32669 40535 49941
13843 20557 25627 32478 36177
15058 22727 28976 33947 40621
10611 16268 21824 22632 27481
13631 15607 21224 23513 27465
17786 24507 26048 32208 37529
12774 19501 22580 25202 34209
17646 20419 23569 32391 35541
17211 26512 28838 39069 45424
13334 18809 22261 30592 33805
20222 26455 33448 38464 44545
13422 21421 26582 32904 36129
17937 24332 28503 32951 37400
14274 18088 25961 28545 34203
14436 18100 21098 27537 31089
11454 18346 20042 24389 28205
16989 27394 29537 36117 42084
19467 19606 26001 32813 40458
12902 19971 24808 28653 34853
21236 30694 40538 45363 57523
21363 28168 38942 47826 55008
17072 27699 34784 37360 46216
21805 27860 31494 40491 44989
23558 27791 40120 42880 51161
17747 25912 32036 37061 41614
20685 27457 40268 47406 52713
20001 26667 31473 36278 41239
18765 28737 32794 39216 48343
19035 23153 26562 32952 40195
20634 33241 38781 49669 54444
22546 28035 35288 45677 58418
11666 17497 22056 25979 30325
15936 18769 22428 29037 33757
13306 16107 20208 24708 29209
16903 20999 24584 28168 36617
17290 21016 29212 33832 43220
15567 20755 25677 32195 38180
18287 32045 33312 44173 48517
18482 22208 27722 35620 40984
14898 25412 29500 33004 40013
11851 17311 19063 25862 28231
12654 17041 22346 23978 26733
12546 17277 21678 24539 28939
21976 26371 33977 41583 46822
16648 18841 26711 29937 34323
20297 35270 43348 47288 57730
20686 31779 36668 41744 55470
18296 24962 28063 36124 40309
20652 30325 37022 42602 53763
18318 29743 35288 41000 47889
12675 21286 26945 30513 33588
23506 31215 36104 42685 50205
19668 30283 32024 40376 50991
25152 31291 40202 45746 56835
24345 30751 40085 44477 52530
15546 20875 27832 33753 41746
16734 26411 35924 41829 43469
19788 23714 29681 35804 46168
20222 21591 32688 39073 42265
16623 20467 26296 27536 32373
13304 20503 24896 31729 36487
15408 23563 33228 35343 41232
16512 21427 27224 29240 37431
14257 15967 21326 25887 31930
21326 24607 34120 38712 45765
16776 20287 28218 31469 33809
14462 19745 25723 32674 36706
11241 17227 19853 26469 29304
18986 20739 28040 37531 40451
13992 15880 20321 25761 33310
18310 31512 32216 44889 46825
11954 18335 21584 27617 31445
18156 23107 28508 34359 39009
18310 25604 30610 36330 40764
20850 30694 41310 49803 52698
17588 25337 30702 37408 41133
14150 23127 27752 32376 39993
12436 18087 20687 26112 30067
14131 15201 19268 25796 31896
20074 26995 32359 39626 44989
17062 28543 33792 36416 46913
18344 28898 37203 39798 51044
19610 26202 36343 43103 50371
23628 26419 39998 41672 50043
15119 19880 24641 27854 34876
15774 22783 28040 36509 43517
15651 20867 28765 33832 42922
11306 14807 21908 22608 27709
14342 18183 27400 32009 35849
17131 23297 25764 34122 36177
19328 21691 27947 31561 38373
21033 27228 35542 39454 47116
13256 18027 19723 27569 30749
23946 29707 36188 45548 51309
14903 16359 22968 24872 31257
16795 26739 35705 39291 48909
20256 27061 34838 37268 44883
23814 33799 35912 48009 50121
20464 31852 39380 43434 50961
20598 25903 33548 34640 44001
17243 21691 25028 33369 36705
13001 20132 20938 25308 34165
17602 25073 31880 39019 44663
16632 25272 30815 41411 43856
15464 21098 24243 33545 36427
20270 26529 32341 34725 39643
20364 28195 33764 38288 51688
19956 27937 36488 44469 55490
13488 18529 22688 31383 34029
13215 16546 22208 25317 28869
13566 18313 23625 27129 29502
14874 19789 27728 29240 36549
23886 32643 37022 43789 52545
19061 27757 37193 41819 50515
18830 26795 34036 43630 50147
12707 15407 18708 23409 26009
21086 23807 35368 41149 47949
18521 23835 28988 36395 45090
13116 18361 23378 27254 32841
20166 26087 33448 40809 45129
20380 27729 30235 41592 43930
12102 19271 22632 28457 29465
19394 23687 28572 34492 44113
21829 26069 31722 40044 42556
13096 19588 20358 26519 29049
12876 17791 22706 29844 34758
16176 25438 29555 33819 38964
11027 18625 19910 26010 30825
23766 32047 37088 46628 51489
20704 24023 34452 40772 46145
24186 29581 39998 46508 52461
15624 24530 26723 32477 39739
13670 18063 23066 27093 32340
21381 24118 33866 42417 44640
20545 27065 29837 37173 42389
22515 27091 34595 42831 49419
17562 22351 26208 33923 39510
15826 18765 24190 25433 32666
19206 22807 31208 33158 41709
17496 27892 34493 41424 46869
20246 25175 37320 38729 46825
18731 24507 35358 40609 52510
26736 30895 43568 48914 55449
20950 22337 32040 39433 44053
23566 28317 35728 47699 53019
15978 21127 29048 29180 37761
16730 25907 27091 36861 42929
14520 16763 25260 30689 34229
17406 26707 29408 33008 44409
13614 21049 23822 31635 36801
20717 23847 31447 35023 44262
19394 24575 28868 34344 43225
15873 18580 24854 31127 36909
20166 32647 35528 47049 53001
11722 15965 20006 22935 28693
23149 24889 37418 39158 48729
19454 23030 29037 34614 41479
16806 20767 24608 29888 34329
16381 20882 26633 29258 36759
23552 27992 39187 44977 56944
14416 19807 21678 25088 31359
14769 18211 23762 28202 32865
20246 29815 36256 43432 54841
19270 29419 30968 41977 49201
14316 19717 27683 34569 39699
10818 16225 21844 26721 28099
17421 21337 27143 31193 38889
17706 24457 28208 37359 43659
20621 24187 31783 36278 42324
14856 17827 20908 27068 31579
18792 30511 37208 44463 53391
24829 31527 35468 45516 51426
22353 31904 39736 49286 56736
19587 26725 38072 46674 53445
19557 24850 27938 35877 39552
17001 24592 35318 42414 44064
14422 16649 22586 26721 27887
27331 30499 36439 49509 55845
20300 25411 28477 36654 43517
22140 33301 38510 45764 51531
14046 23902 27008 34839 37269
18006 27907 34748 43749 47709
18690 28379 35300 43086 49314
16734 19591 27208 35233 40265
15126 20419 22940 30123 36927
15651 20867 30106 37706 44262
19462 22959 32840 36945 40289
18183 23295 28550 31248 37497
19327 24332 30171 34480 37122
15301 17717 23583 27493 32439
25746 30697 36836 51093 55251
11906 19761 24879 30949 33448
20466 32185 36464 42788 54879
17310 28903 30752 40833 48897
14266 18867 24963 29563 32669
14992 20657 25496 28918 31633
23604 29932 36773 37799 47376
26270 34895 37247 46264 56261
21104 25879 28805 38355 42513
19319 21165 29260 32669 37497
20388 24813 30976 35084 46777
14527 15407 21788 24759 29049
16191 17857 21547 26902 34281
21100 35827 41002 47967 59112
12706 19438 26678 29600 36585
11772 19766 20987 26649 30312
15762 25435 33080 35108 42753
14762 21583 25180 28900 33737
19263 20733 31319 36464 43962
15093 20311 27926 32298 37515
15756 23257 30008 37359 44559
19830 27559 33272 42345 47049
25199 32343 33848 42684 51709
22777 23272 31853 36473 47529
20793 25695 33639 40400 48850
14879 22525 30588 33786 37122
20850 34748 38029 44206 50768
14558 23399 28024 34552 40809
21549 23888 32072 40757 48105
15881 21470 27567 32266 34553
10914 17611 20204 26037 28089
15550 23056 24798 30963 34849
14952 24542 26657 32862 38643
14811 21721 29618 31592 40194
14748 20014 23408 29259 30429
21382 27061 30402 41926 44264
12196 17921 21420 27039 30749
13074 19339 20636 24740 31869
24326 32307 38008 42568 49789
22698 30511 33487 45393 54507
18980 27573 32944 44222 47981
22206 29977 39598 44038 53474
24162 35251 39806 48716 54459
22606 35607 43608 47408 56009
24647 27287 34680 43833 48937
11406 16807 18308 25009 26009
15006 18727 25208 28448 34089
17737 21165 28318 36663 39792
19656 23557 32408 37509 39009
23872 26277 33678 43484 49959
20990 25635 36472 41977 48341
14898 21177 32128 35633 41473
20671 23295 31988 37565 44781
20776 26512 29458 37053 44184
19871 22192 31038 37419 40319
16232 19425 27805 30199 38712
15006 21487 24128 27968 31209
18324 23863 29260 34230 38207
14117 17929 21638 26376 28334
11532 16957 20461 25999 32102
16106 20447 30108 31229 37109
15131 20940 23240 29533 33042
11406 18589 22352 26115 30105
12881 18444 22153 26788 29261
15964 24181 28922 35875 42196
11851 14839 21844 24420 28952
22506 30067 37628 42488 50769
16737 20456 30896 36760 41765
18381 26173 26761 36318 41022
18414 26059 33860 34952 42129
24662 25951 40120 46745 49873
13446 19719 23752 27896 32041
19556 28907 35198 39448 45569
16730 24427 29756 35381 38933
12227 16874 21218 26168 28087
16764 22883 26874 33524 39111
22116 23437 35813 40763 47694
21258 25109 30962 37276 44669
21664 28763 37682 44599 48057
20136 32032 36242 41366 53994
21607 26567 31528 37608 42569
15373 17915 22151 31227 32316
18207 20547 27178 30038 34849
14306 22887 26268 30558 36669
21131 25526 35329 40399 49188
12318 15775 23768 26685 30249
19278 21323 31544 35778 42787
17555 26089 31564 36395 43962
15906 26407 27608 35559 43359
25847 29267 36678 43518 52259
27250 34503 36463 47244 55281
12934 19719 24968 32777 37513
11342 17120 19628 24316 29985
20936 23835 33657 41708 44284
18287 31139 34941 42725 52318
13227 16504 21653 29142 30897
18765 27385 33470 40569 47836
11778 15485 22680 25624 29003
14176 22758 25098 31079 34589
13756 18507 23633 30759 36885
26118 33991 37256 42248 55881
16326 22583 26392 33601 36865
20100 32315 37635 45516 53199
16035 19312 24812 29843 33003
11006 17497 21898 25639 32680
19809 26894 31564 38810 43479
24644 27361 42106 45598 56075
18816 23602 33008 37794 46375
16260 17773 27350 31383 33273
19052 28665 35252 39525 47891
22127 27815 29396 36980 42669
12846 17983 21622 23762 31467
15346 19117 24188 32639 36929
21370 29015 35288 44501 56458
14014 16693 20917 26479 30909
18570 25123 34172 37604 46185
19576 26987 39338 46749 50549
21702 33415 35912 45128 56457
14748 19312 23057 27270 30897
18633 19745 26835 30867 38512
21236 30694 36292 46715 54242
20055 28369 33749 38150 46301
18640 25571 28344 36661 44515
20652 33301 40184 42230 52089
26277 30058 39320 43667 54252
16015 18567 24948 26804 30169
14857 15957 20908 25199 28719
14036 18063 24408 27215 33803
14484 18247 21782 26343 30903
13214 14775 22056 23616 28401
12227 15258 21521 24248 29602
22149 27457 34595 41184 51433
11106 17607 18608 24409 27309
18277 25526 31416 36097 43950
21976 25019 33470 43949 44794
22485 30274 36293 40010 51516
14881 18757 26883 27633 37384
15353 23698 30255 36365 42921
18428 27187 33077 33228 42289
24372 30139 38324 45579 48927
15200 20313 29402 31391 40480
20832 29377 36142 43263 49849
19802 35091 37052 50185 54693
13001 17602 21858 29334 33934
23107 24857 37983 42534 45509
11562 16271 19910 26224 31789
16857 17596 24608 31251 36417
20171 31643 34973 42374 49959
12438 15911 20840 27337 32938
15616 18325 24002 28776 35743
11306 16207 21108 25209 26409
20990 24087 30968 43525 50406
14612 23189 28014 29488 38869
13656 17122 21113 25524 27309
15231 22192 30168 34809 39159
17934 26899 36196 42007 46157
20055 24131 32445 36357 47932
22574 30947 36044 46236 53699
13782 19943 20279 27785 31257
19756 27025 30186 39350 45829
15996 19072 26576 30389 34326
24926 30089 36854 41838 49493
10606 14007 18808 24809 26809
23820 26656 41021 48582 52551
17526 22637 27310 34173 41473
23499 27893 41264 46039 57118
18468 26433 36751 43811 48517
19262 26401 31216 38023 47651
15126 23479 31688 35721 40761
16946 23667 29268 33888 38789
17516 29928 32138 40979 44379
12632 16057 21622 25047 28578
16620 20881 25852 34941 42326
18089 27216 36343 42428 47836
14006 20632 26758 31384 34509
18948 24955 30500 37431 42205
13552 14707 19538 23844 30775
18855 27457 36791 43380 52714
11130 16531 20312 26793 30897
11206 18599 21064 28345 31929
12081 17717 21858 28069 31174
12102 18823 20280 27449 30473
12328 14248 20612 23946 29602
19038 25747 28400 35576 45093
12306 14607 19408 22809 28109
17652 27168 38068 39971 49141
13304 18101 20827 23988 30747
16306 24131 30652 38966 48910
17257 19603 26642 32301 37821
21178 23707 32714 40456 47093
12886 18982 25193 27263 31174
21664 30219 35862 41322 50423
19038 23095 32300 40413 42753
19122 28681 32732 41643 43425
17679 22064 27271 35355 39465
14255 14567 22784 25281 28297
14018 19895 23851 25433 31310
14881 18214 24165 26902 34638
13035 15460 21622 23642 29804
15898 17755 24136 26572 34229
25116 32185 39812 47438 50787
17964 22345 27894 37969 40743
27606 35807 39808 44008 59209
13686 18817 25088 25430 33183
13881 15547 24206 25760 32643
12432 18019 24632 29535 33411
11336 19587 22888 26848 32899
13006 15711 19664 24449 30585
21210 32743 38138 41114 54135
18840 25411 28186 36217 38115
23843 30345 39999 47880 54381
12227 15056 18794 24451 27885
18876 27757 36083 46444 49959
17277 29419 30788 42075 50625
15863 27953 29995 40672 43969
18930 25903 31548 38355 47486
14768 20698 23966 29170 32679
15119 18928 25950 28926 31306
24507 30457 35883 41833 45859
18467 32406 39828 46344 53223
15814 22351 33448 37401 40289
22146 26647 37448 41588 51849
24393 28843 35074 40236 47535
20922 27397 36196 37358 44165
17676 24652 29303 38294 45734
22086 34183 38408 48585 52425
11661 17332 20378 24789 28359
20538 25933 38114 42813 46467
16263 18951 26760 28424 34185
14746 18377 24208 27618 29379
13605 24215 29656 34960 39993
14773 17448 20124 23548 29755
20406 30607 35708 43868 47779
22698 28279 40370 47253 50229
13007 15907 20908 22008 26309
16617 23821 28967 36906 43080
23186 33637 39148 45418 56249
12311 16797 22088 29334 34395
24582 28423 34568 48777 53961
13576 20893 24670 25968 31987
20381 28206 35216 40758 46627
25900 27223 36107 43668 49527
15366 19335 23432 28169 35722
21300 30401 35498 47147 50241
