200 10 5
7 176 142 96 58 101 190 184 65 134 108 0 31
4 76 138 123 173 67 63 136 93 123 93 0 20
3 93 109 101 113 159 93 126 178 70 55 0 13
7 142 66 145 152 109 84 56 41 96 200 0 35
3 143 193 167 154 85 91 148 160 46 170 0 13
5 71 183 196 126 101 107 137 105 171 130 0 24
7 111 116 180 63 150 128 115 132 160 62 0 31
9 153 185 70 194 59 46 116 185 147 46 0 44
7 193 194 162 53 86 193 41 181 132 72 0 31
5 89 158 121 166 193 105 168 123 181 190 0 24
3 97 110 166 44 197 91 119 69 105 197 0 15
3 170 113 77 73 61 130 65 70 43 48 0 14
3 180 59 58 195 194 72 45 118 49 199 0 12
9 127 72 97 189 181 181 115 83 133 150 0 43
5 60 48 46 179 153 137 78 108 120 60 0 25
7 102 93 138 121 151 176 68 129 185 51 0 31
3 40 110 62 179 108 144 141 60 126 125 0 13
4 153 178 69 121 84 87 147 45 112 136 0 17
10 53 40 160 49 66 123 183 129 116 97 0 48
2 190 128 106 177 96 78 71 188 68 95 0 10
5 187 103 98 190 74 140 152 73 136 147 0 24
3 71 62 114 154 62 172 187 139 115 78 0 12
3 132 197 67 153 86 80 159 144 134 198 0 14
7 107 102 108 119 87 63 93 153 74 48 0 35
10 71 125 77 188 78 172 63 95 190 157 0 48
3 96 127 73 93 115 69 78 84 148 89 0 12
8 165 196 112 50 89 119 72 107 85 72 0 36
4 148 92 64 109 61 73 197 200 89 91 0 19
4 109 85 187 126 40 105 61 190 73 92 0 18
8 96 112 128 105 158 101 163 108 183 90 0 36
5 194 162 51 160 180 190 78 174 47 73 0 21
10 119 44 117 168 190 103 65 101 85 49 0 46
5 181 88 148 119 95 183 42 132 165 167 0 22
7 170 154 47 79 123 55 160 62 42 126 0 33
7 147 141 143 98 166 159 136 166 40 58 0 34
2 73 123 88 194 83 180 179 159 153 89 0 10
6 55 184 84 132 132 130 42 104 125 134 0 26
3 170 41 109 70 158 197 181 157 58 113 0 13
4 80 187 103 108 103 180 184 166 99 87 0 16
10 106 168 73 85 132 196 156 83 174 45 0 47
10 69 196 65 163 43 78 154 189 90 126 0 49
9 200 134 41 161 87 170 101 142 59 154 0 42
5 43 94 75 105 133 111 93 199 141 121 0 24
6 145 66 76 177 173 172 75 140 127 89 0 28
10 58 124 70 45 98 115 192 65 77 186 0 50
10 106 107 129 81 58 87 42 123 195 170 0 47
9 69 183 95 200 162 123 113 168 196 57 0 42
3 46 144 103 62 144 198 62 119 157 87 0 14
10 189 96 158 194 110 59 150 109 182 162 0 48
7 82 132 181 77 178 150 156 186 113 182 0 33
8 192 197 74 148 53 43 121 158 134 65 0 39
3 65 158 60 185 124 132 71 145 56 76 0 14
4 164 43 107 83 68 53 170 144 70 113 0 16
8 58 79 115 91 181 52 57 113 66 91 0 40
5 190 164 94 174 200 132 156 104 156 197 0 23
9 120 160 194 61 58 143 52 132 108 127 0 42
8 170 180 49 117 43 151 60 107 61 134 0 36
8 71 154 53 200 160 43 146 68 140 153 0 40
8 177 44 59 73 48 178 67 95 111 118 0 38
8 40 55 184 198 53 42 154 194 121 102 0 40
7 152 75 178 98 72 117 116 147 123 44 0 33
6 155 148 170 130 64 139 188 76 53 175 0 27
8 91 106 145 40 105 119 178 164 118 173 0 37
6 180 170 73 55 192 138 71 197 63 200 0 30
7 46 158 57 178 103 146 94 148 103 148 0 33
5 77 88 66 109 75 85 180 198 190 81 0 24
6 69 115 150 103 194 170 117 184 72 196 0 29
8 145 97 43 132 170 140 81 102 101 186 0 38
5 111 157 147 175 51 90 163 139 91 57 0 25
3 134 163 195 165 40 132 110 85 115 131 0 11
6 132 82 76 95 183 81 176 149 178 194 0 28
7 126 71 138 193 170 198 186 184 184 171 0 32
8 81 172 186 179 53 65 140 67 147 198 0 36
5 133 172 60 118 192 78 93 187 190 134 0 21
5 160 170 88 131 62 84 55 84 67 83 0 22
5 88 126 44 82 46 99 164 199 139 177 0 24
4 168 80 131 194 148 189 199 53 153 72 0 20
6 143 108 200 131 80 64 91 110 161 74 0 29
3 51 172 163 91 189 97 131 143 121 123 0 14
9 109 134 76 161 77 98 94 78 115 48 0 43
4 82 85 119 60 97 47 138 158 46 128 0 20
8 128 184 161 200 182 138 61 60 105 112 0 37
7 196 101 95 51 91 188 63 152 99 91 0 32
7 64 98 108 63 52 130 116 141 131 89 0 31
6 96 129 64 138 101 97 124 172 141 47 0 29
6 150 96 49 136 171 192 136 200 118 49 0 26
6 113 101 59 189 77 45 158 117 150 184 0 26
8 171 45 48 157 47 121 152 68 126 159 0 38
2 135 58 52 133 174 199 87 83 177 54 0 10
10 53 135 73 166 140 180 99 77 181 45 0 50
9 132 199 187 91 129 79 151 131 133 181 0 45
7 72 194 187 139 142 167 93 152 140 98 0 32
6 72 57 112 185 143 192 188 115 102 42 0 27
10 115 162 124 147 175 90 138 155 96 92 0 48
6 141 149 162 43 101 122 161 45 169 171 0 27
4 147 79 170 86 77 162 163 84 188 122 0 17
6 137 116 137 61 43 101 81 109 193 53 0 27
4 148 165 72 135 67 100 110 49 111 124 0 18
5 165 53 139 180 142 147 65 189 184 75 0 25
9 54 111 131 56 185 111 110 97 150 121 0 43
4 125 61 183 95 186 108 105 181 177 161 0 19
5 161 164 96 78 91 90 168 134 101 141 0 21
4 74 149 74 77 75 117 100 115 89 110 0 20
3 132 178 166 40 196 96 86 146 54 105 0 11
8 45 44 198 138 119 199 154 90 154 63 0 39
6 56 137 53 80 110 133 196 158 71 181 0 29
10 45 100 111 75 55 68 93 179 46 170 0 50
4 182 186 180 88 67 190 165 49 69 161 0 17
10 127 91 85 134 144 192 134 134 49 181 0 46
8 132 142 115 80 134 96 193 136 115 137 0 40
7 116 121 57 92 87 124 122 52 79 81 0 34
3 156 130 57 192 57 198 194 82 193 82 0 14
10 138 103 59 196 181 165 186 137 82 68 0 46
6 128 141 97 77 89 54 122 59 160 172 0 27
7 140 117 91 107 146 191 189 180 50 97 0 34
6 163 132 88 75 50 52 167 49 159 180 0 30
10 57 64 147 69 123 173 136 68 66 110 0 46
5 49 90 193 120 157 189 66 59 187 198 0 22
10 103 137 72 60 82 47 157 98 123 184 0 46
8 89 114 86 170 129 62 86 155 87 177 0 40
7 108 123 41 119 178 143 148 194 130 184 0 33
4 89 176 152 173 109 181 108 150 195 64 0 16
6 53 77 109 92 65 57 62 149 190 134 0 28
9 191 114 89 133 77 81 119 174 177 79 0 45
6 81 105 62 139 89 197 71 108 154 140 0 27
5 146 176 144 140 77 65 167 72 92 89 0 24
8 119 181 188 190 198 95 196 129 92 117 0 38
2 133 87 75 106 73 104 74 89 70 111 0 10
5 199 56 172 150 110 128 121 124 164 117 0 25
7 55 113 191 188 138 144 91 159 117 104 0 35
9 170 101 142 128 115 62 74 134 178 99 0 45
4 181 56 152 119 111 117 77 182 142 113 0 16
7 174 153 177 181 126 92 146 106 178 63 0 31
9 166 122 81 105 163 148 119 162 60 112 0 42
10 64 59 148 81 51 96 109 158 133 164 0 46
10 164 136 143 164 184 123 145 184 52 114 0 50
5 126 98 185 105 119 54 124 95 74 46 0 25
10 65 67 101 188 140 193 116 47 192 60 0 48
7 114 187 60 89 119 188 58 134 128 98 0 35
10 83 160 144 152 114 41 41 98 97 133 0 49
4 174 171 137 199 190 94 51 80 158 164 0 19
5 86 171 150 69 139 156 176 46 184 69 0 22
4 88 97 181 154 157 47 112 55 165 164 0 19
9 43 85 126 124 200 161 151 60 169 129 0 44
4 126 42 117 144 159 115 124 187 142 45 0 16
3 130 142 55 107 70 57 164 126 78 177 0 13
9 55 96 137 168 153 87 94 65 182 105 0 41
3 97 161 179 54 59 121 49 66 93 200 0 13
9 141 176 107 190 124 128 142 111 180 121 0 44
9 145 91 150 147 66 160 173 164 158 137 0 44
9 165 131 133 174 175 117 57 99 90 111 0 42
8 178 160 124 61 122 130 71 97 194 115 0 40
10 132 119 141 160 92 150 49 160 81 160 0 48
9 85 123 199 158 51 166 196 143 60 93 0 44
9 119 52 68 131 104 81 182 85 165 110 0 44
9 155 163 141 104 156 99 170 176 101 159 0 45
9 129 53 97 73 157 180 60 70 143 88 0 42
5 134 153 152 50 193 185 166 150 137 151 0 22
2 111 200 73 95 50 173 117 194 63 75 0 10
7 184 159 177 83 74 86 158 138 187 130 0 34
4 124 61 197 127 109 109 64 121 56 75 0 19
7 183 186 149 129 53 198 164 167 146 85 0 31
8 63 154 53 152 63 177 110 184 181 136 0 36
6 80 191 72 45 49 136 140 103 123 146 0 26
7 73 153 134 105 164 41 160 129 105 171 0 35
9 140 51 193 60 72 133 194 64 63 156 0 42
8 96 171 57 196 108 174 42 55 160 145 0 40
5 48 73 71 172 140 67 155 141 127 70 0 24
3 111 88 152 104 101 114 142 105 86 106 0 12
4 67 61 110 63 104 200 134 95 99 125 0 20
5 144 183 150 42 110 163 187 114 155 81 0 24
3 143 42 87 200 73 154 91 84 102 194 0 12
5 63 43 146 180 75 113 199 186 188 147 0 25
4 104 147 175 158 102 197 81 107 89 91 0 20
8 105 60 46 181 189 106 53 72 168 79 0 40
10 126 185 143 111 53 121 84 122 122 96 0 46
4 146 68 105 100 183 63 60 96 138 47 0 19
3 188 117 119 187 144 128 84 180 144 180 0 13
10 86 134 132 199 166 136 188 46 132 115 0 49
10 143 65 174 97 137 166 174 111 183 80 0 47
8 168 140 173 128 108 99 163 106 160 68 0 36
4 127 190 172 80 49 53 55 74 75 138 0 18
7 175 45 142 180 153 82 149 127 166 47 0 32
10 120 124 145 136 117 129 41 108 123 73 0 46
10 198 110 184 158 119 59 71 51 138 169 0 50
9 180 122 80 183 198 131 75 136 67 158 0 45
3 79 130 126 160 126 157 103 70 83 198 0 15
2 47 108 141 102 83 44 83 54 166 87 0 10
6 42 93 45 40 124 61 81 118 166 137 0 26
5 94 126 118 91 152 130 53 137 142 170 0 23
7 186 199 128 57 49 164 182 169 138 50 0 35
9 67 49 163 42 112 196 172 138 110 139 0 44
7 95 132 142 102 50 107 83 192 70 166 0 33
8 160 144 146 145 58 50 122 60 90 103 0 36
8 137 108 162 159 150 160 92 152 74 164 0 40
5 77 47 126 52 138 67 188 145 196 55 0 22
9 58 86 85 94 78 93 43 170 180 138 0 44
7 145 144 121 106 51 192 90 153 191 87 0 35
3 85 40 174 186 122 66 112 126 182 69 0 14
4 156 128 128 153 181 117 71 186 119 94 0 17
39 40 37 39 45
131 157 210 254 272
129 157 188 248 288
105 152 204 244 280
133 178 209 223 262
108 154 201 245 298
101 152 220 222 273
122 178 216 255 296
108 160 181 221 271
114 167 216 235 288
113 168 216 253 264
123 167 203 237 294
108 158 184 254 262
101 155 194 238 295
116 173 185 258 286
103 142 220 244 290
118 163 184 250 263
136 156 218 245 290
137 155 201 226 290
140 147 218 240 288
100 155 188 231 263
139 152 184 235 265
117 173 220 230 290
111 157 212 237 283
131 178 187 235 275
112 143 183 233 261
100 174 180 253 294
135 156 196 223 273
118 175 214 224 295
140 149 189 229 286
129 150 214 226 261
119 178 197 234 291
114 156 211 238 293
102 151 182 248 287
124 152 190 256 293
125 169 202 246 271
103 155 193 230 294
118 162 180 252 270
130 177 208 225 272
134 150 193 241 271
126 151 194 255 273
131 151 208 245 300
130 163 180 220 286
105 153 200 236 278
118 180 189 230 268
111 151 209 236 296
139 158 217 246 299
104 146 188 239 281
108 151 196 227 263
121 143 202 248 269
117 151 183 226 282
102 179 202 229 288
134 172 217 245 261
128 148 204 248 280
124 150 180 236 289
102 165 195 249 288
132 155 193 254 273
109 140 207 255 285
109 157 196 231 265
121 174 180 232 297
107 168 216 231 296
110 141 220 247 285
119 141 205 245 275
125 171 202 245 295
136 156 197 251 276
106 143 192 242 286
113 146 211 240 284
133 144 216 255 282
121 164 184 260 262
137 171 197 221 280
103 178 220 253 296
136 165 182 235 275
132 172 186 229 273
106 140 206 234 296
117 161 203 233 260
118 160 202 253 281
124 143 190 239 264
134 142 181 251 270
121 168 205 229 284
105 156 185 253 295
131 171 191 239 290
132 163 202 226 284
133 161 199 254 297
125 164 217 256 295
101 148 207 227 297
120 144 214 260 272
124 164 192 246 265
112 153 182 254 269
119 148 182 259 288
126 170 220 239 300
120 160 200 228 276
123 161 217 241 297
102 172 200 251 295
130 140 204 249 296
140 149 202 251 296
122 154 209 256 299
128 179 181 255 271
139 174 219 233 294
103 179 210 245 283
117 140 201 221 296
137 172 215 234 264
120 178 211 227 299
124 150 216 231 263
123 164 208 254 263
132 175 187 247 280
129 154 191 221 295
108 143 188 229 283
128 173 218 221 265
127 175 190 257 276
133 154 184 250 277
137 149 192 259 278
135 174 198 227 282
135 141 209 245 272
117 142 209 235 268
133 150 208 256 299
134 163 207 221 293
118 142 186 250 278
101 142 188 251 262
120 147 180 242 260
127 179 218 244 267
116 172 199 241 297
107 145 182 236 284
111 169 207 231 276
116 149 209 236 260
140 176 216 242 291
126 144 211 231 288
112 159 183 233 275
125 173 207 233 270
128 163 199 236 281
118 147 197 231 284
104 176 202 253 280
126 146 200 249 270
126 148 214 221 285
100 173 180 258 267
121 167 201 241 288
101 171 205 250 275
131 161 181 236 298
105 142 180 228 295
117 149 207 228 290
117 151 198 241 295
108 177 189 220 273
100 164 201 233 298
134 170 187 250 285
109 163 212 256 286
100 155 207 230 286
124 180 216 230 300
128 173 195 257 292
120 149 203 252 270
130 167 205 223 288
130 145 202 255 263
108 140 206 220 295
119 142 181 224 268
123 144 208 258 297
121 163 193 256 261
104 164 200 226 292
126 156 216 256 278
103 179 203 259 296
132 178 202 256 262
114 159 198 241 280
137 159 195 257 265
112 144 198 224 296
110 169 188 225 275
128 155 193 229 261
120 171 208 259 270
112 143 210 234 273
115 142 210 252 263
135 147 214 256 260
131 172 204 236 294
115 153 216 259 285
140 165 191 247 260
126 180 186 230 279
122 159 191 255 292
102 170 220 242 294
106 162 206 235 262
133 164 210 257 270
136 153 193 224 260
140 145 220 251 276
116 174 209 247 293
135 180 216 243 287
121 179 180 224 267
133 175 187 248 272
128 141 215 251 281
129 142 190 249 263
126 146 212 256 284
129 178 187 226 283
136 167 215 236 278
121 164 197 227 287
113 146 210 255 271
112 156 206 221 285
128 165 218 236 283
101 168 200 242 288
113 165 185 249 268
128 145 181 226 296
132 147 207 221 273
121 146 186 225 277
121 158 216 221 291
111 146 181 253 275
121 150 205 248 260
132 147 189 237 265
140 168 186 251 267
105 177 194 240 282
4069 4876 6521 7886 8444
2588 3149 3770 4972 5772
1373 1985 2663 3184 3653
4664 6240 7326 7816 9182
1412 2011 2624 3197 3887
2432 3658 5291 5339 6565
3790 5527 6706 7916 9188
4760 7050 7975 9736 11937
3542 5186 6707 7296 8940
2720 4042 5195 6084 6348
1853 2514 3055 3566 4422
1520 2222 2586 3568 3680
1220 1869 2339 2868 3553
4996 7449 7965 11106 12310
2583 3559 5511 6112 7263
3666 5063 5714 7762 8165
1776 2037 2845 3196 3782
2338 2644 3427 3853 4942
6729 7065 10475 11531 13836
1008 1560 1891 2322 2643
3345 3657 4426 5652 6372
1412 2086 2651 2771 3492
1562 2207 2979 3329 3974
4594 6240 6555 8236 9637
5385 6874 8795 11196 12541
1208 2098 2170 3048 3541
4869 5626 7067 8039 9840
2250 3335 4077 4267 5617
2529 2691 3412 4133 5161
4653 5409 7715 8147 9408
2507 3748 4147 4925 6123
5252 7185 9717 10959 13491
2252 3331 4014 5468 6327
4100 5025 6280 8460 9681
4258 5756 6878 8375 9226
1038 1560 1941 2312 2953
3076 4222 4690 6564 7032
1698 2311 2715 2936 3548
2153 2409 3098 3868 4348
5930 7106 9128 11997 12843
6427 7408 10202 12016 14712
5469 6856 7570 9251 12025
2528 3682 4811 5676 6685
3312 5050 5302 6451 7516
5558 7559 10461 11811 14813
6541 7435 10209 11573 14065
4376 6141 7907 10050 11815
1520 2124 2755 3190 3695
5816 6873 9707 11916 12924
3870 4993 6050 7470 9319
3986 6991 7889 8942 11245
1884 2418 3049 3441 3666
2056 2377 3275 3980 4492
4969 6009 7210 9452 11573
2354 3805 4495 5739 6637
5553 6519 8116 10680 11478
3932 5049 7463 9192 10273
4368 6290 7851 9252 10613
4606 6622 6850 8827 11299
4288 6730 8651 9251 11852
3638 4662 7271 8163 9417
3221 3816 5546 6627 7437
4633 6336 7484 9076 10927
4089 4689 5920 7542 8292
3506 4728 6347 7998 9451
2720 3513 5075 5772 6829
3865 4185 6275 7407 8190
4606 6242 7002 9892 9968
3434 4285 4935 5536 7012
1140 1968 2431 2794 3268
3817 4630 5106 6591 7712
4233 5514 5962 7339 8748
3824 5049 7427 8436 10669
2465 3391 4274 4905 5472
2604 3529 4454 5578 6194
2985 3441 4571 5748 6349
2689 2849 3630 5032 5412
3517 4882 5956 6652 8248
1478 2193 2600 3554 4143
5641 7363 8223 10288 12482
2649 3270 4051 4531 5692
4929 5966 7373 9409 11001
4008 5257 6954 8203 9452
3139 4597 6428 7048 9220
3488 4185 6217 7552 7900
3232 4274 5002 6408 6902
2920 3988 4742 6616 7007
4530 5633 6926 9854 10957
1268 1709 2210 2401 3012
6008 8010 10011 11411 13812
5543 7254 9776 10856 13377
3272 5514 6410 8044 9452
3518 3789 5518 6734 8004
6729 7161 9706 12059 14220
3302 4167 5653 6923 8085
2184 3053 3087 4347 4619
3761 4707 5923 6302 7950
1862 3232 3791 4421 5106
2933 3509 5036 5536 7413
5900 7406 9256 10073 11364
2288 3392 4019 4324 5693
2613 3159 4547 4862 5535
2468 3289 4171 5092 5272
1460 1935 2067 2728 3092
5040 6015 7459 8630 11518
3140 4156 5463 6653 8220
6408 8660 10911 11061 13262
2167 2985 3240 4381 4704
6127 7093 8474 11512 12754
5489 5969 7690 10372 11132
4599 5926 6742 7729 9600
1899 1983 2937 3442 3820
5390 6541 9625 10822 12340
3599 4059 5626 6923 8085
4565 5551 7049 7525 9974
3548 4269 5590 7512 8353
4654 6541 8659 11558 12065
2649 3244 3971 5336 5733
5850 8244 10039 11235 12294
4648 6890 7970 9651 11892
3539 4794 6017 7800 9385
1784 2714 3323 3707 4428
3256 4181 5863 6620 7292
6308 7929 9730 10901 13107
3410 3897 5708 6248 7789
2696 3826 4402 5604 6613
4758 6584 7877 8865 10272
1288 1640 2000 2371 2822
2958 3684 4936 5787 7113
3648 6170 7080 8867 9812
5679 6579 9011 11217 12162
2025 2377 3435 3547 4573
3108 5373 5590 8010 8289
5090 7024 8452 10133 12108
4654 7876 9441 11512 12662
6559 8059 9060 11811 14913
2633 3559 4511 5712 7388
5624 7161 9947 10955 13933
4103 5294 6940 8447 10338
5300 8683 9272 10791 13390
1908 3126 3830 4438 5675
2957 3750 4124 5511 6282
2079 3106 4039 4876 5446
4408 6830 9119 10132 12597
1992 2890 3466 3691 4812
1672 2258 2545 3352 3808
4928 6118 8334 10344 11082
1698 2181 2676 2910 3756
5729 6389 8899 11232 11584
4760 6169 9075 9691 12993
5007 5974 7613 9420 11269
4928 5769 8330 10332 11892
5816 7834 9274 12300 12540
4584 7226 8811 9955 12861
5552 6873 9515 11276 12244
4642 8065 9145 11666 13332
5552 7486 8494 10764 11016
2516 3508 4367 5314 6172
1379 1599 1960 2582 2662
3816 4905 6743 7627 10077
2098 3221 3583 4287 5238
3977 4815 5994 7111 8103
4328 6166 7498 9336 9732
2920 3727 5471 6096 7111
4033 4979 7361 8832 9217
5679 6183 8999 10764 10932
5248 6889 8170 9451 11772
2768 3681 5195 6228 6852
1689 1990 2302 2976 3132
2528 3610 3730 4611 5592
2936 3825 4594 6132 7020
1231 2050 2651 2915 3540
2658 4060 5161 5887 6562
2668 3289 4210 5152 5412
5449 6130 7731 8972 10412
6449 6679 10131 11557 12708
2212 3316 3981 4704 5579
1763 2349 2818 3170 3743
5938 8781 8830 10987 13095
6260 8235 8799 11668 12796
4616 5085 7751 9048 10128
2331 2565 3431 4494 4746
4040 4681 6795 8204 9100
5943 8198 8612 10407 13030
6809 8359 10761 11811 13912
5453 7390 8876 10226 12928
1703 2199 3161 3837 4077
1128 1570 2071 2221 2863
3336 4299 5679 6147 7370
2331 3874 4611 5578 6637
3963 5785 6485 8727 9392
5641 6389 7974 9955 13037
4365 4860 6842 7304 9021
4365 5265 6707 8112 9985
4848 6329 8651 8851 11653
2450 3221 3992 5578 6063
5332 6609 9031 10924 11452
4629 5154 6626 8307 9287
1969 2362 2614 3526 3750
1793 3019 3308 4092 4806
