200 10 5
8 99 69 95 32 34 48 40 47 55 30 0 37
9 72 53 66 65 96 26 33 90 83 22 0 44
10 62 61 94 54 21 51 50 89 77 66 0 49
6 75 59 49 51 22 33 98 33 68 55 0 29
7 38 86 38 37 22 93 89 61 57 97 0 31
6 72 90 97 53 51 37 52 59 48 73 0 28
6 48 24 96 87 58 21 27 71 28 71 0 27
6 28 92 63 80 52 44 50 97 71 94 0 29
8 82 87 74 63 22 20 75 96 90 61 0 40
6 33 21 92 50 94 43 32 44 54 67 0 29
5 35 27 88 48 37 59 90 53 67 27 0 24
7 60 96 94 56 56 88 96 25 63 61 0 34
4 58 45 21 30 64 45 78 43 96 94 0 18
8 65 60 43 45 25 46 83 95 46 91 0 40
10 82 22 85 37 30 70 23 55 59 92 0 48
9 51 32 52 93 28 84 90 81 84 59 0 41
6 42 40 33 33 37 89 80 75 46 97 0 30
9 38 65 69 81 33 54 65 75 34 50 0 42
4 68 28 72 94 91 28 79 59 73 69 0 19
5 64 71 88 91 100 82 61 68 83 61 0 22
5 29 96 40 44 34 93 42 62 75 83 0 22
10 27 75 69 39 38 30 27 88 84 100 0 47
5 50 83 61 92 94 92 48 63 79 57 0 25
7 79 23 21 63 42 65 85 25 28 79 0 33
5 79 43 68 37 74 25 63 30 95 46 0 23
8 27 54 46 97 21 29 79 72 85 97 0 36
9 61 81 50 73 33 56 70 45 41 41 0 42
5 90 50 71 56 79 94 93 97 85 66 0 22
9 39 21 79 34 96 59 37 72 54 71 0 42
5 66 88 30 60 34 72 68 73 26 30 0 23
3 77 42 90 94 60 26 36 66 54 22 0 11
4 83 52 50 56 57 90 84 70 52 40 0 18
4 69 46 22 41 39 88 68 40 90 99 0 17
4 72 87 84 50 84 33 79 77 25 96 0 18
5 66 24 83 65 94 72 84 76 76 67 0 24
6 42 32 83 89 100 91 94 60 98 61 0 29
7 52 41 66 35 85 94 44 77 39 22 0 34
5 69 73 46 24 30 39 34 45 60 68 0 21
10 96 76 99 79 37 97 64 44 57 64 0 49
5 28 42 98 33 55 56 29 62 95 79 0 23
3 22 97 63 84 50 35 62 53 47 59 0 13
6 66 58 43 48 32 37 37 24 90 34 0 30
5 24 39 52 90 90 77 97 73 22 78 0 24
8 41 60 53 55 31 52 88 87 35 27 0 40
6 36 91 80 25 57 99 38 26 35 89 0 29
4 69 95 28 33 68 88 66 33 42 75 0 20
2 21 60 53 23 77 59 59 31 43 54 0 10
9 60 78 73 63 44 89 36 57 71 77 0 45
7 32 67 93 69 40 40 50 89 50 78 0 32
7 88 71 42 61 93 51 82 80 97 24 0 33
3 28 60 73 89 95 54 57 28 53 54 0 13
4 22 93 68 75 40 68 29 96 39 75 0 17
8 29 61 33 58 70 83 28 51 30 58 0 37
3 72 88 97 77 25 61 71 73 90 53 0 13
4 96 91 44 83 81 96 67 36 49 98 0 17
4 97 55 38 47 30 87 78 77 97 74 0 17
7 81 88 64 37 38 61 73 20 81 49 0 31
9 38 98 24 67 27 69 91 76 45 50 0 43
10 89 97 55 31 72 43 51 92 36 35 0 50
4 74 30 55 47 72 74 39 28 29 99 0 17
7 91 42 50 26 64 68 83 91 49 76 0 34
5 74 44 68 85 99 68 35 88 41 53 0 24
3 96 46 98 26 95 39 58 98 22 40 0 14
10 44 37 49 38 98 35 49 85 25 38 0 49
6 97 59 90 55 66 59 75 85 89 80 0 26
8 35 97 69 55 26 93 33 94 50 92 0 40
8 35 65 85 47 73 52 61 23 41 57 0 37
4 98 98 57 91 99 40 85 83 26 61 0 19
4 39 85 23 83 38 26 63 63 50 34 0 17
9 92 26 74 69 91 92 71 73 84 35 0 42
3 63 72 27 83 27 53 60 64 23 25 0 11
5 83 80 69 78 26 87 56 22 46 79 0 22
6 75 82 86 92 61 41 46 51 67 31 0 26
10 92 45 26 73 28 47 99 57 41 48 0 48
3 30 41 54 61 41 79 26 45 87 72 0 15
5 35 73 91 74 97 27 24 25 41 58 0 23
3 72 25 96 64 87 98 23 29 94 65 0 14
8 51 82 84 60 73 32 69 38 24 80 0 38
3 64 50 72 37 76 27 36 92 69 50 0 15
6 80 60 68 75 31 24 59 40 34 96 0 28
6 31 53 23 46 29 81 99 23 77 44 0 29
5 45 81 80 50 99 32 85 22 70 83 0 25
10 49 74 22 74 88 64 53 93 93 54 0 46
3 53 88 20 70 64 40 79 92 53 22 0 13
4 51 78 63 69 59 46 98 80 38 68 0 20
6 20 37 89 92 77 64 38 34 71 55 0 30
3 94 89 49 40 74 79 48 37 98 82 0 13
10 40 53 57 27 87 34 39 83 46 28 0 46
5 60 75 91 26 92 74 99 26 73 89 0 24
6 66 86 74 33 90 61 93 28 91 26 0 29
8 90 28 91 74 93 62 25 35 23 25 0 40
10 83 32 95 72 89 96 21 98 36 94 0 46
7 25 70 87 66 45 85 82 71 22 73 0 33
5 27 77 30 35 79 71 32 79 95 34 0 23
3 100 70 47 74 56 90 93 75 34 38 0 11
9 35 26 33 43 77 68 74 77 45 34 0 45
4 82 53 52 32 46 86 23 98 88 58 0 16
9 54 59 61 36 74 63 23 90 22 75 0 45
4 44 96 93 30 70 83 28 52 81 41 0 20
8 36 52 76 91 82 52 71 39 45 65 0 38
4 75 62 98 90 78 44 32 20 91 83 0 17
5 84 28 33 38 56 89 70 47 89 68 0 25
8 56 56 20 77 98 84 30 76 44 75 0 37
8 64 60 62 89 47 22 52 25 38 38 0 38
4 33 26 76 59 28 42 57 88 53 29 0 20
6 64 68 27 48 88 42 69 95 44 52 0 29
4 86 54 27 70 23 60 54 82 75 88 0 16
3 57 26 37 93 53 59 28 25 50 73 0 11
5 41 56 34 66 95 31 62 94 66 79 0 21
7 30 76 37 95 45 79 69 98 35 26 0 31
7 49 44 35 69 62 44 81 97 43 26 0 31
6 24 91 76 53 79 69 76 50 67 49 0 30
10 97 66 85 32 89 80 84 59 47 92 0 50
9 55 39 76 94 26 83 60 80 88 98 0 42
4 44 74 56 91 99 56 84 72 64 84 0 18
6 27 57 23 48 65 99 90 85 85 92 0 30
9 62 48 25 28 39 67 91 77 36 98 0 44
4 48 25 40 70 86 82 59 44 53 42 0 16
3 35 91 82 84 96 42 81 83 37 51 0 15
4 83 58 79 56 44 38 92 87 37 31 0 20
4 59 74 46 98 28 48 35 89 86 54 0 19
6 63 87 21 91 66 72 27 23 59 96 0 27
6 82 80 29 87 67 30 43 99 45 86 0 26
9 91 68 36 59 58 51 57 91 24 93 0 41
8 66 65 46 96 45 82 20 45 75 89 0 37
3 70 97 73 85 63 28 35 32 91 82 0 12
3 58 91 26 92 24 63 65 25 92 64 0 11
9 92 41 48 54 57 90 53 70 82 64 0 43
7 32 50 26 75 47 59 63 52 24 67 0 35
9 86 44 99 21 31 79 91 23 94 22 0 41
6 96 83 20 25 86 71 58 81 64 59 0 30
6 45 53 59 70 90 74 41 72 71 83 0 30
3 41 27 88 50 49 28 44 67 49 31 0 13
10 37 22 72 43 40 42 76 47 61 88 0 46
9 84 75 86 45 91 22 92 60 46 79 0 44
6 82 88 31 52 75 59 23 60 76 49 0 27
9 68 68 35 29 89 80 62 38 37 78 0 42
9 34 24 96 24 22 86 24 63 34 58 0 43
5 44 84 27 69 66 87 28 45 92 29 0 23
8 74 96 75 23 69 80 57 58 66 37 0 40
7 65 79 50 62 60 62 40 73 34 73 0 34
5 38 23 32 76 63 92 49 74 70 53 0 24
6 43 47 66 60 40 29 92 68 61 43 0 29
10 52 23 58 80 37 54 83 64 25 72 0 49
4 70 95 62 63 47 32 87 66 68 93 0 17
10 61 97 48 27 93 35 96 37 76 32 0 47
9 40 90 88 55 30 95 85 32 71 59 0 41
8 36 32 48 34 91 54 69 85 53 37 0 40
9 24 41 58 26 85 94 27 74 80 60 0 42
9 23 25 84 80 61 27 48 32 99 38 0 41
5 79 21 76 59 39 86 63 96 75 94 0 25
4 80 50 63 47 41 92 62 30 60 23 0 20
9 87 78 83 53 44 66 80 36 40 36 0 44
10 97 49 21 80 79 49 36 76 70 70 0 46
10 71 80 30 48 46 36 22 75 99 87 0 48
10 45 87 54 27 78 81 70 54 26 47 0 47
8 36 22 35 42 97 76 44 26 39 84 0 37
6 91 35 35 100 40 55 81 70 25 87 0 29
5 33 57 65 21 51 50 23 43 79 73 0 23
5 21 76 73 31 33 70 50 98 64 53 0 23
5 65 83 62 79 90 61 92 97 73 64 0 23
10 35 56 63 64 73 54 63 84 29 50 0 46
8 84 77 83 97 64 25 79 64 33 46 0 36
7 97 97 64 50 69 66 22 92 46 34 0 33
8 36 90 40 40 74 99 58 36 42 23 0 40
10 85 88 28 35 49 88 28 98 37 81 0 50
7 91 30 33 81 51 27 94 58 58 41 0 34
10 86 89 42 22 89 41 80 55 63 72 0 50
10 27 70 76 64 61 22 57 97 31 87 0 50
6 94 40 44 47 56 98 39 80 83 39 0 28
5 45 61 65 37 58 45 74 73 96 96 0 22
4 48 69 49 70 91 78 71 51 59 27 0 17
6 84 37 86 23 61 38 72 25 21 29 0 28
5 70 49 69 79 58 26 57 41 79 40 0 21
4 70 42 81 57 92 65 96 36 89 74 0 19
6 94 54 95 42 76 30 23 87 28 57 0 27
3 99 68 81 48 35 22 83 55 21 88 0 15
8 62 34 49 34 49 30 45 29 73 50 0 38
3 65 40 97 20 29 43 77 47 31 90 0 15
6 52 41 47 24 72 29 65 26 50 59 0 30
10 69 96 67 52 26 68 68 38 22 32 0 49
4 92 41 22 79 39 43 49 79 69 50 0 19
8 72 56 25 39 84 81 85 85 42 51 0 40
6 70 95 94 63 69 29 61 71 25 40 0 26
5 46 45 59 56 24 97 41 20 44 57 0 23
9 79 20 28 84 79 48 42 21 96 85 0 43
6 40 34 26 72 72 37 96 68 24 60 0 28
7 87 43 74 42 48 39 98 73 61 29 0 34
3 70 68 27 93 77 88 79 42 43 91 0 14
9 34 90 67 24 30 90 48 26 75 90 0 44
8 48 52 53 73 53 42 86 46 95 21 0 36
5 26 97 94 88 78 25 77 51 43 54 0 24
10 27 62 70 95 22 73 45 42 76 56 0 48
10 20 31 38 35 94 41 64 51 40 57 0 49
4 57 94 92 22 31 93 74 85 86 30 0 17
6 57 40 61 59 52 72 47 66 51 42 0 29
5 71 57 84 72 66 55 25 69 62 90 0 24
10 33 67 76 85 71 76 83 42 48 32 0 47
5 74 47 42 76 66 21 69 58 53 90 0 25
8 27 78 23 60 96 86 69 82 88 96 0 38
33 42 41 43 41
124 160 219 220 271
112 170 212 251 261
126 178 217 242 261
102 165 215 251 260
116 165 208 246 280
102 172 188 235 285
118 177 184 235 286
124 166 188 260 288
120 163 182 260 287
113 158 206 233 297
128 172 220 236 288
112 169 211 239 268
118 140 184 242 272
115 160 201 228 276
118 178 220 259 283
136 169 196 221 271
105 168 194 227 269
137 152 210 253 265
128 141 180 233 289
119 141 189 226 286
130 150 219 250 298
102 172 205 247 261
137 146 206 220 263
130 172 181 233 277
123 173 206 233 263
115 179 181 255 281
104 180 197 252 290
140 173 215 228 295
105 169 217 245 297
134 142 197 237 287
126 172 207 232 299
118 169 180 221 263
124 177 212 224 284
134 145 210 255 275
137 174 180 244 262
103 167 213 247 283
111 158 205 253 271
124 159 203 220 286
122 151 190 229 262
131 168 199 236 273
127 140 180 229 276
100 178 191 227 261
104 175 194 221 299
134 166 191 235 260
103 148 211 252 263
132 150 187 230 265
139 146 191 243 273
109 155 207 229 264
116 171 182 245 293
132 147 201 236 277
110 165 220 240 271
122 171 181 254 276
112 150 180 222 299
104 168 192 234 285
128 156 208 258 285
121 155 192 257 266
106 143 218 236 290
127 155 180 222 275
139 152 198 242 285
103 176 216 233 299
118 173 187 222 288
140 140 218 257 269
128 165 216 248 282
112 157 181 245 269
109 168 216 239 294
126 158 203 231 265
115 167 213 227 288
120 180 201 241 285
111 145 215 256 281
109 163 190 241 295
106 149 195 244 270
134 166 202 232 274
130 152 215 239 270
124 176 180 253 269
137 173 182 257 300
140 170 183 230 260
122 177 188 254 284
131 163 201 260 287
107 145 194 235 266
138 145 212 223 294
133 158 203 246 266
105 168 186 257 297
140 144 216 248 271
119 164 181 248 263
125 156 199 260 278
118 171 217 249 275
116 140 201 222 282
140 177 194 244 299
104 148 188 222 269
130 178 211 221 262
133 178 199 235 294
138 162 211 258 296
133 142 181 241 264
110 151 220 222 281
106 171 200 232 291
102 170 186 238 297
120 163 214 251 288
117 160 184 252 266
117 146 195 241 291
122 167 216 227 296
124 173 199 234 264
105 141 208 221 275
116 150 208 242 292
100 163 206 225 263
140 171 207 258 294
129 163 192 231 278
113 164 220 237 287
136 171 197 248 266
140 143 192 248 273
140 164 193 221 260
125 161 183 257 290
122 155 198 241 288
139 141 190 247 294
134 175 206 231 266
122 157 181 233 294
113 152 216 243 273
117 145 212 232 297
115 171 215 235 296
100 160 216 242 276
102 168 216 243 265
125 164 201 233 299
109 164 212 252 289
136 171 215 250 272
125 156 181 242 278
137 173 193 224 283
104 164 212 239 284
129 147 189 252 297
103 169 197 233 279
123 180 209 245 260
119 180 181 221 265
121 174 198 241 273
127 173 205 227 275
119 171 208 222 289
120 140 180 258 286
132 177 203 220 298
114 149 218 226 276
111 172 218 242 287
111 156 188 231 286
132 159 220 243 284
120 177 199 232 289
134 144 182 255 282
133 176 211 257 269
121 179 189 225 297
129 169 201 231 293
103 153 214 248 300
129 155 199 229 260
139 141 189 229 260
103 155 217 251 265
125 174 215 251 281
114 167 189 256 270
132 140 204 229 267
133 146 180 254 263
117 141 204 232 278
123 161 191 220 269
134 141 185 250 291
110 171 193 251 275
131 149 202 237 272
130 173 206 251 266
101 154 185 229 287
105 154 213 245 276
137 170 209 243 289
127 164 188 253 261
105 178 190 231 276
140 155 186 239 288
121 160 197 241 278
112 165 214 246 296
132 172 202 231 298
136 171 219 225 274
109 159 190 241 281
127 155 197 259 297
116 169 193 230 273
128 153 197 248 290
126 145 188 240 274
117 162 216 254 289
111 156 191 221 285
119 157 197 256 295
123 141 205 240 290
109 153 193 247 261
128 142 197 231 277
114 175 214 239 294
108 156 209 243 295
102 146 215 250 260
130 171 192 245 271
135 154 181 238 298
107 144 214 259 275
132 143 186 242 300
137 150 184 223 270
111 144 214 242 282
123 170 180 235 272
108 157 203 227 282
124 154 185 232 295
106 175 211 243 296
101 163 180 232 289
121 176 197 258 276
136 175 195 242 290
115 155 189 255 270
123 171 211 231 274
118 164 203 221 270
139 175 183 244 298
130 159 215 249 268
4693 6055 8287 8325 10255
5021 7622 9504 11253 11701
6277 8868 10810 12056 13002
3044 4924 6416 7491 7759
3692 5251 6620 7829 8911
2943 4963 5424 6780 8223
3285 4927 5122 6542 7961
3697 4950 5606 7752 8587
4900 6655 7431 10615 11717
3371 4714 6145 6951 8860
3175 4266 5456 5853 7143
3902 5888 7351 8326 9337
2228 2643 3473 4568 5134
4698 6537 8212 9315 11276
5758 8685 10734 12637 13808
5691 7072 8201 9247 11339
3242 5186 5989 7007 8304
5867 6509 8993 10834 11348
2543 2801 3575 4628 5740
2722 3225 4323 5169 6541
2964 3420 4993 5700 6794
4881 8230 9809 11818 12488
3543 3776 5327 5689 6801
4400 5821 6126 7885 9374
2932 4124 4911 5554 6270
4235 6592 6666 9391 10349
4453 7707 8435 10790 12417
3192 3944 4901 5198 6725
4495 7235 9290 10489 12715
3195 3385 4696 5650 6842
1488 2031 2444 2739 3530
2228 3191 3399 4173 4965
2210 3154 3778 3992 5061
2522 2729 3953 4799 5176
3403 4322 4471 6061 6508
3072 4981 6353 7367 8441
3867 5505 7142 8814 9441
2709 3473 4434 4806 6247
6085 7532 9477 11422 13068
3122 4004 4743 5624 6506
1763 1943 2498 3178 3831
3088 5496 5897 7009 8058
2584 4348 4820 5490 7428
5474 6781 7802 9600 10621
3076 4419 6300 7524 7852
2755 3130 3902 4800 5530
1508 1583 2071 2635 2960
5000 7110 9495 10504 12109
3809 5614 5975 8044 9619
4467 4975 6803 7987 9374
1522 2282 3043 3320 3748
2176 3050 3228 4530 4922
4242 5681 6817 8407 11323
1441 2327 2660 3241 3948
2280 2778 3704 4595 5075
2159 2766 3426 4586 4747
3376 4554 6942 7515 9234
5572 6800 7897 9740 12065
7065 7725 10063 12299 14485
1835 3136 3848 4151 5327
4112 6029 6517 7736 10036
3475 3475 5410 6378 6676
1895 2443 3198 3672 4175
5586 7829 9026 12218 13415
2923 4505 5792 6409 7884
5148 6455 8293 9437 10826
4351 6318 8058 8587 10895
2378 3567 3983 4775 5647
1979 2586 3834 4565 5010
4670 6983 8139 10324 12637
1258 1769 2314 2896 3204
3060 3790 4612 5297 6255
3488 4079 5769 6413 7245
6056 8595 8790 12355 13137
2165 2733 2875 4060 4739
3339 4055 4365 5486 6201
1808 2623 2786 3763 4208
5083 6325 7800 10089 11136
1700 2303 3082 3733 4225
3978 4180 6111 6428 8475
3968 4714 6056 7339 7935
2712 4339 4804 6637 7670
6555 6742 10113 11612 12689
1649 2273 2509 3437 3645
2603 3248 4144 5414 5789
3636 5269 6686 7672 8473
1609 1942 2788 3079 3912
6551 8283 9078 11418 13991
2590 3685 4681 5528 6698
3879 5311 6295 6594 7817
5427 7264 8120 9589 11997
6457 7580 9872 12071 13849
4505 4810 6131 8163 8942
2624 3602 5247 5295 6702
1255 2024 2367 2746 3444
4676 7793 8527 10911 13615
2017 2740 3597 4219 4841
5365 7337 8437 11555 12197
2439 3044 4065 5024 6066
4736 6482 8384 8811 11489
2213 3087 3551 4175 4710
2718 3649 5383 5720 7117
4389 5675 7869 9155 11046
3888 6337 8008 8747 10224
2910 3554 4302 5362 6110
3850 4865 5730 6894 8296
1901 2759 3700 3986 4827
1608 2022 2329 2932 3145
3058 3123 4193 5416 5962
4460 5225 6148 7040 8282
3978 5124 5824 8179 9229
3762 4779 6105 7431 8880
7065 7167 9657 12555 14943
5739 7495 8822 9893 11392
2300 2959 3412 4392 5541
3485 4688 6661 7494 8419
5246 6501 9505 10402 13316
1934 2875 3614 3951 4976
1585 2535 3422 3834 4372
2126 3502 4502 5065 5523
2478 3250 3984 4618 5926
3032 4562 5897 7010 8039
3645 4583 5762 6700 7290
5232 6529 7575 10128 11635
5183 6545 7301 8474 10705
1335 2105 2721 3067 3645
1526 1739 2235 2980 3512
4517 7411 8639 10218 12235
4406 6448 7487 8777 9314
4982 7536 7578 9253 11095
3731 5365 6105 7430 8417
3916 5334 6320 6999 8479
1646 2365 2877 3070 3997
5622 6559 8433 12087 13399
5916 7932 9097 9859 13354
3175 4150 6072 6294 7687
4752 7364 9333 10361 12287
4869 6843 8246 10132 12544
3143 3785 5237 5785 6761
4899 7226 8124 9471 11798
4669 5017 6341 8884 9825
3299 4365 5233 6374 6671
3609 5339 5638 6711 8859
6427 8419 10014 11508 14597
1836 2727 3814 4420 5347
6174 7419 9524 10960 12444
5821 5904 7914 9589 10887
4207 6331 8863 10252 10824
5350 7447 9202 10743 12027
4770 6988 7908 10711 11297
3414 3621 5276 5922 6905
2774 3045 3754 5298 5486
5249 6326 9152 10408 12471
5765 7546 8952 10311 12608
6544 6886 9035 12209 14211
5262 8180 9233 12007 13155
4958 5639 7645 8969 10294
3876 5158 6142 7484 7931
2412 3677 4417 5468 6852
2504 3672 5079 5842 6581
3261 4046 4974 5783 6878
5949 7682 8807 11851 12226
3870 6560 7002 8513 10172
4736 5244 6293 8085 9743
4942 6535 8045 9842 11353
5691 8384 10873 12499 15040
4595 5987 7031 8041 10373
6911 8690 11129 11434 13924
5543 8086 9662 12256 14290
3659 4466 5675 7461 8556
2651 3862 4411 5256 6239
2282 2727 3511 4420 5169
3637 4185 5426 6926 7908
2552 3533 4710 5539 6302
2206 3100 3795 4391 5662
3311 4368 5480 7121 8206
1948 2233 3247 3801 4593
4237 5947 7502 9601 10145
2030 2252 3124 3663 4393
3512 5392 6593 7363 9057
5382 7773 10414 12108 14699
2026 2900 4270 4965 5164
5308 6982 7839 10003 11065
3623 4132 4857 6386 7996
2551 3433 5101 6174 6555
5786 6269 8153 10608 13150
3955 4330 5312 6438 7794
3868 5018 7456 8432 9826
1827 2525 2674 3491 4040
4845 7043 9106 10183 12650
4569 5674 6817 8548 10869
2630 4342 5235 6029 7344
4936 7966 8796 11337 14123
6028 8767 9814 12852 13749
2422 3116 3472 4309 5164
3433 4627 5642 7612 8060
3054 4246 5239 5735 6803
5647 7849 9715 10577 12921
3587 4516 4723 6297 7690
5047 6173 8346 9666 10404
