200 10 5
111 77 60 55 40 48 64 46 35 71 101 0 111
177 57 59 43 74 74 66 25 101 66 33 0 177
120 83 74 97 95 62 60 81 71 30 98 0 120
124 44 58 63 35 63 51 20 99 35 44 0 124
131 86 101 43 47 25 21 38 98 48 46 0 131
197 52 51 42 51 44 77 95 36 31 98 0 197
193 62 72 88 43 34 70 52 60 90 40 0 193
107 93 68 58 93 92 37 27 97 70 65 0 107
120 101 100 39 99 96 81 92 76 26 47 0 120
137 95 64 43 95 52 23 94 72 21 49 0 137
146 32 83 66 38 89 95 22 74 69 58 0 146
107 36 89 51 92 92 89 73 91 68 80 0 107
194 90 91 66 90 33 56 50 65 30 80 0 194
174 54 57 52 81 86 95 31 21 95 22 0 174
141 61 88 45 89 33 39 50 46 50 65 0 141
191 65 54 22 78 53 78 29 81 83 40 0 191
137 51 47 39 49 61 44 46 41 43 85 0 137
194 96 30 35 80 38 23 98 32 52 72 0 194
145 44 37 34 32 87 38 76 42 52 27 0 145
154 30 65 83 62 41 30 31 60 59 98 0 154
112 51 69 83 31 73 32 89 41 94 37 0 112
135 85 33 99 35 95 69 60 41 92 54 0 135
169 48 50 75 63 79 80 38 26 46 53 0 169
182 82 22 95 59 67 38 43 34 29 99 0 182
188 95 41 72 41 76 55 68 48 43 77 0 188
139 35 93 28 71 38 37 77 55 32 37 0 139
191 33 63 70 60 50 22 25 92 74 90 0 191
161 74 51 79 23 41 53 101 98 28 66 0 161
104 47 47 36 33 25 93 92 81 35 38 0 104
129 51 26 79 26 62 63 36 45 33 39 0 129
157 28 90 40 82 81 67 82 86 27 36 0 157
104 79 60 74 34 80 59 58 63 41 73 0 104
130 98 69 88 83 38 21 30 69 74 100 0 130
180 39 92 45 23 24 56 67 79 74 47 0 180
133 48 67 92 38 77 56 49 56 29 28 0 133
125 25 28 82 84 31 78 23 66 50 57 0 125
102 22 53 50 84 56 52 32 35 39 75 0 102
110 22 52 84 98 50 37 86 40 73 23 0 110
141 62 21 74 37 39 92 25 47 59 93 0 141
193 75 41 76 70 100 38 27 63 39 21 0 193
123 77 38 46 59 64 60 23 36 80 71 0 123
139 41 53 48 98 76 48 86 21 65 99 0 139
102 65 79 43 39 49 57 73 33 29 52 0 102
182 42 68 87 24 34 42 28 98 78 42 0 182
154 28 45 84 27 50 67 88 81 25 57 0 154
185 95 43 28 33 31 97 94 47 82 80 0 185
172 68 86 74 37 56 96 89 29 21 41 0 172
103 72 49 38 47 57 94 45 42 31 26 0 103
139 93 81 96 68 21 79 101 52 74 77 0 139
168 67 66 53 66 91 25 51 78 45 51 0 168
198 46 97 45 32 90 70 39 71 80 60 0 198
194 42 24 52 90 40 21 93 40 54 22 0 194
165 94 44 41 95 50 30 35 96 101 91 0 165
171 55 26 90 82 55 98 46 57 49 51 0 171
154 61 60 35 58 25 83 82 51 22 59 0 154
131 46 76 21 96 82 86 68 76 68 96 0 131
159 84 45 43 88 82 93 86 32 88 85 0 159
107 98 85 43 67 36 80 94 45 73 32 0 107
148 96 26 93 55 73 41 46 71 85 101 0 148
136 78 30 29 96 93 75 50 21 24 66 0 136
154 88 88 52 82 73 44 59 92 35 20 0 154
194 29 39 50 66 49 62 84 30 91 100 0 194
121 81 30 30 89 39 44 69 59 63 45 0 121
182 77 41 45 27 51 26 82 41 91 79 0 182
127 41 50 62 41 40 26 61 40 57 95 0 127
149 95 72 35 87 99 99 22 29 33 28 0 149
151 65 60 62 35 33 84 36 58 60 48 0 151
152 27 35 50 28 83 51 94 50 77 94 0 152
149 52 90 60 93 96 74 62 48 72 67 0 149
131 72 34 59 31 90 70 96 93 36 61 0 131
159 65 49 45 67 62 80 84 52 100 79 0 159
190 37 60 23 37 24 30 46 37 99 55 0 190
126 54 58 23 34 37 101 25 80 92 100 0 126
182 37 99 90 82 89 59 29 57 100 30 0 182
124 85 28 101 23 91 33 68 63 57 43 0 124
118 52 33 88 82 87 38 41 73 64 80 0 118
196 78 45 46 57 23 82 74 70 29 74 0 196
142 60 62 40 47 66 66 37 43 45 83 0 142
138 73 86 60 31 59 45 30 72 27 80 0 138
104 73 51 39 28 53 42 87 72 42 85 0 104
128 36 37 81 31 35 27 42 31 57 87 0 128
120 35 77 71 39 78 54 37 98 42 32 0 120
139 63 57 29 68 47 39 97 59 34 99 0 139
128 89 68 90 76 81 21 90 46 39 41 0 128
108 21 101 86 65 89 85 24 20 60 34 0 108
133 62 97 26 59 83 85 51 44 84 68 0 133
135 86 69 52 74 27 29 97 77 79 85 0 135
131 95 30 89 101 36 44 32 81 34 23 0 131
114 92 66 96 73 61 101 49 29 89 78 0 114
153 59 81 37 76 94 28 95 94 84 98 0 153
113 87 52 88 23 80 44 72 47 65 79 0 113
191 56 35 93 86 80 61 100 98 62 25 0 191
149 91 24 24 65 55 31 68 79 78 40 0 149
183 36 22 78 42 40 43 99 48 97 37 0 183
141 31 67 63 57 56 25 52 97 27 56 0 141
141 35 68 93 58 45 33 43 88 54 83 0 141
171 98 97 73 46 51 44 49 47 83 83 0 171
102 96 55 79 50 44 46 44 20 30 58 0 102
150 62 25 28 89 38 82 83 63 43 21 0 150
141 23 99 47 88 24 71 57 51 35 28 0 141
147 41 89 22 40 56 81 60 96 68 99 0 147
150 74 53 27 21 33 64 33 53 58 75 0 150
135 57 36 41 98 41 63 74 33 69 30 0 135
173 87 69 30 40 76 41 20 48 76 95 0 173
188 36 29 46 56 56 87 61 32 79 90 0 188
157 39 58 99 62 95 54 76 99 99 33 0 157
197 51 81 90 49 37 63 41 83 43 87 0 197
123 78 49 86 81 36 33 77 64 96 32 0 123
114 45 30 67 74 82 44 21 29 95 80 0 114
171 46 81 82 26 72 79 53 75 35 66 0 171
190 34 50 98 89 86 60 43 29 60 66 0 190
118 99 24 97 22 96 68 31 28 40 92 0 118
195 86 91 46 66 46 21 24 27 63 23 0 195
101 25 55 99 72 72 34 46 44 52 71 0 101
138 56 50 59 33 48 73 42 57 87 55 0 138
100 79 68 53 53 65 23 45 100 46 73 0 100
175 29 92 98 98 68 92 76 92 25 69 0 175
196 54 26 96 23 76 96 81 72 96 68 0 196
127 80 70 56 84 49 76 45 31 67 75 0 127
102 100 57 100 61 97 98 34 32 41 57 0 102
156 68 43 70 57 44 24 32 76 52 58 0 156
191 74 31 63 86 84 65 84 73 76 68 0 191
160 57 28 98 90 41 21 67 75 73 33 0 160
134 85 72 24 63 93 75 33 95 93 90 0 134
116 49 77 78 93 76 22 26 75 76 38 0 116
134 63 41 73 34 22 76 76 67 49 96 0 134
168 41 74 56 43 58 30 100 34 84 48 0 168
196 47 54 52 77 40 32 67 83 47 100 0 196
129 58 61 75 85 82 29 62 32 75 61 0 129
162 82 99 49 31 78 53 50 95 89 21 0 162
199 87 68 28 79 36 95 94 26 70 73 0 199
196 53 99 71 100 66 52 76 74 35 76 0 196
139 79 21 30 86 57 94 74 23 77 61 0 139
122 91 38 80 44 22 27 21 97 85 49 0 122
169 31 55 52 83 29 48 24 29 24 32 0 169
161 99 33 96 97 91 31 93 23 68 31 0 161
171 58 61 58 67 87 22 66 96 99 86 0 171
131 53 98 30 77 57 74 22 58 55 68 0 131
147 67 52 54 33 93 49 54 60 62 24 0 147
168 98 69 83 24 54 59 43 21 38 66 0 168
105 46 30 22 29 55 32 34 60 55 36 0 105
127 30 93 86 100 26 73 99 97 70 82 0 127
112 45 83 27 69 33 54 64 34 23 97 0 112
186 58 93 83 62 33 46 79 52 71 58 0 186
198 89 101 80 88 38 30 83 31 42 51 0 198
180 84 24 91 84 77 80 91 78 68 95 0 180
134 92 75 92 49 76 78 65 57 36 100 0 134
199 46 90 41 63 34 22 61 47 35 33 0 199
109 27 31 76 91 40 62 87 49 60 95 0 109
165 31 70 51 42 85 27 65 42 87 84 0 165
170 27 91 26 91 45 55 27 32 34 25 0 170
114 95 46 45 24 82 65 56 69 88 34 0 114
138 56 50 79 31 39 65 20 62 83 57 0 138
178 74 23 93 40 33 60 30 56 21 38 0 178
114 83 24 68 93 46 100 60 66 84 73 0 114
156 21 45 59 46 62 56 62 91 41 36 0 156
111 88 31 88 97 68 41 47 84 50 78 0 111
168 64 54 33 84 23 81 34 101 59 41 0 168
114 34 44 74 34 26 25 78 61 58 89 0 114
163 88 78 51 81 40 28 50 84 86 48 0 163
164 45 86 55 29 78 30 78 65 49 26 0 164
113 95 87 88 21 82 32 80 69 74 62 0 113
198 29 96 79 92 36 60 82 87 47 66 0 198
155 70 69 44 80 74 34 76 34 100 27 0 155
190 79 101 56 50 22 28 99 51 90 69 0 190
127 21 57 64 56 83 45 67 42 34 97 0 127
141 79 89 90 93 34 80 78 63 32 66 0 141
134 96 47 79 80 50 89 40 74 41 81 0 134
126 51 30 55 96 52 68 79 57 24 55 0 126
118 67 77 58 95 50 73 51 100 37 86 0 118
136 65 79 49 23 91 28 67 59 39 52 0 136
166 85 97 54 34 41 92 71 72 28 90 0 166
116 40 74 63 31 55 50 84 33 23 42 0 116
185 29 80 54 53 97 61 75 65 24 45 0 185
141 36 32 101 36 46 60 93 30 54 80 0 141
145 26 68 71 26 62 80 37 49 44 46 0 145
166 97 37 29 51 47 57 65 45 42 83 0 166
141 74 95 51 91 49 37 47 30 31 89 0 141
166 92 88 72 60 71 30 65 31 68 88 0 166
167 74 30 57 94 67 91 81 51 60 87 0 167
168 94 55 45 98 31 86 75 93 98 55 0 168
145 67 54 31 99 62 87 63 52 23 69 0 145
146 68 31 85 96 49 101 81 48 48 62 0 146
184 78 30 40 81 42 30 93 50 39 29 0 184
154 81 65 91 66 29 60 94 39 26 67 0 154
146 92 91 82 77 96 94 69 36 51 66 0 146
102 58 30 44 76 35 101 28 83 88 34 0 102
151 78 33 65 27 72 51 79 37 90 49 0 151
187 47 101 51 68 53 86 28 97 101 65 0 187
121 100 43 50 38 68 56 77 48 30 39 0 121
168 66 80 41 99 95 23 94 66 76 88 0 168
131 40 80 87 51 38 59 93 33 84 40 0 131
101 30 64 93 83 58 32 36 99 45 60 0 101
142 55 25 29 67 29 60 33 21 59 93 0 142
120 55 35 28 44 27 79 74 84 37 82 0 120
134 83 99 41 32 65 46 38 51 50 38 0 134
165 94 60 43 55 100 34 76 98 44 59 0 165
197 91 56 94 22 56 64 48 87 41 90 0 197
144 95 26 25 60 32 29 42 33 68 70 0 144
129 46 96 50 38 46 30 87 84 55 32 0 129
30 59 46 30 35
130 162 208 239 290
110 159 211 246 272
108 160 215 253 290
112 177 189 242 297
102 173 216 235 276
130 167 208 248 281
134 163 214 234 274
137 165 203 240 275
139 140 216 240 264
140 141 217 244 267
121 142 206 252 275
131 154 192 234 293
123 140 211 229 293
107 171 198 246 270
131 145 203 253 287
128 175 187 225 265
116 173 195 259 290
108 163 198 222 284
114 152 196 232 289
127 160 204 234 262
138 165 220 222 287
114 150 196 228 293
122 145 186 233 283
127 180 217 233 273
101 147 205 223 276
137 172 180 244 290
134 167 192 259 261
118 160 183 249 277
106 146 191 240 263
111 177 212 230 286
113 169 205 229 269
139 157 214 259 277
108 177 217 256 272
111 152 219 240 269
101 140 194 237 277
115 163 189 221 282
130 175 197 225 288
122 155 216 250 261
103 155 213 230 272
113 146 218 242 295
114 147 198 230 296
107 177 190 250 299
140 150 208 240 268
119 142 181 224 288
127 157 193 258 293
134 167 218 260 276
130 167 190 233 292
103 173 187 249 289
135 157 198 252 266
107 173 182 252 262
114 162 186 232 295
114 180 189 233 268
131 175 213 250 280
121 155 200 232 275
107 167 205 233 287
136 179 202 227 270
128 168 199 237 268
120 156 218 251 297
103 172 209 224 288
112 155 191 242 264
106 179 202 259 276
112 155 182 225 260
137 140 198 220 295
105 143 182 255 279
139 177 204 254 292
123 149 211 232 264
102 159 204 225 299
112 158 220 246 298
103 176 210 257 270
116 145 190 223 297
101 150 210 244 265
122 151 215 243 279
106 155 211 221 300
133 143 209 245 280
108 147 200 224 262
113 158 219 242 285
128 164 198 254 298
108 149 183 239 276
101 178 193 246 297
128 159 191 235 292
122 146 193 239 261
116 162 187 230 283
132 158 186 242 276
111 154 217 228 295
129 159 205 223 286
102 142 201 248 290
126 156 204 237 263
119 161 206 242 287
122 158 213 249 285
138 160 214 233 268
133 156 188 238 277
123 142 216 255 274
134 148 187 237 289
130 159 211 249 299
128 148 203 227 282
107 171 191 222 283
104 146 219 222 300
134 180 193 244 283
129 141 196 249 295
117 169 216 254 295
129 170 203 230 277
110 180 202 244 279
131 158 198 258 275
126 162 213 254 270
113 146 210 232 286
125 151 213 257 294
119 168 198 233 279
127 166 218 252 293
120 180 186 245 295
130 159 215 249 272
124 164 180 226 262
131 176 210 226 283
134 147 198 240 296
112 143 185 246 267
137 161 190 244 282
105 166 194 222 278
132 171 197 247 290
100 177 182 246 272
133 164 187 223 292
103 151 212 237 269
121 165 198 233 274
103 157 208 230 300
116 177 220 244 281
108 166 210 250 294
128 144 190 222 281
103 168 209 254 263
114 145 191 243 271
133 166 216 220 269
123 161 208 257 289
114 175 213 240 290
118 163 219 232 262
120 143 192 249 268
109 180 219 254 274
105 146 217 236 286
113 162 189 251 281
102 146 197 224 277
104 155 192 248 266
128 153 190 257 264
130 160 214 234 276
124 162 209 235 274
134 173 218 247 282
106 158 194 246 269
119 164 203 260 277
108 150 181 234 271
139 152 187 251 287
100 158 183 225 297
113 146 188 226 291
127 153 206 225 264
112 169 207 226 286
134 156 192 224 283
131 154 181 243 281
132 169 183 259 282
139 162 192 257 269
129 171 211 260 281
119 150 215 257 280
125 176 191 221 269
133 170 216 257 282
138 154 193 242 294
125 148 190 253 271
108 152 186 224 295
115 157 205 251 291
134 154 201 235 298
123 153 218 233 273
123 162 185 248 283
137 164 197 227 271
100 167 184 253 262
113 168 191 221 264
108 152 184 229 265
136 162 201 232 281
105 147 210 228 260
132 148 183 237 275
138 156 193 248 288
131 142 188 227 275
135 156 204 255 268
107 171 215 236 271
129 170 200 256 265
112 160 181 258 282
124 166 187 232 280
122 176 189 236 280
132 140 220 237 297
121 148 186 254 267
112 170 213 227 289
117 159 211 254 284
116 179 197 250 269
128 146 204 260 263
124 157 193 237 269
122 147 189 222 264
105 167 219 227 278
119 180 207 221 282
133 145 215 231 277
137 162 211 244 298
122 145 200 238 293
130 167 207 253 267
118 149 186 221 300
123 151 187 237 276
137 174 213 240 271
116 158 203 233 293
127 144 216 231 265
116 154 196 250 280
104 149 194 255 296
14438 17990 23098 26539 32201
19477 28152 37357 43553 48155
12967 19208 25810 30370 34811
13895 21957 23445 30018 36839
13369 22672 28306 30795 36167
25618 32908 40985 48866 55368
25870 31468 41312 45172 52893
14667 17664 21731 25690 29436
16688 16808 25930 28811 31691
19188 19325 29739 33438 36590
17674 20740 30086 36803 40161
14025 16486 20553 25048 31362
23870 27168 40944 44436 56854
18625 29763 34462 42815 46991
18479 20453 28633 35684 40478
24456 33434 35727 42985 50626
15899 23710 26724 35494 39741
20959 31631 38422 43078 55108
16538 22049 28430 33650 41917
19566 24649 31426 36046 40359
15464 18489 24650 24874 32155
15398 20259 26470 30790 39567
20626 24514 31444 39388 47839
23122 32769 39504 42416 49697
18995 27645 38550 41935 51900
19051 23917 25029 33926 40321
25602 31906 36681 49480 49862
19006 25769 29472 40100 44608
11032 15193 19874 24971 27364
14326 22842 27358 29680 36905
17748 26542 32195 35963 42244
14464 16336 22266 26946 28819
14047 23019 28220 33291 35371
19987 27369 39430 43211 48431
13440 18629 25812 31532 36853
14383 20384 23635 27635 35262
13268 17859 20103 22960 29387
13428 17058 23770 27511 28721
14530 21864 30043 32441 38363
21816 28186 42084 46716 56946
14029 18089 24364 28300 36420
14880 24612 26419 34760 41572
14288 15308 21226 24490 27347
21666 25853 32952 40779 52428
19566 24186 29731 39743 45133
24798 30903 40340 48110 51071
22368 28733 32689 40086 50235
10616 17828 19270 25658 29778
18773 21832 27532 35039 36985
17983 29073 30585 42347 44027
22579 32085 36837 45946 58422
22123 34929 36676 45213 52003
21623 28884 35154 41260 46211
20699 26514 34210 39682 47036
16485 25727 31580 35892 44209
17824 23458 26472 29747 35381
20360 26721 31651 37693 42623
12847 16700 23336 26867 31790
15251 25465 30942 33162 42635
15240 21089 25986 32923 35915
16331 27575 31117 39897 42515
21736 30079 35318 43661 50452
16585 16948 23968 26630 35707
19117 26035 33134 46421 50790
17661 22488 25917 32268 37095
18335 22210 31449 34579 39347
15409 24018 30814 33985 45161
17031 24024 33450 37402 45307
15354 26233 31300 38304 40241
15204 19003 24900 29223 38919
16066 23859 33400 38807 42146
23188 28698 40860 46180 53021
13363 19539 26596 27856 37812
24214 26034 38048 44600 50971
13400 18237 24810 27787 32500
13341 18652 25852 28566 33641
25096 32152 38817 49794 58419
15344 21167 25996 33949 39204
13945 24573 26643 33958 40997
13320 16545 19873 24450 30379
15624 18697 24714 30603 33419
13928 19449 22450 27611 33972
18356 21971 25863 33649 38375
14215 19720 27786 29194 37772
13940 17181 22150 24094 30899
13573 18894 26743 32995 38582
17018 21069 27550 32006 35516
15596 21100 26996 31712 37608
13915 18020 24292 28396 32501
21122 24489 32752 35659 41015
15037 17637 21253 26905 31312
23501 27130 41266 48716 52345
19974 22060 27872 35323 43073
23798 29105 38622 45577 54728
18056 20876 28633 32017 39773
15094 24120 26941 31312 39915
17791 24974 37459 37972 51312
13676 18369 19695 24898 28877
19358 21158 29409 37361 44261
16504 23837 30466 35824 41606
18971 24999 29851 33820 40730
16507 27009 30310 36610 41861
17693 21338 26739 34841 37136
21806 28035 36859 43953 46721
21251 27456 39490 43626 53780
19632 23715 33451 40359 46169
23451 33105 39016 45911 54974
15628 20426 26824 31006 36050
13687 20529 21213 27940 33641
22238 27197 36775 42589 46523
23568 31169 34210 42951 49791
15466 20777 24790 26678 33405
26138 28673 38619 46810 57731
11320 14452 18695 24857 26979
18914 22227 26229 33682 38927
10507 16609 19410 22210 27812
23108 29934 34484 43235 50761
19607 34701 35681 48227 53323
16899 20837 23758 28331 37096
10513 15411 21634 24185 27449
18884 25749 30898 36358 42755
19680 29996 39738 43940 57312
18567 28329 35210 39050 44971
14479 22253 28150 33510 39407
14856 16713 22050 25762 32608
13809 22521 28016 34047 35253
19160 24369 32098 40835 45540
26076 32545 42346 43130 52735
15874 20777 26841 33163 37292
18475 28359 34516 38890 46991
23490 32446 43591 46178 52149
23528 28036 37642 48815 52539
15158 25029 30451 35316 38097
12817 17820 26484 28803 34904
19104 27387 31950 42430 47500
16429 23515 31727 36075 44609
17791 26514 32842 42419 45497
16776 20052 24899 33678 34595
19118 23529 31468 34408 40583
20840 27225 35122 39490 46043
14078 18174 22900 25945 29621
13469 20075 24648 31253 34174
13335 18377 22745 29131 31035
20096 27909 33676 43535 50418
27530 30104 37035 49709 56837
18007 28449 32950 40511 53472
15150 19573 25202 30295 39006
25281 30456 41004 44785 52547
12215 18430 22573 24644 31185
22118 25749 31690 36970 46706
22278 26189 30779 41321 47781
15056 19275 20871 29537 32159
19190 22365 26505 35477 37133
22969 30447 37567 46290 50029
13573 17108 24520 29309 31931
19508 27465 29806 34486 41975
14771 18878 23985 28537 31313
23192 25880 32433 40666 49403
14258 16880 21670 28853 30905
17611 24785 30328 36523 48097
18867 25756 33630 41175 47735
15150 17410 22722 26565 33685
24362 30302 43174 46144 54065
19073 25119 28684 38451 43876
26038 31169 37440 43140 51501
12707 21218 23378 32142 33285
15941 23697 26941 31172 37235
14480 20377 24666 30697 35522
17144 20421 25336 29242 35417
12397 17355 24790 26915 30691
17960 20137 24897 32243 37411
22916 25904 32047 41178 47819
15204 16480 21818 26343 31912
24983 28868 37750 47186 49591
15094 24120 30325 33286 38222
18713 24659 29009 37131 38436
18599 26569 30055 42839 46823
17492 23415 26376 32722 39491
20260 29225 31383 39186 46491
22052 23388 36750 39589 49610
20336 24873 31258 42683 44867
16247 24659 30895 32925 41916
17089 23222 30816 37095 41475
21351 32945 36257 46011 49507
19720 22492 31426 40051 40513
18112 22931 28188 34613 39285
12452 15003 19288 22655 26940
15862 25226 33079 34287 41989
22260 33669 38719 41337 52745
16101 17553 26025 27961 33528
23024 27224 35457 41002 50075
15990 19003 26210 31188 38395
13138 16876 20917 25564 26978
16764 21167 26422 31392 42612
14768 18129 22450 28451 33132
18366 23325 28552 32170 36325
19147 26079 33505 38455 48357
25027 28376 42562 45517 52216
16711 22185 28234 36011 40331
13423 19229 25036 32906 38196
