1000 10 5
5 8 31 26 27 32 16 25 21 18 10 0 21
7 13 18 24 12 19 13 13 22 32 28 0 35
5 17 23 30 16 12 7 15 16 21 13 0 23
10 15 12 20 14 19 18 25 27 23 10 0 47
7 29 23 11 29 26 23 9 26 28 13 0 32
5 11 17 20 33 13 22 26 22 15 21 0 22
5 28 19 29 24 11 26 13 14 22 11 0 22
7 17 27 10 16 24 27 25 11 21 32 0 35
5 9 13 29 18 11 11 28 25 7 27 0 24
9 23 30 11 33 24 29 28 22 22 17 0 45
8 16 19 26 27 24 12 20 16 24 15 0 39
6 18 21 13 31 23 28 30 13 18 22 0 28
7 15 18 7 27 19 24 27 16 9 21 0 34
10 15 33 20 14 33 19 27 12 20 11 0 47
6 29 24 11 30 28 33 28 18 7 23 0 29
3 32 24 16 27 18 14 29 15 20 22 0 13
5 21 14 16 13 21 25 11 32 30 22 0 21
8 18 10 25 14 28 20 20 21 8 24 0 38
3 10 13 32 9 21 8 19 22 32 8 0 13
3 14 33 12 21 23 28 13 25 32 31 0 13
10 13 18 8 9 12 16 19 32 21 31 0 46
9 9 29 16 8 31 20 29 33 27 25 0 41
6 27 7 21 16 21 18 7 7 33 28 0 29
6 9 24 22 26 7 7 15 32 24 25 0 29
7 27 18 20 14 14 10 11 11 20 10 0 33
3 29 24 11 29 31 24 11 7 30 23 0 12
4 11 27 29 24 14 25 11 25 17 33 0 16
4 14 23 18 22 30 13 26 15 31 8 0 17
4 17 16 16 31 27 24 24 22 24 11 0 17
9 27 8 20 23 17 28 20 13 11 8 0 42
9 31 14 7 8 30 10 15 23 32 30 0 42
4 12 12 29 31 20 12 7 25 19 25 0 19
7 15 9 11 24 33 29 19 24 26 24 0 32
9 7 7 8 21 14 22 32 23 15 18 0 44
4 25 17 22 29 20 7 21 9 21 24 0 18
7 25 8 20 16 7 9 30 22 19 9 0 31
4 22 29 28 22 7 25 30 12 19 16 0 17
4 9 16 20 26 14 10 33 9 19 20 0 18
7 24 15 23 13 13 13 7 19 18 25 0 34
8 10 29 22 13 19 33 9 10 18 12 0 37
8 31 14 25 18 19 22 24 10 10 15 0 36
4 21 10 16 26 15 27 26 21 29 10 0 16
9 24 29 24 33 24 13 16 29 18 22 0 42
9 23 32 19 9 18 21 29 14 7 31 0 45
9 16 32 25 25 19 19 30 13 8 10 0 44
3 15 9 30 31 32 20 29 25 23 8 0 13
3 22 32 9 14 14 27 26 7 13 15 0 13
10 7 31 31 18 9 9 19 24 24 28 0 49
9 11 33 12 25 31 33 23 29 31 19 0 43
5 24 14 11 13 25 16 17 22 30 10 0 25
10 15 31 29 9 7 9 12 29 31 13 0 50
10 30 11 17 12 30 32 12 30 10 9 0 47
9 18 17 14 25 23 33 27 8 11 25 0 45
6 31 12 17 20 32 22 30 22 26 17 0 29
7 16 24 17 12 11 16 30 10 33 26 0 35
9 25 33 16 17 17 16 32 14 31 15 0 41
10 32 33 14 16 12 12 25 15 13 25 0 49
5 14 26 26 30 8 10 13 18 26 26 0 23
9 28 20 19 31 25 21 31 17 23 22 0 45
10 12 19 14 11 23 27 12 24 18 18 0 49
6 19 10 32 22 16 25 10 18 8 25 0 29
3 19 11 27 24 17 10 13 22 19 29 0 13
6 15 27 16 11 10 11 33 29 24 14 0 30
3 30 23 8 19 23 12 12 22 25 9 0 11
5 32 16 14 13 17 20 20 19 21 33 0 22
8 31 19 9 12 22 14 32 9 18 14 0 36
10 33 33 26 17 31 10 30 22 13 20 0 47
8 14 22 10 14 10 18 32 9 25 9 0 39
3 24 16 8 29 32 18 13 27 8 29 0 15
6 30 14 14 16 27 33 19 23 31 16 0 30
9 13 32 20 11 22 17 28 27 21 24 0 41
6 28 25 19 12 30 22 14 13 18 13 0 26
6 8 11 21 31 33 9 28 7 31 19 0 29
9 19 8 7 16 32 33 28 23 24 24 0 43
6 23 28 24 29 9 19 14 24 9 30 0 26
6 10 21 11 32 27 31 22 21 31 26 0 28
8 11 21 28 9 9 17 19 18 30 9 0 36
4 23 7 13 7 26 24 23 30 10 25 0 16
4 24 31 32 21 32 11 33 14 10 13 0 18
7 16 24 32 8 27 32 12 7 24 16 0 35
3 33 15 23 7 25 18 30 31 21 31 0 13
5 21 9 19 9 10 29 31 24 26 32 0 23
3 10 7 21 19 28 7 30 32 23 29 0 15
9 9 33 9 20 15 28 19 8 28 12 0 45
7 33 31 14 7 14 26 19 16 24 22 0 32
8 15 13 32 12 27 24 22 28 21 21 0 40
7 10 31 21 21 32 20 30 28 20 24 0 33
5 24 28 32 31 8 21 21 21 8 19 0 24
10 15 32 7 7 14 10 31 21 16 33 0 46
2 16 24 19 22 14 16 28 28 9 33 0 10
7 20 9 27 30 32 25 26 15 28 12 0 35
4 33 12 10 28 13 19 24 25 7 28 0 18
7 22 31 29 30 16 22 19 20 21 32 0 34
4 30 26 28 12 32 13 8 12 27 14 0 18
9 27 15 26 20 8 10 29 31 7 14 0 45
7 19 19 8 27 12 15 8 33 32 30 0 33
8 7 29 16 32 27 29 10 23 17 29 0 36
7 26 31 29 21 18 8 16 29 19 18 0 32
10 31 10 13 31 30 26 8 9 18 16 0 49
2 25 18 33 18 7 14 22 16 18 15 0 10
9 8 25 25 14 11 25 25 18 8 29 0 41
9 15 32 28 23 9 16 11 22 25 21 0 41
9 13 23 20 24 18 16 27 7 13 8 0 45
6 31 27 16 32 20 14 27 28 7 31 0 30
10 26 18 10 23 30 29 22 12 11 13 0 48
4 22 15 18 17 13 21 8 32 12 16 0 19
9 23 25 11 29 15 10 9 24 8 9 0 44
6 23 10 22 11 32 23 24 11 15 20 0 29
6 13 26 30 21 16 19 15 31 32 30 0 30
10 29 16 30 25 13 31 30 20 28 10 0 49
7 19 18 9 8 22 13 17 31 23 17 0 31
9 25 11 7 32 22 13 14 32 9 28 0 45
6 8 32 8 23 7 23 27 13 17 27 0 26
9 14 9 8 9 19 13 7 8 13 23 0 41
8 24 17 29 7 32 20 17 13 31 30 0 37
6 27 12 23 31 8 9 8 30 13 26 0 28
8 26 17 17 8 15 7 16 22 19 10 0 38
4 29 20 21 28 24 26 27 17 27 12 0 18
6 26 17 9 29 13 15 20 16 7 19 0 28
10 10 14 9 24 26 13 22 12 18 9 0 47
6 11 16 25 25 30 11 16 31 25 28 0 28
9 22 25 32 33 29 9 25 25 10 24 0 45
4 20 11 31 27 28 19 9 28 10 11 0 16
4 19 14 20 26 17 29 20 22 31 13 0 17
4 27 9 21 11 30 15 33 18 29 8 0 20
5 19 12 9 21 13 29 31 30 14 24 0 23
2 18 22 32 20 18 26 27 32 32 10 0 10
3 27 26 30 14 11 18 29 18 9 31 0 14
10 23 22 20 10 13 18 22 23 9 16 0 49
3 33 24 21 29 13 27 29 27 25 27 0 11
10 18 23 13 13 8 13 15 13 29 12 0 50
10 27 8 15 20 31 9 15 9 24 15 0 50
4 28 11 8 28 19 27 22 17 20 10 0 17
6 10 20 12 7 20 20 24 17 29 19 0 30
9 7 27 19 17 26 33 29 21 20 9 0 45
7 13 7 7 22 13 23 31 30 16 25 0 32
3 32 15 28 27 16 25 9 14 14 14 0 15
10 16 11 10 31 12 21 21 17 25 22 0 49
7 33 10 16 25 21 31 12 26 13 24 0 34
9 23 10 28 10 25 8 17 7 26 23 0 41
10 11 16 30 31 13 14 12 23 25 16 0 46
6 30 22 23 16 7 22 24 30 16 31 0 27
4 31 10 23 15 18 7 18 21 27 33 0 17
10 21 18 10 21 23 33 15 32 8 14 0 47
8 26 27 14 23 21 7 30 14 11 29 0 40
8 24 18 12 13 13 32 7 20 30 26 0 38
10 18 20 19 21 13 31 21 10 15 29 0 48
6 33 30 11 26 16 20 14 9 13 20 0 29
4 24 25 9 21 11 29 25 27 12 11 0 18
5 14 25 32 16 15 10 20 30 10 20 0 24
9 13 21 26 28 31 15 13 10 28 24 0 44
4 23 17 16 33 23 16 15 19 16 10 0 17
6 30 29 9 29 19 25 27 9 21 24 0 28
10 13 15 17 15 31 24 21 14 26 8 0 48
4 20 8 32 28 10 17 7 17 24 28 0 18
9 18 24 20 16 28 10 13 12 10 32 0 44
5 9 10 28 13 20 24 24 31 18 26 0 24
8 31 15 15 22 32 13 14 7 29 17 0 37
7 29 13 30 24 24 9 29 30 27 20 0 33
6 28 8 27 31 20 16 17 12 18 28 0 30
9 8 7 27 7 33 28 19 28 24 13 0 42
2 11 19 24 11 28 16 21 15 7 15 0 10
7 32 28 20 31 8 18 21 31 23 22 0 32
3 25 24 32 15 16 20 16 17 19 28 0 12
2 7 29 24 17 16 18 10 21 8 23 0 10
7 29 9 9 9 20 11 21 13 25 8 0 34
10 15 21 21 19 32 17 28 22 27 23 0 49
8 16 30 12 15 31 13 8 7 28 18 0 37
8 12 7 29 32 20 28 12 27 27 25 0 39
7 15 29 11 27 14 29 7 15 12 9 0 35
4 16 28 28 18 15 10 22 23 26 11 0 19
3 10 21 18 9 18 13 31 22 12 19 0 15
6 28 29 9 18 32 13 29 24 15 29 0 26
7 25 9 8 14 9 18 28 24 29 27 0 35
8 7 13 15 32 19 10 30 8 8 24 0 39
9 21 33 13 20 8 19 11 10 25 15 0 45
3 15 20 19 20 9 24 27 21 29 22 0 14
7 33 28 24 10 17 33 32 18 31 21 0 34
8 31 31 25 32 33 24 21 31 7 11 0 40
5 31 20 25 23 23 9 29 17 21 14 0 21
6 9 19 29 10 31 14 31 27 25 19 0 28
8 29 19 19 18 7 26 13 11 16 14 0 39
5 19 13 23 7 18 19 12 25 24 30 0 22
10 8 12 32 20 23 20 16 17 7 17 0 47
10 12 16 14 21 27 8 28 31 13 16 0 47
3 30 31 31 14 8 19 31 18 25 8 0 14
3 11 20 10 11 29 27 31 14 20 18 0 11
4 25 19 8 33 28 26 31 14 24 29 0 20
2 11 12 32 33 30 13 33 17 30 25 0 10
4 29 8 20 33 26 12 26 22 30 13 0 19
10 14 18 24 23 22 25 13 30 8 28 0 48
5 19 28 24 7 14 31 30 31 31 7 0 24
5 20 8 29 13 18 31 8 29 16 15 0 22
6 26 12 23 32 15 22 23 28 32 27 0 27
10 13 30 12 16 26 19 29 26 24 22 0 47
10 25 20 19 18 12 17 13 28 24 23 0 47
7 33 12 30 32 16 25 31 31 30 8 0 35
4 23 16 17 21 27 11 28 31 33 21 0 20
6 31 23 9 17 31 14 16 30 32 32 0 27
7 14 30 20 26 22 9 30 21 19 28 0 35
7 22 31 13 19 17 24 28 28 11 31 0 33
7 27 15 12 17 19 11 10 23 12 11 0 33
5 15 18 29 22 33 29 24 16 15 25 0 25
5 10 8 17 32 23 21 12 14 9 15 0 21
9 23 11 8 20 23 12 22 20 27 17 0 45
3 18 27 27 21 27 24 28 24 7 12 0 12
3 26 29 12 24 16 9 14 9 24 24 0 13
8 26 29 25 17 13 11 13 13 23 13 0 36
7 19 25 32 25 25 27 27 17 16 30 0 32
7 7 23 14 20 30 15 9 12 7 21 0 32
4 17 32 29 24 19 8 21 22 23 19 0 20
6 30 24 16 18 11 31 24 27 25 11 0 27
8 31 16 19 10 21 12 13 26 16 28 0 36
2 11 17 27 25 8 31 21 24 11 29 0 10
6 10 33 11 9 10 27 21 33 25 7 0 27
9 26 19 19 27 9 16 11 9 7 15 0 43
3 23 24 27 18 32 19 7 17 20 30 0 13
6 14 13 20 31 21 19 29 16 7 31 0 30
7 17 9 29 8 16 19 10 10 16 7 0 32
3 29 30 18 17 31 27 9 13 31 26 0 12
7 22 18 22 21 9 20 24 24 10 11 0 34
6 22 11 12 22 15 20 21 29 33 20 0 29
4 21 29 24 20 25 24 19 19 14 13 0 16
7 28 11 15 33 22 16 19 29 18 25 0 35
5 27 8 33 29 13 31 20 19 11 23 0 25
10 22 16 20 21 13 10 20 14 10 27 0 46
2 18 16 27 23 20 24 19 28 29 8 0 10
10 15 12 33 22 24 24 11 22 9 20 0 49
9 9 9 31 19 33 8 22 13 14 10 0 45
9 14 21 26 8 17 19 25 22 31 29 0 44
4 19 14 13 33 12 8 10 27 25 22 0 20
3 8 8 7 13 26 11 33 25 20 16 0 12
7 10 27 21 30 18 12 21 29 13 26 0 35
4 31 29 24 23 19 17 9 9 11 19 0 16
10 21 32 15 9 9 33 16 22 22 30 0 49
7 29 17 27 30 8 19 22 29 25 8 0 31
10 32 22 8 27 24 19 15 29 32 26 0 46
5 15 10 21 25 33 29 32 11 19 23 0 23
3 8 20 29 8 10 21 24 32 14 27 0 15
9 11 32 21 10 10 25 28 23 22 11 0 42
10 7 16 24 25 29 21 13 26 17 15 0 47
3 33 10 7 32 8 30 25 20 31 29 0 12
7 14 18 29 22 16 20 16 12 15 28 0 31
7 22 29 11 18 30 9 20 19 12 12 0 34
10 31 26 20 27 29 16 21 7 27 10 0 47
5 21 9 8 23 20 29 19 16 31 26 0 25
5 18 29 8 26 30 32 32 14 17 30 0 23
7 23 7 13 25 16 11 17 20 18 17 0 32
8 26 16 10 10 24 14 23 16 26 17 0 36
4 8 29 11 32 23 13 31 33 7 29 0 18
6 10 28 32 30 24 30 32 21 29 26 0 28
6 17 13 30 32 23 32 8 22 33 29 0 30
6 24 25 13 25 32 21 26 33 15 12 0 30
4 27 24 14 29 22 13 27 13 8 18 0 17
3 15 27 16 32 33 22 33 32 27 9 0 12
3 28 18 27 23 33 20 15 14 29 28 0 13
10 8 30 7 28 9 26 10 17 26 24 0 50
6 11 9 25 17 7 7 9 20 29 10 0 26
10 15 13 26 9 32 14 11 31 14 33 0 49
4 13 19 22 26 31 31 9 12 29 14 0 16
10 29 27 31 24 12 29 14 19 30 27 0 48
7 14 12 12 28 24 25 13 18 28 16 0 32
4 13 25 7 7 9 21 9 24 28 11 0 18
6 26 14 7 10 31 27 30 17 24 23 0 27
6 12 30 28 28 11 28 29 29 10 15 0 27
8 25 13 26 12 15 19 15 11 30 27 0 39
10 11 20 20 29 10 22 13 18 21 28 0 47
2 31 17 32 21 26 33 8 13 23 10 0 10
10 13 29 28 24 32 28 21 26 20 28 0 49
7 12 23 19 12 33 24 7 32 14 21 0 31
6 24 26 21 17 9 27 27 16 22 11 0 28
4 14 21 23 32 19 30 31 13 9 31 0 19
10 32 9 31 23 33 8 31 8 33 25 0 47
9 33 11 29 28 25 13 26 32 30 20 0 42
8 11 30 21 25 22 16 10 24 18 8 0 39
7 12 13 22 13 9 20 28 22 28 28 0 32
10 20 20 10 8 15 15 21 11 29 17 0 47
4 21 25 13 10 33 11 26 15 8 18 0 20
10 21 31 15 13 7 22 13 27 31 27 0 50
6 26 14 15 28 21 8 26 17 10 32 0 28
7 27 8 7 13 16 29 7 33 15 29 0 34
4 16 14 33 11 23 15 13 26 19 31 0 20
8 27 20 22 12 29 7 16 30 18 32 0 36
7 20 13 32 13 15 15 23 30 10 31 0 33
3 9 26 29 28 20 25 9 24 16 29 0 13
6 32 13 27 24 26 30 24 8 7 19 0 28
9 28 13 11 15 25 8 27 29 22 14 0 43
7 16 20 17 17 33 25 32 14 16 14 0 33
4 28 31 15 20 20 21 31 31 19 27 0 17
4 24 18 12 22 20 24 32 10 7 16 0 17
10 8 25 28 25 21 7 15 33 20 22 0 49
3 11 24 17 20 20 33 10 26 12 9 0 15
10 32 16 14 18 18 8 18 8 16 17 0 47
8 23 24 14 30 26 25 19 23 30 26 0 36
8 29 32 11 32 24 24 22 21 13 10 0 38
3 27 32 33 15 24 7 7 11 20 24 0 14
6 23 23 32 19 19 18 12 24 22 33 0 28
4 11 16 26 23 26 10 16 26 27 15 0 20
7 22 20 33 10 32 31 11 7 13 15 0 34
9 32 12 30 18 11 26 30 18 29 19 0 42
9 16 12 32 28 13 13 28 29 25 27 0 42
5 18 20 18 33 11 23 11 13 18 19 0 21
7 11 17 8 24 11 7 25 14 29 32 0 35
7 30 8 19 20 28 13 8 15 11 20 0 32
5 21 20 31 25 26 7 13 25 24 15 0 21
7 15 18 24 12 15 26 15 20 17 8 0 33
10 14 25 23 19 19 10 27 8 20 24 0 48
8 21 24 17 17 9 30 8 19 28 21 0 39
9 13 20 31 22 33 12 23 24 17 8 0 42
3 20 15 21 26 26 23 10 25 20 10 0 15
9 23 12 30 13 16 22 9 31 14 28 0 44
3 30 9 30 25 19 9 14 20 14 9 0 11
9 28 25 24 25 9 30 9 27 19 23 0 44
5 10 15 7 33 13 27 31 29 25 14 0 24
7 25 15 9 21 30 28 10 30 20 22 0 33
10 24 14 30 9 19 20 9 13 18 22 0 48
5 26 16 26 23 15 11 26 22 7 15 0 21
8 26 18 10 29 14 14 33 30 10 23 0 37
9 31 23 15 32 21 29 32 8 19 12 0 45
4 31 11 15 12 11 11 18 24 19 22 0 17
10 9 12 12 22 7 17 8 31 28 25 0 48
5 26 23 23 31 20 20 20 15 12 12 0 25
6 19 10 7 24 27 24 9 10 15 27 0 30
7 20 28 30 31 30 33 33 20 21 12 0 35
3 18 13 32 15 14 12 27 21 11 25 0 12
3 20 30 26 27 8 14 9 16 12 26 0 14
6 31 23 10 31 30 13 15 22 18 27 0 27
4 16 30 9 32 16 28 21 10 24 31 0 17
6 8 26 21 15 14 28 24 20 12 7 0 27
6 20 22 16 9 31 26 10 22 33 24 0 28
3 19 28 27 10 7 15 11 8 15 16 0 13
7 24 14 22 27 17 27 29 25 11 20 0 31
9 18 28 10 21 28 21 8 26 9 17 0 42
3 24 11 10 32 31 21 25 32 32 32 0 11
8 7 14 14 23 22 11 20 21 11 27 0 37
10 7 14 10 8 24 15 16 24 23 24 0 50
9 28 16 18 25 10 8 31 11 26 24 0 41
10 29 7 20 14 23 9 23 31 30 17 0 49
8 24 30 15 13 16 14 26 10 23 27 0 36
5 31 33 13 29 17 23 33 8 11 15 0 25
3 17 33 22 16 17 24 22 8 24 16 0 11
5 19 10 7 31 32 23 16 12 13 9 0 22
8 10 29 12 9 13 16 20 27 26 26 0 36
8 12 17 10 33 28 11 22 17 9 20 0 38
4 27 14 15 10 20 25 7 18 30 14 0 20
8 11 27 16 28 17 9 23 32 13 11 0 36
4 22 30 15 23 19 25 33 13 19 10 0 18
4 17 8 26 26 10 14 7 20 12 8 0 17
10 10 8 9 9 23 14 7 11 20 16 0 46
4 13 26 27 26 15 33 31 33 25 21 0 16
10 33 13 28 16 26 15 9 29 27 33 0 48
8 13 11 21 12 25 11 31 14 10 32 0 39
5 16 12 32 10 32 19 15 18 18 10 0 24
4 26 30 30 17 20 29 29 11 30 19 0 18
7 20 13 10 19 32 12 8 25 25 24 0 31
4 24 17 31 13 28 26 26 17 23 15 0 20
7 29 16 28 21 11 33 26 12 30 26 0 31
6 9 16 14 29 25 7 33 10 10 10 0 27
9 21 22 24 16 10 32 15 11 28 30 0 41
8 17 27 12 16 26 14 33 26 31 26 0 39
8 18 32 26 32 31 33 19 12 12 27 0 38
5 11 10 15 26 31 7 14 17 16 14 0 22
2 24 29 15 15 31 9 24 29 14 18 0 10
5 24 21 17 13 23 25 8 22 23 26 0 24
6 23 26 11 25 12 19 10 27 9 33 0 26
7 7 15 15 21 12 30 30 22 13 29 0 31
6 28 24 23 20 24 12 16 15 11 15 0 28
3 10 24 21 20 26 31 19 16 25 12 0 14
6 29 10 30 10 27 24 15 14 20 13 0 28
3 24 14 17 10 9 16 20 30 12 21 0 15
9 12 21 32 16 7 11 32 8 16 20 0 41
5 29 19 16 28 20 16 17 18 7 24 0 25
3 23 20 14 18 22 32 18 29 29 26 0 15
10 25 23 19 19 25 27 20 13 20 26 0 49
7 24 25 13 11 33 21 8 30 21 28 0 35
7 12 18 9 22 15 20 21 14 31 25 0 34
10 8 23 26 11 11 24 12 15 20 19 0 49
4 20 25 12 29 16 18 33 30 16 25 0 17
7 26 15 13 17 31 33 24 27 21 7 0 31
7 29 16 25 27 21 10 28 23 14 8 0 32
8 26 14 18 8 21 23 21 10 20 30 0 37
3 33 31 12 25 30 21 32 27 27 10 0 11
3 24 14 30 17 21 25 23 23 13 18 0 14
6 16 8 28 10 19 27 33 32 15 28 0 30
3 30 20 32 16 22 28 10 18 26 16 0 13
10 12 9 26 15 13 12 27 32 20 12 0 49
7 19 16 25 29 11 17 18 8 8 25 0 35
5 19 8 11 18 16 17 32 10 17 23 0 21
7 10 14 16 27 13 12 21 22 26 33 0 32
4 33 12 26 21 21 30 13 11 11 29 0 17
4 10 8 31 11 20 27 27 13 13 19 0 17
10 21 13 21 30 16 32 23 20 19 11 0 46
9 27 12 19 29 13 24 11 15 18 21 0 43
3 32 21 26 18 19 30 20 25 23 25 0 12
9 25 18 24 32 17 20 16 10 7 32 0 41
5 27 26 18 32 19 25 19 10 8 11 0 22
6 13 33 16 31 11 27 24 7 16 16 0 26
9 11 29 18 31 10 33 11 14 7 19 0 44
4 16 33 28 8 11 25 26 14 30 31 0 19
5 28 17 11 20 16 9 20 28 11 17 0 21
5 20 20 14 10 14 28 25 24 25 31 0 24
7 26 28 32 26 25 26 9 26 29 30 0 32
9 26 7 20 22 15 29 19 10 30 12 0 44
3 28 33 8 23 17 29 7 25 17 22 0 13
4 14 21 20 22 25 9 18 19 16 20 0 17
5 28 22 33 17 20 12 28 11 14 16 0 23
6 26 8 25 10 27 30 32 24 9 26 0 26
10 22 31 24 10 10 21 15 30 19 22 0 50
3 9 24 16 28 25 31 33 11 22 25 0 12
3 22 30 9 31 12 29 9 19 20 21 0 12
4 30 12 26 21 30 7 31 25 25 27 0 20
3 20 16 9 23 10 28 18 21 28 22 0 15
3 29 22 21 18 7 17 33 12 9 9 0 14
3 16 23 23 13 29 31 31 11 24 19 0 15
3 28 29 26 9 17 29 22 10 10 11 0 15
10 33 17 22 8 22 24 19 29 28 22 0 46
10 33 22 23 26 23 24 21 8 18 9 0 47
6 27 18 9 23 13 17 22 11 23 11 0 27
5 11 13 17 24 9 7 25 7 23 27 0 22
7 24 19 32 26 26 19 21 12 18 33 0 31
8 13 8 9 31 18 19 12 16 20 17 0 37
9 29 13 22 21 20 28 20 26 32 27 0 41
7 21 18 23 25 31 30 16 32 26 11 0 35
5 21 32 23 22 32 8 25 24 20 32 0 21
10 14 30 8 16 10 20 23 32 21 16 0 47
8 26 21 28 8 8 21 33 33 30 18 0 40
8 29 7 17 32 24 10 20 25 13 32 0 37
7 18 7 20 18 23 21 17 22 7 12 0 32
7 24 27 33 17 24 28 12 25 22 17 0 34
4 7 14 20 30 17 31 32 16 22 24 0 19
10 18 10 10 20 19 29 21 21 9 15 0 47
10 22 30 12 27 12 26 17 27 14 33 0 46
3 16 33 29 30 30 15 19 12 7 22 0 11
7 31 24 33 10 20 30 14 11 8 7 0 34
7 25 27 26 33 8 14 13 30 10 20 0 32
8 26 23 15 26 24 14 31 31 24 13 0 37
3 20 25 12 8 16 7 10 11 20 11 0 11
5 32 20 21 21 10 25 28 17 17 30 0 25
4 30 21 27 11 10 16 16 32 7 9 0 17
4 9 33 27 11 7 32 15 33 16 24 0 18
3 19 15 16 7 25 10 24 10 14 19 0 15
8 15 14 11 26 27 21 8 29 27 12 0 37
3 8 19 31 19 33 24 23 22 17 30 0 11
4 28 27 29 26 7 19 26 18 16 13 0 16
7 20 15 10 24 19 19 28 20 32 12 0 35
10 16 29 19 9 18 15 16 7 15 21 0 47
8 33 16 32 21 25 26 22 32 31 11 0 39
7 29 8 19 20 33 19 26 18 26 14 0 35
10 23 13 32 25 10 8 29 14 24 31 0 49
10 9 24 17 18 9 20 29 22 21 23 0 50
3 8 15 17 10 18 26 32 25 24 23 0 14
2 29 15 19 14 23 8 24 7 8 7 0 10
7 32 31 8 8 10 18 10 11 22 32 0 31
9 24 27 23 19 28 24 15 12 8 19 0 42
6 28 29 22 19 9 30 12 25 13 28 0 27
9 21 20 24 29 15 13 9 7 29 8 0 44
8 32 19 30 18 13 26 32 18 26 28 0 40
7 19 24 26 21 20 31 12 12 21 32 0 34
3 12 16 13 31 29 17 12 11 16 9 0 15
10 10 25 20 8 17 30 26 10 10 22 0 49
3 31 31 32 11 25 12 17 9 28 20 0 12
8 23 22 25 23 25 9 31 23 22 11 0 39
10 20 29 19 7 13 8 26 21 27 18 0 48
4 8 28 21 29 20 19 21 26 18 16 0 18
8 7 20 16 21 25 31 9 30 27 23 0 39
10 14 22 24 25 29 9 23 11 13 22 0 50
7 22 10 27 20 19 11 7 8 13 29 0 35
2 18 13 10 18 31 22 23 25 18 31 0 10
4 14 31 29 28 8 11 33 28 9 26 0 16
7 19 27 27 16 27 29 19 22 29 12 0 33
4 27 14 27 31 20 22 13 11 24 30 0 16
4 9 10 15 18 16 27 31 15 14 25 0 19
3 25 25 23 14 22 32 7 15 8 19 0 12
5 30 20 20 29 30 32 15 28 11 10 0 25
5 20 29 17 26 32 27 28 22 31 25 0 22
5 12 10 29 25 29 31 24 10 15 24 0 21
9 25 22 12 16 29 33 18 11 13 29 0 43
7 32 31 15 26 17 21 14 14 22 17 0 31
8 17 21 32 7 10 31 32 25 32 23 0 38
4 17 14 21 17 11 15 22 28 23 25 0 19
5 32 23 15 24 33 31 12 7 27 27 0 22
4 17 28 22 11 13 24 16 33 25 21 0 17
9 28 25 20 22 9 20 13 15 13 10 0 42
7 28 8 15 16 9 27 28 13 15 16 0 33
4 17 32 20 29 32 10 17 21 15 32 0 19
2 25 33 18 24 11 14 24 9 15 27 0 10
9 17 27 25 29 30 9 21 26 30 22 0 41
8 31 26 33 31 30 24 13 12 18 28 0 38
4 14 21 22 14 9 31 21 17 23 14 0 17
9 23 30 9 28 11 32 19 10 21 10 0 44
4 14 25 13 21 7 16 23 17 14 25 0 18
5 12 22 33 32 11 20 25 11 20 31 0 23
7 19 22 32 16 13 19 15 19 22 7 0 32
5 24 15 27 9 26 31 17 21 16 31 0 22
10 10 11 21 17 13 33 9 27 23 13 0 47
6 19 8 12 13 29 28 28 9 24 7 0 30
8 29 8 16 26 10 21 12 9 15 23 0 38
4 32 13 20 27 23 33 32 13 7 8 0 16
10 27 19 15 29 31 19 16 14 9 13 0 48
5 13 24 23 29 18 14 24 27 14 33 0 22
4 18 15 26 20 28 17 20 23 22 13 0 18
10 20 29 22 18 7 23 19 28 16 24 0 46
3 9 31 16 18 9 11 27 20 22 25 0 14
3 32 26 31 31 17 22 16 17 24 18 0 11
3 22 16 33 24 25 33 10 32 27 26 0 14
5 17 18 29 18 21 32 25 33 13 27 0 22
6 30 8 19 12 18 8 17 8 17 7 0 28
3 15 17 12 17 13 20 8 19 10 7 0 15
3 24 32 9 22 30 33 8 31 10 28 0 12
8 14 9 27 21 27 25 25 20 11 13 0 37
9 29 17 25 29 24 29 12 22 19 18 0 44
4 33 27 7 27 23 30 16 23 9 23 0 18
8 12 18 25 17 31 19 22 29 15 27 0 38
5 20 16 31 15 27 10 22 27 14 32 0 21
5 32 9 20 27 14 23 17 8 7 8 0 25
6 7 20 30 32 27 31 18 17 21 10 0 27
10 17 17 33 14 27 11 11 33 14 26 0 47
10 21 9 12 11 27 33 30 26 29 26 0 49
10 24 25 12 20 18 27 32 26 13 25 0 46
10 15 15 26 12 25 23 16 21 22 12 0 47
6 16 19 13 9 21 24 10 16 25 19 0 26
10 28 10 33 24 12 12 23 17 8 29 0 47
8 14 15 33 16 32 22 28 16 29 20 0 36
6 19 13 33 20 9 33 13 23 8 22 0 29
10 18 25 19 16 13 29 16 22 21 20 0 49
7 16 29 29 26 7 21 21 23 8 31 0 33
6 15 26 19 32 15 27 31 19 17 18 0 26
10 29 12 12 33 32 20 19 25 8 26 0 46
3 14 19 28 18 31 17 9 17 15 14 0 12
2 13 11 10 12 20 31 12 23 19 22 0 10
7 23 9 16 32 20 25 23 21 23 15 0 31
10 8 18 13 17 21 12 19 21 9 30 0 50
5 32 15 12 22 22 26 29 7 21 10 0 22
5 15 19 28 25 23 27 31 23 21 13 0 21
5 19 14 21 16 10 22 11 12 26 26 0 22
7 25 30 16 26 14 15 24 25 9 30 0 35
5 11 30 13 11 13 30 27 21 24 28 0 24
8 27 18 16 16 13 10 30 22 23 28 0 37
10 27 19 12 14 19 18 23 13 16 32 0 47
7 12 26 20 24 25 7 27 20 12 13 0 33
4 11 8 9 30 18 20 33 24 20 28 0 18
6 18 28 26 22 17 17 18 23 24 28 0 30
4 7 11 10 28 32 27 13 17 32 9 0 18
7 9 12 30 22 27 7 10 32 30 14 0 32
9 17 17 9 17 20 20 18 16 7 28 0 43
10 14 17 31 17 7 33 26 25 20 20 0 50
4 11 29 18 20 10 20 13 9 15 29 0 20
6 23 9 17 20 22 27 33 24 13 11 0 26
6 7 16 13 11 30 24 17 13 22 18 0 28
3 7 10 20 11 33 24 33 19 24 30 0 13
4 26 32 22 12 11 28 8 9 15 32 0 16
9 24 15 8 31 19 31 14 21 15 9 0 42
4 15 28 28 24 22 8 33 23 15 22 0 19
4 7 18 12 31 27 17 22 29 18 25 0 20
6 8 7 8 33 7 29 18 31 24 23 0 27
7 23 13 13 28 7 20 26 19 23 18 0 34
5 31 9 25 23 7 26 16 9 10 32 0 24
3 27 22 10 26 17 9 28 25 33 22 0 12
3 15 16 21 23 24 20 20 9 18 19 0 13
6 20 30 9 31 15 28 9 13 30 32 0 27
6 22 18 18 11 29 27 14 30 12 18 0 28
3 22 29 7 24 29 17 16 20 24 19 0 11
7 11 25 23 12 10 24 10 15 19 12 0 34
7 14 30 25 11 18 13 33 16 10 12 0 32
9 25 17 17 11 11 7 21 8 17 31 0 41
6 22 20 11 15 29 14 10 16 31 25 0 29
9 17 14 26 25 12 31 16 8 32 12 0 43
4 19 7 9 7 18 15 10 25 28 31 0 16
9 22 12 7 15 30 10 9 16 14 21 0 45
8 18 8 16 19 32 15 29 12 28 16 0 39
10 11 33 7 23 11 13 19 20 16 16 0 48
6 23 24 26 20 25 20 12 9 7 24 0 27
7 11 12 14 11 18 19 9 18 18 9 0 35
10 21 25 19 13 15 15 9 25 26 25 0 46
9 16 32 28 7 7 15 15 16 20 13 0 42
7 26 27 9 7 10 26 12 24 29 9 0 34
7 11 12 19 18 19 21 29 17 24 30 0 32
8 31 9 9 9 26 20 10 30 16 33 0 37
6 14 10 20 9 33 23 10 21 10 30 0 29
5 23 30 13 23 18 9 32 10 10 15 0 24
5 23 32 11 13 26 7 29 31 12 22 0 21
4 13 18 19 10 27 8 23 31 22 18 0 17
7 28 17 20 25 19 33 12 33 8 20 0 35
9 8 8 19 26 15 17 18 26 19 29 0 41
8 23 28 23 29 33 28 7 26 29 19 0 40
8 33 21 17 28 32 16 8 22 33 19 0 39
7 13 11 14 26 27 13 15 14 17 10 0 34
7 29 31 17 15 11 23 31 11 17 23 0 32
4 19 19 31 10 18 15 12 11 25 29 0 18
2 9 30 21 32 27 29 20 7 29 27 0 10
3 8 26 33 30 9 17 32 25 26 19 0 13
3 32 21 7 9 13 15 16 22 20 26 0 15
10 15 14 10 26 9 28 7 25 26 27 0 48
7 21 8 12 10 7 28 19 21 27 21 0 32
7 18 15 15 31 24 23 19 25 32 12 0 35
10 23 20 18 15 14 27 18 12 19 15 0 48
9 31 15 15 29 23 8 12 28 14 23 0 44
5 11 8 29 27 31 17 27 27 21 14 0 21
5 19 9 29 33 31 10 15 23 8 14 0 24
6 15 8 20 17 26 30 30 14 30 18 0 27
4 23 17 32 29 29 9 31 22 11 11 0 17
10 16 16 30 33 28 28 30 27 30 22 0 50
3 12 22 21 25 12 28 29 24 15 23 0 11
7 9 30 9 13 31 32 8 13 13 15 0 31
10 13 21 10 33 29 12 19 29 14 33 0 47
3 26 12 17 7 31 14 14 18 24 33 0 13
3 9 14 33 30 16 22 31 21 9 14 0 11
8 22 27 29 24 29 14 23 11 8 30 0 36
10 20 10 7 18 21 11 12 30 7 24 0 50
6 10 29 21 9 29 13 8 19 19 21 0 30
5 20 13 28 31 9 12 12 26 32 28 0 23
4 16 32 13 9 17 19 25 15 22 25 0 19
6 21 25 12 17 9 23 12 19 9 18 0 27
7 20 11 23 30 21 33 26 20 30 27 0 33
10 13 30 21 9 13 16 19 30 8 31 0 47
8 31 26 11 27 9 14 14 10 14 32 0 39
4 32 7 25 30 11 24 31 12 26 21 0 19
4 29 26 7 7 12 9 31 31 8 27 0 20
4 9 11 21 28 32 31 20 29 20 22 0 16
5 20 26 27 10 18 13 21 18 23 21 0 22
10 29 31 23 31 28 9 10 9 23 32 0 48
3 33 25 30 17 16 9 27 8 9 15 0 14
3 14 8 10 31 13 29 10 29 17 19 0 15
6 28 10 25 19 15 11 20 15 26 15 0 27
4 15 16 10 14 9 32 16 27 18 9 0 17
3 28 25 26 19 9 24 22 11 20 15 0 13
4 9 20 18 19 7 10 26 29 29 18 0 20
6 32 20 7 33 7 19 30 19 31 12 0 28
5 27 28 21 22 30 14 27 13 16 17 0 23
7 23 8 28 24 30 31 17 31 11 16 0 34
5 12 32 32 9 28 12 19 13 13 22 0 23
7 13 15 9 18 16 7 30 15 25 13 0 34
5 21 24 20 33 27 15 7 26 24 13 0 24
5 13 7 26 26 19 10 28 28 26 16 0 21
10 29 15 26 30 31 27 8 22 32 24 0 46
9 20 30 16 18 28 29 10 10 17 25 0 44
6 29 27 15 11 26 22 17 22 20 33 0 27
3 21 19 12 26 20 11 31 32 16 28 0 15
2 16 10 31 15 30 20 21 32 30 27 0 10
4 8 32 30 9 8 21 16 17 9 21 0 17
6 30 25 32 10 22 13 11 18 27 11 0 30
8 21 23 9 23 31 12 26 17 9 30 0 40
9 11 23 11 20 10 22 11 22 21 32 0 42
3 11 14 23 12 7 17 26 30 11 22 0 11
5 16 29 9 18 23 19 9 22 27 11 0 24
6 22 30 32 29 13 8 19 27 10 7 0 28
8 8 22 12 30 18 21 24 23 27 29 0 39
9 26 11 26 27 16 18 9 25 23 19 0 41
3 33 15 20 17 14 31 8 31 24 26 0 13
3 10 16 14 8 13 15 24 23 25 18 0 11
7 13 13 12 29 17 18 28 28 30 18 0 31
3 32 12 30 16 25 32 9 9 7 21 0 14
8 10 30 28 8 15 26 31 18 33 17 0 38
9 31 13 31 27 25 25 28 7 20 33 0 44
4 21 8 25 22 11 20 23 18 14 7 0 17
8 29 12 19 25 15 22 20 9 24 33 0 38
4 32 23 11 20 32 17 28 12 24 23 0 18
4 27 12 14 18 21 10 30 10 25 15 0 19
3 23 10 10 15 13 29 11 15 10 14 0 12
4 23 21 15 9 7 21 24 21 29 10 0 17
9 19 7 28 20 9 31 13 10 28 22 0 43
3 10 22 20 9 14 16 20 15 20 25 0 15
8 23 11 32 27 14 19 28 32 14 28 0 38
6 17 22 31 20 14 18 30 32 27 31 0 29
6 20 29 17 15 27 23 30 20 12 24 0 28
4 17 10 20 26 29 14 32 30 14 33 0 17
3 8 28 28 29 17 17 14 9 19 24 0 14
3 29 25 31 26 16 15 21 23 32 22 0 15
2 15 9 26 8 21 18 25 15 12 29 0 10
10 28 10 7 28 9 15 12 9 16 31 0 47
5 14 27 23 10 27 11 16 25 30 33 0 25
9 29 32 13 22 22 9 12 24 31 7 0 43
5 15 14 25 17 7 13 12 13 7 13 0 21
3 21 24 25 25 32 32 29 12 24 20 0 11
9 9 15 8 28 8 9 22 22 18 33 0 42
5 31 29 8 9 21 32 13 15 13 15 0 21
6 11 24 25 24 9 19 29 26 28 15 0 29
9 21 28 7 28 27 23 15 24 25 15 0 45
3 23 25 17 32 17 25 30 25 30 13 0 14
4 12 7 25 28 9 16 21 26 14 33 0 20
6 33 19 8 30 29 18 32 13 13 22 0 30
5 23 9 10 29 14 8 26 14 26 12 0 22
3 32 10 29 20 23 13 13 30 8 10 0 11
4 26 22 28 12 12 13 9 14 32 17 0 18
2 16 29 10 26 21 12 22 21 30 7 0 10
3 32 33 33 16 16 9 20 17 13 26 0 13
6 33 26 17 19 16 29 31 19 11 16 0 26
8 33 11 18 7 10 31 17 15 29 9 0 36
6 7 27 7 29 10 18 13 9 22 33 0 29
8 22 20 15 32 24 20 17 29 25 11 0 37
8 28 28 14 28 15 23 28 9 31 29 0 39
2 10 19 8 23 9 26 24 22 32 14 0 10
9 19 31 10 8 8 17 26 33 15 10 0 43
8 28 16 24 19 19 14 14 17 25 26 0 40
3 18 13 7 20 32 9 24 13 12 21 0 12
9 13 10 9 25 30 18 23 28 30 14 0 43
5 15 19 30 31 18 28 8 14 16 31 0 24
4 26 12 7 26 27 32 17 27 26 29 0 16
3 14 10 12 33 23 25 13 29 15 27 0 13
9 10 14 23 19 33 8 7 18 21 20 0 45
8 10 33 15 9 10 21 13 15 30 26 0 37
10 26 22 15 13 17 26 13 29 19 22 0 50
8 33 8 20 21 33 28 21 13 29 14 0 40
7 22 12 17 30 8 14 13 29 26 23 0 31
4 31 12 20 8 22 14 17 7 11 21 0 19
3 32 26 17 7 8 9 23 31 26 32 0 15
7 27 24 7 27 22 32 13 21 16 7 0 32
7 19 18 30 27 26 25 29 24 13 19 0 33
6 19 32 32 24 22 26 15 22 28 22 0 29
6 24 19 33 7 8 26 17 13 15 29 0 27
7 22 24 29 23 23 17 12 13 24 10 0 32
8 26 31 8 29 21 27 15 12 29 32 0 37
5 7 14 32 16 15 26 20 8 25 28 0 22
9 12 28 18 15 24 15 25 29 13 19 0 43
6 14 21 17 23 32 15 33 32 33 21 0 29
7 18 18 33 8 33 14 22 12 29 29 0 32
4 28 13 14 23 14 20 30 7 20 23 0 19
5 32 30 28 29 24 25 11 14 30 30 0 24
10 21 29 16 24 19 16 19 27 28 7 0 50
4 15 13 11 33 20 18 23 17 26 22 0 17
2 28 12 10 17 22 17 29 23 19 9 0 10
3 16 21 10 14 22 28 21 29 32 24 0 12
3 31 28 25 32 31 31 26 11 29 31 0 14
10 18 10 12 31 22 15 9 17 16 20 0 48
4 13 27 13 23 12 8 23 24 21 12 0 19
4 21 33 7 29 27 26 30 21 12 17 0 16
9 23 31 29 27 10 30 7 20 30 31 0 41
4 26 27 12 32 33 26 12 29 29 27 0 20
5 7 29 26 7 30 29 13 11 17 14 0 24
5 30 28 20 22 32 9 32 31 25 18 0 22
4 16 28 13 27 15 28 32 27 16 9 0 17
7 27 33 13 27 30 29 30 13 23 11 0 33
8 25 13 13 23 28 7 27 23 7 10 0 37
9 32 23 10 17 31 12 26 9 20 29 0 43
5 22 8 17 27 21 7 17 21 33 31 0 24
9 19 18 29 25 11 26 32 19 15 25 0 41
4 32 22 26 22 21 7 27 7 11 18 0 16
2 10 31 27 14 11 27 14 8 26 13 0 10
7 21 14 22 26 9 10 8 24 8 31 0 31
6 10 31 11 25 7 20 19 13 31 27 0 28
10 25 18 14 17 12 28 15 28 31 10 0 50
4 22 27 29 32 10 11 8 29 14 29 0 16
8 25 23 30 14 8 22 16 13 11 15 0 36
4 10 8 10 11 23 26 8 14 15 7 0 20
6 14 26 30 22 20 26 32 26 25 33 0 29
2 10 18 21 25 17 29 10 17 7 26 0 10
6 25 20 8 13 8 23 28 12 8 21 0 26
3 20 25 14 7 15 23 18 10 7 7 0 11
2 9 12 32 28 11 20 23 32 12 15 0 10
10 8 23 23 12 12 17 11 16 30 9 0 49
6 15 28 10 25 10 19 24 28 23 16 0 26
3 19 11 8 22 27 25 17 32 22 17 0 12
9 30 28 8 9 21 30 27 21 22 23 0 43
6 29 22 30 24 32 20 9 31 26 18 0 26
3 22 18 28 29 19 14 18 9 21 27 0 13
9 18 9 11 28 11 24 7 29 12 18 0 44
10 23 26 17 25 27 11 32 16 8 15 0 47
4 17 21 18 23 28 28 12 31 7 18 0 18
8 31 19 12 8 17 17 16 30 23 25 0 37
9 23 19 10 16 25 16 12 11 22 8 0 45
8 18 15 22 10 20 33 15 14 26 7 0 37
2 10 28 14 16 33 23 11 15 31 28 0 10
10 20 8 15 10 8 7 11 32 33 31 0 50
6 19 27 25 25 29 21 13 30 20 11 0 28
7 19 16 31 24 18 10 22 22 20 17 0 32
9 13 8 22 30 19 30 15 20 19 14 0 41
9 9 18 12 32 24 10 17 12 14 26 0 44
6 11 12 32 20 19 8 25 24 19 29 0 29
5 11 16 20 25 10 12 22 26 24 22 0 23
8 27 13 9 10 24 17 26 28 23 8 0 36
6 15 23 12 26 31 22 16 24 15 27 0 30
7 17 12 30 12 33 14 12 21 24 32 0 31
6 15 16 31 16 16 30 20 23 20 26 0 27
6 24 29 16 25 32 13 30 28 21 21 0 30
6 30 33 8 28 9 13 32 25 27 26 0 26
2 32 18 8 15 30 29 24 7 33 14 0 10
9 26 8 25 16 33 19 26 19 21 22 0 44
3 31 14 11 21 15 12 16 16 26 31 0 13
5 32 20 15 16 15 12 13 13 16 11 0 21
9 7 29 21 29 33 24 31 15 25 22 0 41
3 21 19 13 26 28 12 10 16 12 20 0 14
5 32 28 29 15 11 22 27 21 29 15 0 21
10 18 23 15 20 19 16 17 12 11 16 0 50
4 11 19 20 28 21 20 24 26 28 26 0 20
6 16 28 8 28 26 20 20 29 30 31 0 28
7 16 28 15 25 15 32 18 28 13 30 0 31
4 25 15 12 29 28 8 32 7 13 7 0 20
7 7 14 14 21 26 32 11 19 18 20 0 33
7 8 10 20 14 22 14 10 23 16 7 0 31
9 24 29 21 21 28 18 18 14 24 22 0 41
3 33 11 26 12 23 25 31 8 26 16 0 13
10 31 14 7 27 7 21 15 23 9 27 0 49
10 22 27 17 29 33 21 9 22 31 19 0 49
9 20 17 14 10 24 8 19 26 12 19 0 43
6 13 19 22 32 13 9 7 25 32 8 0 29
7 7 21 12 29 20 21 22 29 31 18 0 31
6 14 29 19 17 28 18 7 31 25 17 0 29
7 26 15 28 30 27 32 15 30 33 27 0 35
9 32 21 26 23 29 21 22 11 31 16 0 41
5 12 11 25 22 29 15 18 12 17 9 0 21
9 24 18 28 24 16 9 14 12 7 12 0 41
8 33 18 8 11 9 20 24 31 21 10 0 38
4 15 28 7 17 18 9 29 29 8 23 0 18
3 13 30 8 11 30 21 17 31 11 9 0 15
5 8 27 21 32 23 20 23 26 29 28 0 23
5 16 14 24 29 28 19 26 8 22 13 0 23
10 19 23 23 27 28 20 10 22 13 12 0 49
5 21 13 16 22 20 13 32 28 27 17 0 25
5 9 7 28 22 21 11 14 26 7 17 0 21
5 28 31 20 22 26 31 18 28 30 20 0 23
9 24 24 13 26 23 10 14 14 27 26 0 44
9 31 32 33 16 17 29 27 10 31 17 0 45
8 13 19 29 31 32 26 19 7 8 27 0 40
10 7 26 14 18 30 15 21 9 10 26 0 46
10 24 33 30 26 21 19 12 11 13 11 0 48
3 29 30 32 16 17 8 32 31 23 12 0 14
9 19 16 21 13 8 13 31 26 25 21 0 44
5 23 8 29 28 17 14 17 14 33 22 0 21
10 16 31 22 25 33 14 15 20 19 17 0 46
10 32 24 25 9 11 10 12 23 21 16 0 50
9 29 7 18 19 29 16 10 17 11 32 0 41
10 8 8 9 28 20 26 16 19 24 25 0 48
9 26 24 18 26 10 22 21 26 17 27 0 45
6 19 30 17 14 28 12 30 16 33 21 0 28
8 15 32 13 25 26 11 10 19 29 18 0 37
2 32 9 24 33 8 32 22 30 27 33 0 10
6 21 10 20 7 26 11 25 11 8 8 0 29
6 19 17 31 24 9 27 25 8 18 10 0 27
9 12 23 19 33 24 24 16 8 27 30 0 45
2 27 9 23 19 24 17 9 29 18 30 0 10
3 31 20 20 13 25 13 29 19 9 33 0 15
7 23 24 33 13 19 25 13 33 12 17 0 33
4 31 14 17 20 28 22 33 21 12 24 0 16
2 15 17 32 7 33 17 20 18 33 24 0 10
5 22 22 14 15 32 16 9 9 22 22 0 25
4 15 16 8 25 20 9 11 11 8 29 0 19
7 7 18 20 14 29 24 32 32 24 10 0 35
9 19 27 30 8 26 25 21 20 10 30 0 45
6 21 27 13 13 10 27 15 30 11 30 0 30
6 14 24 32 33 17 20 10 23 19 27 0 26
7 27 17 20 19 24 13 32 19 33 30 0 34
4 16 31 26 30 33 18 28 12 24 7 0 16
8 7 21 28 25 15 8 10 11 13 9 0 40
3 12 13 7 31 22 17 20 19 14 15 0 14
9 24 31 16 31 8 28 17 18 10 14 0 44
9 27 22 11 32 25 26 23 31 13 25 0 43
8 30 24 19 18 27 21 30 19 10 12 0 36
8 10 21 10 26 19 29 31 7 14 20 0 39
9 33 10 10 12 14 7 28 23 14 13 0 43
8 20 29 11 8 15 15 10 11 27 12 0 39
6 19 31 19 17 28 17 29 31 30 30 0 28
6 24 16 17 27 11 33 32 10 18 29 0 28
3 32 10 11 9 30 12 30 22 27 10 0 12
7 30 14 24 18 29 30 13 31 21 19 0 31
9 28 9 21 31 8 20 14 30 28 29 0 41
7 24 30 19 11 22 12 18 32 13 25 0 34
6 9 13 33 13 29 21 29 31 10 20 0 30
7 20 22 16 12 11 32 18 7 32 9 0 34
6 11 27 15 31 24 11 31 22 16 9 0 28
6 16 13 28 11 32 22 8 11 8 31 0 29
6 8 14 18 10 22 30 10 26 33 15 0 27
10 24 26 27 20 7 22 9 24 9 16 0 47
9 24 14 15 28 18 11 15 8 21 11 0 44
10 21 33 22 33 13 23 32 20 28 25 0 48
9 28 26 23 14 24 23 19 8 28 19 0 44
3 24 30 27 16 32 11 11 22 12 14 0 14
4 28 14 8 11 32 22 24 29 19 14 0 19
4 7 21 24 9 21 9 14 8 26 8 0 16
6 8 12 27 15 8 23 23 30 21 9 0 27
4 27 26 27 8 7 29 14 13 23 17 0 19
6 9 32 19 33 12 31 20 11 14 22 0 27
4 22 12 17 21 33 20 16 14 12 23 0 18
9 32 14 13 7 32 20 23 7 26 29 0 42
9 13 31 22 23 29 29 29 11 22 25 0 41
3 13 9 28 24 13 14 13 21 11 22 0 13
6 13 15 32 32 18 14 29 23 28 30 0 29
10 30 24 9 23 17 31 26 22 8 20 0 49
8 31 13 17 17 12 26 27 16 20 15 0 40
10 33 8 20 10 33 13 22 12 31 24 0 46
5 7 11 16 25 19 29 18 31 28 14 0 25
6 29 17 16 22 23 12 25 29 32 24 0 28
4 24 30 26 10 27 11 14 15 23 8 0 20
7 29 22 23 10 17 13 16 21 14 32 0 35
9 9 33 14 20 20 27 12 30 13 20 0 45
5 16 18 32 17 13 16 20 31 25 13 0 25
10 7 8 18 7 7 12 24 31 15 22 0 50
8 16 25 16 20 15 23 27 8 28 7 0 40
3 22 13 32 24 8 11 25 19 26 14 0 11
6 33 25 29 27 28 32 17 11 21 17 0 26
6 9 21 18 9 27 24 21 12 11 18 0 27
6 14 19 27 32 20 19 12 7 31 18 0 27
3 32 27 29 30 29 12 26 18 18 33 0 12
8 14 29 13 20 23 10 32 10 30 13 0 38
9 29 28 17 27 8 20 24 24 14 17 0 45
3 24 31 26 18 20 12 9 24 18 14 0 15
8 7 9 25 21 29 28 33 28 8 14 0 37
6 23 21 23 15 27 13 31 15 21 28 0 28
5 28 29 16 11 9 31 32 25 18 24 0 23
7 13 25 22 17 7 22 18 23 30 7 0 34
8 20 19 17 14 10 9 17 15 11 9 0 40
4 33 22 11 17 28 8 13 11 19 11 0 18
4 23 19 33 22 27 29 14 10 20 25 0 17
5 20 23 9 30 15 9 26 23 20 10 0 25
5 12 31 25 23 22 33 16 15 26 29 0 24
4 31 25 17 15 32 23 25 14 19 14 0 18
6 12 22 8 18 10 15 25 12 25 30 0 29
2 20 27 16 29 21 29 31 11 33 19 0 10
5 16 31 11 15 26 7 14 20 12 32 0 24
7 20 28 13 22 11 32 32 14 15 9 0 33
7 16 18 26 16 32 17 31 22 24 12 0 33
2 26 19 13 7 9 29 23 18 20 23 0 10
7 17 22 13 12 32 31 17 11 18 29 0 34
4 20 16 10 27 26 27 12 28 11 18 0 16
8 17 23 27 29 8 29 16 18 9 22 0 40
9 22 30 9 17 9 15 23 27 7 24 0 43
10 13 9 21 10 29 32 28 13 12 8 0 48
10 12 26 10 20 31 11 25 20 32 30 0 48
10 12 24 23 26 30 19 29 28 22 24 0 47
10 24 18 18 25 18 32 25 11 19 7 0 49
7 25 10 19 17 29 28 10 23 9 20 0 33
4 27 30 30 23 28 25 32 10 11 15 0 19
8 9 12 9 24 26 25 20 25 28 25 0 37
10 21 26 31 10 16 29 12 33 10 25 0 50
7 16 8 13 30 16 33 8 14 23 25 0 34
7 28 32 26 8 26 13 12 11 16 27 0 32
7 7 7 8 15 9 22 14 30 20 12 0 31
9 26 8 28 10 33 16 23 13 7 15 0 44
10 26 15 30 28 32 16 28 8 14 17 0 49
3 10 28 16 26 12 8 29 21 11 28 0 12
4 15 24 32 23 8 20 31 18 28 21 0 17
8 31 12 28 20 28 11 29 8 16 14 0 36
9 10 10 16 13 22 24 17 12 17 25 0 43
4 24 14 30 8 29 9 10 17 32 31 0 16
7 18 33 8 13 29 30 17 20 9 20 0 32
10 8 12 26 28 27 8 13 20 12 17 0 49
9 19 18 30 18 29 14 15 21 15 16 0 41
3 30 18 22 16 24 23 33 16 14 27 0 14
6 27 28 19 10 11 17 13 32 31 18 0 27
5 20 23 28 15 28 7 11 27 13 9 0 22
6 8 29 27 11 21 16 11 24 11 22 0 28
10 26 25 7 13 30 23 25 18 25 28 0 49
8 26 15 25 31 16 19 21 30 10 20 0 39
5 21 16 12 23 22 8 32 11 32 20 0 21
6 24 25 28 11 17 33 20 12 15 33 0 26
7 28 12 8 21 17 13 21 20 29 30 0 34
6 19 32 20 16 8 14 16 11 8 28 0 26
5 12 29 10 7 28 8 7 28 28 20 0 24
3 18 31 20 30 26 13 9 31 23 24 0 15
9 15 23 8 27 32 11 30 17 22 17 0 45
9 28 18 17 11 29 7 8 9 8 16 0 43
10 14 30 10 25 25 16 31 24 26 25 0 49
10 32 11 29 12 26 8 12 11 20 10 0 47
6 25 22 19 30 22 7 7 16 25 8 0 27
5 17 14 13 18 20 25 28 8 13 17 0 22
8 20 12 12 32 29 20 13 7 20 13 0 38
3 7 22 17 25 31 15 27 19 19 30 0 12
10 15 8 18 27 29 9 32 33 9 9 0 50
6 32 28 18 10 33 30 31 20 17 23 0 27
8 31 14 28 14 8 26 27 29 9 25 0 39
9 32 24 24 21 31 21 31 9 8 7 0 41
6 33 33 8 29 9 19 30 11 8 18 0 28
4 18 14 30 24 20 7 18 15 33 19 0 16
7 33 30 23 22 21 19 19 26 15 22 0 32
9 19 32 10 21 26 32 11 14 20 22 0 45
4 33 7 8 17 15 15 19 22 27 10 0 16
9 8 10 22 16 20 23 25 32 31 10 0 44
6 14 32 16 26 16 9 23 25 32 26 0 30
7 22 9 23 13 21 13 30 10 9 23 0 33
9 32 20 15 24 31 33 22 25 8 21 0 43
7 12 20 14 17 11 27 15 33 20 24 0 32
3 19 17 31 22 9 24 30 16 12 13 0 11
8 27 8 26 33 33 20 26 19 20 33 0 40
8 10 10 18 10 14 25 17 15 13 29 0 36
9 24 14 32 32 9 23 19 14 17 25 0 42
5 8 21 17 7 30 21 10 24 7 29 0 25
8 29 12 12 29 14 9 20 12 28 8 0 40
6 15 16 11 25 27 17 30 18 27 20 0 29
2 21 23 21 22 12 7 7 27 13 23 0 10
4 32 30 22 26 7 7 25 15 22 8 0 16
7 19 12 23 17 31 33 21 31 12 13 0 33
4 21 25 16 33 25 32 22 24 18 27 0 20
10 27 16 32 16 7 33 31 26 19 17 0 50
8 27 33 27 30 21 9 19 14 23 7 0 39
10 10 9 16 28 24 18 23 27 28 16 0 49
7 17 17 18 29 17 23 22 18 11 7 0 35
4 33 23 17 27 24 19 7 21 15 11 0 20
4 29 13 14 10 18 20 27 16 20 7 0 18
6 10 28 12 24 22 29 24 25 20 25 0 28
10 17 21 14 23 22 29 24 23 17 26 0 50
7 16 22 16 8 13 29 15 18 18 7 0 31
6 17 31 27 19 19 14 29 24 19 30 0 26
10 25 28 27 29 25 33 16 9 25 28 0 48
6 14 24 17 17 10 8 20 28 16 11 0 30
6 9 30 14 14 8 27 23 20 11 14 0 30
4 11 15 28 20 21 13 23 22 33 17 0 16
7 27 32 22 27 16 32 29 9 12 17 0 31
10 30 15 20 18 8 23 17 10 14 29 0 49
8 13 9 26 17 25 17 23 12 13 13 0 38
8 19 15 12 11 30 24 17 33 7 30 0 38
3 11 15 22 11 9 24 10 14 7 21 0 12
188 173 232 224 183
100 176 212 228 299
134 165 204 251 270
127 161 184 225 276
111 140 214 257 287
115 174 210 222 298
121 174 205 249 298
103 147 186 246 295
103 153 199 239 265
113 177 207 252 288
132 165 220 226 271
127 142 197 249 290
114 172 186 260 300
122 140 220 234 278
101 176 197 249 295
126 152 209 231 265
117 149 201 246 267
103 142 184 228 272
111 149 213 240 260
139 144 191 229 264
114 149 196 226 299
119 167 198 251 300
136 160 180 247 294
133 158 204 226 285
126 159 203 255 264
131 145 204 240 291
132 179 218 222 265
136 173 218 257 273
110 153 205 224 265
121 149 193 255 290
116 146 218 235 263
120 172 219 234 296
114 151 208 253 283
128 177 220 248 274
132 151 192 249 263
109 159 187 220 275
124 164 193 230 288
133 146 189 249 288
140 175 194 260 299
122 175 205 231 279
126 162 182 227 268
114 155 185 258 272
104 157 208 220 261
135 155 185 258 271
129 141 205 250 260
128 167 190 236 260
116 159 203 247 277
140 160 200 250 291
112 146 194 233 282
100 154 206 254 271
120 147 200 255 269
135 164 199 252 275
102 143 213 259 280
105 153 200 253 283
116 175 191 233 289
138 174 195 233 298
130 143 184 256 269
118 178 180 224 286
117 152 202 241 278
138 164 193 233 267
125 158 220 225 269
123 148 194 237 297
105 156 208 241 300
137 164 197 252 266
104 162 189 241 278
120 176 185 245 282
134 174 210 235 276
140 162 216 228 275
132 171 184 226 286
111 174 208 228 262
140 148 214 221 293
131 156 189 231 268
130 148 217 253 288
137 152 184 250 264
124 167 185 239 275
135 146 196 223 271
131 173 207 232 279
100 159 215 259 288
136 151 212 221 284
113 157 204 222 289
109 174 184 227 270
126 146 216 243 272
103 162 211 243 270
120 180 192 249 292
136 179 215 241 263
120 180 215 244 293
137 145 183 246 294
130 154 187 230 265
140 171 211 228 262
120 153 210 257 274
115 161 207 230 293
140 166 200 253 290
105 180 196 241 280
109 142 220 260 267
126 154 210 227 264
138 173 214 239 270
101 165 191 222 272
126 169 193 247 280
126 141 196 243 279
116 148 218 254 262
102 163 217 246 300
110 145 183 243 268
121 180 192 254 291
138 174 216 240 292
120 164 183 257 275
106 155 215 259 293
124 167 181 223 278
110 143 208 240 269
139 152 182 238 277
127 178 216 252 289
124 146 195 257 283
117 158 197 221 276
112 165 187 253 280
113 154 191 225 265
122 164 213 246 290
103 180 199 247 295
121 152 212 235 273
112 172 211 255 289
117 156 194 260 291
133 147 187 225 292
138 174 213 245 291
137 180 216 245 265
132 157 189 254 261
126 162 185 229 265
140 150 201 249 291
128 173 185 242 286
119 151 211 260 287
140 179 216 245 270
124 158 217 223 289
100 147 215 233 293
130 158 206 259 282
109 146 180 259 260
100 175 205 237 283
127 167 216 255 269
124 157 214 226 276
122 157 215 258 299
135 171 186 225 282
101 165 213 233 261
105 164 199 242 267
113 143 209 230 275
104 143 211 230 275
115 159 199 221 283
135 178 201 228 265
115 140 184 234 271
104 166 180 256 280
104 169 207 247 278
117 164 213 231 296
116 170 204 234 269
114 180 191 242 294
135 150 196 230 282
138 180 194 240 270
134 157 213 251 285
115 176 213 236 265
110 169 210 241 277
102 174 183 253 270
111 153 220 222 273
125 177 212 221 289
106 140 194 247 281
137 168 202 227 263
100 143 201 253 269
117 141 213 253 267
106 175 204 233 277
124 176 218 242 294
127 161 209 254 293
116 163 204 260 260
118 141 196 234 285
111 149 220 238 277
124 167 196 223 260
132 157 196 236 270
102 173 191 255 267
116 179 200 224 294
139 173 200 259 280
124 151 206 227 278
127 179 199 249 276
126 145 200 224 292
105 143 206 237 274
126 166 188 249 291
106 143 201 247 265
130 141 186 241 267
102 173 190 260 299
129 152 192 235 277
103 166 198 241 289
111 175 186 229 284
104 150 194 249 277
123 163 194 230 265
120 153 195 258 280
123 168 219 222 268
138 164 188 238 297
124 142 216 220 281
105 140 185 251 289
139 173 198 227 277
106 147 197 228 286
112 180 210 260 268
131 180 184 244 274
138 177 202 250 297
131 147 203 236 284
115 159 211 255 263
116 155 193 258 295
139 153 191 243 296
127 176 205 229 268
134 165 216 242 286
101 167 219 233 285
137 164 180 234 270
122 179 199 254 270
107 163 192 242 277
130 168 216 229 293
114 140 182 234 290
140 169 219 221 291
106 155 182 235 263
134 179 217 241 283
127 156 184 256 265
116 154 193 243 274
137 163 214 221 290
131 168 198 252 275
106 161 205 258 262
135 166 211 240 280
136 172 204 242 287
130 152 203 230 297
128 140 193 249 290
105 141 191 227 264
121 144 213 253 263
105 167 188 229 279
100 176 204 241 264
117 168 211 241 272
139 154 182 222 299
102 146 214 225 268
113 153 189 251 298
111 145 218 259 294
130 150 213 235 263
108 144 214 251 277
139 162 195 250 286
140 158 212 240 267
115 146 192 258 272
123 157 188 220 263
120 155 187 224 293
102 172 203 224 283
110 177 215 233 297
106 155 180 249 279
135 161 186 241 260
117 174 185 255 296
133 151 216 251 278
101 141 204 241 296
109 167 188 239 278
137 144 186 241 261
121 151 205 226 260
134 161 204 255 264
109 142 197 248 300
126 148 220 238 284
117 165 201 235 287
136 152 183 258 280
114 155 200 241 279
107 162 219 260 298
116 175 210 242 281
110 176 186 251 295
121 157 183 249 285
115 163 201 257 281
130 151 197 229 263
133 167 215 233 276
105 151 219 230 273
133 142 208 258 269
125 175 186 220 292
138 175 210 258 261
132 143 187 247 269
118 148 183 254 270
129 162 193 246 281
137 165 211 252 266
133 153 180 226 276
119 170 190 254 276
101 145 216 229 277
111 176 192 220 273
112 146 208 242 278
119 147 215 231 271
102 176 212 220 273
106 177 202 241 291
134 167 218 259 299
130 172 212 244 291
118 159 214 233 263
140 157 199 236 267
116 156 199 240 267
136 166 210 244 286
120 152 215 248 279
113 169 214 222 272
109 173 210 242 279
104 140 187 254 276
102 166 208 232 288
118 160 216 231 291
119 176 204 221 298
115 166 198 244 279
136 175 194 223 294
136 158 180 258 299
106 175 212 258 278
106 154 195 232 265
129 152 211 230 292
136 168 218 256 278
131 157 198 254 276
112 140 219 246 270
109 178 184 252 270
110 145 207 228 260
105 177 199 257 298
116 147 216 243 295
128 163 199 224 261
113 170 217 222 275
102 162 214 229 299
130 165 210 225 300
124 156 186 228 285
138 155 195 225 299
126 159 199 225 295
105 140 189 254 273
105 177 219 243 278
109 145 182 224 287
125 169 206 220 296
140 147 183 224 277
114 164 187 240 276
140 180 187 223 264
124 159 192 260 263
106 160 218 246 284
130 141 200 255 260
136 155 186 230 297
139 163 202 242 266
125 147 187 221 273
124 146 214 252 299
124 140 219 227 261
120 148 209 258 282
109 157 207 257 265
139 165 184 256 261
132 142 190 255 297
106 177 216 228 297
126 155 220 242 288
119 163 210 229 287
134 141 182 221 271
139 157 208 246 276
126 141 192 257 269
111 170 196 222 263
130 168 195 248 289
119 149 201 258 260
101 173 192 220 262
116 169 185 242 261
108 144 212 248 293
139 143 206 225 275
127 177 187 252 274
124 142 210 248 263
102 161 211 224 263
134 167 209 250 280
138 171 214 221 273
118 172 211 222 262
126 170 206 254 274
135 164 219 234 279
101 174 196 258 276
104 145 217 228 286
113 141 215 236 271
132 148 207 260 270
107 147 214 238 300
108 149 209 236 290
126 179 192 247 269
112 154 187 225 264
133 142 214 234 264
109 148 186 234 293
129 175 189 232 286
111 154 188 250 291
123 156 182 260 267
106 164 218 236 290
131 149 210 233 263
103 142 180 233 261
127 173 203 249 276
107 167 189 241 264
109 155 208 240 282
117 153 199 223 271
106 162 194 249 284
101 147 214 250 274
123 150 192 251 281
140 142 180 221 288
105 152 216 246 278
120 143 189 247 290
128 176 220 222 270
119 148 213 241 270
137 180 199 251 264
130 160 180 223 277
107 165 210 260 267
111 154 200 246 261
128 180 197 223 289
131 140 181 238 275
103 140 216 242 272
119 178 204 224 285
138 145 198 247 262
105 168 181 229 294
138 162 211 226 273
135 174 215 228 286
116 142 204 228 287
110 167 211 231 278
112 165 203 239 296
120 144 202 241 278
105 160 210 238 288
100 148 216 226 264
132 147 203 253 261
136 172 216 244 260
134 158 202 226 282
105 177 204 249 280
106 143 208 243 297
103 167 195 226 294
129 141 212 251 281
135 146 181 245 295
114 151 204 222 283
114 142 188 258 261
104 143 213 256 293
100 151 199 221 290
123 142 193 254 296
132 176 193 227 300
139 140 201 234 273
102 154 202 238 271
137 164 182 256 294
112 146 194 240 298
138 173 182 238 296
108 160 220 254 282
111 158 197 242 297
121 143 205 246 265
131 176 181 239 263
122 143 191 258 270
113 168 207 231 284
124 179 208 227 292
131 173 192 239 283
120 171 180 231 297
104 140 200 235 281
133 157 209 243 291
118 155 180 225 269
111 143 216 226 262
117 146 213 238 267
138 153 201 229 280
111 168 184 253 263
117 149 187 246 296
118 175 187 241 272
113 146 200 256 266
111 150 189 249 266
126 150 183 226 286
133 170 210 239 267
100 151 181 238 288
111 167 200 235 275
104 175 196 252 268
104 143 183 259 286
122 179 207 255 268
110 170 201 226 270
123 149 192 235 286
109 152 180 244 261
133 155 206 220 300
134 145 191 230 272
115 166 204 234 277
137 146 212 246 291
128 152 214 231 265
113 148 186 247 288
104 140 203 252 269
113 162 195 258 265
123 171 204 247 265
127 170 206 253 300
115 159 180 253 282
105 145 181 230 274
116 179 194 253 281
128 154 194 228 294
122 179 182 239 270
130 143 207 231 300
131 168 211 244 289
123 167 188 222 266
101 150 218 220 280
111 152 216 231 270
102 162 205 244 278
109 152 193 241 295
135 141 199 246 276
129 177 209 241 285
136 167 210 223 286
128 176 213 258 292
134 172 201 247 291
128 180 214 238 261
103 156 183 248 264
113 157 218 222 263
125 173 203 224 272
124 170 196 232 275
104 147 199 246 276
114 144 193 259 273
131 165 207 227 268
117 146 182 225 276
108 149 219 220 269
103 160 187 245 267
116 140 191 224 275
109 151 196 236 288
134 161 184 237 262
126 168 180 258 293
102 164 200 241 297
111 157 210 244 299
139 145 191 232 275
130 176 184 221 277
111 158 205 236 267
114 145 208 258 275
123 177 189 223 292
105 150 187 240 269
105 142 213 258 293
126 142 208 243 263
109 172 214 260 275
115 159 189 237 270
139 163 183 247 275
129 161 213 232 266
137 160 197 228 287
109 159 194 259 292
126 172 186 249 288
102 156 185 252 278
126 160 217 251 262
129 140 207 240 280
122 167 207 226 287
107 149 220 222 290
131 142 220 247 292
120 154 210 254 297
104 144 194 241 265
106 149 219 256 276
140 156 209 257 291
132 169 193 225 281
104 179 193 248 264
116 166 209 253 291
122 172 216 220 295
138 177 213 259 275
109 146 218 241 264
107 146 186 230 265
105 162 193 258 294
118 177 200 258 279
139 164 211 246 292
103 157 193 240 260
107 171 207 222 290
138 168 220 225 287
101 143 184 232 289
117 145 209 230 284
123 176 209 239 299
136 170 182 249 278
117 145 217 221 260
110 172 193 250 264
119 163 183 252 269
130 167 199 224 287
110 173 193 254 268
125 150 182 246 269
108 156 200 230 270
104 169 190 226 279
109 140 194 246 268
114 170 199 255 266
112 147 197 229 265
121 178 201 246 276
122 152 183 228 284
128 179 195 224 277
128 143 218 253 277
136 143 197 250 272
110 165 181 258 291
129 172 206 232 286
135 179 195 222 288
136 149 218 241 260
132 163 184 238 268
113 174 195 253 291
136 177 184 246 282
132 176 188 240 294
128 153 207 240 288
113 174 218 228 260
116 152 200 227 300
105 143 201 234 281
129 163 215 225 287
132 152 187 226 296
115 161 192 247 299
138 164 195 227 283
126 145 197 251 281
125 158 198 260 283
106 155 210 236 268
114 168 183 237 286
120 175 209 224 261
123 141 208 224 295
119 155 210 238 286
116 141 207 255 270
112 162 219 259 269
130 178 198 244 263
104 155 198 231 294
135 160 211 255 266
123 169 192 243 269
109 149 193 246 271
125 176 197 221 287
136 175 215 244 288
116 154 217 245 287
106 167 192 257 284
127 143 194 241 278
124 179 212 232 288
119 163 185 231 286
103 149 181 239 286
116 172 215 245 297
136 170 219 247 262
101 167 198 231 260
127 176 206 242 300
100 158 205 247 295
110 155 189 256 300
115 142 190 226 265
135 156 183 226 260
130 157 190 241 271
129 158 186 254 296
102 169 185 241 263
119 141 220 232 267
130 172 197 256 274
105 152 201 233 285
125 166 211 239 300
116 163 194 253 276
100 167 191 238 297
116 146 216 221 270
111 166 180 228 296
115 162 220 259 274
135 167 190 247 275
133 174 188 258 263
125 168 217 229 267
112 169 183 260 263
107 168 218 245 270
134 167 204 225 292
128 174 212 256 263
132 169 186 228 285
100 179 217 252 289
111 149 214 253 280
121 175 215 230 299
134 167 180 258 269
117 167 187 252 284
123 142 218 241 278
126 166 182 244 286
121 175 186 221 267
135 169 187 226 266
132 153 197 236 293
106 143 198 231 289
121 171 206 257 290
102 175 193 224 265
108 150 209 224 288
134 151 213 253 286
139 168 184 249 267
111 154 202 245 267
130 150 202 234 296
120 174 203 250 261
133 180 199 255 261
128 162 214 253 275
139 170 220 229 274
140 161 192 226 263
115 157 204 252 276
108 165 190 249 296
125 174 213 253 289
139 167 212 250 295
129 178 211 233 288
108 178 182 221 279
121 148 194 235 292
137 175 183 259 270
113 148 188 252 278
140 145 219 237 260
107 167 200 222 267
116 151 181 223 295
132 153 185 247 267
117 142 212 258 298
108 147 196 245 294
108 143 205 228 263
102 165 193 222 281
129 158 218 229 290
117 162 202 235 266
126 141 201 256 269
102 143 215 228 293
130 154 198 253 266
122 143 190 258 290
103 171 214 228 265
128 175 192 257 265
129 179 207 260 270
109 174 210 224 284
114 179 189 228 268
104 163 216 231 285
121 177 215 226 295
137 159 200 249 282
106 170 192 249 282
115 165 205 224 293
129 175 211 233 278
116 144 212 249 265
105 165 220 244 300
103 159 202 258 293
128 172 212 244 280
132 175 185 223 299
115 150 218 221 298
117 149 200 222 297
105 174 198 241 293
127 172 185 224 294
131 168 196 224 289
119 169 211 244 262
109 180 184 234 296
135 168 196 231 284
125 149 183 237 277
134 161 204 237 290
132 170 204 257 278
132 166 194 249 272
127 163 194 231 298
132 175 201 250 265
111 166 211 251 282
134 144 215 228 272
132 169 219 234 287
125 180 193 242 282
116 159 199 254 277
139 145 193 231 279
105 157 205 245 280
119 145 195 224 290
120 163 181 225 295
138 142 214 224 274
107 174 196 236 289
102 157 204 249 284
127 172 220 234 295
113 176 187 249 272
106 155 214 233 297
106 162 189 255 266
111 163 186 238 282
135 148 209 241 268
101 169 202 228 290
135 155 185 242 295
121 158 220 224 288
128 170 180 237 288
102 179 216 246 272
133 170 188 221 284
138 150 183 220 285
140 146 202 246 267
102 145 183 243 297
115 143 207 223 268
126 161 203 250 264
118 144 181 243 294
112 151 191 226 268
100 160 208 236 265
136 170 192 251 263
128 154 198 241 270
122 171 202 224 282
106 172 216 224 266
116 162 216 233 291
120 176 205 246 275
135 169 188 230 274
104 152 204 221 283
114 171 184 253 276
137 158 217 225 296
119 150 218 243 272
121 161 219 258 275
109 155 211 232 292
111 175 194 244 264
138 144 218 257 300
116 144 206 231 296
114 179 180 248 267
122 156 215 247 281
139 168 198 250 300
119 163 203 255 270
102 162 181 232 275
137 174 188 228 294
102 146 204 247 286
130 157 196 233 285
135 177 181 222 276
101 141 207 239 294
114 170 186 242 278
111 147 210 250 290
126 145 215 253 273
132 140 180 234 297
114 141 205 241 262
136 148 217 244 272
122 160 220 257 268
103 170 183 238 293
112 143 201 221 280
129 147 184 234 291
137 148 210 255 260
102 156 196 243 279
104 175 199 258 285
119 173 216 231 278
113 155 207 242 264
109 143 199 229 273
117 168 186 225 288
108 148 211 244 298
127 154 190 242 296
109 175 192 231 288
122 142 216 239 291
112 150 215 235 274
114 148 186 248 274
133 143 203 253 278
113 143 220 227 292
114 153 212 228 268
132 178 206 253 285
113 175 181 222 295
107 172 215 258 272
114 148 182 225 297
125 151 211 222 273
133 140 197 251 279
110 154 191 248 295
116 173 209 241 271
130 159 196 259 270
132 169 195 242 280
130 172 218 258 280
125 180 181 255 276
100 157 213 246 261
115 143 191 253 261
119 170 218 220 275
135 168 214 237 274
135 178 212 225 262
117 149 193 221 272
120 143 193 228 261
120 158 207 234 263
100 167 195 257 265
135 149 185 255 290
129 174 189 233 299
102 176 204 235 279
101 176 199 242 280
116 154 203 237 261
110 156 186 247 269
102 165 192 221 267
102 146 190 235 267
111 165 183 238 281
127 160 188 249 274
123 152 181 243 279
123 147 205 223 263
110 166 184 256 279
122 141 211 260 296
115 140 186 235 273
120 140 188 253 277
101 170 213 223 287
108 150 207 251 275
112 141 188 253 265
138 173 215 259 262
133 173 201 253 298
138 176 192 240 281
118 165 217 225 290
103 167 188 250 261
107 177 213 230 288
117 175 189 252 287
102 167 182 231 261
116 153 217 256 267
129 142 210 226 294
123 160 200 221 276
106 174 211 231 264
110 176 203 240 263
116 179 207 259 296
100 149 186 244 277
126 167 199 229 286
132 168 184 239 277
116 168 210 235 282
119 147 187 226 285
138 161 200 255 294
106 180 186 251 296
111 164 192 234 269
120 175 197 237 284
131 141 180 235 269
134 140 192 254 273
105 177 218 244 261
100 168 188 246 295
140 147 214 249 269
102 171 184 238 275
115 167 202 229 270
125 177 217 221 299
120 166 204 238 262
139 157 204 244 263
111 157 205 224 294
120 171 193 232 268
112 146 203 247 300
137 152 203 255 272
105 156 188 246 292
139 161 215 229 288
133 168 220 222 275
133 165 214 237 283
122 160 187 224 291
112 145 185 253 294
120 150 212 231 261
125 151 182 234 282
116 161 214 236 266
101 154 186 227 284
126 146 182 260 296
113 144 183 260 284
131 159 187 249 262
140 173 185 234 260
140 163 195 228 291
116 159 184 232 272
126 180 216 228 269
100 148 210 240 260
113 151 185 240 282
118 155 209 251 279
139 144 219 243 282
130 164 194 228 294
114 179 216 228 278
116 177 216 239 279
135 171 202 237 300
138 151 214 260 294
128 168 206 249 298
133 180 203 234 264
105 166 192 247 280
122 153 192 225 295
123 171 208 260 297
112 166 219 244 290
121 151 186 247 287
118 166 212 256 261
133 169 208 232 271
121 142 189 258 273
105 166 207 239 274
137 165 187 250 289
137 158 200 238 274
139 157 183 227 272
135 148 192 234 291
132 161 209 244 296
131 150 186 241 267
117 180 186 229 271
114 142 195 242 261
101 155 197 248 275
102 168 196 250 298
120 160 215 251 268
138 146 205 243 295
122 149 189 225 279
118 161 185 260 270
111 154 212 238 261
129 154 206 257 268
139 164 204 223 285
133 156 187 237 264
108 157 192 226 266
131 161 198 222 284
104 140 203 227 266
108 174 199 224 263
120 171 180 226 291
116 171 189 223 267
114 175 195 255 266
117 165 197 255 275
117 176 209 253 271
120 174 216 252 277
132 162 213 240 283
138 166 187 220 260
103 174 203 235 280
116 152 215 226 265
118 145 207 250 280
131 154 190 249 278
123 153 213 227 273
122 177 218 242 291
105 170 204 240 293
109 140 185 252 287
109 162 203 232 261
100 170 219 228 290
134 163 208 255 268
137 173 204 224 289
103 141 200 240 297
100 154 219 233 269
105 158 211 230 300
117 157 206 251 273
130 180 184 251 261
126 167 200 229 268
131 145 187 246 261
136 155 194 235 272
114 171 190 228 279
100 155 211 225 267
116 150 211 221 286
103 150 211 250 277
126 140 209 228 287
133 150 215 252 288
112 141 191 234 285
118 156 208 249 269
103 171 216 234 285
126 175 207 233 272
114 177 205 231 262
108 154 186 232 270
122 168 215 250 292
113 172 219 244 295
121 152 217 231 279
133 169 195 229 296
138 161 219 228 278
125 160 201 247 269
136 171 204 247 276
121 145 210 254 282
124 161 197 234 270
118 157 201 228 272
120 167 219 225 273
127 167 196 243 271
100 144 196 251 267
121 152 206 226 288
135 152 187 227 278
139 173 214 239 283
127 143 216 256 264
119 150 203 228 291
124 174 220 248 267
115 166 205 230 275
131 163 211 226 268
120 169 202 243 265
135 166 194 239 300
100 160 195 252 284
118 172 194 231 297
132 149 193 256 270
118 177 204 256 292
106 150 204 226 292
103 161 189 246 264
137 140 208 249 274
137 157 185 231 265
140 178 196 240 279
105 158 216 256 261
100 157 209 227 289
133 143 212 256 272
100 146 216 253 289
139 172 188 222 287
137 178 195 247 293
123 180 216 234 296
131 145 199 244 287
131 159 197 230 293
129 167 201 222 273
109 157 219 254 275
123 174 202 257 284
103 150 185 233 287
108 159 187 255 261
137 150 191 247 293
119 158 220 232 283
120 169 183 251 294
104 169 196 239 275
100 142 209 227 292
136 145 206 260 261
103 177 184 245 266
129 146 214 257 294
101 155 194 236 299
2108 3706 4463 4800 6292
4699 5785 7151 8797 9463
2930 3713 4243 5187 6361
5225 6589 10069 12091 13502
3688 5578 6731 7116 9549
2670 3838 4521 5490 6569
2274 3244 4103 5425 6504
3613 5365 6977 8378 9288
2720 4258 4979 6060 6925
5949 7435 9912 10182 12208
4962 5547 7694 9723 11323
3200 4826 5218 7292 8413
4157 4769 7492 7968 9465
4755 8282 9270 11715 13878
3663 4418 6073 6711 7698
1530 1947 2624 3211 3484
2172 2992 3876 4801 5726
4227 5672 8106 9133 9893
1817 1882 2494 2989 3445
1491 1947 2559 2950 3901
5482 7692 9119 11558 13813
5585 6570 7390 10139 12067
3866 4592 5927 6566 8278
3663 4621 5898 7407 7669
4332 4794 6743 7932 9616
1593 2158 2627 2676 3193
2185 2778 3499 4124 4380
1879 2611 3497 3820 4518
2066 2543 3292 4347 4943
4881 6142 9168 9882 11059
5048 7234 9209 9840 12445
2174 2879 3963 4819 5390
4105 5674 7051 7948 8780
5817 6654 8459 10969 11585
1971 2873 3377 3972 4964
3853 5094 5994 7142 8941
2270 2492 3224 4245 4909
2529 3160 3502 4692 5395
4157 5960 6981 7866 9499
4671 6004 6745 8411 9929
4113 5590 6671 9301 9805
1673 2522 3340 3532 4189
5679 6520 7781 10849 11395
5814 6355 9236 11263 11713
5641 7358 8371 10396 11453
1517 2077 2650 3223 3614
1829 2090 2611 3262 3796
5497 7164 9517 11429 13832
4308 6632 8870 10935 11666
3009 3685 5011 6388 6738
6759 8210 9961 12612 13763
4802 6731 10023 12186 13173
4733 6895 9011 11398 12748
3373 5085 5550 6769 8394
4839 6100 6836 8167 10443
5339 5873 7555 10509 11042
5791 8733 8831 10988 14027
2700 3506 4657 5555 6407
6219 7390 8696 10497 12028
6134 7752 10792 11037 13194
3576 4302 5637 6885 8627
1373 2038 2715 3145 3913
4119 4930 5921 7572 7993
1152 1792 2090 2664 3071
2649 3882 4081 5402 6217
4833 6274 7571 8472 9949
6589 7624 10163 10728 12938
5157 6679 7187 8826 11167
1674 2621 3132 3432 3943
4209 4450 6431 6642 8803
5380 6406 7760 9483 11001
3389 3857 5653 6590 7501
3982 4418 5347 7263 7669
5341 7191 7966 10289 11838
3520 3806 5107 5810 7059
3677 4854 5807 6508 7825
3608 5734 7751 9336 10381
2185 2426 3403 3548 4557
2043 2836 3683 4008 5216
3824 6101 6451 7957 9463
1647 1908 2820 3171 3549
2377 3736 4865 5601 6223
1809 2710 2891 3747 4393
6129 8065 9686 10857 11847
3848 5770 6891 7820 9389
5489 5810 7331 9852 11773
4299 5092 6182 7602 8758
3369 4114 5075 5484 6301
5529 7048 9671 11834 12617
1159 1620 2081 2312 2943
4909 5820 7011 8867 10163
1898 3251 3539 4350 5053
3714 4838 7492 8853 9091
2277 2782 3792 4098 4765
6219 7795 9641 10767 12162
3341 5456 6314 7338 8990
4545 6094 6959 8904 10093
4041 4522 6283 7788 8941
5693 7262 10694 12459 12851
1028 1640 2181 2472 3013
4519 5955 7514 9976 11002
4970 7390 7883 10426 11944
6219 7840 9731 10812 13153
3609 4930 5501 7723 8263
5096 7450 10331 12444 14077
2365 3184 3450 4249 5295
4849 6302 9164 10573 11849
4041 4418 5289 6914 8046
3819 5350 6491 7572 8683
6085 7164 9566 12606 13880
3636 4908 6118 6863 8569
5049 7435 8426 11398 12613
2947 4014 4978 5862 6903
5011 6734 8744 10098 11903
3819 6670 7374 9151 10928
3397 4266 5948 6592 7657
4264 6546 8029 9702 10995
2115 2818 3503 4692 5251
3733 4126 5247 6312 8190
6495 8188 10022 11527 13690
3845 5050 6059 6872 7432
5949 7075 8516 11443 11758
2025 2602 2971 3676 4253
2389 2559 3428 4245 4960
2569 3470 3711 4852 5733
2746 3483 4864 5992 6614
1409 1800 2171 2462 2712
1745 2222 3050 3134 4059
4908 7213 10547 11429 14371
1439 1748 2277 2861 3115
5459 7310 9011 12963 13013
5008 8760 10261 11862 14163
2168 2849 3683 4347 4585
3729 4720 6432 6792 8293
5498 7075 9686 11622 13468
4329 5482 5963 7212 9037
1523 2485 3207 3507 3928
5153 8046 9762 11871 13096
3851 4872 7118 7832 9363
4272 5873 8663 9442 11289
5299 7324 9165 10178 13032
3654 4817 5438 6168 7168
1964 2390 3139 3991 4621
4896 7812 8471 12045 13173
4168 6770 8291 9892 11133
4454 6242 8105 8790 11261
5577 8170 9803 11244 12925
3314 5230 5550 7030 8539
2439 2710 3539 4152 5089
3321 4330 4667 5772 6493
5905 6918 9383 11056 12553
1964 3002 3632 4024 4518
3088 4742 5891 6760 7769
4904 8363 8795 12157 12973
2007 2764 3972 4008 4927
5509 7798 9339 9735 12729
2553 3370 4667 5941 6758
5078 6226 7485 8411 9744
3308 4729 6645 8362 8890
3519 4240 6402 7603 8023
4460 7361 8579 9798 11647
1248 1770 2191 2432 2953
4073 5162 6699 8140 9389
1401 1966 2459 3133 3133
1189 1420 1971 2352 2864
3782 5076 7492 8104 9431
6085 8194 9615 10939 12753
4893 5819 7263 8744 10003
3986 6758 7460 9958 10426
4069 6275 7011 7852 10303
2650 3297 3811 4933 5333
1869 2275 3101 3417 4183
3311 4664 5185 6486 7189
4419 5085 7011 7852 10234
4104 5587 8046 9256 10699
5679 7480 8471 11217 13108
1493 2012 2826 3471 3723
4429 4804 6335 8207 9091
4088 6930 7611 10412 11973
2718 3202 4043 4947 5830
2892 4658 5555 6760 8105
4338 6836 7265 8943 11089
2296 3310 4279 5491 6107
5790 7671 9129 10822 12468
5649 7201 9176 12139 13173
1731 2362 3078 3120 3765
1527 1814 2079 2630 3280
2489 2850 4332 4412 5633
1058 1410 1861 2523 2904
2650 3297 3773 4325 5276
5097 7066 9467 10956 13742
2696 4330 5051 6252 6444
2891 3970 4059 5380 6041
3735 4789 5465 6762 8032
6166 6919 9552 11104 13361
5414 7483 9928 11998 12374
4068 5435 6766 9042 10338
2789 3070 3831 4872 5933
3438 4762 5546 6195 7249
4699 5785 7571 8482 10023
3341 5521 7239 7701 9418
4530 5422 5951 7734 8923
3059 4485 4986 6362 6763
2255 3433 4043 5094 5830
5859 7570 9731 10317 13198
1377 1690 2195 2821 3494
1829 2207 2858 2884 3796
3825 5590 6563 8473 9482
4297 5738 6955 7724 9069
4073 5002 5899 8205 8493
2329 3090 3871 4873 5493
3708 4411 5789 5978 7843
4725 6058 7139 9084 9913
1068 1620 2061 2593 2633
3654 4492 5708 6492 7573
5857 7406 8783 10418 12354
1699 1986 2650 3002 3874
3849 4209 5801 7482 8713
3369 4522 6124 7277 8462
1461 1738 2568 3049 3169
3578 5689 6403 7798 9500
2908 5115 5927 7001 7669
1881 2698 3387 3868 4365
4874 5400 6381 7782 10479
2558 3660 5362 5637 6713
5206 7048 8705 11558 13721
1118 1459 2191 2602 2953
6379 7360 10449 11527 12900
4868 6490 9642 11308 12478
6125 7138 8591 11012 12597
2809 3170 4251 4812 5353
1389 1762 2315 3109 3277
4314 5505 6591 7712 9218
1929 2490 3003 3596 4702
5006 8439 9958 10988 13880
3418 5497 6676 7235 9220
4885 7140 8291 11467 12848
3114 3713 4289 5555 5993
1763 2620 2785 3837 4453
5595 6352 9083 10554 11689
4755 6637 9599 11339 13926
1317 2014 2267 2880 3349
4257 4474 5777 7484 8104
4123 5144 6982 7696 8853
6307 7577 9599 11997 12421
2733 3560 4936 6212 7514
2907 3414 5072 5486 6545
3753 5290 6443 7532 9197
4905 5482 6599 9301 10093
2061 2800 3611 4350 5035
3004 4546 6143 7292 8357
3488 5260 6311 7272 8443
3308 5290 5591 7542 8863
2066 2679 3122 4245 4858
1388 1966 2423 3096 3385
1699 1973 2572 2989 3432
6659 8360 10761 11662 13813
2738 3936 5706 5992 7111
6526 6967 10203 12655 13194
2009 2811 2987 3532 4685
6633 8410 10091 12396 12540
4233 4586 5995 7917 8621
2133 2674 3305 4585 4873
3492 4384 5222 6654 7600
3708 4465 5708 6816 7194
5196 5977 7031 8826 10777
5602 8000 8941 11950 12985
1018 1460 2172 2302 2783
5448 8635 9419 10792 13390
3481 4536 6460 7514 8631
3341 4126 6032 6480 7601
1946 3355 4040 4192 5200
4990 8329 9505 11339 13690
5637 7024 9167 10890 12571
5079 6718 8279 9528 11362
3785 5098 6860 7468 8429
6589 7389 9364 11104 12562
2329 3130 3991 4812 5353
6809 8310 10511 12212 14313
3369 4266 6031 6956 7825
3851 5756 7288 7560 9261
2188 3470 4211 4852 5593
3753 5050 6743 9157 9950
3374 5488 6875 7668 9517
1543 2090 2819 3015 3796
3341 4938 5723 6200 8357
4954 7148 8525 10504 12010
4497 5785 6413 7371 9715
2321 2696 3070 4398 5096
1810 2985 3615 4398 4739
5203 7556 9567 11381 12998
1944 2290 3176 3462 4393
6401 7906 10257 12044 13078
4725 5662 7139 9156 9949
4265 5330 8334 9360 10273
1534 2503 2587 3541 3793
3089 4070 5808 6397 7293
2108 3550 3991 5152 5973
3952 5008 7355 8274 10043
5385 6856 8369 9420 10975
4755 7150 9126 9336 11563
2150 3412 4505 4821 6292
4559 5785 7361 7886 10513
3977 5002 5963 7308 9134
2907 3265 4106 4737 6292
4167 5257 6578 7437 9748
5049 6730 9083 12205 13117
4103 6913 8552 9489 10855
4587 6100 7655 9420 12068
1884 2545 3101 3312 4453
6170 6478 8063 9868 12201
1263 1814 2068 2652 3049
6169 7931 8239 9824 11629
2985 3826 4619 6253 6325
3506 5290 7205 8130 9385
6249 6778 9611 12253 12493
2865 3265 3917 4842 6250
5152 6041 7485 8966 9855
5634 6625 8426 9957 12299
2117 2491 3649 4296 5096
5961 6730 10524 10908 12541
3009 3710 5236 6462 7063
3278 4720 6221 7723 7963
4874 5785 6451 8973 9148
1593 1713 2291 3072 3577
1492 2488 3035 3204 4171
3411 4195 5951 6546 7789
2032 2781 3581 3905 4892
3628 3817 4925 5979 7331
3901 4406 5835 6900 7741
1647 1843 2507 3354 3510
3450 5281 6087 6894 8166
5469 7066 8201 10428 12151
1318 1649 2222 2851 2873
3746 6412 7116 8152 9707
5809 8461 9261 12113 13063
4436 5914 8703 10180 12026
6821 7017 10105 11037 13488
4581 6382 6743 9084 9877
3109 3560 5262 6213 6588
1130 1781 2333 2476 2906
2957 3684 4609 5512 6173
4977 6166 7715 7968 9841
4493 6547 8030 8448 9969
2529 3410 4131 5092 5493
4869 5914 7895 8436 10057
1826 3142 3539 4657 4981
1776 2475 3701 3888 4876
5207 6496 9902 10868 12479
2121 2378 3323 4172 4333
5144 7066 10283 11436 14413
4220 5821 8163 9216 11323
3033 4306 4619 5940 6469
2025 2782 3377 4063 4766
4132 4412 6646 7266 8197
2189 2970 3731 4692 5874
4008 5435 5870 7204 8879
3006 4168 5087 6763 7870
5052 6406 7473 10673 10960
4142 6406 8513 9216 11323
4987 5672 7992 8866 10007
2275 3134 3972 5139 5756
1279 1740 2041 2502 2773
2577 4019 4547 5797 6349
2842 4040 5419 6252 7345
3636 4753 6181 6925 8414
2976 4546 5443 6984 7965
1422 2068 3008 3513 3849
3453 4210 5387 7040 7881
2110 2140 2711 3327 4334
4313 6242 8868 10098 11411
3009 3585 4736 6187 7264
1929 2650 3312 3342 4063
5840 7262 10449 11821 13243
4804 6310 6976 8797 9252
4429 5450 6131 7594 9431
5251 8095 10301 12753 13096
1896 2628 3411 4195 4450
3977 5590 6118 6925 8972
4201 4490 5803 7629 8813
3819 5190 8004 8967 10077
1318 1968 2255 2476 3148
1941 2040 2783 3470 3681
3158 5051 5441 6882 8834
1803 2116 2754 2950 3562
6624 8536 10546 11183 14027
4069 4980 7152 7992 10059
2318 3517 4443 4863 5851
3592 5290 6507 7660 9485
2049 2458 3445 4109 4739
1793 2730 3581 4058 4909
4608 6818 9948 10408 12157
5685 6331 8740 10892 11236
1641 2074 2603 2940 3132
5503 6488 8293 9278 11575
2318 3904 4499 5490 6173
2764 3728 5419 6330 7736
4540 7358 8591 9956 12950
2460 2688 4039 4781 5352
2844 3076 3812 5157 6208
2745 3634 4908 5340 6806
3657 4554 6027 8269 8365
4584 6301 9383 11276 12905
1308 1973 2599 2885 3784
2100 2423 3292 4330 5045
3045 4058 4450 5233 6913
3624 3650 5237 6096 7111
5108 7710 10112 11913 13563
1653 1978 2194 3084 3541
1353 1762 2339 2892 3590
2769 3470 3650 4772 5933
1628 2410 3311 3822 4243
1562 2222 2769 3400 4171
1824 2155 3087 3703 3988
1974 2651 2726 3597 3958
5621 6588 8797 11881 12433
5320 7906 9740 10869 13361
3357 4843 5627 6141 7897
2891 3816 4235 5270 6239
3729 5311 5591 7173 9221
3857 5190 7412 8708 10411
5462 6447 8580 9975 11944
4139 5435 6311 7887 9429
2340 3013 4548 4758 5515
5508 6872 10023 11198 12562
5529 6130 8051 9172 11213
4116 6226 6819 9374 9744
3753 4778 5995 7884 9486
4021 5961 6369 8206 9261
2156 2784 3811 4877 5067
5226 7060 8894 11716 12515
5805 6910 8429 10408 13170
1472 1880 2321 2641 2950
3408 5144 6165 8105 9806
3561 5354 6411 7532 8813
3856 6486 7263 9337 9929
1152 1583 2024 2862 3160
3059 4485 5186 6387 6712
1879 2901 3428 3854 4603
2223 2692 3467 4242 5161
1644 2290 2711 3673 3928
4930 5745 7633 8152 11113
1483 1605 2112 2542 3005
1849 2666 3275 3756 4445
4804 5119 7431 8622 10198
6025 7154 10070 10869 12468
4416 5782 7265 9646 11246
3648 4910 7117 8833 9428
5546 7948 9566 12655 12998
6159 8560 10211 12362 13263
1787 2390 2895 3554 4213
1159 1600 1811 2543 2833
3264 4505 5622 7143 8508
4880 7528 8159 10638 11815
3465 4168 5249 6168 7951
5377 7887 8019 10528 11893
5209 5729 8291 9252 12013
4463 5722 7185 8308 9839
1854 2516 2831 3342 4003
4957 7360 10694 10792 13734
1341 1834 2604 2784 3253
3986 6328 8006 9528 10855
5240 7306 9275 11580 14174
2439 2547 3593 4440 4981
5040 6913 8162 9411 11128
6809 8360 10511 11162 14313
4489 6170 7466 9042 10233
1349 1730 2021 2482 2923
2057 2890 3435 3820 4188
3408 5158 6050 8197 8725
1817 2522 3500 3564 4221
2384 3297 3868 4268 5181
1497 2050 2363 2796 3313
2608 3685 4986 6163 6913
2517 3178 4257 5711 6019
2760 3475 4358 4779 5641
5040 6288 7837 9687 11882
3357 4629 6801 6832 8352
3922 6090 7117 9323 10159
2213 2670 3641 4268 5239
2407 3332 4323 5204 6350
2287 2747 3139 4041 4467
5301 7066 7570 10848 12319
3374 5422 6611 7965 9814
2117 2993 4001 4648 5694
1400 1460 1921 2332 2763
5339 7227 7555 9073 11370
4227 6014 7802 8980 10159
1947 2475 3547 4399 4688
5421 7799 8327 9824 12861
1899 2710 3377 4333 4856
2423 3275 4910 5946 6752
4041 4554 6668 7788 8429
2406 3794 4719 5732 6063
5414 7483 8894 11151 12703
4179 4900 5501 7422 8263
4911 6128 8106 8828 10121
2201 2570 3163 3660 4605
5240 7642 9323 12444 14029
2781 3794 4103 5490 6349
1844 2818 3341 4549 5017
5805 7370 9993 11558 12065
1815 1969 2909 3372 3933
1351 1847 2288 2498 3170
1506 2096 3092 3120 4074
2891 3133 4851 5446 6437
3368 4322 5891 7124 8329
1569 2170 2922 3628 3988
1280 1798 2640 3085 3325
5189 5781 7744 9521 10780
5817 7446 8503 9912 12377
1880 3233 3485 4477 4765
4416 6318 7953 9626 11071
2571 3622 4547 4631 6208
3459 4435 5336 6487 6887
2952 3952 5898 6519 7141
5038 6872 8754 10823 12469
5153 7948 9468 12654 14419
5436 8152 9211 11880 12847
6542 7718 9928 11574 13737
2687 4092 5030 6253 6773
5037 8047 9740 10446 13643
4977 6058 7931 8111 10345
2937 4157 5347 6741 8395
5742 7115 10253 11282 13929
4068 5818 6908 7899 9880
3545 4430 4743 6486 7241
5391 6680 9994 10178 11973
1329 2075 2327 3013 3181
1199 1640 1841 2533 2703
4039 5187 6180 6956 8910
5508 8660 9661 12713 13413
2759 3310 4015 5425 5931
2277 3286 4212 4842 5683
2296 3729 4191 4984 6152
3824 4910 6801 8623 9393
2745 4090 4787 6133 6397
4153 5449 7301 8486 9818
5696 8376 9458 11574 12985
4035 5026 6050 7536 9386
2313 3233 3521 4044 4999
3849 4299 6551 7602 8323
2457 2584 3557 4512 4909
3528 5290 5803 8269 9325
5556 7406 8869 9988 12311
6759 8960 9761 11112 14413
2729 2990 4372 4832 5213
3441 4248 4795 6200 6981
3172 4882 5471 7096 8161
1777 2311 2402 3210 3679
2121 2826 3019 3852 4717
5385 6436 8705 10092 12109
2156 3317 4154 4344 4953
2329 3050 4011 4552 6014
2844 3871 5439 6330 7601
4395 5552 7321 7662 9771
3177 3658 4499 5436 7118
1388 1942 2315 2976 3601
1803 2142 2546 2963 3692
3411 3925 5330 6789 7600
3509 4434 5555 7292 7937
1174 1715 2322 2608 2961
3885 5722 6233 8070 9737
3849 5611 6700 7180 8365
5052 5791 8539 9196 12109
3460 4505 6101 6914 8307
4997 6073 8912 10978 11623
1800 2602 3515 4156 4317
5859 8020 8921 10992 11848
4064 6055 7733 9021 11480
6489 7690 10139 12252 12780
3330 4573 5195 6573 7276
3824 5225 6766 8623 9498
5759 8106 9073 10178 13215
5721 7360 9041 10260 12109
3952 5246 7389 8342 9771
3400 5354 6155 8237 9101
4708 5301 7189 8929 10299
3605 5201 6159 6740 8365
2865 3922 4451 5556 6877
2171 3139 3812 5032 6020
1980 2934 3666 4177 5062
4769 5960 7676 8657 9182
4149 6858 8130 9483 10673
5089 7050 8251 9692 12013
3908 6172 8006 9645 11518
3748 5280 6437 8716 10213
3689 4554 6092 7245 8494
2440 2818 3305 4080 4693
1309 1580 1911 2422 2723
1686 2064 2429 3314 3861
1538 2546 2786 3628 3958
5721 6778 10572 11148 12829
4169 5514 6315 8204 8781
3683 5330 7046 8167 9989
6009 7978 10139 11484 14413
5113 7182 8547 11144 12157
2108 3517 4022 5010 6251
2793 3514 5196 5316 6493
3006 4492 4871 6168 8006
1963 2764 3751 4415 4671
6759 8360 9511 12362 13763
1472 1924 2079 2850 2906
3884 5218 6739 7111 8290
5273 7953 8612 12233 12374
1399 2194 2846 3197 3523
1483 1847 2255 2487 3225
4617 6274 7643 9228 9480
6609 8460 9311 11412 14263
3008 5380 6521 7572 8683
2561 3437 4933 5831 6453
2307 3335 4096 4382 5694
3627 4519 4871 6979 7276
3870 5521 6182 8328 9385
5790 6683 10258 11339 13079
4923 6484 7109 9528 11167
2308 3336 3545 4211 5086
2709 3390 3751 4532 5333
2121 2458 3163 3788 4701
2341 3156 4367 5094 6372
5816 8218 9899 12348 13933
1436 2461 2713 3148 3723
1629 2260 3147 3372 4334
3627 4086 5762 6843 7735
2372 2866 3139 4245 4552
1452 2012 2637 3198 3484
2609 3010 4051 4692 5933
3369 4882 5695 7012 7321
3068 4150 4588 5877 6015
4361 5518 7287 8614 9363
3206 3920 5071 5279 6315
4770 5484 6539 7696 8955
2769 3778 4907 6060 6637
2276 3475 4001 5241 6229
5759 8014 9809 11650 13307
6125 7358 9339 11012 12993
3492 4816 5708 6303 7789
1629 2681 2741 3327 4199
1219 1490 1951 2362 2934
2338 2985 3121 4415 4603
3399 4450 5651 7573 8353
5609 5810 8772 9492 10413
4503 7025 8412 9336 11227
1285 1671 2002 2465 3259
3177 3682 4451 5941 6421
3284 3985 5947 7236 8357
4220 5743 7655 9567 11480
4437 5873 8417 9361 10796
1334 2156 2520 2898 3667
1428 1748 2409 2531 3203
3636 5032 6273 7297 8259
1773 1984 2825 3597 3779
3884 5444 8182 8676 11148
5729 6786 8723 11144 11717
2083 2441 3241 4399 4943
3922 6509 8144 8676 10083
2313 3160 3467 4638 4783
2460 3411 3944 4952 5142
1316 2098 2531 2700 3421
1947 3054 3224 3888 4569
4480 7019 9300 9945 12268
1824 2665 3236 3401 4438
5215 6052 7611 9474 10729
3082 4940 5579 7233 8191
3229 4630 5751 6284 8217
2202 2985 3598 3973 4739
1633 2026 2980 3499 3723
1583 2485 3311 3672 4513
1038 1600 2031 2592 2943
6025 8094 9975 11480 13173
3309 4385 4636 5587 7488
4954 6460 9386 9515 12828
2466 3139 4211 4674 6251
1163 1924 2189 2663 3236
5343 7234 7781 9420 12361
2760 3538 4127 4716 6082
3460 4911 6130 7088 7611
4913 8111 8291 10542 13333
1899 2362 2755 3246 3989
2509 2990 3671 4752 5553
4029 4840 6131 7122 8713
2913 3750 4499 5666 6129
1461 1836 2145 2751 3005
2295 2944 3503 4170 5377
1329 1760 2021 2512 2663
1451 2168 2754 3275 3679
3493 3754 5602 5940 7085
4761 6094 7895 8436 10345
3634 5230 5608 7030 8191
4301 5893 7374 9410 10262
5431 5665 7538 9021 10894
1058 1580 2061 2462 2813
5126 6245 8396 9644 12484
4809 6530 7251 9012 11814
1665 1714 2580 2700 3301
4609 7492 8439 10160 12440
2456 3778 4907 5988 6829
2041 2762 3531 3756 4733
1478 2299 2442 3249 3549
4778 6985 9641 10497 13378
3930 6004 7004 9448 9855
5559 8160 9311 11912 14113
5409 5930 8371 9652 10733
3139 5249 6273 7080 9003
2574 2955 3526 4610 5618
1824 2380 3312 3372 4333
4105 5450 5771 7596 9229
3374 5917 7139 8130 8989
3866 4940 5463 6421 8249
3736 4060 4952 5952 7709
4489 4682 6475 7884 8557
3782 5375 6782 9004 11003
2539 3156 4566 4918 5909
5427 6933 8740 10762 11365
3431 4186 5260 7060 8540
3593 4842 6124 7244 8590
1908 3050 3964 4496 5048
3273 4090 4619 6036 6325
6409 7710 9911 12062 13513
2083 2917 3445 3820 4807
1068 1731 2172 2252 2673
1400 1954 2603 2808 3505
1689 2474 2881 3456 3863
6489 8122 9035 11052 13165
1984 2898 3888 4211 5391
1833 2746 2955 4061 4429
5626 6488 8908 9236 12149
2389 3010 4372 4872 5453
2913 3874 5267 6204 6613
2406 3420 4653 5116 6437
1896 2986 3309 4160 4501
4563 4761 7205 8493 9913
4301 5338 7633 8559 10966
4911 7708 7751 10677 11494
2937 3754 5171 5940 6757
5708 6898 8129 10262 12313
1913 2618 3259 4092 4333
1029 1631 1821 2333 2764
4256 5404 5839 7080 9127
2864 4098 5723 6929 8021
6509 7860 9811 11662 14263
2169 2843 2907 3564 4429
3644 5086 7464 8616 10598
2289 3410 3731 4852 5573
3227 4273 6101 7262 8423
1269 1459 2161 2542 2743
3441 3650 4691 6096 7736
1263 1561 2267 2664 2895
1369 1490 2181 2452 2733
5987 7850 10791 12605 13145
2686 4430 4769 6200 7632
1353 1726 2424 2664 3374
5556 6331 7923 10074 12527
3571 3858 5471 6642 6773
1334 2038 2559 3172 3640
4584 7710 8767 11364 12553
5602 8141 10163 10869 13079
2043 2800 3738 4368 4765
4042 5301 7375 8485 10115
5274 7570 8381 10137 12974
4004 5486 7818 9040 11039
1279 1550 1911 2432 2973
5458 8761 9611 11562 14413
3425 3985 6059 6704 8161
3593 4810 6892 7532 8781
4683 6078 7637 10181 11247
5861 6301 8943 11144 12245
3286 4157 6392 6595 8481
2631 3529 4888 5256 6177
4761 6418 7427 9120 10273
3399 5261 5441 6672 8864
3325 5342 6676 8010 8445
3087 4006 4925 6087 8033
3759 4540 6342 6672 8203
3467 3649 5133 6538 7267
1108 1550 1921 2492 2963
5113 7622 9207 10616 11937
1699 2077 2559 3379 3523
2781 3559 4106 5094 5893
5339 7062 8949 10590 11492
1759 2530 2544 3582 3877
2108 3307 4485 5179 5494
5759 7160 9561 12663 13063
2389 3410 4372 4412 5513
3789 4714 6003 6648 7685
4194 5528 6583 6987 8135
2349 2990 3872 4432 5454
3969 4729 6381 7537 8626
3729 4908 6429 7266 8166
4108 6857 8006 10550 10878
1764 1947 2416 3327 3783
6330 8536 9272 11429 14664
5006 8635 10007 11527 13684
4351 7579 8568 10418 12053
3373 4476 5899 6885 7582
3419 4846 5777 7670 8352
2967 4796 5580 6421 7757
3579 5120 6662 8238 9359
4560 6775 7514 9770 11534
2676 3370 3959 5241 5767
5052 6242 7432 9976 11452
4683 5596 7802 8486 10007
1988 2998 3323 4621 5035
1839 2124 3176 3912 4453
2654 3230 4289 5418 6293
2769 3230 4335 5832 6384
4957 8340 10449 10939 14076
2708 3760 5186 6288 6888
2361 2971 3959 5326 5578
3183 3989 4956 5969 6038
5861 7622 8855 11144 13125
6219 7930 8651 10812 12658
4729 6610 8691 9012 11613
4746 7693 8659 11513 12019
5144 8506 10235 11052 13837
1647 2460 2657 3540 4031
4497 7359 8019 10177 11497
2445 3223 4569 5388 5620
5943 6541 9671 10408 13537
6159 8010 10011 11062 13813
4354 7145 8663 9483 10837
5288 8459 9755 11532 12637
5228 8065 9326 11667 13333
2808 4182 5219 6845 7770
4671 6189 7374 8485 10595
1329 1690 1851 2402 2783
3373 4882 6101 6827 8191
3222 3979 5060 6114 7709
6219 7255 9011 11487 13243
1068 1810 1871 2522 2973
1674 2470 2891 3522 4048
3969 5785 6512 7833 9385
2106 2266 2891 3773 4317
1349 1409 1931 2553 2743
2633 4435 5462 6112 6538
1908 3202 3583 4686 5619
4909 5154 7501 8727 9428
4598 7706 8291 10723 12388
3459 5020 6071 6882 8113
3259 4612 5653 5757 7787
4089 5654 6947 8104 8921
2233 2522 3275 3916 4221
4449 6290 8211 8972 11774
1689 2405 2713 3260 3765
4936 6434 8943 10880 13213
5900 6546 8740 10977 11709
3788 5626 6779 8868 10526
5430 6289 8396 8943 11245
5728 7234 9472 9558 11838
5196 6445 8357 9255 11050
3425 4490 5247 6284 8162
3145 4070 5191 7097 8246
1449 1810 2556 2784 3145
3884 4691 5653 7266 8756
4765 6611 8786 9688 10919
3442 5246 6335 7730 9670
3789 4390 5471 7813 8893
3851 4906 6233 8853 9669
3677 4462 5247 6985 7349
4070 5028 5376 6798 7553
3789 4411 5276 6168 7870
5461 7483 8659 10916 12797
5553 7930 9515 10044 11849
4808 7114 10092 11533 12493
4981 6654 8151 10573 12422
1661 2180 2937 3526 3919
2650 2745 4172 4629 5371
2089 2634 3115 3660 4717
3086 4843 5843 6168 7519
2212 3373 4115 4553 5314
3654 4627 5465 6411 8113
2493 2727 3863 4692 5305
5385 7066 8663 10470 12529
5462 7390 8334 9606 10837
1373 2168 2507 3223 3653
3547 4447 5579 6537 8569
6035 8389 10203 12752 14566
4488 6650 8771 9772 11613
5575 6956 8567 11374 13215
2959 4160 5311 6412 6538
3733 4742 5835 6508 7601
2429 2850 3791 5173 5473
3683 5820 7256 8377 9603
6174 7435 8426 11262 13018
3434 3960 5011 5962 6863
6960 7860 9161 11362 13613
5409 5930 7691 9372 11653
1461 1781 2310 2696 3269
3415 3910 4847 6279 6955
3168 4871 5033 6195 7330
3087 3844 5277 6547 7060
1220 1870 2375 2989 3313
3884 6394 7459 9512 11337
5409 7210 9686 11307 12073
2079 2199 3086 3657 4438
4523 5523 7004 8337 10337
3313 4518 5191 7293 7573
2562 3552 4888 5486 6016
4395 5246 7015 8750 9125
5569 6570 8171 8932 11413
2403 2818 3377 4278 4765
1845 2679 3276 3854 4535
3284 4035 4961 5562 7113
2505 3370 4884 5461 6398
1953 3143 3594 4044 4747
3489 4969 5231 6566 8453
1169 1721 1901 2242 2683
2745 4210 4691 6132 6397
3870 5455 6512 8427 9088
3869 5818 6908 8361 8956
1208 1750 2171 2532 2783
4497 5518 7253 8172 9635
2218 2667 3003 3532 4173
4128 6971 8131 9412 11213
4997 6546 9257 9730 11408
5673 6970 9947 12012 13453
6297 7402 9131 11964 13357
5790 7201 10023 10681 12844
5986 8683 10693 11870 14272
3473 5620 6743 7932 9682
2080 2670 3526 4801 5467
4042 6004 7523 8596 9670
5008 8510 10962 11412 14513
4565 5552 7083 8682 9125
4393 5546 6539 7180 9261
3201 4381 6211 7452 9221
4408 6786 9648 10264 11849
5153 7752 10350 11282 14714
1413 1894 2483 3024 3289
2219 3071 3139 4279 4450
4545 6022 7211 8256 9661
5642 6245 8052 10591 11236
2185 2490 3115 3772 4365
3657 5483 6091 7308 8941
4908 7605 10351 11037 13096
4765 6160 8663 9073 11739
1450 2110 2966 3513 3891
3411 3790 5655 6168 7762
2935 3309 4741 5556 6349
3145 3958 5359 6564 7994
5791 7654 10203 12213 13194
4025 6679 8435 9138 11128
2655 3685 4358 4905 5725
2973 4613 5341 6018 6825
3681 5246 6335 7901 9194
3180 4378 5601 6512 7605
2720 4138 5267 5868 7093
1824 2290 3267 3477 4198
5994 7615 8786 10317 13333
5943 6933 9428 9816 11967
6134 7850 9860 12115 13194
6401 8047 9599 11621 12985
3276 3924 5681 6870 7627
2737 3552 4345 5160 5953
4493 5976 7649 8676 10349
1449 2014 2640 2712 3289
6359 8360 9811 12162 13563
2708 3898 5304 6790 7222
4728 5938 8045 8826 11245
5544 6242 7678 9319 11411
3901 4854 6003 6704 7937
2041 2297 3468 4109 4237
3817 4810 6507 7308 9325
5589 7840 9911 11172 12027
1849 2666 3291 3692 4413
5773 7182 9295 9956 11805
3609 5080 6071 7302 7963
4464 5488 6413 7899 9913
4308 6890 8396 10849 12225
3785 5514 6219 7404 9517
1461 1649 2134 2829 2983
4728 7090 8171 10252 11693
3824 5410 7356 8148 10526
4334 6772 7949 10345 11101
3434 3509 5211 6237 6863
5490 6290 7411 9252 10613
4069 5172 5695 6972 8104
1058 1590 2172 2573 2623
1608 2522 3356 3644 4638
4398 4728 7007 8460 8989
2008 2930 4332 5072 5793
6959 8610 9411 11112 14363
5352 6952 7616 9645 11440
6035 8830 10595 11478 14517
4594 5085 6976 8552 10058
2629 3190 3951 4612 5873
2331 3016 3629 4008 4927
3060 4406 6144 7124 7713
6159 8710 10111 12862 14213
3201 4660 5746 7236 8911
2817 4144 4873 6643 6799
6585 7210 9179 11868 14077
3579 4750 6612 6972 8503
3609 5080 5501 7542 8833
1672 2714 3147 3836 4413
3108 4412 6491 7049 9066
6673 7115 10105 12753 12802
3922 6737 7003 9323 10121
4911 5557 8143 9778 11185
1220 1870 2339 2844 3602
