200 10 5
4 80 42 61 48 34 74 26 82 36 56 0 16
8 38 76 83 66 23 95 87 95 23 54 0 38
8 96 25 99 59 39 84 84 96 27 55 0 36
7 56 33 23 99 30 29 69 36 38 81 0 32
9 83 52 95 97 37 25 41 80 61 21 0 41
5 46 49 89 50 85 78 88 81 34 35 0 21
9 90 89 55 76 81 54 28 77 83 63 0 42
5 73 28 70 57 88 94 39 44 29 93 0 21
9 74 65 41 27 31 74 85 96 57 40 0 43
6 91 73 63 46 86 46 64 57 28 60 0 30
8 82 25 76 90 63 51 22 49 30 63 0 37
4 95 55 64 61 76 99 20 91 98 24 0 18
8 31 96 59 77 82 56 35 87 47 55 0 38
9 28 94 99 38 43 92 55 40 90 54 0 41
5 75 48 38 75 36 66 90 65 75 97 0 21
3 63 45 59 41 57 76 68 36 37 79 0 13
3 63 25 59 78 61 90 62 69 45 100 0 11
10 76 97 50 64 29 90 23 92 40 81 0 47
9 58 30 26 23 58 88 67 72 68 29 0 43
8 75 36 43 23 86 41 99 50 101 65 0 36
8 100 94 22 33 24 84 41 94 34 42 0 38
4 26 21 99 85 90 45 22 91 75 32 0 20
3 63 69 28 85 85 101 37 22 88 75 0 12
3 44 37 21 56 21 50 28 99 80 52 0 13
7 55 52 52 65 36 47 42 93 41 61 0 31
4 66 80 97 98 73 95 51 57 62 45 0 16
8 77 79 61 65 92 84 61 79 88 76 0 39
9 95 43 55 99 34 35 83 101 51 45 0 42
8 100 49 87 48 25 75 42 34 29 23 0 39
5 73 41 76 54 30 60 94 74 79 82 0 23
4 69 100 54 72 56 44 59 42 23 74 0 17
4 46 46 70 22 93 75 28 59 49 54 0 17
9 76 29 54 45 92 93 81 33 66 49 0 43
7 101 42 50 96 35 27 66 61 100 29 0 35
6 29 34 35 87 29 86 53 82 60 39 0 29
8 84 45 95 67 42 30 84 50 94 44 0 36
10 45 42 40 63 83 47 81 29 89 62 0 46
10 63 53 50 84 21 68 79 80 48 61 0 46
5 38 86 52 66 26 26 23 100 94 41 0 25
6 22 101 33 72 92 43 67 77 32 96 0 30
10 92 84 81 64 79 97 49 70 56 21 0 46
3 86 40 29 45 43 64 81 68 84 69 0 13
3 49 34 51 96 97 25 52 64 76 44 0 14
10 89 54 77 86 23 81 80 28 50 61 0 46
6 96 64 77 79 76 28 62 41 52 93 0 26
6 34 31 63 60 42 44 40 80 53 49 0 29
3 76 64 81 82 75 36 90 35 57 43 0 12
10 95 69 46 98 64 23 96 76 53 32 0 50
9 99 29 23 66 21 82 42 77 53 22 0 43
5 57 64 41 23 37 23 65 91 42 55 0 23
9 86 53 94 74 75 76 63 60 61 69 0 42
5 94 62 101 78 82 33 75 61 68 23 0 23
3 32 42 71 72 39 66 88 29 90 69 0 14
7 89 52 59 38 83 27 93 66 53 83 0 32
6 55 99 78 30 22 89 49 99 86 79 0 27
10 45 45 45 22 44 26 35 72 78 40 0 46
3 30 54 91 66 34 33 74 49 78 83 0 13
8 72 60 32 63 41 80 74 46 20 43 0 38
9 21 84 36 70 47 44 96 60 84 73 0 44
4 68 80 84 97 75 84 33 92 99 79 0 19
10 51 91 33 23 76 93 53 61 56 75 0 46
8 59 88 89 33 43 86 65 51 40 50 0 39
4 60 71 97 42 58 52 27 23 55 64 0 16
9 74 31 45 29 82 21 56 56 61 51 0 41
10 21 57 60 32 69 51 68 82 50 57 0 49
7 80 31 79 42 21 83 91 70 72 47 0 34
6 22 30 77 56 95 67 94 51 36 63 0 30
6 21 55 37 31 90 58 57 67 35 88 0 28
10 33 87 65 96 32 23 86 40 58 86 0 50
7 57 30 35 34 83 82 99 61 38 57 0 31
10 97 58 57 64 70 65 93 90 25 80 0 49
9 23 87 94 54 50 64 91 83 59 92 0 41
3 49 78 34 76 46 60 35 74 98 60 0 15
6 70 54 41 30 22 93 27 51 93 24 0 30
3 85 90 49 34 23 37 99 28 63 87 0 15
5 38 29 37 53 43 97 69 30 49 27 0 23
4 23 35 28 75 75 85 47 101 33 75 0 19
8 25 77 87 42 68 98 83 41 40 47 0 39
2 56 32 29 37 88 73 63 100 68 70 0 10
5 94 26 60 68 101 22 22 89 98 55 0 23
4 80 43 30 54 100 89 60 98 49 27 0 19
2 96 78 80 74 95 33 100 30 71 87 0 10
6 81 36 76 82 69 84 52 32 38 67 0 27
4 59 47 90 59 61 86 84 52 82 42 0 19
5 69 63 96 72 97 57 78 57 49 83 0 21
9 42 82 62 78 77 41 33 61 65 79 0 44
6 50 82 59 37 94 74 55 32 32 85 0 29
3 91 101 38 41 80 87 24 55 74 101 0 14
5 67 41 88 90 28 56 96 80 22 53 0 25
5 38 43 57 31 80 72 55 26 20 86 0 24
7 42 84 69 36 41 56 84 50 70 93 0 32
5 48 67 30 58 98 25 78 96 71 26 0 21
5 101 34 59 53 91 99 61 83 41 53 0 25
10 35 77 69 98 27 90 83 88 39 78 0 46
4 78 74 24 57 42 43 80 39 75 92 0 19
6 74 77 47 84 30 99 73 75 46 94 0 30
8 35 46 84 45 46 41 23 89 95 24 0 39
7 76 70 64 53 25 101 101 71 39 47 0 31
6 48 50 34 63 42 61 27 22 51 55 0 28
6 48 77 33 45 70 61 68 32 29 67 0 27
10 55 24 33 66 65 50 63 64 30 99 0 49
8 41 37 41 21 53 86 75 22 100 64 0 38
7 24 76 64 98 64 77 27 101 49 35 0 32
3 82 51 21 53 63 26 72 84 39 88 0 14
5 79 52 72 53 62 37 65 25 85 49 0 22
9 52 72 63 29 74 36 89 24 50 84 0 42
6 94 86 32 50 57 64 49 37 30 25 0 26
4 57 64 85 56 73 21 67 87 23 68 0 18
5 34 36 59 25 69 92 66 86 99 30 0 21
6 80 41 54 36 87 80 62 96 68 54 0 26
9 20 45 45 38 24 27 52 95 72 53 0 43
5 57 77 81 69 69 38 29 79 44 83 0 25
6 23 55 82 45 22 48 96 84 62 67 0 27
7 101 52 40 38 48 24 81 90 58 92 0 33
7 33 25 58 85 60 24 40 54 75 24 0 31
5 54 43 71 101 22 84 79 47 73 22 0 21
4 55 22 83 61 56 26 50 81 87 56 0 16
7 28 43 51 49 73 42 99 79 39 35 0 34
3 93 32 26 27 34 53 70 67 22 64 0 12
5 28 97 87 30 72 29 35 89 38 72 0 24
4 85 40 98 36 68 43 92 71 82 49 0 17
4 93 30 22 67 88 51 47 73 49 49 0 20
8 26 26 21 74 60 88 39 62 38 34 0 38
10 85 62 57 39 28 98 47 62 95 79 0 49
7 46 25 83 22 84 55 37 75 51 37 0 32
5 40 91 85 85 32 41 29 96 26 73 0 23
8 24 92 38 28 48 101 35 73 76 67 0 38
3 92 52 84 33 69 58 54 50 90 82 0 12
3 32 31 22 62 63 55 57 90 102 81 0 11
7 64 49 73 84 54 67 55 49 47 57 0 35
9 84 58 65 63 51 28 92 93 56 79 0 45
4 97 94 63 65 58 94 39 60 21 21 0 18
7 91 63 29 44 97 79 47 99 40 72 0 34
5 23 70 38 25 24 27 92 101 28 66 0 24
10 100 74 46 33 66 95 69 55 90 24 0 50
8 55 87 41 36 100 50 62 82 63 97 0 38
10 69 85 40 75 42 93 94 97 85 94 0 48
8 46 33 44 100 77 84 27 86 38 41 0 36
5 62 38 76 72 89 39 29 42 51 43 0 22
9 71 62 84 47 90 82 54 101 23 75 0 42
7 92 76 37 30 38 35 41 50 32 83 0 33
7 74 101 29 96 48 89 27 76 96 22 0 32
4 22 86 88 48 48 77 57 53 26 49 0 17
10 76 86 26 65 41 51 60 58 52 31 0 50
3 28 43 64 72 31 45 33 87 82 68 0 13
9 60 79 61 52 93 78 30 41 83 25 0 44
5 85 69 59 28 68 35 67 93 88 90 0 23
3 37 75 37 57 100 64 98 78 46 73 0 11
10 97 86 35 101 67 25 43 34 53 89 0 49
8 23 92 49 82 78 55 53 37 30 98 0 40
5 83 84 24 72 27 37 36 46 36 54 0 25
7 53 67 68 40 97 53 50 52 90 37 0 31
8 83 59 93 95 42 26 85 55 85 98 0 37
3 57 65 26 55 76 69 63 33 27 24 0 12
9 81 54 33 66 29 67 55 81 30 37 0 43
3 52 40 81 38 78 69 58 88 37 31 0 13
8 25 59 43 71 39 34 54 100 27 29 0 36
9 38 83 37 86 98 51 29 63 38 42 0 43
8 73 86 97 25 84 20 61 22 38 73 0 37
8 74 52 60 101 31 53 55 54 28 28 0 40
8 56 101 49 90 44 78 23 28 100 48 0 38
6 87 69 66 93 63 66 65 50 26 26 0 30
7 98 53 78 43 33 76 102 61 23 91 0 31
10 78 23 74 51 33 94 98 75 82 31 0 49
6 64 86 89 33 90 68 78 44 80 51 0 27
9 28 30 60 70 24 94 96 47 89 60 0 45
3 88 50 74 85 64 37 36 75 37 26 0 12
8 28 83 46 61 87 51 77 63 57 30 0 37
3 71 95 93 37 42 97 80 50 95 78 0 12
9 21 24 66 38 64 55 24 39 78 96 0 42
9 80 28 64 93 97 101 48 82 52 27 0 45
9 35 44 32 79 81 27 26 30 42 59 0 42
5 99 21 26 72 96 89 75 100 25 84 0 24
6 83 25 72 42 97 96 64 22 58 99 0 29
8 38 73 82 50 86 64 20 87 66 40 0 39
9 100 52 82 65 100 44 55 23 50 84 0 45
7 94 86 96 82 36 58 39 22 43 48 0 34
5 23 47 75 61 101 98 29 101 85 74 0 21
7 56 76 70 51 48 77 50 56 95 51 0 32
10 95 47 64 50 49 24 99 22 29 57 0 48
7 25 49 40 43 57 99 74 101 54 97 0 33
8 91 78 40 37 65 67 71 92 35 90 0 39
9 71 32 52 53 57 38 49 32 49 31 0 44
9 26 93 25 53 30 87 25 78 87 98 0 41
10 99 25 89 82 35 29 81 24 47 33 0 48
9 89 31 76 24 50 67 76 54 94 64 0 42
4 40 33 69 85 40 87 71 42 92 48 0 18
7 76 97 80 81 89 23 26 29 74 73 0 34
8 49 92 85 67 79 63 50 48 78 76 0 36
9 75 36 79 64 37 67 54 60 32 33 0 43
4 50 25 98 37 36 53 59 26 60 72 0 17
5 94 75 34 39 98 48 32 57 87 81 0 23
2 23 23 89 61 96 53 49 58 77 35 0 10
6 95 50 35 32 24 78 33 21 99 32 0 27
4 41 28 87 102 93 34 78 40 89 68 0 18
6 55 32 29 97 79 37 72 66 63 89 0 30
9 52 86 30 50 99 39 27 32 74 80 0 45
8 22 50 45 94 62 91 55 97 79 78 0 37
7 62 21 58 36 45 76 64 49 96 68 0 33
6 78 79 57 59 76 25 65 52 61 89 0 28
40 39 50 42 30
123 145 191 236 283
124 177 207 250 262
133 176 219 256 280
116 149 220 224 297
107 167 202 228 300
114 152 196 223 262
139 152 192 228 272
110 175 214 225 281
120 178 211 223 299
137 156 182 243 281
106 174 215 234 285
131 172 202 220 288
123 172 199 231 288
104 163 210 231 294
140 141 208 227 286
112 160 201 258 270
104 164 194 227 264
139 160 192 252 271
131 166 207 250 286
134 147 181 228 286
100 152 185 232 273
114 142 208 248 273
122 178 210 220 295
124 164 211 224 287
106 177 204 249 295
125 164 211 254 265
107 169 188 241 273
121 176 199 225 285
130 172 203 237 275
125 154 209 241 286
118 180 208 228 261
117 178 198 243 268
109 160 212 224 266
137 153 216 225 260
107 157 196 227 274
112 143 182 222 273
121 141 192 248 283
127 146 180 233 275
137 150 198 232 266
139 172 204 250 274
128 152 216 251 280
127 153 192 231 280
128 145 209 236 260
132 162 195 232 270
105 178 201 234 282
123 151 208 232 288
104 175 208 249 299
117 167 195 256 276
137 171 218 257 298
126 144 189 251 298
106 168 189 230 294
119 172 207 225 282
121 149 187 256 285
105 159 207 254 267
126 155 211 256 298
127 162 205 233 277
100 168 188 230 281
110 159 185 244 297
130 140 200 228 284
111 168 209 234 291
113 165 203 256 287
102 146 214 230 296
109 170 184 243 275
126 141 219 246 272
126 146 198 258 271
100 167 209 243 300
106 150 217 249 287
104 161 211 224 290
135 170 204 247 261
135 156 203 250 300
110 141 218 257 289
135 162 182 234 265
105 179 215 258 267
123 161 206 244 295
127 163 214 238 286
103 172 196 224 283
118 141 202 258 280
116 158 181 256 275
112 178 218 259 298
122 145 194 254 296
133 155 205 251 291
111 171 204 250 262
129 173 188 245 264
100 176 185 254 262
132 173 207 230 276
114 160 213 246 292
122 161 199 259 284
107 144 211 225 276
101 173 206 236 276
132 169 185 225 267
120 171 213 243 300
104 162 195 242 295
137 141 199 231 298
139 152 207 254 292
135 152 216 223 281
126 171 203 240 279
105 155 185 243 289
125 157 189 232 288
138 146 218 239 271
127 174 181 252 260
105 146 217 222 265
100 159 211 239 266
126 162 183 245 283
139 148 204 225 296
137 174 197 224 276
134 154 217 248 299
121 168 191 250 261
126 179 219 232 275
102 178 204 256 278
116 170 188 221 278
137 171 184 231 273
116 180 213 242 267
139 173 186 245 272
138 151 189 254 265
124 172 180 225 297
109 147 209 257 294
137 145 190 240 277
116 171 207 251 288
106 151 208 255 261
119 150 220 249 266
102 162 214 256 299
102 180 191 231 296
107 166 210 256 260
110 160 188 232 261
118 146 202 244 296
109 173 219 247 274
101 179 199 247 294
116 173 198 259 270
116 147 206 245 287
113 153 193 250 265
139 145 204 223 290
104 166 213 256 294
105 144 188 243 267
132 150 202 234 271
113 173 187 252 285
109 144 180 227 295
105 174 218 245 264
133 145 219 229 270
126 179 211 226 278
122 149 219 247 266
114 155 194 257 287
138 144 214 241 281
133 178 180 221 294
137 141 181 251 297
132 177 194 241 268
140 156 193 221 291
121 162 203 259 275
131 148 200 231 276
115 178 217 253 261
105 167 208 241 277
123 168 198 244 293
123 160 184 233 293
133 167 195 233 272
123 170 191 240 268
126 174 190 222 296
118 177 186 248 274
138 176 219 226 267
130 142 213 231 297
117 141 201 225 280
105 141 218 257 299
101 163 219 242 289
117 154 197 235 285
114 142 198 255 280
131 153 210 250 261
132 151 207 259 298
124 166 190 229 294
123 156 218 245 271
102 153 182 255 283
129 158 209 242 292
113 151 184 234 263
122 142 185 242 282
129 158 207 231 281
126 144 199 249 281
139 174 194 256 297
126 177 205 231 266
118 169 217 247 286
134 179 187 227 300
132 174 218 251 294
108 152 200 226 284
121 157 212 237 269
110 169 187 254 287
107 175 213 238 266
139 158 198 235 267
138 148 191 253 278
100 172 212 258 283
115 180 199 229 268
137 145 220 227 278
116 147 197 256 273
140 159 202 249 281
136 152 192 254 298
106 174 212 227 263
114 162 194 233 285
113 171 187 255 270
131 170 194 235 263
121 161 191 234 292
103 153 197 226 278
118 140 190 244 299
127 165 216 220 280
127 175 206 222 269
108 171 182 249 263
2040 2405 3168 3914 4693
4782 6825 7982 9640 10103
4860 6431 8002 9354 10230
3778 4853 7165 7295 9673
4448 6942 8397 9478 12471
2463 3284 4234 4818 5660
5919 6473 8176 9709 11582
2373 3775 4616 4853 6061
5227 7753 9190 9713 13023
4189 4770 5564 7429 8591
3982 6536 8076 8790 10706
2432 3193 3750 4084 5347
4744 6633 7674 8908 11107
4324 6776 8730 9603 12222
3020 3042 4487 4897 6169
1520 2172 2728 3501 3664
1207 1903 2251 2633 3062
6612 7610 9132 11986 12890
5705 7229 9015 10888 12455
4903 5378 6622 8342 10464
3861 5868 7142 8957 10540
2346 2923 4281 5104 5618
1532 2235 2637 2763 3705
1682 2225 2863 3039 3893
3345 5585 6437 7857 9309
2070 2716 3495 4207 4389
4236 6690 7442 9540 10807
5151 7492 8471 9578 12132
5143 6805 8031 9376 10880
2946 3629 4925 5679 6739
2074 3164 3656 4007 4587
2056 3128 3479 4269 4709
4751 6974 9241 9764 11595
4874 5444 7685 8005 9250
3167 4647 5801 6718 8109
4101 5236 6664 8128 9995
5637 6568 8944 11552 13182
5918 6803 8387 10857 12814
3505 3837 5065 5935 6805
4247 5255 6232 7638 8371
5960 7077 10056 11686 13036
1725 2078 2608 3137 3803
1867 2115 3048 3442 3792
6148 7546 9083 10806 12576
2790 4730 5341 6218 7493
3637 4465 6151 6860 8516
1306 2197 2611 3126 3753
5916 8445 9860 12945 13956
5964 7444 9489 11187 12972
2970 3394 4454 5915 7023
4514 7154 8048 9793 12518
2805 4054 4879 5303 6646
1764 2172 2725 3731 4153
3421 5180 6743 8274 8698
3471 4270 5812 7052 8209
5915 7544 9547 10851 12900
1359 2284 2555 3126 3819
4244 6134 7136 9412 11457
5796 6242 8917 10165 12661
2172 3287 4089 4578 5693
5261 7682 9451 11919 13362
4037 5779 8470 9103 11715
1808 2819 3051 4030 4560
5238 5862 9104 10226 11307
6246 7238 9815 12790 13434
3456 5772 7223 8398 10368
3240 4585 6633 7611 8773
2972 4601 6030 6401 8287
6826 8596 10315 12489 13197
4259 4922 6404 7887 9464
5452 6989 10805 12738 14324
5614 6737 7569 9731 11020
1634 2785 3345 4014 4154
3759 4920 6295 7456 9014
1976 2536 3329 3702 4449
2430 4057 4623 5283 6674
2310 2760 3954 5050 5480
4592 6254 7164 10132 10884
1180 1876 2297 2729 3140
2875 3417 4572 5986 6975
2601 3031 4008 4908 5690
1174 1808 2157 2643 2770
3557 4770 5184 6755 7279
1959 3447 3623 4975 5131
2846 3730 4463 4959 5951
5080 7129 9491 10961 13011
3606 4759 5882 7656 8394
1562 2102 3079 3284 4028
2584 4425 5269 6036 7059
3245 4155 4548 5532 6564
3906 5566 6932 7909 9764
2244 3495 4207 5221 6364
3503 3605 5088 5906 7619
6470 7075 9636 11823 13592
2642 2975 4227 4364 5499
3851 5226 6204 7335 8527
4157 6136 7323 9619 11440
3947 4958 5968 7326 9094
3942 4171 6227 6827 7741
3502 4798 4991 6949 7170
5208 7242 10763 11011 13144
3859 6135 8142 9222 10264
4104 5277 5961 7980 9218
2025 2156 2971 3277 4311
3092 3927 4446 5055 6229
5701 6552 9232 10551 12721
3216 4465 5076 6644 6937
2338 3321 4064 4305 5103
2200 3838 4399 5520 5994
3084 4520 4999 5876 7391
5970 7451 8018 10066 11896
2965 4601 5445 6186 6825
3832 4769 5127 6753 7497
4633 5070 6346 8528 8897
3915 5431 5683 7104 9377
2351 3170 4507 5542 6339
2271 2404 3150 3979 4592
4009 5909 7153 8673 9951
1334 1900 2617 3209 3284
2924 3686 5405 6118 6536
1791 2844 3757 4494 5248
2099 3703 3929 4752 6089
4128 6403 8100 9875 10029
5456 7936 9325 11508 12946
3843 4755 6579 7947 9640
2568 4076 5160 5819 6455
3895 6903 7674 9525 11337
1458 2174 2488 3254 3392
1343 1701 2384 2835 3321
4022 5445 6868 8897 9431
6335 6608 9297 10162 13216
1930 3080 3952 4750 5455
3634 4983 6506 8409 9239
3245 3687 4965 5751 6661
5714 8748 9456 12743 14411
4208 5558 6948 8762 11387
5100 8451 10588 11899 12822
4865 5303 8010 8376 9875
2843 4039 4760 5099 6272
5194 6343 9323 10515 11324
3827 5203 6512 8627 9634
4494 4689 6968 7847 9150
2337 3127 3162 3883 5165
6928 7130 9153 12693 15019
1791 2401 2632 3269 3635
6240 6953 8602 9850 12970
2851 3817 4783 6102 6479
1517 1714 2316 2675 3196
5700 8822 10754 12538 12935
4260 6776 8439 9778 11239
3144 4294 5060 6236 7488
3884 5052 5810 7357 9252
4997 6275 7327 8754 10220
1547 2138 2402 3018 3370
5490 7581 8278 9672 12896
1602 2402 2524 3365 3718
5045 6434 8006 8262 9761
5664 6186 9279 10063 12939
4399 5301 7556 8459 10526
4259 5719 8842 10424 12128
3895 6286 8446 9333 11145
3578 4709 6024 7186 8715
3600 4484 6253 8052 8842
6494 7584 10410 12392 12938
3636 4160 5702 7135 8209
5651 7565 8658 10436 13398
1546 1960 2739 3078 3405
3834 5751 6841 9585 10637
1620 1984 2624 3038 3666
4815 6434 7839 9970 11205
5562 6474 8434 11032 12856
5492 6726 8812 9833 11962
3096 3539 4890 6119 6905
4106 5140 5731 7562 8773
4986 7004 8112 9141 10525
5375 7698 9885 11251 13028
4631 6186 6462 7844 10367
2843 3747 4695 5405 6331
3520 4954 6518 7365 9255
5878 7626 10298 11512 13066
3693 5673 6277 8526 9634
4235 6925 8429 9418 10526
6196 7043 8826 10475 11901
5737 6152 7940 10517 11556
4856 8352 10294 12528 13742
4897 7664 8473 9750 11411
2544 2693 4085 4215 5162
4011 5083 6812 8852 9440
5118 5812 7384 9102 10272
5924 6620 8363 11063 12979
1864 3059 3728 3991 4624
2688 3820 4574 5494 6720
1195 1808 1978 2696 2855
3613 4688 5350 6480 7252
2248 2990 3547 4346 5423
3152 4682 6028 6915 8506
5378 6381 8660 11121 13627
4771 6199 8115 8265 10519
4264 5875 6916 7453 9031
3088 4889 5203 7118 7519
