200 10 5
9 14 27 21 10 25 11 30 10 32 22 0 41
10 11 8 9 33 32 10 31 33 16 24 0 48
4 18 8 7 21 9 29 28 32 7 9 0 17
10 17 28 16 22 25 32 19 10 17 7 0 49
10 23 30 24 21 13 11 7 15 27 11 0 48
5 17 28 30 25 29 31 10 26 11 24 0 24
6 27 20 17 30 9 24 31 10 26 14 0 26
4 8 18 24 32 11 29 7 23 9 15 0 16
3 24 8 9 19 26 25 12 24 12 12 0 13
8 33 28 22 12 21 21 27 9 27 17 0 40
9 33 29 21 12 26 9 22 21 19 19 0 42
10 21 19 31 13 10 20 30 21 23 30 0 47
3 10 26 12 26 25 12 15 8 13 30 0 15
6 27 7 25 17 21 30 23 23 12 28 0 27
9 19 25 32 11 32 31 28 18 29 8 0 41
4 30 13 10 17 13 23 15 20 16 12 0 17
5 10 11 7 7 27 16 11 17 22 9 0 24
8 30 8 33 17 7 30 8 14 18 18 0 40
4 30 12 16 14 26 28 14 21 13 17 0 17
4 12 27 10 15 29 28 19 31 14 10 0 20
9 28 32 24 14 7 26 24 23 31 18 0 42
8 7 14 24 9 26 32 15 28 31 18 0 36
9 32 9 20 28 17 12 29 13 14 18 0 44
6 9 29 27 11 26 19 33 7 12 31 0 26
6 19 11 28 15 24 23 24 9 15 11 0 28
10 29 24 22 13 9 29 19 21 31 28 0 49
6 8 24 31 32 24 24 12 20 29 26 0 30
9 24 32 14 28 23 8 11 10 28 14 0 44
4 16 32 13 16 26 32 23 31 28 20 0 18
6 24 17 15 9 23 24 28 31 31 28 0 27
5 14 11 12 26 27 16 28 10 27 9 0 21
10 9 11 31 27 27 23 31 24 12 30 0 47
9 26 10 7 8 10 16 10 11 18 29 0 43
2 24 32 17 32 22 31 27 8 14 19 0 10
4 18 24 22 21 7 27 19 23 8 12 0 16
8 27 15 31 23 9 29 15 14 15 13 0 40
2 33 12 8 23 10 31 20 19 16 15 0 10
9 28 12 23 15 24 12 15 26 17 31 0 41
4 31 33 9 21 15 25 32 27 22 14 0 19
5 24 32 25 28 14 26 21 19 23 27 0 22
7 24 28 21 24 25 20 17 28 8 28 0 35
3 24 22 12 8 15 27 17 29 31 31 0 11
6 10 9 14 13 14 21 24 8 31 15 0 29
7 9 23 19 9 11 30 9 18 13 15 0 32
7 30 32 16 8 28 28 25 9 32 28 0 32
7 14 11 16 9 12 9 30 18 19 10 0 33
4 28 23 16 31 8 18 22 11 11 9 0 16
5 15 16 17 11 24 13 10 24 28 12 0 25
6 14 21 29 33 29 20 28 18 23 23 0 30
6 31 13 11 10 14 17 24 19 32 26 0 30
4 21 28 14 29 20 12 17 13 31 16 0 16
6 26 14 14 16 30 18 32 19 20 26 0 30
6 26 17 18 24 31 21 16 8 9 22 0 26
3 22 11 22 19 33 14 12 12 32 24 0 12
10 17 15 11 22 19 19 10 9 19 19 0 47
4 10 30 29 31 23 20 26 18 19 24 0 16
9 14 32 7 15 22 19 11 29 15 13 0 44
2 27 33 9 18 9 20 29 22 19 9 0 10
8 22 28 28 31 23 8 7 20 31 7 0 37
9 20 20 25 11 29 20 17 24 26 32 0 41
6 7 7 9 16 19 31 8 20 26 32 0 26
2 19 29 12 9 25 22 30 33 19 29 0 10
9 18 15 17 25 22 11 23 24 24 30 0 42
4 25 8 17 21 30 9 24 27 16 25 0 19
6 17 22 23 14 28 28 14 15 23 27 0 27
3 24 16 28 32 33 30 17 10 18 27 0 14
2 12 18 15 8 22 21 10 23 13 21 0 10
5 12 24 24 7 12 22 31 23 23 18 0 24
10 27 10 26 11 19 13 26 18 10 21 0 47
4 25 28 32 10 18 26 21 21 9 8 0 19
6 26 9 11 25 32 21 7 26 15 11 0 30
5 29 7 9 14 26 7 8 19 30 31 0 22
3 11 17 22 17 10 29 13 28 8 26 0 14
6 30 32 20 15 12 27 19 26 17 19 0 26
9 12 20 18 22 15 22 15 23 23 26 0 45
10 8 12 19 30 13 12 25 33 10 29 0 47
8 17 13 19 24 30 11 21 21 13 19 0 37
7 20 12 15 12 8 13 23 27 16 14 0 32
10 16 20 30 18 32 20 28 29 26 14 0 47
3 31 32 12 11 26 22 22 16 21 28 0 13
7 20 8 32 26 25 30 19 14 26 28 0 35
3 22 7 14 26 9 17 27 28 25 20 0 15
10 28 9 15 14 14 19 30 8 32 28 0 48
10 11 17 28 8 12 19 30 14 30 24 0 50
8 18 32 17 30 24 20 25 10 20 24 0 38
4 12 13 31 24 9 22 15 32 21 25 0 20
6 8 7 31 11 27 13 14 31 24 31 0 28
10 31 23 9 10 26 26 8 20 17 21 0 49
9 22 24 21 29 20 11 31 30 7 30 0 43
6 21 9 23 8 30 19 16 16 11 24 0 28
6 19 29 19 9 26 27 16 26 30 25 0 26
4 29 14 9 23 11 16 30 30 7 16 0 19
9 17 23 32 22 19 16 7 26 15 27 0 43
10 14 16 26 13 20 17 31 32 25 32 0 49
9 21 7 17 21 31 21 23 18 24 7 0 44
8 26 20 29 17 14 9 23 31 16 10 0 39
8 24 27 19 33 26 11 9 12 30 28 0 39
7 18 16 16 31 29 32 9 20 31 12 0 34
5 11 27 17 20 26 10 21 19 16 14 0 25
10 28 27 26 27 33 26 22 19 17 9 0 50
9 23 10 8 31 27 20 16 14 19 9 0 42
10 10 20 9 14 21 13 32 17 23 8 0 50
5 19 26 32 18 13 25 8 9 12 30 0 22
3 18 18 24 29 7 8 12 20 18 32 0 13
7 30 30 28 18 21 19 30 31 24 25 0 35
4 14 24 13 21 10 24 18 11 32 20 0 18
8 25 31 24 20 17 22 17 27 24 26 0 39
6 21 16 24 22 30 17 32 31 20 7 0 26
7 14 8 25 28 15 32 26 7 30 22 0 33
3 31 21 33 15 29 18 14 26 25 18 0 11
5 29 23 12 25 30 24 32 23 26 17 0 23
3 23 14 21 8 14 17 24 31 8 30 0 11
9 30 7 21 19 11 19 13 26 25 10 0 44
8 30 27 12 20 32 18 18 20 7 24 0 36
7 10 28 25 10 26 27 27 23 17 7 0 32
7 17 13 24 9 32 12 32 31 26 11 0 31
6 20 29 21 16 25 28 15 16 22 21 0 29
6 23 30 22 32 29 8 14 25 11 32 0 28
9 24 19 29 18 19 19 29 29 10 24 0 43
8 24 30 25 32 14 32 24 26 13 24 0 36
4 11 13 29 12 33 23 18 8 9 29 0 17
6 10 19 25 30 32 31 22 22 14 25 0 30
10 17 24 31 28 32 29 18 27 22 27 0 47
5 28 13 19 7 26 12 9 23 14 29 0 24
9 9 16 24 21 27 32 9 32 33 16 0 45
4 33 7 8 30 20 12 12 18 21 13 0 18
7 17 10 25 16 21 15 22 29 27 23 0 32
9 14 28 14 16 22 20 26 32 25 31 0 44
3 15 21 7 23 28 7 24 21 29 8 0 13
7 8 19 12 14 9 30 20 22 26 21 0 32
6 19 16 10 14 32 22 25 26 22 31 0 26
8 15 15 30 28 9 28 28 16 13 14 0 38
7 8 21 20 31 16 26 28 26 22 24 0 35
3 30 18 10 7 11 13 7 17 13 24 0 12
3 27 30 31 15 17 11 20 32 18 21 0 12
5 14 8 7 15 28 29 27 7 20 28 0 24
9 14 11 13 33 27 20 31 20 33 18 0 42
8 23 13 18 28 16 31 23 19 16 19 0 38
4 12 14 25 26 27 30 19 25 31 29 0 20
8 30 18 12 9 27 17 13 9 16 15 0 40
4 22 8 20 21 16 30 17 21 31 15 0 20
4 31 10 16 14 16 11 8 14 23 10 0 18
2 21 22 22 16 24 18 28 32 9 15 0 10
3 9 30 26 19 19 19 14 32 7 10 0 12
8 19 11 30 17 26 21 29 28 26 7 0 37
5 13 14 25 15 8 29 11 19 17 27 0 22
3 28 29 33 14 30 12 12 31 29 16 0 12
9 8 30 32 20 7 24 17 21 14 19 0 41
8 11 30 19 28 15 32 13 10 24 14 0 40
5 19 7 24 33 26 30 25 16 31 19 0 22
3 27 22 8 14 16 25 23 27 23 25 0 13
8 23 24 30 17 10 17 33 9 11 20 0 36
3 24 23 10 8 20 26 21 12 20 10 0 14
6 9 30 14 15 9 9 21 19 9 28 0 29
7 31 11 30 12 9 26 17 17 8 10 0 35
6 15 17 20 11 27 13 12 23 31 25 0 28
5 32 25 7 14 22 19 9 22 20 20 0 25
4 10 9 17 8 7 12 11 26 14 16 0 17
9 10 8 25 7 10 33 15 33 17 14 0 44
6 31 19 27 30 20 24 26 12 9 11 0 26
7 27 9 27 23 30 23 9 23 22 14 0 32
5 25 7 30 21 13 18 13 17 20 25 0 21
9 17 24 21 17 13 18 31 21 17 32 0 42
7 8 16 20 24 22 12 13 7 29 9 0 33
7 28 16 30 9 12 27 17 26 25 24 0 34
5 27 26 12 28 16 12 25 29 23 7 0 25
8 22 11 9 7 19 11 18 27 11 20 0 37
5 8 16 8 24 16 16 7 31 16 18 0 21
4 17 24 7 19 7 20 18 18 28 14 0 17
3 18 12 18 30 28 10 23 20 22 14 0 15
4 31 15 29 21 26 28 22 22 21 16 0 18
9 8 10 9 31 9 24 25 19 32 29 0 45
9 22 19 17 21 8 27 24 13 7 12 0 42
4 31 32 26 9 27 27 12 7 22 22 0 17
10 31 27 31 18 32 11 23 18 21 31 0 46
5 16 7 9 20 26 27 16 32 21 32 0 22
8 14 20 9 13 20 17 17 19 8 24 0 37
5 28 25 30 25 30 13 8 32 29 29 0 21
3 19 23 28 28 32 12 23 8 20 14 0 14
8 24 23 21 17 24 24 13 27 24 15 0 37
7 15 23 18 25 25 30 26 22 8 8 0 34
10 25 32 30 24 26 13 10 26 11 23 0 47
4 25 25 23 18 32 27 11 15 10 12 0 18
5 28 14 22 30 7 9 12 16 13 18 0 24
4 24 14 27 26 8 21 25 26 11 30 0 17
7 15 12 19 8 24 30 11 29 32 13 0 32
6 26 25 32 21 17 15 18 32 11 13 0 30
6 7 8 32 7 30 11 29 31 18 12 0 27
8 17 13 21 26 21 13 11 7 17 10 0 39
7 19 25 24 9 25 28 17 28 10 28 0 34
9 26 13 30 28 23 16 25 30 15 13 0 44
3 16 20 21 19 21 14 19 25 23 10 0 12
10 22 16 20 20 17 11 29 28 28 27 0 48
8 29 23 23 8 17 24 10 16 21 21 0 36
8 11 31 27 32 23 11 15 23 31 29 0 39
5 18 27 26 24 24 10 16 32 29 30 0 25
8 29 23 19 10 24 21 27 7 26 13 0 36
3 18 8 17 9 20 7 19 18 11 14 0 15
3 20 15 18 13 29 12 31 9 27 27 0 12
6 28 28 25 25 30 21 33 14 21 26 0 29
53 45 38 32 32
121 144 197 246 274
122 161 187 241 289
123 170 186 224 279
136 161 220 260 295
123 162 214 240 283
117 175 210 242 290
124 165 206 250 270
110 157 209 228 279
134 167 206 228 293
132 166 193 236 271
117 160 189 236 263
116 157 188 254 284
135 161 185 249 267
120 161 217 235 267
122 171 220 232 297
138 170 214 232 263
140 165 183 249 266
108 160 200 224 294
113 179 188 252 260
126 147 219 234 292
120 173 211 220 281
129 145 218 257 295
126 157 189 220 285
136 156 199 237 293
112 174 216 254 268
139 155 219 221 298
122 171 214 255 263
111 158 197 237 278
117 168 194 231 283
137 175 212 237 284
125 144 187 254 278
109 159 216 224 279
129 163 208 226 265
113 178 185 229 289
124 145 199 228 279
105 154 192 257 300
139 143 214 249 297
121 156 205 223 286
104 179 209 234 284
115 180 195 240 265
114 155 185 220 291
110 161 197 225 287
131 169 206 244 294
114 140 214 232 267
113 162 199 220 269
111 151 190 256 260
122 163 199 247 274
105 144 220 231 290
102 162 203 234 281
127 142 181 246 267
104 161 211 235 298
100 146 201 222 298
109 158 203 235 282
137 170 216 252 300
130 143 202 224 279
111 179 184 227 280
110 141 210 245 299
132 149 185 221 300
117 152 198 226 269
112 149 188 238 294
129 166 192 260 298
123 163 190 233 291
114 176 202 228 289
137 151 210 247 272
129 169 187 230 266
135 157 210 250 273
119 145 211 248 272
111 144 201 234 290
100 149 188 244 288
120 152 194 250 277
118 161 213 229 271
118 170 184 257 269
118 164 214 258 260
131 167 201 256 293
134 170 211 259 277
117 143 212 230 270
137 141 211 242 277
115 162 219 250 279
101 171 207 220 292
130 179 197 230 264
135 170 200 246 275
135 152 215 244 286
103 176 190 225 282
119 165 213 243 297
112 152 202 235 262
127 158 209 242 297
115 144 207 251 276
101 166 213 238 284
117 145 189 237 278
106 143 186 237 280
108 174 200 249 267
134 143 205 231 267
131 140 211 250 296
101 173 198 255 265
128 155 194 253 294
128 156 181 229 271
110 143 211 237 276
129 171 181 230 288
105 158 211 227 297
134 147 205 227 276
123 157 213 246 295
117 169 181 231 264
128 157 208 235 296
112 174 202 248 281
124 150 206 237 268
132 147 195 250 285
138 163 185 244 283
114 167 210 236 284
104 150 187 244 291
128 178 208 235 273
107 140 212 224 279
134 175 211 235 291
139 154 189 228 282
125 170 213 260 262
136 142 200 220 274
120 150 180 246 279
123 173 192 230 267
124 140 206 231 279
140 156 190 255 292
116 179 182 246 270
115 140 205 226 294
107 153 206 250 262
137 147 200 240 300
104 168 218 238 282
129 170 210 254 277
125 157 197 244 276
135 172 182 251 267
113 147 198 259 264
140 151 212 234 273
134 154 203 250 282
103 166 215 253 298
133 153 214 230 294
135 141 180 229 265
105 150 190 220 287
139 141 200 259 274
100 154 189 241 291
109 179 203 253 297
137 169 199 229 280
137 179 180 252 283
128 141 205 236 263
104 140 202 243 283
110 178 211 253 278
133 161 181 257 282
103 142 204 256 290
107 146 191 227 278
130 161 204 256 279
126 171 220 255 263
102 150 192 259 290
117 140 192 235 262
103 179 183 220 291
129 163 184 225 297
125 166 206 251 263
120 143 195 251 268
138 155 187 227 268
128 171 198 220 296
108 177 220 254 280
110 158 185 257 300
135 140 190 233 292
108 150 196 259 277
104 157 185 221 263
105 174 195 235 287
125 175 203 242 262
127 179 182 224 300
124 166 189 224 294
117 143 219 228 267
109 152 193 241 289
129 160 199 222 279
136 156 214 224 272
111 175 190 223 263
109 146 214 239 265
119 175 192 253 294
121 151 220 247 283
117 144 185 248 271
116 176 198 260 266
127 166 193 241 297
124 149 193 230 261
104 174 212 256 262
104 149 214 228 274
100 155 199 257 277
135 174 220 229 288
104 174 205 228 295
117 174 185 251 274
110 172 190 260 291
103 148 202 257 295
125 147 218 246 296
131 164 192 252 300
114 151 218 220 260
114 159 181 226 280
140 142 194 254 300
132 177 186 223 294
138 174 212 259 284
118 148 218 259 285
124 145 211 223 296
108 177 199 242 279
117 172 190 230 269
100 173 185 223 272
102 176 205 240 280
122 142 200 236 288
120 163 206 248 283
137 151 188 242 300
4967 5911 8085 10095 11243
5862 7735 8984 11576 13881
2097 2897 3170 3816 4752
6670 7896 10788 12748 14464
5910 7783 10280 11528 13593
2814 4207 5048 5816 6969
3230 4297 5364 6509 7029
1766 2519 3352 3656 4473
1748 2178 2686 2972 3818
5286 6647 7728 9448 10849
4920 6727 7946 9921 11055
5458 7386 8844 11947 13357
2032 2422 2783 3744 4014
3246 4354 5867 6353 7218
5008 7018 9028 9520 12186
2352 2897 3646 3952 4480
3367 3967 4399 5985 6393
4326 6407 8008 8968 11769
1927 3050 3204 4293 4429
2526 2947 4388 4688 5849
5046 7273 8870 9248 11811
4650 5226 7856 9260 10629
5550 6915 8324 9688 12549
3542 4063 5182 6170 7627
3142 4879 6056 7121 7513
6817 7602 10739 10837 14611
3666 5137 6428 7659 7899
4890 6959 8676 10437 12241
2112 3031 3500 4166 5103
3705 4732 5732 6407 7677
2631 3031 3935 5343 5847
5129 7480 10160 10536 13122
5553 7016 8952 9726 11404
1136 1787 1858 2298 2899
1990 2327 3192 3656 4473
4206 6167 7688 10289 12009
1396 1436 2148 2498 2979
4967 6403 8413 9151 11735
1982 3408 3979 4454 5405
2536 3967 4298 5289 5839
3996 5432 6483 7708 10195
1216 1778 2175 2483 3166
3805 4908 5982 7084 8535
3654 4487 6856 7433 8553
3622 5191 6376 7048 8617
3669 4990 6278 8457 8589
1958 2615 3192 3961 4393
2631 3607 5508 5783 7259
3066 4867 6098 7029 8439
3817 4267 5438 7389 8019
1670 2583 3384 3768 4777
3006 4387 6038 6668 8950
2840 4115 5286 6118 7341
1650 2047 2600 3032 3609
6117 6728 9502 10536 13122
1782 2872 2952 3640 4489
4846 6211 9248 10789 13165
1326 1497 1858 2218 3010
4335 5631 7334 8371 9962
4598 6116 7716 9767 12064
3360 4323 4999 6768 7757
1236 1637 1908 2338 2919
4794 7399 8492 9584 12147
2609 2876 3998 4701 5177
3489 4570 5057 6218 7191
1896 2205 2948 3508 3831
1196 1457 2118 2489 2729
2670 3463 4832 5625 6969
4706 7010 8844 11477 13546
2286 2895 3694 4759 5272
3546 4837 6398 6878 8139
2602 3747 4055 5663 5927
1658 2303 3004 3621 3649
3412 4349 5233 6664 7627
6036 7657 9503 11663 12474
5505 6728 9972 10819 12699
5075 5224 7815 8962 10258
3686 5191 7016 8008 8937
4753 8044 9737 10348 13733
1696 2334 2569 2998 3441
4731 5957 7008 8618 9634
2031 2287 3233 3668 4299
4950 8456 9128 10808 13545
5956 8257 10658 12158 14859
4262 5783 7684 8939 9965
2546 3167 4188 4848 5949
3226 4039 5804 7037 7737
4955 8141 10445 11670 13925
5037 6242 8135 10200 11963
2974 4011 5216 6645 7850
2814 4531 5208 6483 6951
2553 2724 3903 4397 5082
5639 6026 9081 10758 12737
4955 8484 9710 12504 12994
5638 6827 8544 11140 12945
4999 6091 7067 8940 10578
4296 5584 8237 9252 10773
4392 5821 6161 7828 9801
2631 3957 5283 5683 7434
6707 7357 10258 11358 13809
5172 6601 8954 10340 12399
5856 8457 9058 11559 13209
2822 3461 4584 5178 6521
1462 2269 2634 3232 3662
4346 5257 7218 8304 9389
2382 2653 3518 4509 5139
5388 6364 7222 9524 11046
2970 4349 5468 6144 7393
3438 4957 6179 8061 9613
1414 1965 2296 2593 3012
2467 3227 4884 5161 6426
1480 1932 2329 2593 3210
6123 6783 8324 10040 12417
4506 6127 7676 9369 9441
4359 4551 6408 7048 8777
3726 4657 5588 7635 8658
3573 5024 5576 6678 7752
3478 3927 5776 6476 7821
6026 6715 8177 10973 12565
4182 6451 6559 8865 9729
1961 2387 3493 3850 5008
3216 4597 6188 7509 7869
6445 6916 9408 11288 14109
2502 4039 5240 5720 6777
5811 7657 9458 11438 12474
2256 2833 3554 4401 4977
4326 5511 5831 8041 8553
4978 6475 8720 11405 11625
1827 1970 2764 3050 3558
4294 4935 6504 8008 9033
2684 4323 5598 6586 7757
5060 5821 8140 8748 11181
4732 4942 6308 8024 9284
1266 1807 2288 2649 3454
1674 1699 2408 3117 3297
2406 3703 4544 5793 6994
4584 7525 8534 10634 12483
5212 6429 7570 8710 10649
2746 3587 3607 5048 5669
5126 5647 8208 9449 10529
2086 2807 4048 4869 5669
1986 3211 3806 4562 5013
1336 1617 1817 2579 2829
1242 1711 2456 3081 3489
3965 5409 7075 8408 10296
2866 3549 4496 5640 6147
1518 2059 2648 3068 3165
4188 6157 7880 10628 11899
4686 5607 7688 9409 10489
2272 3946 4034 4848 6412
1683 2126 2399 2933 3870
4506 5983 7424 9045 9477
1686 2009 2738 3523 3761
4009 4502 5431 6591 7781
4486 5992 6938 7708 10369
3030 4963 6168 7120 7849
2756 3957 4632 6434 7509
2302 2387 3238 3969 4973
4758 6607 8632 11405 12197
2710 4089 4818 5755 6847
3366 5575 6248 7528 9193
2631 3682 4271 5090 5511
5340 7525 7651 9416 12609
4098 5485 6245 7400 9711
3984 4869 7454 7760 9087
2731 3807 4833 6034 7234
4779 5927 7371 8222 10332
2862 3283 4502 4712 5721
1893 2983 3238 3799 4480
1641 2197 3218 3594 3984
2148 3157 3463 4562 5301
5451 6802 9908 11123 12744
4920 6055 7778 10425 11391
1978 2999 3374 4429 4531
5848 7643 8885 11094 13671
2734 3285 4254 5069 5751
3854 6445 7852 9481 9703
2190 3136 4502 4797 5763
1406 2177 2794 3607 3887
5001 6445 8148 8481 10665
3542 5923 6978 7760 10039
5505 8185 8702 11806 12887
1986 3103 3427 4689 5247
2478 3559 4856 6177 7089
2131 2506 3714 4190 5041
4198 5255 6151 8072 9609
3426 4537 6548 6608 7809
3084 4300 4895 6111 7569
5466 5544 7573 9914 11709
4494 6025 6331 7590 10005
6078 7663 9336 11404 12505
1422 1783 2624 3117 3429
5958 6967 10136 10712 14217
3894 6379 7172 8720 10053
4569 6715 7418 8978 10500
2506 4333 4633 5584 6809
3678 6343 7388 8648 10089
1836 2137 3008 3549 4329
1446 1963 2480 2984 3405
3979 4386 5459 7026 8709
