1000 10 5
9 20 32 25 32 20 31 19 26 14 15 0 45
4 12 18 21 12 13 7 31 9 29 10 0 18
8 9 32 27 19 19 23 12 28 19 15 0 37
3 22 28 18 13 7 30 30 21 24 33 0 12
5 9 28 24 9 8 21 12 8 22 19 0 22
10 32 14 10 8 15 27 14 10 8 26 0 49
8 11 8 26 19 12 27 9 26 33 17 0 38
7 12 8 7 28 19 23 13 28 12 16 0 35
8 19 19 18 25 16 14 23 9 17 33 0 38
10 30 25 27 11 24 21 7 29 10 18 0 49
10 16 23 28 10 8 30 13 8 26 16 0 48
3 10 16 34 14 17 28 29 14 20 8 0 11
9 30 7 8 21 26 8 21 18 27 12 0 43
9 12 24 15 22 31 18 9 9 17 15 0 45
10 21 13 19 9 26 20 33 19 14 23 0 50
3 24 19 11 22 9 15 7 18 31 8 0 12
5 16 24 14 14 10 19 16 17 12 29 0 21
10 14 17 26 28 11 11 16 20 15 30 0 46
7 19 27 14 17 30 22 22 22 10 24 0 32
7 14 27 25 24 27 8 13 13 27 11 0 32
6 17 12 27 16 8 33 13 22 18 7 0 27
3 11 15 10 17 12 33 22 10 27 29 0 13
7 28 10 32 9 14 15 27 7 14 8 0 35
10 21 33 17 17 23 13 18 19 33 14 0 48
3 20 8 8 28 17 16 15 18 16 13 0 11
5 15 19 30 29 12 32 32 32 24 8 0 25
4 12 21 13 17 15 26 13 22 20 12 0 19
5 31 24 23 33 11 30 9 30 25 22 0 24
5 15 21 7 29 7 28 33 33 15 8 0 21
4 10 19 27 18 24 25 15 32 9 15 0 19
7 34 10 8 14 12 16 33 10 11 14 0 33
3 24 11 12 21 27 11 9 27 7 19 0 12
10 11 17 12 13 14 12 15 20 28 24 0 48
6 18 11 14 15 10 15 33 15 26 31 0 29
3 23 24 28 25 33 24 17 9 25 7 0 12
4 33 29 17 20 32 16 19 15 12 19 0 16
6 15 29 29 10 19 18 14 24 20 19 0 28
8 22 10 13 26 19 12 31 23 30 32 0 37
3 34 11 9 27 11 21 31 12 13 23 0 11
8 17 11 18 22 19 26 28 33 22 18 0 40
6 9 21 17 23 30 22 13 29 21 16 0 30
7 32 15 22 23 16 26 28 31 22 14 0 34
6 29 17 33 22 19 15 25 31 22 21 0 27
6 18 7 16 29 23 31 14 12 8 29 0 28
7 14 8 8 32 16 32 33 25 27 12 0 34
8 16 13 28 30 33 13 14 12 33 13 0 36
5 23 7 25 19 19 18 29 23 31 25 0 23
7 31 25 11 32 30 19 30 32 21 9 0 32
2 8 31 13 32 8 9 14 7 32 16 0 10
5 10 16 14 28 31 17 8 31 20 23 0 23
4 9 7 16 12 33 12 19 14 7 20 0 20
8 22 14 11 13 28 27 14 8 7 20 0 36
6 18 14 14 12 8 11 17 7 19 10 0 29
2 14 15 28 33 8 34 21 30 23 12 0 10
7 26 15 10 12 12 20 18 18 26 14 0 32
6 32 7 27 24 10 26 18 27 10 16 0 30
10 19 30 11 23 21 19 20 19 7 14 0 47
4 32 7 12 16 20 9 25 16 9 12 0 17
5 15 33 33 23 33 21 17 26 16 23 0 24
5 7 14 32 19 18 28 26 16 12 10 0 23
4 33 24 19 27 9 16 18 15 24 26 0 19
7 14 22 17 21 20 29 12 9 29 11 0 33
3 12 9 33 15 27 11 20 17 23 14 0 11
10 34 18 20 23 26 16 29 7 33 16 0 47
8 22 33 16 32 24 24 33 11 9 28 0 36
7 14 29 31 33 27 27 12 10 31 8 0 34
7 18 9 13 10 9 29 20 17 21 13 0 34
5 27 25 32 16 9 10 13 14 16 26 0 24
4 9 7 27 23 16 33 16 12 30 26 0 18
3 10 14 25 25 24 23 18 16 10 22 0 13
9 16 28 30 16 26 28 22 19 20 20 0 42
7 14 23 21 13 12 26 10 19 12 27 0 34
10 34 16 16 28 17 30 25 17 23 19 0 49
10 19 21 10 15 30 29 34 18 9 10 0 49
5 9 14 25 29 18 15 30 28 19 21 0 24
10 29 8 10 12 8 25 9 34 13 17 0 48
8 11 31 18 27 26 28 13 15 14 30 0 40
3 26 12 29 10 7 10 24 24 13 31 0 13
10 21 27 11 20 24 17 29 29 26 24 0 48
4 23 28 24 28 23 19 16 22 10 16 0 20
9 14 11 11 32 32 8 27 14 11 20 0 45
5 25 29 17 22 12 8 10 28 13 17 0 24
5 31 19 18 32 7 8 27 32 9 10 0 22
8 21 28 27 32 33 22 25 22 27 32 0 40
3 30 25 9 25 23 23 9 16 24 26 0 13
10 7 19 30 33 23 9 25 14 26 32 0 47
3 10 15 28 19 11 7 28 15 14 19 0 12
4 17 10 29 10 14 14 14 14 30 32 0 20
2 32 26 18 12 8 13 9 33 25 30 0 10
5 25 12 10 14 25 27 29 19 8 29 0 22
4 22 32 18 12 29 10 14 19 7 15 0 19
9 14 10 12 10 27 29 9 10 16 31 0 44
5 33 33 27 11 27 24 12 29 27 16 0 23
10 16 32 31 25 28 25 21 12 16 10 0 50
5 21 33 21 10 19 34 19 15 19 19 0 22
8 20 33 10 32 19 31 26 8 30 30 0 38
8 26 32 9 23 33 22 7 15 28 20 0 38
2 20 31 17 10 14 24 22 13 12 12 0 10
7 29 11 17 21 10 28 8 12 17 29 0 32
6 24 16 8 20 22 9 24 23 9 31 0 29
10 15 31 27 21 10 33 17 20 28 11 0 48
6 22 18 11 29 21 23 9 17 34 9 0 28
10 27 8 33 14 28 13 25 26 25 26 0 50
6 15 8 27 25 29 17 13 15 8 24 0 28
5 17 20 21 24 22 27 14 9 26 18 0 21
8 30 28 8 24 7 21 15 17 9 20 0 39
2 8 21 22 31 31 14 18 27 33 21 0 10
2 19 31 28 21 21 32 30 30 29 29 0 10
6 14 21 21 23 21 32 18 21 12 26 0 27
2 20 12 26 33 25 20 29 32 22 28 0 10
4 8 16 28 15 27 22 10 12 13 23 0 16
5 25 15 26 17 25 29 24 26 7 16 0 25
4 9 23 32 16 17 15 9 28 18 9 0 19
4 15 11 22 25 25 16 33 29 14 26 0 17
8 18 28 18 27 8 9 21 17 18 7 0 36
2 20 21 21 26 18 22 21 20 16 16 0 10
5 7 24 19 31 15 17 11 26 22 15 0 21
4 9 28 22 14 28 23 13 28 27 16 0 19
3 33 10 21 16 8 14 13 34 8 11 0 13
4 33 12 23 16 20 26 15 14 21 26 0 20
8 15 32 22 15 22 25 18 22 9 24 0 40
7 15 15 23 19 18 19 26 26 10 12 0 33
6 24 7 9 23 13 14 31 17 16 26 0 26
5 16 14 17 27 29 26 7 29 29 8 0 21
9 22 21 15 7 12 20 10 22 22 33 0 42
9 25 14 26 14 23 33 9 12 16 7 0 42
9 28 31 9 20 26 29 22 16 33 14 0 44
3 29 15 13 31 14 21 22 9 23 14 0 15
4 17 15 7 24 15 8 9 13 31 26 0 18
4 14 14 13 13 22 10 10 27 23 22 0 18
9 22 17 23 23 30 16 28 13 9 32 0 45
2 10 12 24 25 22 13 7 12 32 8 0 10
5 19 10 14 10 21 11 17 28 16 9 0 25
6 18 9 27 29 13 27 17 14 31 8 0 30
6 15 22 8 14 12 15 33 15 13 30 0 26
9 30 12 15 18 26 17 32 33 28 28 0 41
10 28 23 24 12 22 27 16 8 32 12 0 48
10 32 18 10 34 30 24 17 9 12 27 0 48
7 28 19 31 33 15 24 15 18 14 21 0 34
8 19 27 11 19 15 29 26 15 29 23 0 38
7 24 23 7 14 9 30 13 33 13 17 0 33
7 16 13 28 11 20 13 11 33 19 17 0 35
5 9 26 25 8 8 7 15 12 12 11 0 21
4 20 10 19 18 10 29 21 23 17 14 0 19
6 23 24 25 15 10 7 32 11 18 9 0 27
9 15 29 30 18 32 23 13 11 24 8 0 41
7 8 29 9 30 10 31 26 17 14 29 0 31
10 9 16 14 32 24 24 12 11 33 23 0 47
4 18 11 16 31 19 19 9 14 29 23 0 16
9 27 9 30 24 14 8 20 10 17 13 0 45
2 19 15 9 19 29 21 18 19 22 28 0 10
6 20 19 15 9 24 19 31 25 21 19 0 30
4 29 30 11 22 24 30 11 31 33 14 0 20
5 23 17 14 31 26 32 12 19 29 12 0 21
9 14 28 32 33 10 9 13 20 21 31 0 43
9 12 26 14 11 10 13 9 17 30 12 0 43
10 9 19 20 27 28 18 30 17 19 32 0 50
9 7 31 16 14 8 11 24 15 30 8 0 41
3 20 16 15 31 8 21 7 27 26 22 0 13
7 11 14 27 18 8 17 34 28 25 21 0 31
4 31 27 15 33 34 18 9 30 31 31 0 16
7 29 13 20 9 29 22 13 31 23 7 0 35
4 23 28 24 22 28 27 17 7 16 29 0 18
9 8 32 8 9 29 32 22 7 16 15 0 44
5 12 9 27 31 21 16 12 21 8 22 0 22
5 16 30 28 28 14 23 27 21 24 23 0 23
7 33 32 31 24 28 25 22 22 18 11 0 34
5 8 31 9 9 32 14 15 33 17 29 0 25
8 21 18 24 20 22 11 15 27 23 33 0 38
10 29 26 8 32 13 21 16 29 11 33 0 47
3 13 24 24 16 12 12 33 28 16 21 0 14
3 28 15 30 21 29 22 13 18 22 13 0 13
4 8 23 9 23 8 15 16 26 7 30 0 16
9 20 18 33 15 27 32 31 28 16 18 0 42
3 28 8 19 14 10 20 23 15 28 28 0 15
7 25 15 29 15 28 25 30 10 20 22 0 35
6 30 23 12 33 9 8 31 9 25 14 0 28
9 12 9 30 30 22 7 8 23 9 10 0 43
8 22 22 26 22 20 25 22 20 13 16 0 37
4 27 33 19 17 14 28 11 27 15 33 0 17
4 18 18 33 12 21 9 20 25 18 27 0 18
3 30 26 33 27 15 33 18 14 16 11 0 14
6 20 25 21 28 11 13 19 8 17 8 0 30
10 17 12 20 18 21 12 20 10 9 7 0 46
8 27 30 33 18 15 21 11 19 20 28 0 38
5 21 29 15 22 22 30 15 25 27 24 0 21
4 33 23 20 14 27 15 15 23 24 8 0 20
4 21 28 13 17 9 26 16 25 8 10 0 19
3 33 26 12 24 10 21 29 30 29 22 0 15
8 22 28 32 22 17 7 24 17 14 9 0 40
7 15 11 29 23 9 16 16 20 16 17 0 32
9 29 11 21 32 20 15 33 7 15 29 0 42
5 20 20 8 18 33 28 8 19 20 18 0 22
9 21 21 29 32 25 28 9 18 8 21 0 41
9 32 22 9 23 15 34 32 22 29 14 0 41
10 10 22 7 28 16 15 33 20 23 24 0 46
4 26 26 11 7 22 23 9 8 29 14 0 18
9 31 27 31 7 12 26 31 26 25 7 0 41
7 16 23 19 17 22 24 22 19 33 18 0 32
7 25 33 20 14 23 11 10 19 13 33 0 34
4 31 15 27 11 15 8 31 31 25 15 0 19
5 13 26 32 16 8 16 24 12 25 24 0 21
3 10 19 29 23 12 13 32 21 27 28 0 11
9 14 28 28 11 10 10 27 27 11 10 0 45
4 15 34 32 18 20 25 8 28 16 28 0 18
5 27 15 13 19 21 31 21 32 21 10 0 21
8 22 21 27 8 33 31 13 30 18 11 0 37
10 18 11 9 24 14 17 32 21 28 32 0 49
6 10 8 30 27 22 15 9 33 27 18 0 27
7 23 22 27 31 25 16 23 20 32 32 0 32
7 15 20 20 32 15 25 13 32 25 11 0 35
4 13 7 27 29 28 24 29 33 30 32 0 20
6 17 27 20 9 22 19 23 14 22 10 0 29
6 24 29 29 26 21 31 22 28 20 20 0 29
6 8 24 17 17 19 8 7 23 12 22 0 28
5 28 34 26 20 30 16 27 28 23 31 0 25
4 17 11 11 7 20 26 12 27 12 14 0 18
9 29 31 12 32 20 20 21 23 8 31 0 42
4 27 30 32 10 27 11 22 21 13 10 0 16
10 7 27 33 12 34 19 27 33 13 22 0 46
4 26 18 31 26 19 27 26 15 30 27 0 19
5 33 14 22 8 14 28 24 10 26 14 0 22
9 29 27 22 8 15 25 21 10 33 28 0 41
9 23 17 15 7 23 33 29 10 20 13 0 41
5 22 24 18 30 26 26 7 30 28 28 0 25
8 10 18 27 28 32 33 18 14 28 21 0 36
6 22 11 20 21 32 13 24 18 21 24 0 30
6 9 23 11 32 22 15 12 16 20 7 0 26
4 16 29 7 7 18 20 17 29 31 13 0 20
7 30 16 18 20 7 26 12 31 15 20 0 32
3 33 16 18 8 14 32 29 11 25 17 0 11
4 22 17 22 19 22 12 23 29 9 33 0 19
2 24 8 33 22 32 10 31 16 31 17 0 10
3 27 17 25 15 21 26 15 30 10 19 0 14
9 11 25 11 12 11 10 16 21 17 24 0 45
10 17 13 28 13 32 20 22 27 18 9 0 46
6 20 30 15 32 10 15 33 10 26 10 0 28
7 31 24 11 16 10 26 22 9 26 21 0 34
7 11 31 11 18 15 9 14 27 10 31 0 32
10 27 33 19 10 17 9 18 17 28 27 0 47
6 32 31 10 15 8 29 31 21 16 29 0 26
10 26 20 24 16 15 26 31 13 16 20 0 48
7 15 10 10 26 11 31 31 22 25 32 0 34
6 19 9 15 29 22 21 22 23 18 15 0 30
5 11 23 22 8 29 25 23 10 34 15 0 21
6 21 15 8 17 8 8 16 27 8 7 0 30
10 25 21 27 28 9 14 32 17 24 31 0 48
10 14 28 16 21 8 23 30 11 27 9 0 47
8 28 23 29 9 26 23 10 27 7 10 0 40
8 22 27 18 28 33 23 21 17 12 26 0 38
6 27 21 9 11 19 26 10 34 16 26 0 27
2 28 29 30 22 14 7 10 18 29 34 0 10
5 24 14 9 25 32 31 10 24 11 9 0 25
9 20 32 25 16 14 9 20 8 23 10 0 42
4 15 26 25 24 16 20 7 12 27 24 0 20
10 26 11 25 22 12 11 21 19 8 24 0 46
5 32 13 9 10 25 16 33 26 32 22 0 21
6 14 13 24 32 9 7 15 12 9 18 0 30
5 24 21 11 33 14 27 8 28 30 28 0 21
8 7 12 32 14 15 9 11 21 15 10 0 37
7 8 22 15 12 28 9 10 9 19 11 0 32
8 30 23 29 13 11 32 22 25 7 18 0 38
10 30 28 11 11 13 16 12 12 20 28 0 48
3 13 19 8 33 31 18 30 33 21 25 0 12
5 9 10 11 19 17 27 12 33 14 11 0 24
3 23 17 14 28 28 26 32 17 28 12 0 11
6 8 29 21 32 32 27 26 27 16 33 0 29
5 8 14 12 30 19 20 9 26 11 34 0 22
8 8 11 12 14 11 16 24 32 14 25 0 37
3 12 30 16 18 7 13 11 23 11 16 0 15
6 23 8 21 17 21 24 9 7 14 29 0 26
5 29 17 33 16 23 24 12 31 23 15 0 25
8 10 28 27 11 19 22 8 17 26 13 0 36
10 13 19 10 29 21 30 16 17 8 32 0 47
6 14 10 20 32 16 9 13 29 18 26 0 26
10 8 21 32 11 20 19 31 15 7 7 0 48
8 27 22 13 32 14 18 14 28 26 29 0 37
6 32 18 33 15 20 19 31 12 21 29 0 27
8 14 17 24 32 30 17 24 29 13 28 0 38
6 12 10 18 18 15 26 17 33 16 21 0 29
6 25 12 31 26 18 11 23 18 11 18 0 28
4 27 20 32 28 14 16 21 23 9 19 0 17
7 28 8 14 9 24 33 26 28 21 27 0 32
3 21 16 10 23 8 14 9 15 27 31 0 12
3 20 17 26 8 18 27 11 30 33 26 0 13
3 28 14 18 25 9 33 31 29 19 9 0 15
5 12 27 32 22 25 27 27 28 8 11 0 22
5 22 22 27 31 9 30 18 17 22 25 0 23
7 12 22 7 23 28 15 29 22 23 23 0 32
4 14 22 30 10 13 9 9 11 21 14 0 20
4 19 15 12 7 15 23 15 30 13 30 0 17
5 31 26 15 22 32 16 9 32 16 13 0 24
3 24 20 11 25 11 29 21 18 26 33 0 13
9 32 22 22 31 23 13 23 15 25 31 0 43
10 15 33 21 27 9 10 29 23 12 24 0 50
10 9 23 18 28 33 17 25 23 23 26 0 50
10 14 24 15 26 18 33 13 26 27 15 0 49
10 26 15 24 16 26 30 16 8 17 11 0 50
8 18 25 28 23 23 17 19 8 16 32 0 40
4 19 25 30 13 8 11 25 18 20 8 0 20
10 34 20 26 14 14 24 15 7 28 12 0 47
4 16 23 24 20 28 26 24 28 24 24 0 19
7 26 8 25 32 19 9 24 9 11 13 0 33
6 23 21 11 13 19 9 8 32 8 21 0 27
8 19 11 14 11 30 22 33 30 16 27 0 39
6 16 15 14 23 11 19 21 21 12 13 0 28
8 7 28 14 16 24 9 26 19 33 21 0 36
6 21 15 11 24 27 26 23 31 29 7 0 29
4 22 11 15 19 25 19 18 28 14 28 0 16
4 13 31 27 14 34 18 12 20 15 12 0 18
3 20 11 27 25 19 30 15 19 21 22 0 12
7 27 16 9 16 20 29 32 18 13 24 0 34
9 22 16 14 23 17 13 17 23 7 19 0 45
6 9 27 18 9 28 18 11 12 10 8 0 27
6 19 31 21 8 7 26 22 32 10 10 0 27
6 19 28 29 26 33 30 24 16 19 28 0 30
9 9 21 23 24 30 30 19 23 10 16 0 41
2 19 17 29 21 24 24 13 11 23 12 0 10
8 13 34 23 24 20 24 25 22 30 26 0 38
9 24 11 21 23 8 21 23 12 27 21 0 41
3 9 11 7 20 16 7 23 21 31 27 0 13
3 19 30 24 21 15 24 13 13 27 17 0 13
2 16 18 18 21 15 31 8 25 25 27 0 10
3 10 28 8 27 9 12 24 10 29 12 0 14
9 9 11 33 8 28 7 7 8 25 30 0 42
3 27 25 33 28 12 19 13 11 20 7 0 11
4 25 24 24 7 30 30 17 17 17 27 0 19
4 10 10 14 16 16 22 13 25 33 14 0 18
5 9 30 32 11 10 23 8 19 28 22 0 22
9 28 21 17 13 9 28 16 23 9 14 0 43
7 27 26 24 24 11 27 21 24 15 30 0 32
9 24 33 24 16 8 24 23 25 33 14 0 41
3 16 7 13 16 23 21 21 31 34 30 0 13
7 7 8 20 27 9 10 27 30 33 23 0 35
9 26 30 28 24 26 15 27 24 12 14 0 43
10 29 25 27 8 21 11 25 21 16 21 0 48
10 22 29 22 27 28 14 15 12 21 7 0 46
10 14 31 33 34 31 22 29 29 12 7 0 46
7 26 26 10 21 25 8 12 26 32 8 0 33
4 22 18 33 15 27 13 8 13 20 16 0 19
2 24 32 26 22 29 30 8 13 27 11 0 10
7 24 8 21 22 14 33 30 19 25 13 0 35
7 23 15 26 34 20 28 7 22 11 12 0 31
3 15 13 29 27 29 15 33 22 7 21 0 11
8 25 20 26 13 33 18 30 22 16 24 0 39
6 22 24 16 29 22 29 21 20 15 18 0 30
10 13 18 19 8 10 18 10 31 27 28 0 46
6 12 26 24 9 17 26 13 19 9 28 0 29
3 26 31 30 27 28 19 27 31 31 9 0 13
8 14 21 16 27 13 16 13 11 23 8 0 38
2 24 10 14 7 13 8 32 15 13 29 0 10
4 27 20 18 23 31 9 32 32 17 26 0 19
7 26 9 16 23 13 21 8 33 16 27 0 35
10 8 24 18 19 32 31 30 10 27 17 0 48
8 19 26 27 21 32 28 23 24 25 7 0 39
7 32 30 16 10 22 29 24 31 17 12 0 32
9 14 30 21 29 14 27 14 27 19 33 0 45
8 12 21 27 11 16 31 26 26 8 7 0 36
8 26 11 25 13 14 12 10 31 27 26 0 37
9 12 22 20 20 17 29 19 19 16 25 0 41
10 15 10 24 14 17 19 22 15 31 30 0 49
7 19 8 9 23 12 23 22 19 22 18 0 34
10 28 30 13 12 27 16 12 27 19 25 0 46
5 29 19 18 33 14 17 20 25 20 10 0 21
9 32 12 31 8 28 7 33 19 26 22 0 42
3 13 30 11 20 27 16 19 7 25 16 0 13
4 13 12 19 13 24 19 11 12 33 11 0 18
5 22 27 14 16 13 10 21 30 8 11 0 23
10 20 23 25 15 27 31 13 30 22 9 0 49
7 12 18 19 27 27 12 21 33 7 23 0 34
7 11 32 20 23 14 14 31 20 22 7 0 34
9 10 26 27 32 30 18 20 23 27 11 0 45
7 29 31 8 28 9 18 24 33 30 29 0 32
5 11 20 11 29 30 10 28 20 9 27 0 21
10 23 15 11 17 18 13 14 26 30 10 0 48
9 20 31 22 27 29 8 13 29 22 9 0 41
7 27 30 27 22 33 25 30 9 8 23 0 33
6 19 13 24 19 31 17 16 25 14 22 0 26
5 27 24 21 24 24 20 8 22 8 25 0 22
6 14 25 18 15 14 15 14 17 14 33 0 29
10 15 11 11 13 16 8 20 19 12 17 0 47
7 26 9 9 9 17 27 10 18 11 9 0 34
4 30 28 30 33 28 20 9 20 10 20 0 19
3 23 32 21 31 22 11 13 16 30 10 0 12
8 27 27 16 19 8 19 11 20 10 23 0 40
6 22 29 12 10 31 30 33 9 17 14 0 28
9 11 14 15 13 20 30 21 29 27 28 0 41
7 19 10 11 13 23 11 25 20 15 23 0 31
7 25 31 20 21 22 33 10 15 11 8 0 35
3 22 28 18 9 17 21 11 9 16 14 0 14
8 27 27 17 27 29 12 29 24 29 9 0 38
3 9 28 12 24 28 16 20 33 9 9 0 11
7 24 27 24 17 9 14 24 11 28 7 0 35
9 24 29 15 15 28 31 19 23 28 20 0 45
10 31 26 21 18 24 8 33 10 7 32 0 49
3 22 9 32 22 24 30 24 23 9 8 0 13
3 17 9 30 21 17 30 15 15 24 9 0 12
5 14 29 33 21 10 9 15 15 16 8 0 23
9 13 10 20 32 15 34 9 21 9 15 0 44
4 25 19 14 24 7 18 31 20 10 32 0 20
3 14 22 24 9 33 13 12 28 13 19 0 13
3 14 26 18 33 15 17 29 29 19 29 0 11
7 9 19 12 23 11 8 32 7 8 14 0 34
7 17 25 10 19 29 20 7 21 25 26 0 35
8 7 8 27 10 16 10 23 9 24 19 0 38
8 23 9 8 34 23 33 33 21 30 15 0 40
8 7 13 14 13 9 15 18 22 29 13 0 36
5 15 31 16 16 25 22 17 33 24 17 0 21
5 25 10 26 9 18 17 33 13 12 32 0 25
9 28 26 13 27 31 9 20 19 22 31 0 45
6 20 24 9 10 28 28 23 22 23 7 0 30
9 20 30 24 28 13 13 15 26 8 27 0 43
3 33 11 24 8 17 18 8 16 16 22 0 13
10 27 20 20 27 26 21 25 27 10 9 0 47
10 23 7 33 18 19 31 27 20 27 20 0 46
9 21 22 9 33 10 16 31 25 32 15 0 43
9 16 32 17 18 8 23 13 23 7 23 0 44
9 15 23 9 31 22 32 29 19 30 8 0 43
7 11 31 30 11 20 7 18 23 17 11 0 35
7 17 24 20 22 26 27 17 32 27 7 0 31
10 14 15 16 18 18 12 14 14 16 29 0 46
3 8 22 17 32 27 29 8 19 20 11 0 14
6 20 20 25 20 13 26 13 29 30 11 0 30
4 26 11 10 30 18 21 34 21 11 22 0 17
4 8 7 28 8 26 26 30 12 29 7 0 20
7 19 15 24 13 26 33 7 24 11 16 0 32
6 18 10 10 33 17 7 21 27 27 12 0 27
8 18 11 23 21 12 9 22 24 13 15 0 37
4 8 32 27 14 7 8 13 31 17 25 0 17
4 12 24 11 26 21 13 16 31 22 9 0 17
6 9 23 7 26 9 27 10 30 29 15 0 30
5 31 27 33 12 23 26 30 33 28 31 0 25
2 24 29 12 26 19 9 29 8 20 30 0 10
6 11 11 11 21 18 32 25 15 33 20 0 26
7 33 21 12 23 7 32 24 27 29 10 0 34
8 29 15 27 12 31 25 27 22 25 7 0 37
10 15 8 8 28 14 18 7 32 19 19 0 47
10 21 10 12 12 18 12 23 12 26 11 0 48
4 29 25 23 17 13 21 20 28 8 22 0 19
4 14 20 12 14 13 23 7 27 26 24 0 18
8 10 18 29 11 25 10 14 32 14 17 0 38
3 27 10 14 26 18 8 33 26 22 28 0 11
7 32 27 23 24 29 12 10 14 33 13 0 34
8 33 32 9 32 30 32 28 27 18 31 0 38
8 18 20 15 17 27 28 8 25 22 25 0 36
8 11 24 14 9 23 27 21 22 27 26 0 38
8 24 33 33 29 8 18 30 15 33 32 0 37
9 27 27 26 31 13 33 20 19 32 22 0 43
7 22 27 7 14 27 9 10 14 32 23 0 31
4 23 24 9 25 22 22 24 14 25 25 0 17
9 18 31 11 15 21 20 10 23 32 15 0 43
10 10 28 31 21 7 27 20 9 21 16 0 47
3 33 12 13 13 18 24 15 32 21 11 0 12
3 24 28 12 28 18 10 9 21 29 32 0 13
4 25 13 13 32 22 19 29 19 15 27 0 18
10 33 17 8 24 7 18 26 26 19 31 0 49
3 11 22 23 14 21 13 23 10 33 11 0 15
8 23 13 25 31 7 19 11 31 11 34 0 39
4 23 17 32 24 17 20 33 16 30 31 0 20
4 21 10 31 9 13 10 13 26 22 30 0 16
9 24 28 16 27 27 11 10 31 26 18 0 43
2 9 24 30 31 30 13 25 21 17 29 0 10
4 25 24 22 27 12 32 11 11 16 32 0 19
10 9 26 21 26 11 24 33 28 32 16 0 50
7 14 31 12 22 17 20 32 8 25 21 0 35
6 31 17 10 9 27 23 33 24 16 18 0 27
9 29 32 24 24 13 32 17 22 15 8 0 42
6 25 17 25 17 15 33 13 23 30 18 0 28
4 25 10 30 14 31 9 15 9 12 7 0 19
10 22 22 23 25 29 32 22 11 27 14 0 48
5 33 9 31 11 15 22 10 31 19 30 0 25
5 24 32 28 27 13 32 29 10 19 28 0 23
3 30 16 29 19 15 27 14 24 8 30 0 13
7 19 20 13 18 13 31 28 12 19 19 0 34
6 29 28 16 14 29 31 21 19 7 16 0 27
10 22 9 16 27 12 33 16 31 32 30 0 49
4 27 29 21 29 15 12 33 10 10 13 0 18
5 11 9 21 28 23 12 26 31 23 29 0 22
4 19 14 15 12 14 10 19 25 16 11 0 20
6 23 17 24 20 16 32 32 11 18 18 0 27
10 27 11 16 25 21 26 33 15 25 30 0 46
8 13 12 14 31 12 22 21 9 32 26 0 38
3 29 27 23 20 27 17 33 7 7 7 0 12
3 14 18 30 12 18 33 34 32 7 10 0 13
9 33 13 12 19 17 22 25 32 10 24 0 41
7 8 16 20 13 24 29 27 22 30 12 0 35
3 23 15 24 10 8 13 22 30 30 13 0 12
8 33 25 23 23 28 11 14 28 31 13 0 36
5 18 8 19 26 9 17 8 32 31 19 0 22
8 25 33 22 12 24 20 14 14 10 32 0 36
6 23 23 17 22 26 34 19 27 31 19 0 30
7 15 11 30 14 32 31 15 21 7 19 0 35
7 27 31 24 7 22 15 10 12 25 25 0 32
9 17 9 13 21 19 22 32 22 25 13 0 43
2 7 27 25 23 10 34 13 9 19 18 0 10
8 28 16 10 9 26 20 12 7 7 16 0 37
8 21 10 13 7 23 33 31 32 19 13 0 36
7 13 32 20 13 7 18 21 30 25 32 0 34
7 20 7 14 10 24 18 15 23 27 18 0 34
6 25 30 14 27 19 19 21 32 14 29 0 29
7 32 32 13 14 29 26 19 28 18 26 0 33
6 17 27 8 18 21 27 21 28 32 14 0 27
7 14 11 32 7 29 29 26 21 26 18 0 33
9 20 16 20 31 7 11 7 12 24 13 0 44
10 13 33 17 22 17 25 24 21 18 16 0 48
8 16 10 20 26 33 18 24 8 23 9 0 40
2 18 21 13 10 24 13 31 20 13 27 0 10
6 21 23 19 13 32 33 24 15 27 23 0 27
8 27 30 32 25 14 32 14 25 29 18 0 37
10 31 33 18 18 31 27 22 30 34 33 0 50
8 25 27 15 13 31 25 27 27 19 10 0 37
6 32 25 9 32 20 12 9 29 24 11 0 30
3 28 25 25 31 29 26 29 8 7 8 0 11
5 7 7 11 23 27 20 33 23 29 32 0 25
5 26 30 20 29 20 23 26 15 16 12 0 21
9 14 19 10 14 32 16 15 33 15 21 0 43
4 20 8 9 31 33 14 32 17 26 24 0 16
6 20 14 31 11 10 19 16 12 12 28 0 30
5 33 18 24 11 28 29 23 25 15 7 0 23
4 29 10 8 18 16 24 32 17 31 8 0 16
3 16 16 10 21 31 17 26 24 23 28 0 14
5 17 24 25 16 24 13 27 21 27 17 0 21
8 19 31 18 18 9 20 21 30 12 21 0 38
10 33 9 7 19 8 24 19 15 21 23 0 49
8 24 23 14 17 13 21 15 26 12 10 0 39
7 27 32 13 9 25 26 22 32 21 21 0 33
4 14 27 27 28 17 11 20 16 24 29 0 17
4 19 22 15 32 22 31 9 22 28 10 0 17
7 17 15 17 23 11 23 21 14 15 11 0 32
9 15 20 32 15 16 17 20 14 28 18 0 43
4 18 31 22 16 18 13 17 25 30 20 0 20
6 25 32 32 28 13 26 32 14 9 33 0 29
3 29 15 33 25 29 18 10 18 32 13 0 11
2 8 24 20 29 27 15 27 18 21 29 0 10
6 31 9 32 19 27 9 29 7 23 19 0 30
6 27 29 20 10 8 14 14 20 29 11 0 29
9 13 9 7 21 8 13 27 31 20 11 0 43
5 30 15 11 34 17 30 23 30 17 23 0 25
6 13 20 20 22 33 10 30 33 29 31 0 28
9 22 16 27 28 26 21 14 16 19 7 0 45
8 16 26 18 21 22 7 15 18 11 30 0 38
8 17 13 16 8 30 7 13 23 29 22 0 38
10 16 11 16 15 7 15 29 17 24 21 0 50
6 9 18 12 9 7 18 20 8 14 7 0 30
7 19 17 32 27 28 9 26 8 16 20 0 32
10 27 18 11 9 15 23 31 8 16 26 0 47
9 26 22 29 28 21 23 16 27 29 7 0 45
6 31 16 25 12 17 21 31 16 9 30 0 28
3 30 27 29 25 12 21 28 28 14 26 0 11
4 12 20 23 30 32 18 9 9 13 11 0 18
4 13 19 10 16 8 30 32 16 10 23 0 17
5 8 9 15 11 21 20 8 19 17 20 0 21
5 26 9 20 18 17 24 33 32 15 9 0 25
10 16 26 32 26 17 21 17 24 29 33 0 47
6 20 7 25 11 23 29 11 29 18 11 0 26
10 16 34 28 26 21 29 20 17 22 26 0 50
8 14 14 32 33 10 10 22 26 16 22 0 38
9 32 11 24 11 12 33 30 8 30 7 0 43
8 23 20 29 26 26 26 26 28 26 22 0 37
4 26 18 9 29 10 30 9 32 21 9 0 16
9 13 33 10 13 24 32 22 22 18 30 0 43
2 15 12 11 8 9 27 27 29 32 8 0 10
9 8 28 20 15 31 12 24 20 16 28 0 44
10 16 27 19 30 21 28 13 15 9 13 0 48
4 22 10 19 29 27 25 27 14 33 11 0 16
5 25 25 21 19 24 33 31 7 12 19 0 24
4 22 7 18 8 21 20 23 24 29 21 0 19
10 18 32 30 13 20 20 11 22 26 24 0 47
10 12 8 32 12 30 12 8 29 10 7 0 47
9 27 13 20 9 21 21 10 22 19 25 0 41
9 13 18 14 13 16 32 31 23 27 24 0 43
6 9 7 22 9 32 19 13 15 11 13 0 26
6 26 7 29 26 9 24 22 17 31 26 0 28
7 19 28 28 23 33 30 22 7 18 8 0 35
10 9 25 14 7 9 18 12 13 28 32 0 50
3 30 23 16 16 29 27 7 22 8 10 0 14
8 31 25 22 28 14 19 7 10 23 17 0 39
8 9 15 22 33 11 30 29 28 33 22 0 36
3 9 30 28 26 11 25 9 10 13 21 0 14
10 14 14 23 27 10 30 23 11 33 28 0 49
8 21 23 7 18 14 11 8 15 12 13 0 36
7 27 30 24 23 13 29 22 29 14 21 0 33
6 13 31 22 11 25 14 33 24 10 18 0 30
9 14 28 14 31 14 18 31 25 15 28 0 41
8 26 19 33 14 18 12 16 10 21 22 0 36
9 10 22 27 27 32 29 13 31 33 7 0 45
5 20 30 20 8 10 32 7 30 16 10 0 23
8 34 27 19 25 28 26 16 12 16 8 0 39
7 20 22 24 11 26 11 19 15 28 22 0 33
10 10 30 12 27 33 15 12 14 26 11 0 50
7 17 24 16 23 13 29 15 13 16 14 0 31
8 14 16 18 31 20 26 17 7 20 16 0 39
10 11 24 23 18 15 33 8 26 14 29 0 47
7 12 8 33 32 14 20 23 27 16 26 0 32
3 12 16 13 10 12 30 30 14 7 15 0 15
6 9 24 24 24 16 19 11 24 31 18 0 28
8 8 26 21 8 12 25 14 31 31 25 0 38
3 20 25 26 29 19 22 31 33 25 21 0 11
9 31 30 24 34 8 26 28 8 25 8 0 45
8 9 16 20 28 21 20 17 32 9 11 0 40
7 17 31 9 19 12 7 17 32 13 30 0 32
8 12 14 8 19 11 27 12 9 17 11 0 38
10 12 12 20 33 33 30 16 27 28 30 0 47
8 11 13 9 22 9 30 29 12 15 22 0 38
9 25 17 24 24 33 10 26 31 18 24 0 41
6 29 15 23 18 15 10 13 18 25 24 0 26
6 27 21 28 9 32 31 20 23 10 27 0 30
7 22 19 33 10 13 8 20 22 16 11 0 33
5 27 26 16 23 19 32 20 29 34 21 0 23
9 33 29 13 25 27 8 29 33 14 21 0 44
9 25 23 12 20 25 27 8 26 10 28 0 41
2 13 33 7 27 9 30 20 16 14 27 0 10
10 20 15 9 18 20 17 26 23 7 17 0 48
8 15 15 16 30 27 9 19 25 12 9 0 37
9 18 26 7 25 10 20 20 32 7 31 0 45
7 12 21 18 13 29 22 26 21 28 18 0 31
5 9 14 8 31 15 18 33 10 28 23 0 22
10 28 22 13 31 8 25 12 8 13 21 0 49
3 29 29 32 33 13 22 30 15 8 26 0 15
8 14 28 8 19 14 26 22 22 33 33 0 40
9 21 17 33 18 30 17 16 33 29 9 0 41
10 32 23 33 22 21 16 13 19 18 25 0 48
8 20 18 32 24 25 8 31 12 15 29 0 39
10 25 26 17 31 14 17 23 12 19 31 0 46
9 10 26 16 30 27 28 16 11 7 24 0 43
3 23 18 24 7 22 20 21 9 14 24 0 15
5 9 20 27 27 9 9 33 20 17 9 0 23
9 14 23 22 31 31 11 13 12 25 9 0 45
6 18 26 27 20 17 24 9 16 28 26 0 29
5 25 33 32 34 11 9 32 24 20 30 0 22
5 32 30 12 25 25 10 32 15 25 9 0 22
9 7 21 31 19 24 17 21 9 13 31 0 41
6 9 29 15 8 28 26 15 19 33 25 0 28
5 24 21 28 13 17 22 31 10 9 15 0 22
10 26 11 10 23 10 24 15 12 23 14 0 50
3 28 29 23 31 8 13 16 15 11 9 0 12
4 26 24 17 33 33 24 18 31 11 15 0 18
6 16 19 20 27 12 33 20 16 26 12 0 27
10 20 24 15 30 11 13 21 17 18 22 0 46
6 9 8 9 18 15 30 30 7 26 33 0 29
8 14 17 15 11 25 17 18 33 29 26 0 39
9 25 18 8 17 12 31 19 26 27 30 0 42
5 19 28 22 28 26 9 19 14 11 23 0 23
7 10 29 19 19 16 32 7 8 19 26 0 33
3 33 17 9 17 17 15 22 23 13 17 0 15
4 29 17 32 8 32 25 18 19 21 31 0 20
10 11 33 24 29 16 27 30 9 33 22 0 47
3 31 31 14 14 17 10 13 21 29 16 0 12
9 20 16 25 15 23 31 21 21 15 8 0 42
5 26 15 12 23 18 10 24 13 27 16 0 23
7 9 29 11 10 23 15 28 31 19 8 0 35
10 10 9 11 12 11 24 12 19 11 17 0 48
5 11 10 25 24 29 12 21 25 22 33 0 21
10 22 29 20 26 21 21 30 23 14 28 0 47
9 19 18 20 22 17 32 27 15 12 26 0 43
6 7 14 8 24 20 24 15 11 13 26 0 26
5 22 23 23 14 33 13 7 32 24 28 0 22
9 33 16 10 24 21 27 20 11 24 11 0 42
4 30 23 20 27 19 29 8 11 34 32 0 19
4 24 18 8 21 20 18 32 10 10 31 0 17
4 10 9 9 13 11 18 12 21 30 23 0 18
9 7 21 30 24 8 28 27 18 33 21 0 42
4 27 25 18 11 30 25 8 23 26 19 0 18
6 22 28 18 15 34 11 22 18 29 14 0 30
4 20 7 20 23 28 17 13 17 16 32 0 19
6 21 18 8 15 27 32 17 17 8 23 0 30
8 24 21 34 31 18 14 7 17 22 15 0 36
9 15 10 11 26 15 15 31 13 9 9 0 43
9 33 8 21 12 14 18 19 11 23 24 0 41
9 28 15 33 22 19 22 32 9 25 10 0 43
4 11 17 19 26 32 12 25 24 22 9 0 18
5 24 26 12 13 20 31 15 12 22 19 0 25
9 21 23 14 29 24 19 32 22 27 32 0 45
10 19 15 31 30 29 17 21 30 12 32 0 50
6 13 9 16 26 27 28 10 27 13 7 0 26
5 13 11 22 20 14 15 8 31 8 17 0 22
3 8 28 8 27 23 14 11 28 9 31 0 14
8 17 14 29 12 33 13 33 12 11 14 0 39
6 32 29 8 28 31 18 26 31 23 30 0 29
3 31 7 20 20 22 23 22 25 19 18 0 14
5 17 26 14 19 9 20 8 14 19 20 0 24
5 15 26 8 17 7 20 32 28 8 19 0 25
10 11 9 11 17 17 20 27 13 24 21 0 48
7 12 26 17 28 11 7 21 8 27 24 0 31
4 15 16 20 13 29 31 28 27 11 26 0 17
6 30 28 10 7 23 19 21 16 20 21 0 28
3 14 30 18 10 16 14 18 10 12 17 0 14
3 27 11 31 28 21 9 15 13 9 21 0 12
10 33 29 17 32 15 29 30 10 15 18 0 50
10 21 19 31 25 22 16 13 10 18 12 0 47
7 18 30 12 21 31 13 19 11 33 25 0 32
3 19 31 8 11 29 17 21 13 24 20 0 11
3 18 32 9 24 10 27 16 13 27 12 0 12
7 31 33 26 28 15 14 16 16 20 16 0 32
9 30 13 20 25 16 26 10 29 15 33 0 43
4 21 32 27 17 14 32 13 15 12 27 0 18
6 11 12 32 13 11 13 13 22 28 17 0 26
7 27 13 10 22 21 14 21 31 22 26 0 31
7 25 25 18 18 12 25 12 21 20 11 0 33
6 11 16 16 31 31 19 30 31 20 11 0 27
3 18 15 28 8 9 19 20 29 9 29 0 15
7 9 25 31 31 13 33 11 24 8 7 0 33
9 9 20 31 25 16 13 16 29 18 33 0 41
3 26 30 7 24 24 13 7 9 18 15 0 12
8 27 12 19 31 8 13 15 32 18 14 0 37
4 30 11 24 33 25 22 33 22 18 19 0 19
8 24 7 21 14 17 26 9 17 19 13 0 36
8 15 22 25 11 12 25 8 17 12 7 0 40
9 12 29 24 27 21 18 19 13 7 7 0 45
9 12 31 28 28 33 30 16 24 29 30 0 45
9 26 21 17 13 14 29 20 15 18 31 0 42
9 19 15 29 13 31 28 14 19 9 14 0 45
8 12 10 25 25 8 12 8 22 25 24 0 36
8 14 30 8 32 15 7 27 15 21 30 0 40
6 16 16 18 12 16 26 13 32 15 25 0 28
5 19 17 31 12 9 14 17 26 16 12 0 22
4 33 21 15 18 9 20 29 20 14 26 0 18
3 25 22 31 32 10 27 12 29 33 31 0 11
3 30 26 28 27 18 16 21 25 11 26 0 11
2 10 10 33 18 13 19 29 25 18 30 0 10
10 28 28 29 19 27 15 16 18 10 19 0 49
9 16 32 31 30 16 29 21 22 16 15 0 44
6 23 19 9 15 30 30 29 33 32 28 0 28
10 23 32 24 10 21 11 31 31 9 33 0 50
2 12 31 21 30 10 12 32 30 8 20 0 10
5 7 34 14 19 11 9 14 22 24 24 0 25
3 30 34 13 21 13 17 26 12 12 18 0 12
7 28 33 10 21 27 34 8 10 20 30 0 34
6 23 20 32 9 22 30 15 7 20 10 0 30
8 26 20 28 8 26 14 16 33 23 21 0 39
10 31 7 12 15 29 32 10 21 14 21 0 48
8 25 12 21 8 7 16 21 31 18 26 0 36
5 22 8 19 10 21 20 31 22 15 16 0 25
9 23 14 17 11 27 20 28 16 26 19 0 42
7 13 14 21 16 18 28 10 26 10 24 0 34
8 23 14 10 10 10 14 16 22 14 16 0 40
9 27 20 28 13 27 19 16 12 9 14 0 44
8 20 9 14 13 31 28 10 20 31 10 0 40
10 21 21 15 14 19 27 7 27 19 10 0 50
9 7 9 29 17 29 13 17 23 28 26 0 41
8 32 11 25 7 18 16 30 22 23 34 0 39
7 31 20 12 12 14 13 9 8 28 12 0 31
10 21 8 33 16 22 25 30 16 25 23 0 50
4 22 21 26 29 19 8 23 13 22 22 0 19
6 32 7 31 14 19 15 21 27 7 21 0 27
6 31 16 25 29 24 30 24 25 21 16 0 30
8 18 30 33 15 30 30 30 27 21 23 0 40
5 18 16 21 32 34 26 18 7 12 13 0 23
4 30 10 11 32 12 7 17 30 30 25 0 18
10 11 9 25 30 12 11 11 9 12 15 0 47
10 7 11 33 24 9 17 31 12 23 15 0 50
7 11 25 18 27 19 33 7 27 32 24 0 31
10 28 29 26 26 20 8 25 31 27 27 0 49
8 34 18 8 15 22 9 22 21 28 26 0 40
8 24 25 30 24 31 15 24 10 15 15 0 37
3 19 30 16 18 21 13 25 33 22 14 0 13
10 29 26 29 20 19 31 12 14 15 20 0 47
3 15 26 11 23 7 23 12 13 17 16 0 13
7 10 27 30 31 23 11 31 26 24 7 0 31
7 32 14 15 15 12 8 17 19 13 31 0 33
8 14 17 9 14 28 32 20 11 13 19 0 39
4 30 24 26 12 30 29 26 24 16 13 0 18
6 13 28 18 32 32 27 18 18 19 31 0 30
6 11 30 11 13 28 18 12 7 14 9 0 29
9 26 15 13 15 33 14 10 22 16 14 0 45
9 21 27 27 9 20 22 13 15 32 16 0 41
3 25 26 33 20 25 32 13 18 21 15 0 14
6 24 23 31 25 31 9 29 15 30 16 0 30
6 24 15 33 13 31 19 30 15 13 25 0 30
10 17 12 7 11 17 10 19 23 18 14 0 48
10 9 31 26 18 25 30 8 20 30 30 0 46
8 14 21 16 19 30 24 22 27 30 14 0 36
5 14 20 12 11 7 24 12 8 23 26 0 21
5 17 32 15 8 12 24 25 23 33 21 0 25
7 11 28 14 9 12 29 25 17 29 13 0 33
9 20 29 31 15 9 10 22 25 11 9 0 41
6 31 13 25 26 9 25 27 8 19 33 0 28
10 27 26 7 24 28 14 20 7 19 9 0 49
4 19 7 24 9 10 33 32 10 23 29 0 17
3 13 26 21 21 25 26 32 21 34 24 0 14
6 9 9 8 12 22 9 27 15 9 9 0 30
6 32 33 17 26 9 31 29 31 10 9 0 28
3 33 10 11 10 21 32 18 23 26 27 0 15
2 13 11 27 26 30 21 12 26 17 31 0 10
3 8 18 28 16 18 27 18 9 24 22 0 15
5 22 27 29 10 12 11 8 31 32 30 0 25
7 27 31 9 7 8 8 9 27 25 30 0 35
6 27 10 20 28 21 8 8 8 11 31 0 29
9 23 24 10 12 26 17 8 20 19 17 0 43
6 14 23 19 15 14 13 23 19 13 32 0 28
7 20 33 27 31 13 12 17 28 28 32 0 31
7 31 11 22 19 24 25 26 20 23 27 0 34
10 22 13 26 16 19 17 7 11 11 31 0 46
4 8 8 27 16 12 23 17 31 26 11 0 17
10 30 11 14 33 16 14 18 15 32 31 0 50
8 16 7 10 25 15 32 20 14 21 33 0 39
10 8 10 10 11 8 7 14 27 26 11 0 49
10 23 7 34 23 13 28 15 16 9 28 0 48
4 11 26 10 20 10 23 29 19 14 34 0 17
10 19 32 9 30 18 31 16 30 16 30 0 46
10 14 31 25 17 33 17 29 33 32 27 0 48
7 21 11 17 30 8 14 27 11 24 17 0 31
10 27 20 25 14 23 12 15 31 20 33 0 50
8 28 13 20 14 9 20 28 18 31 7 0 38
9 30 28 16 17 32 22 11 31 11 32 0 44
10 13 14 27 16 24 14 22 26 18 14 0 47
9 9 8 31 27 33 18 19 27 32 18 0 43
9 9 11 10 24 19 29 31 23 25 13 0 43
9 31 32 9 27 21 15 9 23 27 12 0 43
9 25 26 8 23 29 18 19 24 24 24 0 43
9 32 29 31 11 31 30 29 10 29 23 0 43
3 20 11 17 26 14 24 14 7 31 14 0 14
7 32 26 18 28 9 19 33 12 27 8 0 33
6 10 25 26 12 12 9 24 11 11 12 0 30
4 23 27 33 23 7 19 10 28 22 26 0 17
4 8 18 17 33 21 13 19 12 13 22 0 20
7 19 7 23 29 10 26 7 15 24 13 0 33
8 7 11 10 21 13 31 28 12 7 31 0 37
10 33 32 14 15 21 14 9 23 16 24 0 46
10 9 29 27 23 22 9 28 24 17 8 0 47
5 11 11 30 22 17 14 28 28 28 19 0 23
7 15 22 22 10 26 16 12 22 19 22 0 35
7 24 17 14 28 22 21 30 33 22 32 0 31
8 7 17 30 33 28 21 12 10 29 29 0 38
3 27 20 10 23 18 9 24 25 19 21 0 13
10 22 30 21 15 15 25 14 28 10 17 0 47
10 29 25 23 27 10 23 19 16 15 28 0 46
5 8 25 9 10 19 11 7 10 21 7 0 24
8 15 18 28 19 20 20 24 28 23 33 0 38
4 10 12 18 20 15 23 16 33 17 23 0 18
8 18 20 23 11 27 22 32 31 22 30 0 37
4 24 26 24 10 10 11 24 30 24 13 0 19
3 34 15 31 27 18 11 30 9 28 18 0 14
4 10 14 9 30 32 15 13 17 26 22 0 19
4 31 13 10 8 12 31 21 14 24 24 0 18
7 22 10 16 18 11 18 14 28 27 11 0 31
7 27 25 32 26 10 11 27 30 20 16 0 35
3 20 7 32 27 21 28 20 33 12 12 0 15
3 24 30 22 26 7 14 26 11 22 15 0 11
6 7 16 12 18 16 17 14 10 7 27 0 30
7 8 21 14 25 19 19 7 17 27 21 0 34
5 32 10 31 11 9 22 17 14 10 27 0 21
9 30 29 25 23 24 22 26 27 16 28 0 42
3 11 28 32 31 14 32 31 8 9 33 0 11
4 8 26 22 14 22 27 10 22 21 23 0 18
9 15 12 27 28 15 23 11 12 14 13 0 41
7 11 14 12 13 23 11 18 19 17 20 0 33
10 8 17 22 15 31 26 23 22 21 31 0 46
7 15 29 11 15 11 12 27 17 7 25 0 35
6 29 20 33 13 16 24 30 17 29 11 0 26
10 7 24 18 14 8 14 26 30 23 16 0 49
4 25 17 19 15 14 20 18 9 17 28 0 20
6 33 26 31 12 25 30 32 10 17 33 0 30
10 28 9 9 10 15 27 22 32 24 30 0 47
3 21 12 20 15 16 25 18 8 28 18 0 15
5 15 27 33 28 33 9 19 20 31 7 0 24
6 24 23 32 12 24 28 18 7 22 21 0 30
4 9 23 29 27 23 20 24 10 23 21 0 17
10 19 12 12 7 19 12 13 22 8 34 0 46
3 24 16 7 32 9 10 17 11 18 30 0 14
3 19 10 20 11 28 9 9 15 23 11 0 12
6 21 8 19 9 14 25 30 24 26 22 0 28
3 31 11 10 18 31 12 24 27 21 10 0 12
4 11 29 13 16 24 25 13 32 8 20 0 19
10 18 11 18 14 15 20 26 27 10 26 0 50
6 25 19 18 27 29 19 12 28 33 25 0 27
8 27 29 15 24 22 12 16 16 18 7 0 40
5 13 10 30 27 27 11 33 29 12 9 0 24
10 14 24 29 8 26 25 27 27 11 23 0 47
6 8 26 32 22 10 7 8 18 17 28 0 28
6 16 28 27 7 25 10 24 13 31 21 0 28
4 14 29 11 14 33 8 13 33 21 9 0 19
4 13 17 11 13 29 33 10 7 20 20 0 16
3 28 26 8 10 30 32 19 33 22 25 0 12
9 31 11 9 22 28 8 27 17 23 28 0 45
2 30 22 16 16 22 15 31 9 30 18 0 10
4 8 10 19 10 8 13 22 15 23 11 0 17
10 13 23 20 7 32 7 17 22 18 23 0 50
10 22 18 21 32 15 29 19 22 22 7 0 46
10 31 19 18 16 28 10 23 15 20 18 0 46
3 31 11 22 30 30 25 15 26 23 22 0 13
3 17 20 21 32 24 32 21 15 26 27 0 11
3 30 26 18 18 32 33 16 29 7 8 0 13
8 18 17 12 18 9 26 31 26 12 7 0 36
3 10 32 10 24 32 14 27 20 16 11 0 13
5 8 28 32 13 21 30 12 8 21 26 0 25
8 32 13 12 7 8 20 20 29 23 27 0 40
9 33 14 23 30 16 14 31 19 26 27 0 44
3 11 27 29 11 7 27 14 16 19 12 0 13
6 27 13 22 19 28 9 7 31 18 19 0 27
10 31 18 28 31 16 10 31 12 22 20 0 49
3 7 10 26 8 17 29 16 31 14 14 0 13
3 31 15 11 17 22 23 31 32 32 32 0 14
4 16 26 19 17 19 15 29 8 31 20 0 17
4 12 19 11 20 25 11 21 23 23 17 0 17
4 32 30 29 23 30 25 33 12 22 20 0 19
7 30 15 32 32 9 24 11 33 8 27 0 34
8 17 34 31 27 25 20 20 33 7 9 0 36
6 22 27 15 11 13 31 11 11 15 11 0 28
6 31 27 25 7 21 27 18 21 14 9 0 26
5 25 7 13 15 30 25 22 25 8 7 0 22
5 24 20 11 33 30 7 8 25 27 16 0 23
6 17 31 13 26 33 28 16 33 23 8 0 27
8 8 13 16 25 23 28 24 16 16 12 0 40
10 28 18 17 27 9 16 27 30 11 33 0 46
10 19 28 13 12 25 28 25 33 11 34 0 50
7 21 22 9 19 16 25 11 8 32 27 0 35
3 18 12 30 15 18 11 32 21 7 8 0 11
8 23 26 17 20 11 33 27 15 12 15 0 40
4 17 11 29 21 29 30 14 30 18 8 0 19
2 30 20 23 15 11 15 32 29 18 9 0 10
6 16 18 20 10 34 12 23 25 29 8 0 26
8 31 30 14 13 33 18 17 14 16 17 0 36
6 22 14 23 16 7 18 23 10 22 16 0 26
5 14 31 11 15 26 30 29 13 22 11 0 25
6 16 18 17 21 8 27 23 28 8 31 0 26
9 29 21 30 15 30 16 33 14 11 24 0 43
8 7 26 24 9 21 29 19 30 14 33 0 37
9 20 14 31 30 17 17 23 19 22 29 0 44
8 13 9 13 15 11 8 29 33 18 27 0 38
5 8 9 24 28 24 17 14 29 16 7 0 25
10 11 31 27 23 31 27 19 33 13 24 0 48
3 26 34 18 22 23 25 29 8 30 13 0 12
10 19 12 30 12 8 23 31 7 8 27 0 49
8 14 8 32 19 32 22 15 33 23 22 0 40
10 19 33 28 31 8 11 24 19 33 33 0 47
3 9 23 34 15 24 18 33 20 24 15 0 12
4 25 22 21 31 14 23 22 26 7 10 0 18
9 33 22 17 9 12 16 26 14 27 26 0 45
7 16 30 24 23 24 9 14 22 19 26 0 35
8 19 25 9 20 24 26 21 7 10 16 0 39
4 18 9 20 11 12 9 28 21 33 33 0 19
9 23 21 26 34 27 20 13 21 13 16 0 42
9 22 11 19 11 12 16 21 30 11 32 0 44
5 9 15 18 30 30 33 26 11 23 20 0 23
10 16 21 17 18 33 19 15 28 27 10 0 49
7 10 17 18 8 18 13 7 11 30 20 0 35
10 18 13 12 17 20 28 13 28 33 33 0 48
7 13 32 13 16 9 18 13 26 24 7 0 34
6 21 20 28 13 31 32 20 23 13 23 0 27
3 24 23 7 31 22 33 23 20 31 14 0 11
5 7 18 28 15 7 13 31 27 18 23 0 24
7 28 13 34 25 23 18 29 33 15 22 0 31
9 16 16 18 23 7 26 22 33 22 14 0 43
9 31 32 18 31 13 13 32 26 24 12 0 41
3 20 25 17 22 19 16 9 7 27 17 0 12
6 13 15 22 30 32 33 29 24 28 7 0 29
6 13 34 20 30 24 25 25 14 12 28 0 27
7 30 24 13 18 9 21 21 25 33 31 0 32
3 10 15 32 13 13 16 30 7 23 18 0 13
9 15 7 33 25 9 12 31 27 30 29 0 45
4 31 30 18 11 18 16 7 11 9 33 0 18
5 13 19 20 17 26 12 34 14 17 15 0 25
5 29 26 30 26 28 25 25 27 28 22 0 24
5 31 21 20 31 10 28 26 33 15 31 0 23
7 10 7 8 18 32 28 29 7 13 30 0 32
4 24 25 29 28 18 12 13 15 28 21 0 16
4 14 33 8 20 28 15 30 20 17 15 0 20
2 32 18 8 10 23 12 14 14 31 7 0 10
9 13 22 21 26 7 9 21 23 29 17 0 45
4 25 29 29 13 16 21 13 28 11 13 0 18
3 13 8 7 29 9 21 18 25 11 24 0 15
9 19 8 7 7 20 13 28 24 19 25 0 43
6 29 25 29 23 22 33 31 8 28 33 0 26
7 10 17 26 19 17 25 26 18 16 12 0 32
3 16 27 15 21 15 11 7 15 9 33 0 12
7 22 9 21 13 20 14 8 30 9 20 0 33
6 14 11 22 22 12 27 28 14 25 22 0 26
8 19 16 13 27 16 11 24 30 24 31 0 38
7 16 9 33 23 29 16 10 18 20 19 0 34
4 7 13 33 24 13 12 32 8 19 22 0 16
4 10 21 27 16 14 17 12 27 20 30 0 20
7 15 32 10 31 23 21 12 33 20 18 0 31
2 26 17 24 10 15 23 17 12 25 34 0 10
4 26 18 15 15 23 22 29 25 16 10 0 17
8 11 10 8 12 21 26 13 27 8 22 0 40
8 10 24 14 7 27 14 17 23 20 31 0 37
10 10 12 34 8 10 29 15 15 33 16 0 47
9 25 8 8 27 22 30 15 34 20 30 0 44
8 19 23 14 8 19 29 19 15 23 19 0 40
7 16 14 19 22 9 29 25 20 18 33 0 35
7 34 26 10 15 21 21 30 26 13 31 0 32
5 28 11 8 14 16 12 23 14 17 12 0 23
10 29 33 31 24 22 26 7 8 33 21 0 47
3 19 33 13 31 24 32 33 29 23 11 0 13
6 33 10 14 25 33 21 32 32 22 17 0 27
7 15 24 28 26 30 9 30 20 26 14 0 32
4 14 20 19 10 7 26 30 32 21 32 0 20
9 25 26 27 33 22 23 8 30 26 26 0 43
9 16 26 33 31 24 32 24 21 25 33 0 45
3 12 11 27 31 11 30 10 23 15 10 0 12
8 24 31 19 23 13 30 12 29 17 28 0 37
7 12 31 20 27 30 17 12 26 15 8 0 32
4 12 19 18 9 11 11 12 23 29 28 0 18
6 24 10 12 10 15 31 25 32 29 7 0 27
4 23 27 9 28 26 21 32 25 13 19 0 20
10 22 32 13 27 20 30 27 25 30 16 0 46
6 20 33 15 33 14 14 19 33 8 9 0 29
5 27 31 32 24 16 20 8 14 32 33 0 21
6 10 23 32 25 22 14 19 11 23 30 0 30
227 224 220 155 174
138 157 192 240 278
129 158 209 237 273
132 162 209 223 264
123 148 192 232 271
140 171 220 221 277
120 144 214 229 276
131 146 197 220 289
138 180 203 240 273
129 158 208 225 272
103 144 210 237 275
112 178 208 227 268
110 145 182 224 265
107 174 207 251 279
107 147 187 244 298
120 147 217 241 266
111 151 213 243 268
127 176 201 246 277
131 163 201 230 266
106 158 185 253 266
133 152 195 259 283
128 164 195 227 279
129 169 188 227 273
137 179 180 238 273
115 162 184 245 268
101 163 210 237 269
133 161 216 254 285
117 180 214 251 260
129 160 199 223 297
125 159 189 247 274
137 163 184 246 291
112 159 199 227 292
103 167 213 239 265
106 143 184 231 275
138 149 194 232 298
107 170 193 235 274
117 160 203 250 295
111 169 187 258 298
108 164 184 249 265
105 164 204 260 279
140 146 180 252 284
130 165 187 245 279
115 151 182 239 264
138 179 184 224 261
124 164 194 245 271
121 156 197 255 298
104 167 218 260 275
115 142 220 243 286
129 146 182 232 281
127 154 194 255 269
130 168 209 235 295
140 169 194 258 267
124 167 198 248 295
138 161 217 220 268
114 141 220 253 286
100 163 206 232 282
118 150 193 237 281
134 157 180 245 298
138 153 209 247 294
124 163 189 223 295
123 175 191 236 276
117 155 191 243 273
128 166 206 255 273
100 142 214 248 273
107 180 217 252 283
120 153 209 223 288
104 169 185 249 279
101 156 182 246 284
118 180 189 232 291
137 141 219 252 263
102 153 201 233 288
115 162 191 229 294
118 171 185 246 275
129 169 212 231 294
100 160 204 249 285
110 161 185 253 299
134 174 207 236 264
119 167 216 241 298
119 149 193 233 288
110 152 217 227 266
114 145 191 253 270
117 147 198 257 290
129 179 190 229 272
136 155 202 257 297
124 169 217 237 292
125 177 212 255 268
138 162 192 251 266
105 175 198 232 274
100 169 181 241 294
122 176 201 246 282
134 178 208 233 264
131 168 180 229 295
108 148 213 230 275
101 160 181 231 281
139 168 216 223 299
117 155 218 225 267
123 168 188 254 290
114 176 203 225 300
140 161 217 240 260
140 158 183 235 274
135 166 210 231 262
112 163 201 254 264
133 153 181 238 299
136 169 194 259 290
117 140 188 224 293
111 148 213 251 276
101 152 204 228 271
108 154 213 255 284
102 151 211 240 270
115 153 187 221 272
106 156 213 238 275
126 168 202 246 274
105 161 198 245 277
100 140 202 257 296
124 154 213 248 275
102 168 219 251 267
105 172 181 254 266
106 178 183 235 290
128 159 212 252 272
122 169 182 231 266
113 141 188 234 287
109 176 189 244 274
134 148 187 236 282
119 155 191 228 280
108 157 194 229 260
107 153 199 225 272
107 168 188 248 298
125 150 197 251 284
132 170 196 242 284
127 146 183 240 269
117 161 190 222 289
137 168 180 221 278
140 158 207 246 263
125 177 191 258 288
139 160 192 246 280
120 166 206 230 274
104 161 210 236 291
126 158 219 245 290
138 142 187 245 284
137 160 185 258 267
129 153 207 249 267
129 173 220 257 275
114 170 196 229 269
137 152 183 250 292
127 174 218 230 269
119 155 213 241 277
122 144 191 231 289
139 168 217 228 265
114 171 185 224 278
100 179 218 226 299
125 165 215 225 299
140 163 203 244 293
104 146 201 226 298
135 170 204 228 284
129 168 180 220 267
118 162 205 260 297
123 154 181 241 272
117 150 209 232 288
139 172 208 243 275
138 151 214 243 294
125 167 204 252 294
129 151 214 229 264
124 178 218 246 292
139 162 186 249 288
100 171 185 244 280
104 158 208 231 288
125 173 211 246 272
115 150 218 240 278
132 148 186 227 288
126 147 200 243 269
111 169 217 236 268
104 154 202 240 272
114 177 200 231 274
111 141 205 257 294
111 161 212 254 269
108 166 218 238 293
115 174 192 236 279
133 170 206 235 293
116 161 195 243 279
125 180 181 249 298
112 142 183 233 295
120 171 208 257 282
112 141 198 240 280
130 164 217 231 267
100 141 191 249 279
122 169 203 244 275
114 172 215 222 277
137 175 199 225 285
119 172 219 260 265
121 155 206 254 270
103 151 213 254 260
112 176 201 249 295
112 169 183 255 287
133 172 220 253 276
130 171 204 243 283
124 160 211 259 274
139 155 216 238 275
130 143 182 260 272
129 140 220 221 298
125 157 215 236 285
118 142 210 235 294
114 141 192 224 262
122 146 196 255 288
104 173 217 231 289
118 154 182 236 262
120 164 188 232 276
103 164 201 227 271
132 162 200 230 281
128 180 206 242 281
113 158 211 253 287
110 164 214 249 281
126 174 204 256 291
137 179 212 224 273
116 151 181 260 291
135 151 182 258 281
107 171 198 230 261
115 152 190 236 291
114 152 204 231 297
119 175 218 259 296
132 169 211 234 277
111 150 201 240 292
105 140 194 254 297
127 141 202 224 298
123 176 185 241 282
134 176 184 236 276
132 158 216 238 282
131 143 219 247 261
107 176 216 235 279
136 157 182 242 287
132 149 192 249 260
137 152 201 233 270
102 146 210 247 285
134 141 196 225 263
101 163 206 248 283
117 173 184 242 280
136 177 192 253 292
108 144 210 256 284
103 151 208 222 282
136 170 191 248 275
114 160 190 250 270
124 152 180 255 298
124 142 209 240 293
125 147 199 247 262
108 150 183 233 287
130 161 182 258 298
107 171 205 258 282
117 161 185 259 289
120 154 211 234 263
124 158 207 252 292
126 151 203 260 300
110 171 218 233 281
136 177 210 224 269
120 158 189 222 291
116 169 208 236 274
118 144 219 224 297
106 151 220 228 300
139 147 210 258 290
132 166 196 259 263
133 172 180 254 270
140 152 207 253 267
117 155 192 237 286
110 163 215 257 271
136 175 184 229 294
120 174 213 232 262
130 177 185 232 280
111 167 205 239 260
134 168 194 258 277
130 149 220 239 266
108 148 204 238 289
135 151 191 232 264
109 165 203 250 297
136 179 209 220 270
121 157 196 257 284
106 176 204 251 281
112 152 217 236 263
129 143 210 237 260
122 160 198 243 260
123 153 209 232 293
102 147 211 253 297
101 178 217 241 285
135 175 209 238 283
105 166 210 252 287
111 155 181 224 284
125 170 189 251 287
126 161 202 222 294
140 162 210 227 292
140 168 201 232 288
121 177 187 227 275
126 157 211 240 262
130 150 189 227 283
130 162 187 256 265
120 147 184 260 294
128 165 199 232 292
139 168 192 248 260
111 165 185 235 289
101 174 210 253 275
120 156 188 260 297
139 177 220 235 280
125 163 212 234 283
138 150 202 238 296
121 161 192 232 280
132 161 183 232 297
140 145 218 241 299
122 169 217 250 293
106 149 219 223 297
127 145 187 242 294
110 169 187 246 283
140 166 200 244 280
123 154 195 230 278
118 180 202 242 300
117 159 188 223 293
134 159 192 220 289
100 179 203 256 280
128 174 182 260 271
109 152 199 222 261
113 141 180 223 296
120 150 190 246 292
107 172 182 256 273
130 167 195 225 270
124 141 211 255 296
110 140 185 227 266
124 170 196 260 290
100 145 210 223 284
117 167 212 232 292
126 166 196 242 283
103 151 209 224 298
130 161 213 247 297
114 146 196 230 294
129 171 220 250 291
102 169 195 222 295
107 176 212 225 273
101 143 200 255 288
129 172 194 229 266
117 178 217 241 271
131 165 213 255 263
124 159 187 245 261
104 150 201 255 265
120 145 200 246 265
133 159 191 230 269
103 164 181 232 271
124 140 206 236 291
122 155 219 228 284
104 175 213 224 278
116 173 214 253 288
126 170 181 247 293
139 164 186 224 287
114 172 181 247 268
116 142 203 241 299
112 161 184 241 300
105 160 196 235 300
120 171 189 259 283
114 179 206 250 298
138 151 193 220 295
133 179 200 252 297
109 148 211 236 297
135 162 194 243 260
119 152 210 244 277
105 179 211 236 297
107 174 195 252 290
107 178 190 245 266
128 178 194 251 271
137 179 203 228 297
124 156 182 260 274
120 170 207 259 287
131 163 199 251 298
113 150 207 257 298
136 179 208 249 297
115 179 189 231 264
133 168 218 254 263
128 177 218 248 260
109 155 191 246 300
126 144 190 236 299
108 140 213 257 260
135 143 196 222 266
133 163 199 244 268
136 167 199 240 276
121 179 192 238 268
101 174 182 252 273
124 147 207 235 289
121 144 199 226 287
101 180 199 259 294
138 160 200 249 291
139 176 218 244 294
133 179 196 259 295
131 159 193 255 267
101 145 219 256 277
121 150 213 237 281
125 174 203 220 263
119 170 205 230 281
111 168 184 240 275
106 144 189 246 294
110 158 200 227 261
108 179 199 243 271
111 160 217 233 297
104 140 218 235 296
132 163 181 227 300
118 161 212 242 273
125 165 204 251 263
138 157 193 247 295
126 156 184 251 287
128 170 215 226 293
134 170 188 221 274
109 141 194 234 284
104 168 181 232 275
122 152 187 258 276
130 148 199 227 286
130 163 216 245 286
126 157 209 222 293
112 163 220 223 296
136 178 204 236 265
115 166 217 229 299
109 146 190 251 288
134 174 187 243 272
124 177 217 253 283
133 147 211 240 277
103 150 211 253 276
139 166 184 259 260
115 142 181 240 294
103 150 215 223 279
128 173 214 241 261
135 154 216 221 272
111 140 217 229 265
132 147 188 233 266
106 163 207 230 281
131 174 215 235 295
115 161 207 251 274
103 174 213 232 260
134 147 208 224 265
126 164 181 236 269
119 165 201 255 289
127 161 200 234 298
110 164 197 230 260
102 161 191 252 273
105 154 193 228 280
122 158 183 259 275
133 141 194 246 297
115 178 205 220 289
108 173 180 250 266
106 174 207 237 290
111 144 210 237 296
131 177 214 221 289
105 149 215 231 286
106 179 207 244 273
127 149 193 249 288
114 160 185 222 298
133 157 190 243 281
126 158 210 245 284
129 176 184 231 281
104 145 195 236 296
119 148 216 253 274
120 169 198 247 298
130 161 194 249 286
109 177 216 253 270
124 175 204 256 268
104 146 211 238 285
105 151 190 254 280
113 177 211 223 271
107 173 185 237 263
133 170 181 237 260
126 178 219 238 281
115 158 190 245 289
102 179 197 260 282
104 142 220 258 268
107 145 190 260 283
112 164 205 225 272
102 165 219 225 283
100 164 200 243 287
115 169 213 239 273
100 169 204 251 273
139 179 215 240 273
119 151 210 248 281
131 180 202 222 263
128 177 201 234 271
108 171 195 233 285
132 170 188 221 296
125 144 213 249 275
114 144 204 255 263
109 143 209 256 283
136 174 203 246 262
128 174 220 228 293
106 144 182 236 298
128 146 215 225 283
128 142 202 231 269
111 175 215 254 283
133 176 216 225 287
119 145 182 222 293
118 152 199 258 283
127 173 195 231 295
107 179 191 227 273
122 161 209 250 270
140 150 195 260 283
107 173 198 224 292
132 154 198 249 292
110 145 208 253 268
124 173 194 233 294
104 146 188 241 270
138 142 205 230 289
136 152 190 239 267
124 174 199 260 281
120 146 216 255 299
137 180 216 241 299
124 156 182 223 292
125 177 196 232 286
126 169 195 233 292
115 160 215 255 280
135 155 203 234 300
138 156 200 240 288
104 171 204 225 276
121 146 204 240 264
134 146 194 226 300
126 146 204 254 282
113 141 213 233 295
115 145 180 254 285
116 159 198 242 284
107 163 188 238 292
138 165 184 243 262
102 159 203 260 274
123 143 186 231 272
138 179 207 250 296
108 167 184 241 287
118 146 194 246 287
118 143 209 234 293
138 178 211 248 295
113 156 211 236 277
126 176 200 240 279
117 166 209 230 271
106 160 188 246 297
109 171 197 240 300
130 173 196 258 297
106 141 205 232 261
125 143 206 255 263
106 158 215 230 271
114 160 190 248 290
122 156 187 246 297
100 173 180 223 295
126 147 205 224 269
114 154 201 249 269
126 167 195 242 260
125 146 204 226 268
134 173 204 240 286
102 166 219 245 298
117 179 194 220 292
110 167 219 228 265
137 167 211 222 269
112 157 219 252 287
112 168 195 259 289
114 174 180 229 289
101 146 181 229 278
130 157 216 243 277
137 156 191 234 277
138 173 194 225 298
113 146 210 241 277
100 142 210 258 266
130 148 191 256 294
125 168 201 234 300
135 151 191 228 277
104 166 196 257 265
109 150 193 231 289
106 141 204 225 298
108 169 187 224 271
139 171 184 221 265
112 154 196 236 266
105 148 196 254 274
102 150 187 249 288
125 176 209 238 260
137 164 192 247 267
127 146 194 251 278
116 141 206 251 290
126 175 198 225 281
116 169 195 257 285
117 180 220 258 299
138 156 219 250 283
121 143 210 238 278
118 170 191 230 289
120 164 201 243 263
119 172 190 238 267
106 166 197 225 297
109 157 186 248 271
125 155 218 257 264
114 159 211 233 292
107 161 204 238 265
108 149 218 251 284
127 166 207 237 272
129 173 185 224 265
137 166 211 259 285
133 145 216 238 271
113 158 218 245 282
121 162 199 251 270
122 163 196 260 262
125 161 183 249 268
114 173 196 260 293
138 167 192 256 269
127 170 203 249 266
109 142 201 260 298
106 151 205 241 292
104 159 208 252 261
126 159 206 233 282
100 177 214 256 261
133 145 192 255 281
104 169 216 241 280
123 147 201 228 262
133 174 185 223 288
116 140 206 224 289
104 141 212 222 266
128 168 195 235 300
114 177 187 220 295
103 141 204 247 267
116 151 180 220 276
116 161 214 250 283
133 177 186 259 263
130 172 220 240 262
126 162 208 242 263
137 177 209 251 289
126 174 183 245 272
121 164 203 259 274
135 142 186 236 270
120 159 219 237 262
136 142 208 235 289
102 180 189 223 296
116 152 203 246 298
137 144 203 235 277
130 151 201 227 280
131 180 211 232 262
131 145 189 236 275
118 149 217 251 292
100 180 207 239 263
138 155 184 230 265
129 175 190 249 275
124 167 214 255 269
129 156 197 224 274
122 158 180 256 290
120 151 218 237 284
122 177 202 234 279
138 162 213 242 270
112 150 198 233 283
109 175 181 227 270
112 156 215 240 284
112 162 219 247 293
101 160 207 233 290
108 142 209 233 279
125 153 206 247 266
104 172 216 245 291
117 146 197 254 264
114 180 196 254 263
114 169 220 225 265
100 143 184 258 296
101 150 209 244 277
121 179 180 224 287
128 168 215 223 281
106 179 212 243 282
129 180 190 231 289
126 153 200 237 267
120 159 196 233 293
111 176 208 246 294
113 168 218 232 297
139 157 191 243 260
137 152 198 258 297
116 144 188 243 272
108 142 216 225 276
127 145 198 225 285
113 148 203 242 296
121 168 196 255 273
120 154 186 232 262
134 160 186 244 285
120 145 180 243 282
138 153 189 229 300
133 140 201 229 276
140 169 204 239 299
118 151 190 225 270
123 153 194 257 260
112 162 218 253 261
116 141 220 248 274
100 161 208 245 279
125 171 186 252 263
121 171 196 237 295
123 142 220 249 275
108 168 191 225 292
110 176 192 244 262
112 171 198 257 285
108 145 192 237 295
122 176 195 246 272
125 179 214 244 261
133 151 201 224 291
118 161 211 238 300
120 170 197 234 285
120 144 198 228 292
106 180 186 239 278
126 146 213 236 283
128 156 188 251 285
125 172 215 237 288
123 159 181 227 287
129 167 200 223 279
126 153 196 234 290
110 156 183 235 292
134 168 193 223 264
122 145 210 229 290
134 178 183 228 265
118 180 183 252 278
107 141 209 255 262
120 174 187 249 262
124 143 195 224 278
100 151 182 240 262
106 166 194 221 277
138 151 185 231 273
102 141 210 255 296
112 151 210 234 291
131 143 197 252 278
137 149 207 244 297
115 172 198 232 282
138 164 218 229 281
137 154 215 220 268
132 164 192 220 295
130 142 199 231 270
114 154 189 229 292
134 170 186 257 263
136 174 219 241 300
128 149 212 235 262
135 153 191 244 263
121 153 201 227 268
123 146 202 225 285
113 147 200 221 283
106 173 188 244 261
112 143 185 239 282
123 173 198 221 264
138 143 190 240 297
106 161 185 223 298
124 165 199 222 276
110 146 213 228 276
104 171 220 256 282
118 169 186 260 276
133 175 201 245 276
122 159 196 226 292
105 163 198 226 278
138 168 194 237 299
119 160 215 259 277
105 140 184 257 294
126 160 205 248 261
131 157 193 254 266
106 154 185 258 267
122 156 199 234 273
108 151 192 229 263
126 177 189 222 291
109 166 185 257 283
124 165 214 220 264
137 143 200 239 289
125 166 217 239 288
123 144 190 252 267
117 142 202 246 267
124 159 182 238 265
133 152 184 255 271
133 169 203 240 283
110 156 190 228 278
118 174 193 230 261
126 177 212 226 288
135 162 199 255 268
128 167 187 259 296
108 180 189 252 297
140 140 202 250 293
128 154 201 245 276
121 165 192 228 260
104 156 210 230 284
130 177 219 237 297
140 153 187 234 286
118 152 185 221 288
127 157 212 256 286
101 153 199 220 292
105 158 193 249 289
116 163 185 224 263
139 147 185 223 261
113 170 180 248 281
119 174 208 225 271
127 179 200 252 271
129 143 185 259 285
121 144 207 234 286
107 143 185 247 292
131 163 205 245 280
126 140 198 255 266
120 153 214 252 263
106 163 197 233 289
121 145 208 254 290
131 146 185 247 296
110 166 193 220 267
130 177 214 220 271
112 141 194 260 283
116 158 185 258 273
114 164 219 242 287
123 161 218 223 273
111 164 202 235 284
102 179 217 248 300
132 169 215 229 298
117 146 202 240 291
118 167 201 256 282
115 142 202 252 266
115 150 214 226 272
138 161 189 224 263
114 170 197 227 296
134 163 208 240 289
140 180 213 241 260
122 155 195 235 273
101 176 206 221 264
118 179 217 226 269
135 155 185 224 260
106 155 214 221 275
108 170 194 246 296
139 180 208 250 273
128 169 215 258 278
139 178 220 228 262
134 162 204 257 266
100 175 192 237 289
107 156 197 252 293
105 142 189 243 264
125 153 184 258 295
111 166 204 248 283
134 163 207 236 273
113 170 201 260 278
121 179 199 254 282
113 170 180 243 298
118 141 189 233 293
106 151 220 220 274
107 148 196 222 288
101 166 192 228 298
116 157 209 227 289
129 151 218 255 264
135 168 200 235 270
108 177 182 220 299
136 143 200 231 283
122 171 219 234 287
109 151 189 254 272
128 177 181 257 287
137 178 217 239 278
136 178 217 260 289
106 172 184 223 276
138 169 213 236 293
110 171 216 248 262
100 141 210 232 278
100 149 212 239 283
107 180 190 241 270
112 157 202 225 274
123 160 199 227 265
139 177 185 225 289
124 141 204 252 300
115 149 216 232 298
118 151 208 234 268
106 179 185 221 280
133 159 220 254 299
113 167 212 242 279
112 143 194 249 262
115 140 208 223 286
127 156 201 258 290
113 166 217 236 282
126 141 187 228 288
114 161 181 225 286
110 169 189 239 292
104 164 201 231 299
111 154 183 239 289
131 152 192 238 271
106 142 209 245 280
117 147 211 238 297
139 179 185 244 280
102 147 196 240 282
112 178 201 254 268
124 146 208 224 271
120 153 188 236 280
114 174 197 249 278
129 170 181 229 295
109 143 182 254 265
140 152 183 239 284
109 148 186 232 262
110 142 197 233 265
113 151 189 239 296
137 149 187 260 271
109 162 186 237 271
112 145 205 223 273
110 174 206 244 263
131 180 194 258 289
130 158 200 240 278
107 151 211 249 285
100 167 209 221 276
128 165 183 220 276
139 179 216 225 283
113 173 209 226 275
136 158 210 223 262
103 141 194 257 287
110 147 198 241 278
104 170 187 242 284
119 149 195 246 263
118 163 218 221 296
113 166 206 242 271
139 148 182 243 288
137 140 189 221 288
128 171 183 237 299
109 180 200 222 272
109 163 211 255 264
102 144 210 259 272
126 166 200 247 271
126 156 200 257 291
100 165 181 255 280
123 155 197 252 282
125 147 192 238 296
105 148 189 249 269
131 180 190 252 272
102 177 206 242 297
121 165 187 226 268
101 153 187 255 270
117 148 181 231 282
140 163 202 223 281
135 165 207 235 285
132 179 199 259 271
133 145 186 233 294
105 179 205 258 269
123 148 180 229 276
107 179 193 229 291
125 163 198 253 262
139 161 215 242 278
110 179 205 229 295
115 154 191 238 262
110 145 188 245 282
132 171 191 255 273
113 146 212 225 275
100 152 203 223 261
112 142 183 252 282
116 145 181 250 294
112 173 195 258 266
124 140 217 254 288
104 151 186 239 260
138 154 211 234 264
101 174 211 228 274
130 176 191 221 276
117 169 217 246 278
125 144 213 252 266
120 156 216 258 286
116 177 213 236 293
138 151 217 235 273
103 161 182 221 292
135 155 219 237 299
116 152 196 227 272
121 154 201 248 296
123 170 190 231 300
107 179 208 235 294
138 146 194 230 290
125 173 193 224 295
107 162 181 242 269
134 172 211 231 276
132 154 198 226 279
125 162 194 234 278
131 145 211 234 292
140 143 214 247 282
103 152 196 249 261
127 145 197 223 277
109 153 191 245 286
133 162 191 232 270
129 173 202 228 288
134 168 201 229 275
111 173 192 225 265
130 161 195 241 282
122 177 200 249 265
137 142 216 227 298
118 168 209 220 272
108 151 191 221 299
103 140 187 253 276
102 144 218 233 292
108 161 212 249 264
116 172 191 259 262
116 153 188 260 281
119 162 203 258 281
106 169 212 243 290
129 140 215 240 295
109 146 214 238 260
100 155 181 235 296
116 159 208 256 269
120 169 180 230 282
129 162 198 247 289
138 142 182 231 294
118 153 210 224 282
114 144 212 246 295
127 159 200 236 277
102 155 207 237 277
115 174 212 247 282
107 162 199 252 292
106 171 181 225 292
138 144 180 258 277
127 172 220 231 263
100 176 182 230 279
130 179 196 242 266
125 170 183 229 271
129 163 220 230 263
131 171 191 250 265
136 159 181 245 264
137 170 214 249 282
130 175 213 258 272
125 166 210 248 261
138 176 187 257 297
117 171 200 234 299
116 169 206 237 272
133 158 206 221 291
122 149 201 253 264
111 171 205 256 286
110 141 206 240 272
129 153 182 247 262
140 148 198 236 294
130 146 184 231 297
6221 7076 8652 10814 12525
2332 2855 3775 4280 4929
4895 6006 7746 8265 9783
1486 1787 2317 2798 3267
3091 3774 4853 4875 6109
5890 7067 10499 11235 13539
4989 5559 7499 8374 10998
4840 6312 7117 8414 9569
4912 6016 7917 8564 10351
5057 7067 10304 11627 13490
5386 8556 9997 10910 12879
1220 1607 2015 2479 2931
4610 7494 8914 10807 12012
4825 6626 8428 10994 13426
6010 7361 10863 12064 13315
1342 1823 2569 2930 3231
2677 3708 4234 5180 5832
6037 7510 9259 10594 12251
3402 5068 5933 8111 8527
4266 4875 6252 8302 9071
3466 4440 5278 6143 7548
1688 2209 2457 2965 3564
4806 6277 6312 8344 9570
5530 7788 8845 11774 12879
1120 1805 2323 2621 2974
3335 4036 5413 6364 7140
2233 3432 4079 4783 4954
3106 3851 4789 5365 7143
2635 3351 3982 5201 5769
2613 3108 3508 4688 5544
3706 5259 6580 7505 9652
1245 2016 2569 2882 3195
5098 6876 8845 11103 13216
4013 4332 5638 6742 8657
1294 2052 2329 2834 3303
1882 2571 3261 4014 4735
3117 4744 5248 7238 8359
4006 6080 6821 9228 9820
1164 1816 2257 2874 3084
5611 5851 7212 10094 11375
3910 4962 5622 7364 8385
3920 5146 6201 8141 8991
3737 4845 4980 6062 7062
3482 4604 5445 6874 7603
4124 5315 6710 8684 10147
3753 6023 7861 9374 9915
2655 3277 5073 5603 6593
4139 4683 5837 7438 9008
1280 1551 1953 2564 2705
3000 3875 4820 5418 6800
2811 3392 3892 5174 5354
4474 6023 7140 8942 10635
4013 4680 6306 6393 7787
1150 1421 2213 2544 2875
3209 5228 6605 7438 9039
3550 4511 5803 7124 8445
6308 7390 8472 11529 14021
2356 2612 3566 4213 5013
2986 3924 4549 5366 7096
2839 4037 4406 5442 6363
2233 2957 3642 4631 5202
4234 5489 6811 8429 9023
1109 1573 2368 2743 3018
5038 8472 10212 11858 13316
4330 5519 7537 8042 10383
3545 5758 6303 8480 9501
3444 5316 6201 8379 9672
2842 4332 4548 5582 6999
2477 2549 3955 4550 4748
1335 2001 2626 3043 3760
4840 6816 8035 9632 12364
4022 5826 6302 8378 9365
6331 8292 10401 11332 14421
4909 7852 10009 12215 13980
2650 3875 4452 6086 7191
6442 8364 9949 11342 12686
4770 6691 8653 9653 11935
1557 1948 2522 3043 3760
5290 7308 10430 10910 12783
2290 2911 3833 5075 5415
5275 6626 8923 11579 13065
3106 4308 4573 5510 6543
3002 3421 4456 5668 6549
4970 6771 8693 9493 11695
1635 2313 2769 3329 3498
6497 7625 9036 11811 12517
1270 2112 2389 2798 3303
2009 3392 3632 4834 5896
1230 1772 2023 2474 2835
2958 3928 4589 5140 5822
2499 3204 3432 4365 5620
4762 6523 9386 10134 12115
2333 3692 4176 5327 6479
6960 8411 10813 11163 14965
2584 3422 4810 4964 5889
4684 6396 7156 9666 11035
4342 6700 7727 8563 11415
1411 1621 2183 2414 2614
4491 5068 5868 7534 8783
3926 4826 6103 6713 7613
5386 7836 9661 12206 12687
3734 4295 5080 6678 8387
6810 8461 9712 12964 14515
3286 3931 5277 6286 8220
2341 3119 4486 5285 5811
3949 5940 7969 8906 10584
1089 1551 2143 2564 2855
1030 1521 2123 2414 2715
3115 4143 5062 5981 7360
1070 1571 2143 2394 2765
2026 2700 3245 3950 4399
2635 4037 4963 6139 6940
1909 2671 3851 4898 5640
2118 2629 3634 4230 4690
3681 6060 7897 9050 9627
1060 1732 1822 2555 2675
2236 3750 3855 4949 6105
2442 3032 4041 4802 5183
1596 2209 2379 3017 3473
2270 2831 3773 4694 5756
4370 7052 7573 9774 10975
4433 4895 6184 7802 9321
3104 4042 4979 5942 7295
2278 3309 4087 4823 5475
4504 6438 8371 9464 11440
4503 7068 7908 10430 12531
5510 6611 8681 11058 12511
1990 2562 2952 3644 4275
2297 2639 3307 4334 4857
2116 2910 3433 4010 5218
6176 7572 8112 9959 12525
1411 1591 2083 2474 2644
3135 4437 4787 6464 7215
4181 4811 5772 7394 8415
3130 4328 5369 5994 7139
4273 6613 8623 9690 11946
6058 7595 10525 11774 13935
6635 6827 8988 11774 13647
4669 5451 6302 8786 9093
4912 5825 7879 9476 10161
4267 5720 7273 8495 9089
4000 5962 6873 8029 9430
2888 3203 3855 5264 6147
2423 3318 4155 4383 5126
3223 4196 5764 6521 7494
5012 5915 7844 9485 11865
4320 5220 6740 7081 8229
5368 8049 8708 10542 13081
1609 2876 3501 3629 4799
5635 7436 9688 10138 13470
1410 1641 2042 2454 2945
3130 4391 6043 6794 8956
2710 3412 4093 4573 5695
2720 3540 3793 4634 5622
5084 6977 8827 11194 12786
5299 6634 7796 10377 11711
5860 7511 10463 11614 14415
5709 7064 8541 9977 11289
1804 1974 2795 3173 3837
3885 5188 6336 7826 9129
2075 2427 3437 3678 4239
4350 6241 7643 8623 10235
2513 2927 3360 4496 5199
4409 7536 8153 10750 12335
2297 3488 4589 5096 6351
2885 3991 4866 5672 6270
3920 5111 7425 8174 9467
3311 3711 4663 5689 7216
4798 5597 7613 9248 10237
5227 7955 10212 11106 12611
1466 2168 2841 3374 3823
1492 2313 2613 3017 3577
1786 2267 3293 4126 4719
4672 6773 8917 10682 11313
1629 2501 3283 3584 4410
4035 6102 6733 8274 9780
3734 4771 5781 6593 8219
4998 6935 8398 10463 12012
4635 6672 6709 9227 11041
1914 2425 3124 3975 5031
2170 3089 3757 4640 5091
1578 1985 2785 3374 3935
3910 4932 6523 6944 8025
4610 6497 8799 11469 12850
4646 6434 7727 9286 10465
2404 3624 4528 4675 5832
2750 3512 3993 4513 5715
2271 3280 4174 4954 5049
1825 2336 3103 3824 4065
4130 6051 8533 10175 10415
3593 5644 6444 7982 9455
4714 7110 7698 10724 12069
2936 3795 4853 5580 6086
5340 7023 8377 9977 11618
5094 6571 8664 10633 11249
6405 7141 9949 10962 12665
2351 2585 3288 4695 4911
5299 5751 9033 9074 12233
4010 5035 6893 7566 9135
4022 4839 7153 8004 10011
2176 2691 3661 4270 4994
2572 3077 4129 5369 6063
1153 1915 2400 2555 3194
5320 6942 8203 10635 11805
2170 2964 3397 4190 4983
2173 3456 4234 4781 5706
4894 6006 7413 8524 10412
6282 8832 10107 11872 13784
3061 4277 5710 6845 7764
3529 5259 6861 7982 9007
4420 6101 7152 8974 10200
2750 3592 4253 4493 5475
3374 4390 5261 7555 8454
3926 4390 5290 7496 8164
3006 4800 5557 6454 7323
2885 3811 4763 5914 7291
2062 2747 3685 4172 5362
5007 7361 9169 10892 12447
2122 2716 3389 3758 4447
5116 6911 9259 11054 13447
2005 2671 3699 4841 5659
2804 3113 4457 4942 6572
5053 7228 7597 9895 11577
5505 7228 7556 9690 11331
3310 3961 5413 5964 7065
4726 5159 7897 8906 9411
3219 5292 6493 7064 8385
3547 4093 4744 6306 7477
2651 2991 3853 4994 5215
4395 4875 6445 7470 8655
1131 1617 2323 2731 3150
2557 2690 3737 4289 5012
1019 1642 2073 2494 2845
1648 2434 2588 3402 3935
6130 7977 8652 11399 13155
4978 6635 9673 11790 13079
2894 4240 5837 6230 7912
4634 5792 6506 8446 9365
3658 5132 6093 8014 8655
5838 7155 8472 11999 14021
3234 3703 5447 6254 7633
6010 7067 9565 11870 12591
3682 5112 6235 7936 9774
3910 4841 5472 7754 8955
2256 3603 4318 5432 5937
3520 4841 5562 7784 8685
5770 7403 10141 11246 12639
5838 7437 9742 11858 13739
5050 6051 8132 10414 12015
4190 6510 8297 8868 10693
3682 4791 5683 6061 7278
1210 1592 1903 2234 2926
2910 4237 5213 5914 6865
4966 6059 9211 9421 12489
2129 3031 4413 4574 6015
6404 6773 9673 11882 13355
2782 3498 4128 5453 5537
4000 5172 5412 7634 8115
2951 3203 4360 5327 5621
4339 5746 7117 8783 10597
3529 5227 6893 8238 8687
5178 6662 7004 8715 11187
5770 8364 10237 11150 12591
1570 2136 2232 2798 3375
2674 4020 4933 5750 6255
1484 1859 2146 2852 3062
3780 4332 6393 6945 7729
2386 3267 4501 5250 6373
5006 5598 7080 8598 9783
1644 2486 3058 3764 4470
3547 4666 5447 5733 7035
3035 3936 4912 6439 7115
3825 6348 7357 9050 10131
5274 7155 10213 11106 12376
3365 3729 5473 6176 6775
5866 7692 9517 11678 12495
4561 5672 7746 8598 10856
2763 3980 5710 6845 8034
3847 6776 8259 9172 10845
3925 5087 6074 6915 8222
2949 4659 5893 7070 8051
1897 2647 3090 3822 4844
4010 5452 6060 8046 9199
1522 1943 2437 2677 3543
1830 2117 2743 2964 3811
2111 2531 3027 3493 4335
2672 3906 4127 5008 6065
2908 3622 4866 5534 6041
4171 4811 6061 7278 9071
2610 3252 3752 5134 5315
2050 2510 3140 4434 5013
3082 3971 4789 5582 7023
1818 2196 2508 3238 3394
4783 7107 7968 10119 12443
5059 8712 10513 12664 13765
6010 7811 9412 13014 14865
6821 8685 10793 11528 13734
6260 8161 10613 11714 14165
5530 6011 8093 9534 11855
2430 3232 3853 4654 5615
6214 7578 8613 10918 13974
2670 2766 4155 4592 5696
4036 5588 7174 8264 9684
2872 4034 5926 6035 8035
4963 5666 7305 9452 11481
3090 4744 5248 6902 7939
5050 5987 7212 8798 10095
3577 4478 5668 6684 8077
1898 2892 3244 3885 4815
2116 2874 3397 4028 5290
1619 1920 2317 2653 3483
3409 6098 6915 8718 9535
5770 7842 8202 11714 12210
2953 4116 5387 6008 7062
3061 3818 4873 6035 8008
3610 4511 5713 7394 8775
4397 7064 7474 10511 11208
1311 1682 1963 2264 2715
4722 5369 8031 9704 11263
4520 5752 7598 9322 10922
1622 2221 2560 3394 3785
1310 1896 2744 2913 3708
1180 1682 2133 2333 2935
1774 2336 2757 3402 3977
4335 6353 8791 9422 12532
1440 1782 2356 2731 3282
2176 2785 3737 4384 5602
2332 3089 3973 4513 5252
2253 3730 4303 4898 6506
4611 7580 9129 9689 11754
3241 4587 6413 8175 9231
5299 7064 7967 9403 10921
1531 2326 2834 3147 3537
4595 5786 7468 8939 9219
5342 6849 8054 10549 11238
5002 7211 9661 12255 12735
5530 6681 9213 11330 12205
6129 7326 8799 10594 12389
3409 5424 5986 7670 8959
2366 2671 3927 4498 5544
1230 1561 2203 2294 2855
3649 6137 7468 7854 9745
3605 5374 6647 7857 8943
1396 1882 2003 2731 3238
5432 6408 7266 8750 11208
3430 5172 5442 7424 8055
5346 6543 9351 11100 13770
3258 4681 5348 7003 8716
1374 2092 2561 3069 3916
4570 6510 7194 9856 10769
1149 1802 2072 2514 2995
2633 2880 3680 4193 5620
4665 6276 7012 8834 10410
5242 7115 10141 11342 14271
5276 6330 7579 9491 10155
3818 4875 6733 7822 8879
4734 8067 9508 10634 13380
3861 6276 7032 9086 10455
3969 6598 7043 9079 9857
5258 7310 7966 10305 11126
6723 8783 9959 11185 14568
4226 5315 6200 8855 9331
5530 7831 9535 11928 13217
2761 3434 4191 5285 6273
4756 6311 8707 10808 12531
1778 2338 2716 3250 3876
2080 3234 3415 4172 4767
3069 3875 5027 5856 6063
6282 8685 10695 12166 12754
3716 5281 6507 8378 10216
4294 4907 6473 8038 10182
4870 6311 9598 11580 11715
4331 4587 6285 7118 8527
2803 3435 4192 5138 5643
6538 8028 9565 11534 13263
4971 7351 7885 9772 11003
3342 5754 6018 8331 9024
3234 3833 5395 6124 7529
2672 3179 4391 4986 6330
2938 5232 5783 7525 8541
6496 7531 9412 11717 13692
4736 5995 7424 8309 10010
2537 3412 3736 4935 5620
1582 1919 2329 3074 3219
4049 5811 8773 10254 11095
3398 4211 5977 6650 7883
5135 7146 8336 9034 10798
3699 5282 6368 7144 8726
3895 5892 6453 8414 9640
1494 2027 2659 3458 4132
4190 6016 7613 8640 9933
1198 1981 2202 2687 2996
3895 5611 7608 8169 10410
4689 6311 9823 10589 13336
6478 7999 8881 11137 14716
1544 2104 2769 3160 3564
1510 1992 2461 3026 3170
3184 3622 4451 5695 6800
5554 6875 8108 11058 12643
2570 3411 4313 4533 5875
1753 2222 2457 2887 3577
1209 1562 2147 2588 3140
3546 5724 6167 7902 9366
4280 5331 6557 9045 9675
4951 5635 7575 8640 10883
5210 6531 8653 9814 11455
4546 5663 7537 8005 10563
2362 3434 4633 4696 6231
3410 4462 5113 5914 6639
5185 7481 9778 10318 13470
3280 4391 5713 7545 8656
5772 7494 8053 10463 11711
1622 2312 2834 3303 3693
6261 6920 9930 11294 13034
4747 6911 9719 11652 12711
5988 7150 7924 11151 11194
5070 6259 7977 10574 12952
4439 6461 9259 9603 12012
4490 6067 7503 8449 9149
4196 4785 6709 6864 8447
5116 6451 9996 10548 12205
1859 2069 2645 3276 3739
3190 4902 6223 6914 8445
2237 2969 3668 4008 5030
2310 3231 4153 5034 5495
3305 5580 6829 7438 8335
3629 3980 5629 6062 7170
4673 6080 6709 8746 9968
2033 2816 3429 4349 4928
2169 2748 3413 3992 5081
3310 4932 5923 6914 7815
2559 4037 4788 6315 6840
1060 1552 1943 2294 2816
3182 4119 4770 6749 7165
4532 4805 6608 8378 10113
4265 6598 7598 8153 10708
5086 8143 8472 11765 12517
5097 8364 9949 11390 13935
2119 2747 4003 4517 5639
2368 3198 3865 3991 5217
4000 5673 8183 8792 10883
1175 1981 2290 2698 3018
4328 5077 6575 8480 9807
4342 6092 7043 8450 11340
4798 5663 6852 8762 10131
4798 6015 7993 9324 10807
4783 6524 6820 8561 10412
4482 6246 8398 10162 12744
3699 4599 6709 7857 8509
2050 2884 3378 4213 5081
5600 6934 8354 10721 12313
5132 8331 10165 11905 12704
1498 2112 2461 3086 3230
1362 1909 2756 3108 3720
1900 2729 3433 4587 5055
5547 8685 10352 10941 13294
1615 2607 2788 3569 3960
5198 6642 7071 9257 10155
2530 3572 4393 4773 5634
1850 2539 3053 3934 4639
4395 7709 8483 11194 12141
1049 1431 2214 2595 2695
2043 2766 3623 4955 5392
5610 8212 10263 11264 13615
3579 5787 7678 7889 9920
2709 4440 5413 6575 7764
4840 7110 8959 10052 11481
2809 4744 5725 7042 7659
2651 3413 4098 4573 5201
5722 7259 10093 11918 13503
3285 4512 5063 5563 6590
2954 4083 4636 5396 6248
1414 2235 2548 3043 3720
4498 5792 6404 7527 10079
3385 3899 5764 6737 7440
5596 7067 10009 12510 12902
1972 2585 3775 4622 5109
3002 3840 4479 5426 5778
2570 3492 4413 4573 5875
2872 3899 4927 6386 8062
5898 6727 9903 10364 13033
4875 5407 7689 8792 10237
1341 2112 2593 3062 3411
1739 2300 2821 2938 3746
4889 5956 7475 9116 12029
4140 5331 6978 9044 9920
1534 2088 2352 2785 3555
3862 6456 6889 8186 9843
2694 3553 4611 5514 5955
5051 5411 7032 9374 10203
3220 5202 5953 6734 8775
4630 5401 6942 8729 10235
3530 4651 6669 8111 8591
5342 7451 8354 10033 12657
1050 1472 1893 2425 2716
5117 5265 7598 8524 10708
4907 5483 6853 8618 9627
4226 5928 6778 8854 9569
4090 4975 7357 8684 10181
3983 5231 6276 7002 8686
4102 5160 6019 7373 9652
3385 4791 5304 6278 7737
4168 5589 6447 7703 9651
5070 7051 9473 11234 12335
6490 7451 9757 11245 14415
5531 6251 8013 9614 11535
1050 1722 2053 2264 2775
3277 3953 5521 6494 7143
4969 5413 7191 8376 11116
6310 7311 10213 12714 14115
4191 5228 7894 8635 10931
3460 4361 5412 7635 8566
1286 1760 2191 2676 3139
2685 4087 4713 5964 7316
2909 3477 3876 5117 5517
4395 6848 8742 11195 11797
1979 2299 2989 3710 4368
4150 5381 6222 7513 8894
2494 3853 4244 5557 6616
1898 2347 3117 3950 4607
1662 2013 2939 3290 4117
2908 3749 4443 5221 6209
4304 5939 8031 8982 10541
6184 8636 9813 11774 13686
4573 6486 8164 8984 10584
3507 5292 6216 8132 9817
1862 2919 3362 4094 5115
2220 2952 3344 4400 5064
3402 4523 6574 7439 8367
5385 6160 8871 10980 11324
2130 3172 4314 4614 5435
3316 4651 5522 7206 8425
1352 1727 2069 2720 3282
1009 1742 1813 2244 2966
3791 4421 6163 6734 8085
3316 4477 5842 7235 7816
5428 7193 8398 10420 11195
3136 3661 5113 5664 6715
3762 4856 5724 6733 8023
4599 7481 9868 11039 13425
4456 6814 7385 8373 11111
4190 6358 8336 8678 10085
6861 8362 10563 11113 13465
3369 4721 6583 7574 8625
3594 5388 6252 8302 9263
5368 8190 8472 10777 13598
4555 6582 8158 10320 12526
3650 4407 6061 6818 7771
1518 1727 2114 2588 3062
2494 3126 3504 4063 5379
1931 2493 3583 4111 4724
2109 2993 4423 5433 5601
3260 3711 4787 6414 7365
5885 7907 9459 11011 14115
3521 3937 4979 5942 7217
5209 8312 9813 12865 13265
4152 5711 7347 8792 10998
4568 6074 8785 9689 12830
4006 6265 6932 8302 10042
2235 2748 2957 3550 4255
4826 6634 8441 10162 11453
1060 1491 1973 2555 2755
4498 6611 8241 10971 12688
6010 8460 10045 11438 12494
2203 2636 3084 3966 4287
3058 3515 4669 6038 6687
2214 2690 3927 4783 5525
5932 8237 9319 10588 13222
5462 7955 9177 12093 13410
4806 7391 9033 10592 12274
5944 6719 9430 10764 12183
3156 3729 5473 6202 7243
3314 4772 5361 6454 8107
4210 5752 7048 8519 9220
5960 8612 9513 11914 13365
1494 2336 2771 3164 4174
4261 6135 7267 9687 10584
4510 5591 7861 9266 9518
1606 2237 2967 3276 4103
5253 7901 10009 11676 13000
3897 5375 7861 9050 10239
4201 5490 6844 7835 8991
3881 5202 5563 6734 7965
5627 6817 8663 10633 11699
4799 5231 7789 8582 9771
5095 7121 9823 11039 12705
2793 3738 4590 5787 6225
4768 6369 7657 10154 10233
4135 5325 6051 8231 8859
5709 8662 9812 13014 14665
4289 5189 5964 7950 8353
4963 6642 7930 9725 10388
5132 6685 9460 12234 14021
3402 4843 6573 7726 9359
1570 2397 3133 3795 3930
3538 4463 5781 6538 7911
3809 6738 8145 9742 9932
1473 1606 2124 2819 3106
4689 7617 9733 10859 12615
4931 5891 8053 9134 10495
4267 5580 5932 7149 9231
4418 5331 7841 8526 10998
4898 6638 9978 10448 12518
4874 6395 7422 8943 11415
4684 7269 7679 9033 12111
2688 3677 5317 6437 6957
3490 4542 5413 6614 8296
3838 5324 7075 8264 9354
3069 4083 4290 5971 6063
5730 7580 9693 10574 11542
5176 6654 8541 9936 10798
1380 1781 2102 2523 2904
6058 8364 8796 11774 13071
4487 6079 7524 9597 10153
6086 6401 8383 10634 12165
3730 4941 6802 7361 8137
3003 3135 4589 5184 6373
5007 8832 9274 10941 14520
1750 2291 3058 3704 4485
5491 5771 8133 9414 11095
5341 6202 8254 9321 11495
6298 8652 10141 11150 12590
5120 5666 7384 9218 10740
5438 6865 9995 11560 13447
4309 7752 8914 10291 11324
2081 2337 2773 3464 3990
2977 4037 4382 5741 6340
5590 7526 9643 11489 12119
3752 4536 5726 6510 7961
2694 3487 3972 5646 6395
2650 3333 4809 5228 6263
5012 7269 8295 9608 11454
3874 4547 5977 6790 7574
2474 3311 4369 5140 6241
5460 8762 9063 11364 13515
1354 1883 2593 2894 3423
2025 2927 3955 4460 5289
2736 4332 5602 6305 7845
4978 6543 9627 10732 12849
3635 4448 5987 7177 7729
4065 6720 8437 9569 11364
4924 6143 8287 10683 11103
2632 4152 4521 5856 6064
3772 5589 7273 7439 8760
1509 2156 2773 3885 4456
2029 3011 4193 4894 5555
5697 8425 8472 10542 13504
1546 2028 2593 2689 3387
4461 7530 8917 10220 11859
2977 4152 4382 5326 6662
4420 5366 7013 8309 9360
5770 7643 9421 11198 14079
2340 3708 4381 5180 6189
5320 7907 10259 10917 13974
5988 6763 8226 10463 11195
3572 3963 5160 6722 7737
2562 3179 4149 5361 5999
4546 5975 9086 9464 11607
2424 2766 3775 4289 5430
1931 2527 3464 4128 5047
2188 3036 3541 4604 4929
5050 6480 7825 9758 11019
2422 2891 3360 4406 5145
3610 4361 5413 7304 8476
2633 2918 3603 4365 5715
4001 4211 6043 6884 8295
5050 6095 7356 8617 10779
5084 6505 8183 9689 11625
5053 6284 7967 10552 10675
4826 6978 9387 10893 11237
2098 2549 3973 4478 4947
2509 4037 5213 6139 6990
5635 7707 8382 11354 11850
6060 8562 9812 11864 14765
3208 3703 5733 6488 7165
2386 3708 4215 4964 6440
1550 2476 2701 3430 3683
4378 6681 7734 10037 11130
3142 4216 5581 6887 8571
1718 2476 2743 3458 3823
3010 4308 5149 5870 6278
3336 3786 5038 5614 7290
5674 7739 10141 11438 14415
3730 5282 6120 7268 8850
2050 2459 3379 3890 4980
2978 5052 5220 6706 7799
1774 2055 2995 3318 3977
1546 1883 2268 3026 3435
6260 8612 10763 11863 14415
5791 7485 8519 10683 13505
4138 5356 6413 7150 8943
1396 1694 2169 2588 3205
1330 1884 2209 2834 3520
4299 5388 6189 7150 8463
5256 6246 9043 9861 12485
2423 3216 3306 4118 4785
3078 4692 4770 6566 7243
3327 4382 6492 7920 8137
3970 5754 6183 8231 8661
3359 3872 5278 6062 7522
1510 2277 2743 3615 3946
3508 5490 6415 7307 9157
5669 6202 7598 9485 11208
1233 1703 2533 3074 3567
4154 5598 7783 8672 10782
2499 2728 3756 4802 5297
4942 5375 7465 8798 10707
4610 6892 7933 9294 11295
6220 7391 9823 10318 12660
6176 6941 9688 9913 12075
5554 6900 8077 9253 12405
5861 6401 8968 10409 12165
4114 5556 6817 8258 10528
5370 6812 7452 10294 10534
3818 4883 6145 6761 8415
2826 3289 4677 5184 5779
2441 2765 3451 4406 4749
1341 1695 2224 2511 2963
1363 1617 2235 2489 3150
1140 1481 2013 2224 2846
5204 8489 9225 11970 12804
4938 6303 8153 10530 12424
3454 4856 5557 6202 7407
6911 7161 9512 12014 14865
1070 1622 1863 2244 2996
3110 4137 4988 5564 6915
1330 1763 2570 2750 3327
3545 5826 7493 8718 9603
3550 5082 5592 7814 8295
5197 6837 7851 9569 10779
5866 7644 9421 10862 14031
3790 5880 7141 8150 10023
3460 4211 4862 5938 7490
5008 6731 9043 10892 11649
3580 4771 6269 8753 10012
5050 6412 8213 9934 10455
5774 6919 8505 11190 11719
4250 6172 7413 10335 10695
6110 7812 9963 11714 13665
4438 6203 7885 9403 10798
4924 6915 7383 8671 11364
3389 5158 5747 7981 8788
6210 8262 10713 11014 13215
2614 2728 3813 4555 5506
3385 4493 5872 6466 7791
3700 4331 5713 7575 8025
4690 5691 8093 9855 10695
2863 3669 4199 5488 6110
2405 2747 3324 4604 4893
6261 7955 9554 11294 13316
5510 7812 9513 11414 13916
3668 5406 5996 7144 8106
6184 8685 10401 11087 14127
5410 6491 7973 10214 10734
4746 6190 6931 9597 10967
1413 2352 2469 3290 3876
6591 6591 9507 11764 13786
1674 2013 2626 3199 3603
3761 5127 5965 7082 8075
3442 5160 6943 7604 9387
5080 6914 8554 9256 11598
2531 2765 3378 4226 5163
3550 4572 5563 6644 8656
3693 4564 6161 7438 8309
4555 6897 8968 9914 13156
4314 6490 7926 10223 11864
1634 2294 2603 3150 3697
4181 4422 5563 6704 7845
3400 5112 5412 7454 8445
5722 8364 9997 10814 13023
5852 8246 9212 11606 12480
4654 5159 6672 9338 10275
2551 3035 4360 4928 6021
2685 3586 4638 6190 7316
4333 5390 6778 8099 9255
5176 5751 8131 10470 10921
3370 4295 6005 7070 7379
5204 7999 9666 11431 14176
2067 2476 3549 4332 4945
1844 2055 2602 3472 4159
3310 4992 5803 6614 8025
3650 4968 6005 6173 7603
1690 2126 2923 3915 4260
1170 1592 1862 2595 2745
1720 2471 3298 3644 4320
3085 4037 5463 5589 6840
3895 5752 7083 8239 9955
2967 5203 6306 7206 8715
5686 7278 9258 9860 12829
3286 4099 5669 6734 8163
3668 5188 6244 7950 8757
3920 4839 6881 8583 9059
5300 6911 9858 10410 12527
2357 2749 3226 3822 4486
5710 8512 9863 11364 14815
5236 6368 8125 9374 11286
6870 8832 10450 11823 12754
5866 7452 9373 11294 13119
1727 3004 3515 3771 4503
5438 8246 9995 10409 12389
6491 7452 8893 10766 12495
3296 4817 6648 6865 8540
5409 8512 9712 12314 14815
5292 6852 7916 9514 10388
5642 7447 9473 11366 12246
6543 8378 10353 10729 12328
5772 6977 8785 11065 11452
4309 7537 8269 10205 12442
4610 6719 8484 10850 12614
4525 6117 8140 10464 11367
5385 6590 7924 11108 12700
1564 2336 2869 3486 3977
4432 5390 6844 7802 9024
3400 5112 6043 7814 8355
2067 3055 3395 4332 4809
2270 3412 3612 4874 5975
3904 4664 6250 7703 9685
3932 5599 8154 8154 10153
4932 6820 9029 10226 13264
4756 7814 9037 10730 14022
2678 3622 4820 5235 6662
4525 5296 7643 8939 9254
4196 5220 6213 7299 8385
4114 6738 6928 8374 11378
1779 1870 2613 3017 3694
5744 8049 10306 11011 13504
5024 6957 8707 11699 12527
3082 4260 4356 6182 6903
5216 6776 8259 9095 10578
2458 3215 3918 4693 5216
3932 6376 6821 8265 10228
2632 3222 4060 4497 5582
1550 2406 3037 3486 3682
1910 2690 4004 4422 5298
1809 2693 3829 4316 5109
3327 5592 5903 7485 8385
3930 5507 7083 7889 9605
1855 2412 2998 3419 3990
1540 1959 2047 2488 3194
3730 4241 6133 7574 9015
3920 5077 7357 7902 10147
2488 3182 4381 4928 5643
4462 7530 7783 9296 11775
1473 1760 2433 2808 3304
2044 3018 3829 4370 5037
4602 5874 7967 10224 10757
3805 4631 6877 7373 9454
5852 7187 9258 11882 13355
3965 5822 7608 8274 9885
3287 3677 4875 5942 7504
5596 7901 8882 11039 14030
2210 3392 3792 4794 5855
3129 4932 6043 6944 8986
5227 7250 8614 11247 13599
1976 2291 2893 3584 4080
2554 3419 5029 5894 6735
3520 4421 6343 7154 8925
2373 3055 3157 4162 4775
4702 6773 9029 11054 12988
1578 2504 2827 3570 3767
1498 1763 2509 2702 3267
3370 4296 5277 6622 7855
1378 2100 2377 3002 3351
2461 3242 3451 4365 5620
5460 7161 9113 12715 13265
3791 4115 4953 6467 7683
4370 5932 7453 9295 10496
2650 3419 4741 5607 6375
5321 7108 8896 11247 13928
3847 4183 5248 7294 7603
3062 4548 5221 6650 7603
2138 2766 3909 4251 5203
1770 2796 3309 3918 4223
1582 2172 2340 3110 3483
5860 7121 9013 10814 12525
1079 1521 2123 2504 2865
1709 2851 3566 3771 4707
6411 8262 9163 11014 13815
6404 8246 9949 10363 13033
5208 7970 9627 10410 12665
1779 2066 2743 2913 3421
1142 1562 2147 2842 3173
1440 1922 2587 3147 3629
3753 6132 6745 8726 10239
1557 1948 2548 3213 3434
2960 4086 5463 5538 7415
4530 6652 8253 9694 10855
6127 6523 8020 10706 12687
1792 1831 2470 2887 3760
3466 4629 4953 6413 8088
5351 8832 9813 10892 13343
1427 2131 2756 3329 3447
1437 2027 2953 3641 3823
2152 2834 3413 4213 4622
2152 2663 3412 4383 4962
1909 3147 3451 4860 5335
4192 5281 6711 8582 9603
4510 5303 6925 8582 10671
2950 4156 5305 6987 7547
3416 4692 4952 6566 7086
2253 3906 4545 5338 6549
2793 3807 4314 5212 6179
2737 4143 5062 6900 7305
4690 5932 7253 9254 11296
6451 7510 9305 10271 12941
6760 8261 10363 11763 14265
4630 6277 6977 9079 9499
1474 1606 2058 2577 3250
4209 7172 8213 10334 10775
2348 2824 3433 4365 5260
1080 1802 1943 2304 2925
3260 4250 5161 6592 6827
5014 5807 7753 8726 10023
2869 4666 5343 5967 7685
2885 3862 4788 5964 6565
2870 3781 4901 6385 7348
5686 7365 8225 10979 11754
4191 5413 7858 8339 10190
4410 6700 8946 9826 11499
4266 5407 6967 9591 10732
2910 3636 4537 6264 7366
5386 8316 9373 12398 12783
1498 1691 2617 3062 3471
5106 7411 9127 11726 12755
5531 6171 8453 9374 10575
4756 8190 9930 10730 12893
1570 2124 2305 2666 3327
2116 3054 3919 4442 5019
5635 6491 9598 11354 11985
4210 5471 7573 9044 10025
4534 6915 8320 9217 11442
2633 2880 4136 4479 5202
4336 6774 7657 9296 12280
5950 6831 9649 10441 13171
2678 3508 4521 5235 6271
5939 7557 9862 12166 14519
4315 5962 6662 8099 10515
5145 8604 9997 11294 14127
4703 4975 6609 7834 9875
3385 4683 5223 6061 7980
1187 1794 2004 2677 2974
3226 4140 5077 5557 6639
4103 4785 6151 7020 8664
5385 6978 8355 10076 11969
5381 5956 8664 9608 11987
1691 1727 2581 2978 3399
2997 4420 5697 7236 7584
3440 3926 5332 6035 7494
3498 4907 6125 7854 9167
1740 2118 2496 3030 3525
5815 7797 9103 10273 12975
2423 3036 3631 4136 4965
2785 4337 4813 5639 6640
3130 3875 4693 5798 6783
2816 4083 4613 5741 6109
4394 4555 6925 7277 9551
1898 2700 3357 3534 4367
2170 3032 3833 4434 5996
1040 1411 1883 2545 2776
4599 6491 9823 10499 13156
1954 2910 3829 4496 4767
1750 2592 2878 3900 3945
4998 6590 8096 11195 12098
3104 4223 5291 6722 7321
3401 5420 6797 7790 9295
1558 1691 2593 2894 3555
3607 4829 7076 7868 8595
2609 4042 4719 6124 7712
4418 6053 7917 9742 10237
4090 5758 6132 7834 9603
2074 2603 3180 3966 4639
2771 2851 3652 4634 5896
3668 4754 6523 6958 8757
1150 1451 2133 2474 2965
2169 2714 3413 4026 4724
4089 6212 8293 9494 11095
4265 6450 7857 9153 10449
5038 7625 9366 11858 13739
4674 7536 7977 9914 12864
5531 5771 7212 10335 11095
4455 6032 7713 8099 9219
3209 5644 5837 7374 8944
3000 4129 4521 5580 6133
5885 8002 8614 10777 12752
1687 2131 2873 3004 3434
3547 4629 5169 6764 7170
4363 5100 5804 7854 8463
2750 3411 4293 4994 5654
5600 7536 9172 11108 11710
5635 7482 9463 11174 11759
1666 2123 2256 3098 3579
4339 6339 7413 8672 11078
3722 5420 6605 7598 8719
2404 2855 3721 3991 5253
3304 4034 5440 6845 7143
2229 3432 4113 5134 5735
5070 6497 9489 11054 12527
3752 4449 5291 7178 7613
2951 3119 4171 4970 6189
3911 4391 5532 6944 8926
