200 10 5
4 92 35 49 34 89 94 30 35 76 47 0 16
5 58 45 35 89 100 86 81 53 65 98 0 23
5 76 60 90 100 34 87 85 73 43 41 0 21
8 63 63 98 32 39 20 77 97 59 67 0 40
3 80 52 26 57 56 68 39 83 70 30 0 14
6 63 20 90 57 53 99 88 35 48 87 0 26
4 66 42 70 33 86 80 27 23 71 59 0 19
9 27 87 40 71 79 89 92 92 41 47 0 45
3 71 57 23 92 90 60 27 55 32 49 0 15
3 35 97 65 79 78 98 76 75 77 25 0 15
10 25 59 30 99 92 94 88 100 94 58 0 46
8 95 59 91 83 24 29 66 86 23 53 0 40
7 97 28 79 83 98 30 81 54 87 44 0 35
8 73 82 90 79 37 74 22 87 70 24 0 36
5 54 64 53 49 22 60 69 70 32 51 0 25
6 65 79 25 91 59 62 85 86 63 66 0 30
7 48 32 54 75 67 59 75 35 71 51 0 32
5 24 75 63 38 40 20 41 97 64 55 0 22
5 63 25 30 57 25 74 52 32 68 90 0 22
6 30 55 23 47 70 96 45 51 77 43 0 29
10 91 75 24 36 51 47 52 63 50 97 0 48
9 58 24 51 33 96 85 62 96 52 38 0 42
7 57 70 65 81 100 80 80 80 55 21 0 32
8 40 46 75 87 32 32 93 71 93 62 0 38
10 34 49 38 44 72 51 68 93 44 89 0 50
7 71 35 72 39 41 87 95 57 22 48 0 33
4 58 92 24 37 73 78 68 49 73 66 0 16
3 56 32 42 76 26 48 47 78 60 94 0 12
6 61 80 41 85 22 65 30 44 33 80 0 28
5 29 32 38 21 60 35 92 61 31 65 0 21
4 34 97 74 49 82 76 62 94 100 75 0 16
4 41 96 26 31 73 71 39 90 39 48 0 16
10 74 52 79 64 49 54 68 58 64 91 0 46
4 44 86 24 71 58 94 97 33 67 85 0 18
5 40 89 81 44 25 74 34 94 59 93 0 25
6 63 53 70 54 32 80 42 42 88 53 0 30
8 25 63 66 48 37 35 84 72 21 26 0 36
5 55 63 64 33 85 73 44 87 43 91 0 23
3 51 27 96 59 54 58 86 87 82 88 0 13
10 22 64 81 67 30 41 87 82 96 70 0 48
4 86 75 38 56 90 91 85 80 61 26 0 20
6 50 89 94 26 100 99 49 93 37 23 0 30
3 40 35 31 42 22 48 21 71 48 86 0 12
7 40 97 61 81 74 55 78 35 100 48 0 33
6 85 91 62 46 44 77 27 59 67 42 0 30
7 85 23 79 34 47 89 63 24 50 66 0 34
9 60 26 91 31 38 79 53 52 42 76 0 43
7 69 90 98 49 42 28 89 91 34 34 0 32
10 54 24 41 38 52 82 69 78 98 83 0 47
7 92 76 73 34 88 33 74 55 61 81 0 31
5 56 51 41 22 75 62 85 60 29 65 0 24
8 63 36 38 26 54 57 22 42 54 89 0 39
3 42 91 28 38 43 67 50 73 31 22 0 12
9 53 62 59 34 82 54 92 80 95 99 0 41
10 83 57 95 44 91 48 27 70 48 36 0 50
10 29 25 22 55 92 93 42 50 79 91 0 48
9 74 69 38 94 100 86 23 49 44 62 0 43
8 87 65 66 56 35 82 60 82 21 27 0 36
10 31 65 40 30 53 21 57 74 37 83 0 47
8 43 30 57 58 96 90 26 25 74 30 0 40
4 21 22 100 71 95 45 42 84 66 94 0 18
8 74 38 46 22 33 53 42 80 90 95 0 38
6 29 69 21 33 100 63 26 99 62 49 0 30
6 59 57 54 59 72 53 72 53 62 49 0 29
7 72 29 69 58 20 20 65 86 59 89 0 34
6 69 31 75 69 66 82 28 48 69 25 0 26
9 51 87 37 95 27 49 58 54 86 94 0 44
8 57 90 78 62 20 71 41 50 32 74 0 36
7 63 47 33 54 71 69 86 50 45 55 0 32
9 26 98 96 39 34 60 87 68 32 99 0 41
10 82 40 88 83 51 44 46 44 86 77 0 50
8 35 29 85 33 86 52 66 54 99 50 0 37
9 86 35 42 25 75 28 66 49 85 69 0 44
6 62 96 68 49 82 21 94 65 36 58 0 26
9 92 54 80 78 91 57 63 30 24 99 0 42
9 81 60 28 52 78 45 96 77 96 35 0 42
7 35 26 62 20 63 82 46 81 36 94 0 35
3 43 85 64 53 58 62 74 23 91 20 0 13
10 40 96 27 39 92 91 90 65 60 28 0 50
7 78 75 82 24 48 76 54 38 32 62 0 33
6 78 78 31 89 81 67 45 46 56 29 0 26
9 70 59 28 74 78 79 24 38 80 39 0 43
7 75 72 38 75 86 37 69 44 31 62 0 31
3 37 26 97 63 52 48 75 98 63 51 0 12
3 84 72 58 67 56 91 57 28 68 29 0 12
4 93 70 59 95 86 93 88 95 82 52 0 20
8 57 94 76 90 62 31 23 70 68 49 0 37
3 33 64 92 66 63 45 78 70 100 57 0 13
4 27 20 74 87 94 78 74 46 54 61 0 19
7 55 86 65 26 22 59 46 73 81 41 0 31
8 79 99 56 25 93 20 85 60 81 78 0 37
4 63 82 21 58 97 30 31 99 22 88 0 18
9 74 80 95 26 90 23 40 56 21 38 0 42
10 73 75 42 25 95 47 45 36 79 94 0 50
4 25 47 65 63 75 50 44 34 65 91 0 17
8 50 66 54 24 38 79 53 50 64 89 0 36
6 23 66 49 63 28 33 89 91 51 43 0 29
10 56 60 21 37 86 69 60 49 63 67 0 46
4 39 39 60 74 95 31 47 45 24 66 0 20
6 81 37 49 50 77 66 84 88 37 74 0 30
4 64 85 23 100 45 25 42 90 83 34 0 19
7 63 77 62 87 71 51 66 80 63 99 0 35
6 44 48 87 46 44 45 97 97 24 27 0 26
8 72 96 43 30 82 48 33 21 78 87 0 39
9 40 39 35 65 35 93 39 75 58 28 0 44
9 43 25 92 60 36 46 73 56 63 63 0 41
4 55 25 57 50 22 30 27 68 79 100 0 19
7 60 52 54 53 79 60 59 40 63 69 0 34
5 52 82 93 49 91 84 76 49 76 56 0 22
5 57 68 36 51 29 99 100 57 35 63 0 25
6 91 39 83 82 55 31 49 96 37 88 0 26
6 97 31 80 93 70 77 79 38 71 44 0 28
7 20 60 68 40 42 44 55 97 48 86 0 35
8 71 79 99 25 36 24 52 84 32 79 0 40
6 40 50 47 97 56 73 46 54 79 66 0 26
5 37 82 34 36 39 62 83 51 69 98 0 24
10 42 71 23 92 80 36 36 56 43 42 0 49
4 88 29 63 86 46 83 24 52 49 100 0 16
3 26 83 26 77 32 53 67 29 96 63 0 12
6 69 63 71 27 67 61 98 99 23 83 0 28
7 64 91 67 26 99 54 71 71 36 24 0 31
3 21 55 77 58 55 84 99 42 45 28 0 14
8 76 74 58 86 28 46 82 90 72 83 0 37
3 91 41 96 68 95 75 21 30 37 55 0 11
9 35 32 58 42 63 21 89 46 65 29 0 44
10 22 95 74 55 28 91 57 89 58 61 0 47
10 72 48 44 46 26 79 93 56 99 88 0 50
4 34 49 89 55 20 78 43 84 47 90 0 18
4 59 56 64 46 75 92 92 94 75 99 0 17
10 81 34 60 24 92 60 41 58 94 95 0 49
5 73 34 89 89 91 75 67 50 64 88 0 25
4 99 35 91 71 91 30 56 75 94 25 0 17
2 25 65 58 70 39 66 75 20 28 53 0 10
10 54 56 65 68 47 46 64 74 22 39 0 46
9 20 54 66 72 30 36 72 54 58 51 0 42
8 47 31 28 90 58 88 42 59 70 43 0 36
3 30 94 91 38 56 62 84 43 45 67 0 15
3 74 55 31 31 39 37 64 40 89 99 0 11
4 84 29 75 34 43 30 87 97 36 72 0 18
4 83 31 66 25 53 35 83 84 58 66 0 19
4 96 62 27 75 91 77 77 69 91 59 0 18
9 81 63 64 44 60 24 31 25 97 28 0 44
6 85 97 66 67 45 90 38 79 49 72 0 29
6 39 21 92 74 28 30 41 83 97 73 0 29
7 52 62 60 26 27 71 80 46 91 58 0 32
9 54 72 92 92 67 75 28 62 62 82 0 44
9 20 23 61 76 56 85 20 47 55 31 0 43
7 94 53 68 99 31 46 76 50 87 26 0 32
7 100 88 82 77 86 20 23 31 43 54 0 34
3 100 49 36 70 83 40 73 76 68 88 0 12
4 89 93 28 72 48 31 48 72 34 71 0 17
4 87 54 52 82 48 42 40 32 29 91 0 20
8 76 71 39 73 88 52 100 54 55 94 0 40
7 49 67 51 81 33 29 80 39 36 60 0 31
4 79 54 26 36 42 55 32 85 97 27 0 17
5 77 69 92 46 83 92 43 82 70 95 0 23
5 66 29 94 76 72 41 26 23 30 65 0 22
9 21 32 27 90 95 60 29 83 39 56 0 43
8 48 79 70 81 47 54 62 56 25 96 0 39
9 53 41 58 41 62 27 21 56 32 32 0 44
6 37 86 67 70 74 40 66 69 39 79 0 26
9 86 40 86 29 54 93 91 96 22 95 0 44
6 88 71 96 44 76 24 22 94 35 25 0 28
5 36 71 80 26 46 30 85 88 60 98 0 23
6 48 36 92 95 79 86 98 99 69 63 0 30
4 69 35 76 50 48 84 25 67 77 86 0 20
6 53 53 71 84 58 65 89 36 41 64 0 29
4 48 71 89 22 41 86 53 34 48 92 0 16
5 74 61 78 67 76 75 26 87 87 28 0 22
5 54 23 63 72 50 35 92 50 63 36 0 22
5 70 94 56 41 27 98 27 79 48 52 0 21
8 77 23 38 34 35 59 40 35 92 94 0 37
10 26 41 88 85 49 77 65 69 52 64 0 50
5 35 45 83 29 62 78 26 50 28 53 0 24
8 28 99 87 77 56 71 72 48 98 93 0 40
7 42 91 22 77 42 54 38 54 72 39 0 33
5 55 88 29 62 39 27 21 51 34 32 0 23
8 47 64 68 92 58 30 42 36 29 45 0 36
10 23 30 33 34 95 51 82 80 85 87 0 50
6 51 81 26 80 99 81 30 49 76 64 0 27
5 66 86 57 74 94 25 54 72 48 91 0 24
7 96 32 71 26 40 55 36 60 97 38 0 34
2 40 97 45 78 82 96 59 46 66 48 0 10
7 82 33 82 27 73 72 39 90 35 89 0 31
10 30 84 34 35 56 29 47 82 80 52 0 48
10 38 92 23 26 25 58 60 89 42 80 0 46
4 44 97 59 83 92 85 56 46 83 38 0 17
8 91 94 56 29 79 20 60 38 77 49 0 39
7 23 74 86 24 43 40 28 68 87 37 0 32
4 68 93 29 35 31 73 43 96 30 73 0 20
4 66 62 51 44 36 94 88 93 58 99 0 20
8 67 50 85 56 98 47 80 80 39 61 0 40
10 93 82 51 81 29 37 63 32 79 93 0 46
5 64 77 35 91 46 76 59 39 77 42 0 25
9 85 50 97 57 69 43 49 98 22 52 0 42
6 87 82 46 29 72 44 45 43 80 35 0 26
6 93 28 74 95 98 74 41 40 32 52 0 26
4 75 43 33 51 30 21 49 42 63 59 0 16
5 70 29 66 33 32 51 87 70 40 74 0 25
5 68 78 66 70 74 100 49 99 89 78 0 24
49 31 39 39 42
132 140 212 256 262
111 158 219 250 282
138 151 208 238 265
118 180 210 257 270
125 151 190 237 276
132 141 217 239 278
133 162 209 245 286
125 140 204 226 289
140 174 205 222 277
105 146 195 226 296
124 155 202 220 300
112 174 219 247 296
112 163 186 228 289
123 149 180 230 265
128 147 208 220 269
126 157 186 233 290
109 178 190 230 300
104 151 218 220 261
118 154 182 245 268
115 170 188 244 293
107 144 193 246 269
109 158 194 242 264
122 174 210 225 286
107 175 219 223 282
128 151 189 236 286
137 140 210 255 279
128 147 197 254 274
131 163 201 259 261
131 150 196 241 293
107 146 195 256 282
105 159 213 232 291
133 154 199 249 296
112 175 213 220 278
133 156 187 247 292
123 166 216 221 277
104 157 188 260 282
102 171 218 260 283
131 144 207 243 277
109 174 196 240 285
102 173 192 238 270
138 173 183 244 292
116 150 208 260 282
136 140 184 220 274
115 172 197 254 273
134 154 205 241 282
137 161 209 221 286
133 180 188 231 271
140 168 217 236 269
114 162 201 252 280
115 150 191 229 278
124 157 201 248 269
101 148 205 227 295
121 164 188 260 276
127 178 194 228 286
121 160 205 259 281
137 158 180 220 270
115 161 213 260 275
140 153 199 241 277
118 173 215 230 270
100 176 220 257 276
120 176 192 245 272
122 147 185 225 276
113 175 219 242 286
134 161 208 221 272
114 177 199 252 295
133 168 191 242 273
100 148 201 220 299
119 148 212 226 280
136 140 183 230 266
126 149 193 223 294
119 149 201 230 292
134 142 203 243 285
129 173 219 251 278
119 177 214 234 298
118 162 190 223 278
130 166 198 242 296
124 163 207 256 269
103 158 201 231 292
130 162 218 246 285
108 141 210 222 267
117 157 195 244 297
116 176 188 226 290
135 162 202 244 297
108 165 202 236 261
129 141 219 239 288
112 153 184 225 276
126 165 214 259 266
113 170 212 224 277
105 145 195 226 261
117 170 209 227 272
114 179 193 249 273
125 143 182 239 262
122 174 206 223 275
103 150 185 248 293
139 163 206 247 289
139 148 219 230 261
100 148 203 229 269
107 161 208 223 280
111 178 216 243 272
110 160 197 247 292
132 172 201 226 269
124 167 184 244 276
109 144 186 242 268
124 162 184 251 283
109 152 212 236 274
102 158 212 241 277
133 179 203 234 277
117 179 202 252 295
116 157 186 236 299
106 164 204 256 266
115 148 190 239 286
109 151 213 249 277
102 156 200 225 294
123 150 202 250 295
102 173 184 240 295
136 144 193 256 272
104 168 205 258 261
106 159 216 248 280
119 163 181 247 286
121 179 208 240 296
101 170 192 241 292
119 175 194 241 275
120 172 220 251 283
111 166 198 233 286
131 148 188 250 282
101 142 203 220 265
128 178 208 229 275
139 149 196 237 267
134 175 214 239 285
135 165 212 254 289
108 153 186 250 275
123 170 191 238 279
104 171 200 255 292
135 159 208 244 288
134 169 182 247 270
131 155 190 228 281
122 168 196 233 287
119 167 212 226 290
106 153 205 237 260
137 158 191 240 272
111 168 214 229 296
129 158 182 231 286
128 164 201 257 274
106 175 203 242 282
118 149 180 238 300
134 169 192 221 293
114 153 212 236 291
128 144 206 249 296
122 157 192 255 279
100 143 193 240 279
101 148 188 259 282
130 161 184 234 260
131 152 184 232 267
122 179 193 220 268
105 174 190 248 283
132 179 211 253 264
111 158 188 254 268
140 156 186 256 299
106 173 199 250 295
130 171 184 222 289
105 165 189 238 287
116 167 206 241 297
115 167 202 235 275
122 166 202 260 293
100 178 196 232 296
118 148 213 260 270
138 142 217 220 263
133 150 191 231 294
123 142 210 223 276
113 151 207 226 277
131 168 185 257 297
114 163 210 259 270
106 179 215 236 289
127 152 212 243 274
120 167 207 245 272
128 175 198 225 272
120 148 204 245 291
100 173 186 234 275
125 172 203 221 265
136 158 210 258 290
124 142 193 225 297
112 157 210 250 270
126 159 181 225 280
126 168 210 231 264
108 161 202 233 261
111 173 195 251 271
123 173 206 247 262
105 176 198 244 297
104 153 199 224 271
134 160 199 228 291
112 152 187 253 300
134 169 214 247 262
114 162 210 257 271
104 168 190 250 276
111 142 218 233 294
140 155 216 225 294
132 167 209 230 277
118 153 188 226 281
140 174 216 258 279
129 176 219 233 261
2222 2357 3569 4310 4411
2644 3764 5217 5955 6717
3014 3298 4542 5197 5787
4816 7346 8570 10488 11018
1857 2243 2823 3521 4100
3542 3783 5822 6413 7459
2635 3209 4140 4853 5665
5732 6419 9354 10362 13251
2215 2753 3244 3513 4383
1666 2316 3094 3585 4696
5808 7260 9461 10304 14051
4570 7099 8935 10077 12076
4016 5845 6669 8175 10362
4537 5496 6639 8483 9774
3310 3802 5379 5689 6957
3887 4843 5737 7187 8945
3579 5844 6238 7551 9849
2380 3455 4987 5033 5971
2698 3521 4162 5602 6128
3431 5071 5608 7278 8740
5230 7038 9433 12023 13147
4673 6773 8316 10373 11316
4005 5711 6893 7385 9387
4155 6796 8504 8660 10951
6508 7678 9610 12000 14542
4634 4735 7102 8624 9436
2155 2475 3317 4277 4613
1680 2091 2578 3322 3347
3777 4324 5650 6948 8446
2338 3190 4261 5593 6161
1768 2677 3586 3906 4899
2236 2589 3346 4186 4976
5246 8197 9977 10305 13021
2504 2937 3520 4650 5497
3178 4289 5580 5709 7156
3208 4843 5799 8020 8698
3755 6295 8025 9570 10417
3123 3432 4934 5792 6602
1508 2407 2712 3320 3943
4984 8453 9381 11628 13192
2872 3601 3809 5078 6077
3576 4624 6411 8014 8692
1752 1803 2370 2833 3528
3890 5819 6664 8592 9235
4131 4747 6319 7429 8692
4771 5607 7279 7696 9960
5830 7890 8241 10126 11879
4594 5513 7120 7744 8827
5453 7749 9614 12053 13392
3665 4781 6087 7298 8860
3080 3900 4993 6160 6681
4026 5899 8171 9048 11758
1553 2104 2412 3336 3541
5312 7445 8114 9536 11962
6149 8131 10417 13161 14279
6695 7721 8796 10751 13194
5039 7055 9333 11393 12050
5156 5635 7329 8876 10202
5644 8275 10284 11001 12915
4082 7183 8979 10489 11264
2260 3315 3616 4614 5122
4743 5715 7192 8747 10730
3482 5392 6747 7456 8811
3999 4804 6207 6595 8117
3968 6161 6927 8771 10268
3569 4508 5125 6493 7325
4487 6640 9018 9870 13414
4385 5454 7812 8328 10318
4471 4603 6017 7562 8745
5273 6236 8077 9333 12304
6051 7576 10220 11694 14847
5070 5372 7680 9193 10782
5779 7750 9811 11244 12454
3190 4744 5736 6272 7987
5058 6944 8144 9558 11916
5566 7107 8477 10360 12672
4442 5839 7415 9170 9636
1427 2188 2784 3199 4044
6605 8230 11075 12498 14479
3660 4778 7115 7522 9047
3139 4212 5232 6546 7968
5086 7716 8242 9908 12714
4294 5153 6425 7760 9446
1389 2122 2598 3035 3357
1655 1808 2808 3065 3693
2339 3195 3842 4698 5763
4765 6239 8092 9793 10058
1564 2353 2934 3100 3834
2090 2885 3880 4497 5193
3726 5413 6655 7228 8661
4313 6772 7301 9420 10328
2360 2700 3436 4512 4947
5226 7454 8825 9553 11780
5238 7628 9408 12612 14900
2475 2902 3667 4397 5145
5121 5452 8068 8473 9615
2988 4423 6066 6843 8038
5014 7544 9746 10449 13119
2311 3706 4497 5059 5663
3392 4933 6074 7616 9003
2619 3412 3987 4483 5336
4445 5986 6595 8745 9892
2930 3871 5000 6505 7204
4940 6453 7330 9998 11273
4889 6818 9509 10585 12289
4269 6612 8871 10085 11591
2636 3547 4023 4637 5489
4072 6230 7030 8770 10266
2650 3586 4249 5391 6830
2739 4238 5272 6615 6874
3089 3975 5103 6419 7681
3144 4355 6143 7181 7988
3658 5594 7171 8068 10542
5021 6123 8246 10205 12042
2738 4644 4939 6442 7918
3378 3577 4793 6358 6755
5184 8373 10217 12859 13008
1784 2676 3635 4174 4712
1528 2093 2324 3172 3672
3485 5156 5991 6912 8525
3216 5413 6113 7674 9297
1765 2596 2878 3575 4079
4536 6502 8316 9488 10697
1315 1966 2345 2759 3387
5874 6636 8430 11209 12644
4838 6802 9724 10538 12693
6505 9047 10571 11638 13976
2620 2808 3694 4467 5032
2385 3115 3809 4254 5073
6722 8216 10556 12648 14390
2793 3957 4810 6465 7112
2194 3032 3407 4245 4976
1125 1850 2164 2759 3159
6320 7443 9736 11422 13481
5740 7239 7796 10580 11565
4828 5712 7002 8402 10355
1932 2660 3103 3689 4544
1407 1975 2507 2673 3429
2001 2887 3869 4472 4906
2718 3135 3789 4761 5396
2090 3162 4028 4310 5571
5786 7086 8163 10360 12827
3817 4890 5993 7663 8170
3162 5220 6056 7219 8412
3877 4895 5913 7818 9855
6007 7576 8607 9907 13135
4997 6706 9292 10344 12755
4201 4726 6761 8172 9714
4250 5469 6688 8882 9718
1288 1842 2485 3090 3592
1804 2643 3357 4625 5035
2713 3359 3839 4882 5425
5354 6212 7520 9481 10911
3886 5702 6148 7008 8536
1873 3104 3389 4424 5048
3143 4261 5023 6023 6285
2537 3611 4297 5805 6125
6133 6834 8148 11215 13098
4221 6889 7924 9955 11746
5829 7668 8251 9955 12959
2820 4431 5075 6390 7706
5199 7484 9232 10800 13310
3317 4817 5826 6778 7932
2904 3951 4808 6189 6974
3084 5489 6044 7154 9127
2458 3083 4437 5416 5624
4120 4239 6478 6568 7852
2240 2526 3216 3890 4950
2812 3246 4801 5098 6309
2583 3452 4732 5166 6332
2857 3664 4034 5604 6476
4312 6165 7943 9796 10212
5387 9096 10926 11993 14686
3154 3774 5264 6034 6803
4900 6818 8451 10003 11105
4332 5922 6700 7614 9204
2860 3527 4861 5838 6935
3687 6378 6857 8626 10138
6356 8746 10322 11238 13475
3780 4392 5837 7171 8061
3082 3529 4797 5592 7381
3902 5470 7316 8709 9406
1369 1727 1966 2444 3041
4012 5349 6686 7355 8405
5278 7868 9871 11386 12754
5199 8103 9133 11756 12693
2193 3084 3673 4404 4671
4181 7009 7885 9716 11827
3420 5031 6543 7365 8910
2791 3333 4145 4749 6061
2334 3167 3896 5271 6250
5470 6898 8735 10082 10694
5338 7586 9833 12034 12690
2688 4342 4911 6462 7134
4755 6083 9339 9981 12594
3754 4156 5792 6033 7883
3541 4480 5606 6170 7430
1990 2581 3171 3812 4739
3610 4487 5570 6652 7194
3202 4369 5436 5784 6479
