200 10 5
4 10 19 25 18 9 11 11 31 8 13 0 16
3 9 22 11 31 18 23 24 15 20 27 0 12
9 29 17 29 27 22 12 28 18 8 32 0 42
7 28 33 21 9 22 12 10 28 21 31 0 34
10 16 14 9 23 25 18 7 7 22 25 0 48
7 16 10 32 7 7 25 27 21 26 33 0 31
6 28 31 26 8 8 18 12 18 10 15 0 30
5 12 13 18 19 9 14 12 25 25 16 0 23
9 17 10 8 24 13 17 33 27 16 33 0 41
4 18 8 14 11 13 30 11 9 21 30 0 16
6 11 29 25 26 9 31 11 18 28 30 0 28
5 13 9 25 17 15 7 26 17 10 20 0 21
6 32 14 33 16 24 16 32 24 9 13 0 27
7 25 12 8 33 24 29 21 16 25 13 0 33
3 26 13 9 23 16 26 12 13 11 8 0 14
3 33 28 29 13 32 25 29 9 12 24 0 11
6 18 12 16 15 24 33 20 28 14 30 0 30
9 22 30 26 18 10 16 7 11 33 9 0 41
9 32 9 29 14 13 25 20 29 28 27 0 43
6 7 26 9 16 18 22 26 13 9 18 0 26
3 28 10 30 20 15 26 30 24 11 32 0 13
4 27 19 11 28 22 12 19 14 19 11 0 20
7 20 33 9 7 26 21 8 16 7 9 0 33
9 31 15 31 21 24 7 17 11 26 23 0 43
9 7 18 25 13 31 8 24 20 20 15 0 45
7 20 26 16 20 15 27 23 29 14 31 0 32
3 32 23 23 12 27 27 29 30 14 32 0 11
4 15 18 26 22 7 30 20 29 27 12 0 19
4 26 21 13 11 28 17 14 14 20 29 0 20
3 31 7 29 9 27 18 31 15 16 19 0 11
6 10 14 28 16 14 22 27 22 27 8 0 30
7 13 27 20 18 28 31 19 32 20 25 0 31
7 18 15 26 16 22 18 19 18 32 12 0 32
5 26 11 20 29 32 20 31 27 12 20 0 24
10 21 20 10 21 18 16 33 32 29 32 0 47
10 12 17 25 30 9 33 32 24 22 19 0 47
3 26 15 7 29 26 15 10 30 31 11 0 15
5 10 18 15 8 10 23 23 23 10 12 0 24
7 33 25 15 30 14 12 27 24 26 27 0 34
10 21 29 32 9 21 32 20 13 9 27 0 50
7 11 9 26 15 29 19 15 33 20 23 0 33
8 20 27 29 28 26 12 19 30 9 14 0 39
10 13 29 28 11 28 28 30 30 8 23 0 47
7 20 18 19 32 25 11 21 17 14 18 0 32
8 18 14 20 27 12 28 14 28 18 18 0 39
3 28 15 8 32 25 14 22 19 11 20 0 11
4 12 20 11 8 9 25 11 26 9 20 0 19
5 28 13 22 19 27 21 22 33 33 30 0 25
8 28 31 27 19 19 30 23 31 15 24 0 36
9 8 18 18 17 8 19 22 16 27 23 0 43
7 28 18 22 16 9 9 9 27 9 31 0 33
9 22 16 29 17 29 7 23 24 26 9 0 42
4 12 13 28 17 12 28 31 32 9 22 0 19
9 22 20 29 7 20 24 30 33 7 31 0 45
10 17 26 8 24 25 29 33 30 19 24 0 48
4 17 30 23 21 20 30 17 20 26 12 0 20
6 22 12 10 15 29 24 28 32 27 26 0 28
3 22 14 26 20 15 10 19 16 9 16 0 15
10 19 11 29 13 22 19 12 14 10 30 0 48
7 19 30 11 26 29 33 9 19 23 11 0 32
9 16 29 24 15 24 33 26 32 19 19 0 41
8 16 10 23 24 18 12 21 20 31 33 0 39
9 17 7 15 18 13 19 32 30 23 18 0 43
9 27 29 31 31 16 23 31 21 9 14 0 45
7 7 33 29 16 27 20 9 32 9 21 0 31
9 11 18 12 30 9 7 19 31 19 21 0 45
7 32 29 20 20 20 9 31 24 23 33 0 35
9 20 28 32 22 23 10 20 30 15 29 0 45
7 27 29 30 10 8 33 23 28 29 19 0 31
5 16 8 33 11 22 23 15 15 28 14 0 25
7 33 28 10 17 25 33 28 20 28 17 0 32
8 27 27 33 24 12 25 7 14 13 12 0 36
7 25 21 18 30 23 8 7 30 24 23 0 35
4 31 7 17 31 10 8 8 11 32 14 0 16
6 21 15 12 17 14 26 21 27 25 21 0 27
3 33 20 11 14 17 20 16 30 27 19 0 11
4 12 30 26 12 7 29 25 9 9 27 0 17
4 24 7 27 9 33 18 19 8 22 31 0 19
8 32 10 28 31 27 7 25 31 18 33 0 39
6 19 15 12 17 28 15 25 24 30 24 0 29
3 30 17 7 29 17 13 14 31 11 7 0 13
8 23 20 16 13 32 13 13 25 30 8 0 39
10 22 12 23 26 16 17 15 20 33 23 0 47
10 9 30 30 12 9 29 18 29 21 31 0 47
10 7 13 27 26 23 31 20 20 13 28 0 48
7 14 16 29 18 25 21 25 33 24 13 0 33
9 10 31 31 22 11 13 24 13 7 20 0 42
4 16 23 28 23 20 22 8 7 27 11 0 19
3 29 13 13 18 24 11 15 12 12 7 0 12
10 10 29 19 20 8 29 20 9 23 31 0 46
9 31 7 11 18 15 15 7 31 9 28 0 41
8 22 21 11 27 23 11 9 10 22 30 0 40
4 10 30 15 28 15 8 22 9 16 11 0 18
9 25 31 14 28 25 19 8 13 22 7 0 43
8 21 30 16 12 18 11 16 29 10 13 0 36
7 15 20 29 15 18 32 8 7 21 10 0 35
9 23 10 24 14 8 30 33 8 19 18 0 43
5 11 14 33 28 22 14 30 24 24 21 0 25
5 22 27 11 32 31 23 23 16 24 22 0 22
4 14 8 10 19 25 17 13 30 22 12 0 18
7 33 28 32 10 15 23 23 29 17 10 0 31
3 33 14 22 18 26 22 33 9 29 23 0 11
8 14 26 21 14 33 22 12 29 14 27 0 37
8 20 30 21 14 29 30 11 33 16 17 0 36
7 30 15 21 20 33 33 32 29 26 31 0 34
9 8 15 8 20 22 11 13 11 11 10 0 45
4 16 24 18 11 22 13 7 33 22 27 0 20
8 27 10 9 17 8 21 32 31 21 26 0 38
3 15 24 15 11 11 14 19 10 26 24 0 11
3 18 28 18 15 18 27 18 22 12 11 0 11
7 28 14 12 15 19 11 27 23 27 28 0 33
3 23 18 28 19 25 18 14 14 8 14 0 12
7 19 28 23 19 23 15 8 30 20 33 0 34
10 17 32 11 25 17 32 27 33 24 22 0 48
5 8 13 12 32 20 18 13 25 10 9 0 24
4 20 26 30 12 8 11 22 27 12 7 0 20
9 11 9 16 25 10 22 25 25 26 11 0 45
3 25 16 13 28 30 19 7 12 31 9 0 15
2 9 11 8 33 8 26 24 29 27 19 0 10
8 15 9 11 14 22 21 10 14 11 7 0 36
9 8 9 19 25 30 7 27 11 9 19 0 45
2 11 17 15 33 8 11 8 8 15 19 0 10
7 7 10 18 29 21 26 26 27 11 11 0 34
6 9 9 10 23 17 31 22 14 13 20 0 28
5 8 29 12 30 26 21 12 13 13 11 0 23
10 19 19 9 28 25 16 27 7 12 19 0 47
3 23 26 29 7 8 29 23 10 9 22 0 11
4 15 15 17 26 9 25 32 7 9 30 0 18
3 19 11 23 12 25 21 30 8 7 23 0 13
5 15 28 8 32 15 25 11 9 27 16 0 25
4 31 20 24 31 19 9 30 23 9 22 0 16
9 15 29 28 33 30 14 11 11 32 32 0 45
7 8 13 16 23 28 22 29 26 21 10 0 31
10 17 24 11 27 11 7 25 19 12 7 0 47
6 11 31 33 32 24 11 9 19 19 23 0 28
8 33 24 7 11 22 9 18 24 10 31 0 36
7 28 19 24 17 25 15 8 23 19 33 0 33
7 25 31 15 25 9 28 32 19 13 24 0 35
3 30 26 18 22 30 9 29 7 20 25 0 12
10 25 31 18 14 12 8 21 14 22 16 0 49
9 21 23 22 28 12 25 25 31 32 29 0 45
5 17 27 21 12 26 28 9 30 12 17 0 21
5 30 20 7 18 10 30 19 7 7 29 0 24
7 16 24 18 21 23 19 14 14 17 31 0 34
7 19 31 14 32 26 21 27 24 11 11 0 34
5 8 19 29 30 31 19 30 17 30 23 0 22
9 23 8 33 22 17 14 22 18 7 33 0 41
8 32 14 31 32 23 20 14 20 30 23 0 38
4 22 31 20 24 12 14 23 17 25 11 0 19
9 10 33 20 27 10 27 33 33 13 12 0 44
9 28 15 8 23 12 12 10 28 32 29 0 42
8 23 8 26 23 33 14 20 23 16 9 0 40
9 21 13 18 23 23 12 13 25 7 13 0 45
8 20 14 14 31 14 25 22 16 17 32 0 37
9 27 17 29 20 26 21 30 33 29 28 0 43
7 25 28 31 14 11 21 17 19 31 27 0 32
9 25 17 26 22 19 17 12 10 29 12 0 45
4 30 28 8 23 23 33 32 15 31 12 0 18
8 30 13 8 25 19 31 16 15 26 13 0 38
7 15 32 16 12 21 28 11 15 32 7 0 34
7 27 9 27 16 32 22 17 23 19 13 0 31
4 25 20 32 33 29 20 27 14 25 19 0 19
9 7 15 30 14 17 26 30 24 17 22 0 43
10 21 32 14 30 33 32 7 8 26 12 0 46
6 13 26 29 23 25 15 27 23 10 31 0 26
5 16 10 26 24 22 18 14 13 31 24 0 24
9 25 7 18 20 23 32 18 30 11 21 0 42
8 15 19 15 13 24 32 22 30 27 31 0 38
8 32 19 9 11 31 33 21 32 32 21 0 38
7 11 25 18 17 26 15 16 30 28 24 0 33
5 20 19 15 23 7 15 13 24 20 27 0 22
8 30 28 23 32 10 14 16 18 29 22 0 36
7 21 18 29 20 32 19 30 14 13 12 0 33
8 20 8 11 26 18 20 17 24 9 31 0 40
7 26 21 14 13 24 20 18 24 13 20 0 33
9 23 23 13 19 7 13 27 22 11 22 0 44
9 13 10 13 22 29 31 14 31 22 16 0 42
3 24 31 13 10 10 14 19 23 31 9 0 15
4 12 25 29 17 30 25 16 24 9 31 0 18
4 15 18 15 20 9 18 10 29 16 10 0 17
5 21 32 12 11 31 13 30 31 7 30 0 22
7 29 30 21 22 25 13 7 10 11 23 0 32
7 18 24 22 27 17 26 18 14 15 23 0 33
8 21 8 7 15 26 32 13 9 27 27 0 36
7 20 7 32 26 30 31 27 21 13 24 0 33
7 26 7 8 20 17 28 32 22 10 28 0 33
9 20 23 28 27 20 23 24 29 33 16 0 41
6 8 30 24 9 12 22 23 18 17 18 0 26
2 28 20 10 33 11 10 22 13 18 25 0 10
8 8 28 8 17 7 16 23 26 22 31 0 40
6 8 22 18 23 18 24 25 28 24 12 0 29
3 12 18 19 8 27 9 25 26 15 22 0 11
6 33 10 30 30 13 22 12 27 15 27 0 30
4 14 33 10 10 27 28 21 18 30 9 0 18
8 28 19 31 26 32 8 25 20 28 22 0 36
2 8 19 30 20 12 21 25 10 21 17 0 10
4 23 7 12 25 22 17 23 26 17 33 0 19
6 29 11 21 14 22 18 7 10 17 22 0 29
9 11 7 28 10 21 28 9 26 9 17 0 41
7 21 17 22 29 20 11 29 31 8 14 0 35
37 47 33 44 40
128 140 191 221 281
140 141 210 227 261
103 140 185 245 276
137 156 209 254 299
112 142 191 235 271
129 151 195 224 267
114 146 209 238 291
104 162 212 231 300
107 164 195 256 290
107 144 200 241 265
106 154 192 252 297
107 155 219 231 268
103 148 195 252 288
135 156 204 230 289
126 149 205 236 262
115 162 194 250 283
116 179 212 246 298
123 145 201 230 283
134 156 187 246 285
104 148 214 227 296
134 149 186 243 276
135 166 182 256 287
128 165 188 221 261
130 173 214 257 261
125 148 217 229 260
137 176 218 242 281
102 175 184 233 279
116 146 219 253 279
120 150 197 223 296
130 176 213 227 273
119 157 192 251 275
108 173 204 243 296
133 163 201 243 297
136 143 203 255 297
128 173 189 245 270
118 166 198 236 264
109 180 180 256 276
125 159 194 228 295
112 162 206 249 290
115 156 216 256 261
131 177 210 220 294
129 170 213 246 265
120 159 193 237 292
107 154 205 255 283
110 176 182 242 288
133 140 215 247 266
100 170 193 243 267
107 151 211 232 277
132 157 209 254 282
110 178 204 221 292
124 157 204 248 281
104 171 210 228 266
106 163 184 256 290
140 177 195 233 260
132 144 184 241 262
117 161 190 248 281
104 151 182 222 299
121 168 196 242 265
121 154 214 232 272
105 149 190 233 279
118 176 206 238 283
137 162 201 221 285
112 166 191 249 276
118 163 185 226 284
105 154 195 223 276
110 179 206 245 289
126 173 220 259 264
133 169 196 227 292
108 147 206 230 287
124 143 220 252 282
130 158 181 250 290
137 166 196 257 274
135 141 200 224 262
114 162 220 252 288
113 154 215 239 281
137 147 210 222 261
139 177 204 246 298
138 172 204 243 274
114 160 181 237 287
119 149 205 229 272
120 177 202 234 270
114 151 181 243 277
126 159 187 231 274
104 156 182 243 265
120 177 193 248 289
105 153 218 222 292
123 158 208 234 291
129 178 208 259 289
105 161 199 230 268
110 146 202 252 277
122 165 187 220 289
135 169 211 251 275
128 157 191 249 268
102 161 196 236 266
133 143 193 252 287
121 150 207 260 288
122 173 195 233 273
122 149 181 229 276
130 154 205 243 268
120 143 208 230 275
109 155 193 228 296
118 166 218 234 286
135 180 216 239 271
132 159 205 258 274
130 179 191 230 267
122 168 184 248 296
140 155 214 234 291
117 174 199 256 297
139 176 194 258 295
135 160 218 239 267
126 165 187 258 265
130 167 216 242 284
112 180 186 225 271
133 176 202 236 285
137 164 201 229 292
103 149 186 233 296
110 152 209 250 296
139 141 189 258 268
134 168 181 224 286
140 179 214 254 279
125 155 204 259 270
101 159 195 243 269
136 152 204 235 261
123 176 217 255 291
131 153 202 252 298
126 170 200 235 267
130 141 186 226 276
113 163 195 220 263
133 142 189 230 281
112 146 188 240 260
106 157 200 242 274
129 171 219 222 300
137 177 209 245 279
121 176 211 254 269
115 158 204 248 273
128 151 193 223 263
100 156 186 223 272
113 178 205 228 293
138 142 213 235 293
140 140 192 232 282
124 160 195 245 293
135 169 185 249 296
120 148 192 225 279
127 159 180 259 263
140 153 212 236 263
115 152 202 259 292
133 149 206 236 267
116 140 208 246 270
107 155 182 238 264
126 173 204 238 279
127 173 182 248 279
135 176 192 236 296
102 167 182 222 267
140 176 211 250 287
122 167 192 239 277
114 171 200 256 289
119 158 212 240 288
116 162 184 243 270
128 150 192 252 267
121 142 218 231 297
108 179 219 255 288
102 145 216 241 283
123 167 207 240 280
107 151 196 241 289
138 149 185 236 273
105 161 219 231 285
138 154 193 251 264
108 154 205 238 268
136 160 213 256 274
134 172 218 227 272
127 150 185 237 263
138 144 219 235 266
108 147 209 228 269
140 164 202 247 290
106 150 187 240 264
136 169 181 224 260
140 180 185 236 293
116 140 195 224 292
116 156 184 237 268
111 167 200 223 262
125 168 218 247 288
118 177 199 253 286
139 145 219 233 284
102 141 208 227 292
115 146 180 239 293
109 178 214 229 295
114 176 187 227 286
109 176 212 253 284
117 160 220 248 270
103 169 205 231 295
139 144 216 259 296
138 169 215 231 262
105 162 195 239 275
127 155 189 239 285
118 157 216 256 264
124 146 218 229 274
139 164 190 252 280
122 141 191 253 282
129 177 205 227 269
124 175 217 248 275
2056 2249 3066 3547 4508
1689 1701 2530 2735 3143
4334 5889 7780 10301 11604
4666 5312 7116 8647 10177
5384 6825 9178 11291 13020
4007 4690 6055 6955 8289
3428 4389 6280 7151 8742
2399 3735 4886 5324 6912
4394 6733 8005 10507 11902
1720 2313 3210 3867 4252
2975 4321 5386 7067 8328
2255 3264 4610 4862 5640
2788 4005 5275 6815 7788
4463 5157 6742 7600 9549
1772 2095 2880 3315 3680
1273 1791 2144 2761 3125
3487 5379 6370 7390 8951
5051 5954 8251 9441 11615
5770 6717 8051 10589 12267
2711 3857 5574 5913 7708
1750 1946 2428 3170 3600
2708 3329 3649 5131 5751
4232 5454 6214 7304 8625
5598 7448 9212 11062 11234
5633 6669 9776 10316 11711
4392 5641 6986 7754 9003
1129 1935 2034 2574 3081
2212 2782 4171 4818 5312
2408 3009 3950 4471 5932
1438 1945 2353 2507 3014
3578 4719 5770 7541 8262
3355 5372 6334 7544 9188
4264 5225 6442 7786 9516
3272 3440 4882 6131 7140
6024 8140 8893 11526 12701
5554 7811 9316 11103 12420
1642 2709 2709 3851 4152
3008 3825 4666 5483 7092
3815 5517 7014 8477 9872
5758 7809 10810 12811 13061
4331 5850 6940 7270 9714
5039 6639 8317 9605 10346
5648 7482 9081 11150 13736
3431 4937 6570 8171 9068
4297 6873 7107 9449 11244
1471 1548 2375 2728 2937
1907 3239 3677 4628 5085
2683 3784 5285 5811 6937
4760 5661 7534 9155 10163
4737 7663 8782 9513 12568
4100 5190 6742 8195 9284
4375 7191 8830 9587 11184
2021 3106 3506 4875 5522
6308 7974 8785 10496 11711
6344 6921 8842 11579 12588
2348 3229 3810 4971 5632
2920 4237 5106 6227 8385
1823 2529 2950 3641 3986
5816 7401 10282 11147 13068
3368 4777 6090 7467 8940
4846 7225 8456 9769 11614
5351 6327 7849 8629 11127
4824 7147 8223 10718 11880
5318 7344 8335 10181 12792
3263 4783 6055 6924 8568
4957 8064 9280 11036 13016
4418 6064 7710 9076 9251
5993 7614 8830 10225 13152
3356 4566 6396 7141 8909
3108 3583 5510 6311 7061
4168 5065 5801 8011 9292
4940 5985 7066 9263 9875
4734 4944 7010 7851 9182
1831 2601 3530 4043 4619
3059 4167 5815 6464 7599
1515 1626 2320 2453 2882
2371 3018 3477 4192 5077
2630 3277 3886 4628 5217
4454 6249 7069 9254 11205
3459 4330 5955 6652 7900
1568 2310 2636 3053 3521
4454 5898 7069 9488 10815
5930 7482 8799 10868 12890
4896 7341 8564 11432 12467
5768 8505 9273 11915 13884
3472 5058 7204 7337 9648
5174 6645 8746 9839 12234
2459 3391 3962 4932 5502
1268 1941 2398 2771 3228
5068 6725 9302 11603 12754
5010 6774 7677 9031 11861
5408 6769 8450 10051 11011
2312 2835 3448 4493 4835
4393 6932 8438 10159 11450
4796 5156 6958 9083 10344
4243 5258 7255 9111 10091
5254 7448 8395 10030 11751
3058 3734 4535 5736 6912
2868 3397 4520 5357 5907
2168 2583 3754 4151 4962
3387 4814 5993 7079 9188
1306 1835 2408 2584 3158
5003 6669 8002 8853 10038
4760 5733 7390 9299 9875
4428 6095 6504 7831 9089
5498 7569 8289 11171 13332
2808 3109 4290 4690 5831
4453 6621 7571 9739 11297
1537 1945 2143 2849 3256
1493 1769 2408 2640 2948
4166 5454 6181 8525 8756
1568 2013 2602 2914 3419
3816 6130 6334 7661 9226
6392 8457 9706 11338 13691
3296 3945 4834 5506 7020
2067 2989 3730 4671 5932
4957 6849 9415 11261 13332
2093 2123 2845 3881 4031
1348 1689 1820 2251 2872
5048 6453 7714 9154 10055
5633 6984 9190 11666 12161
1017 1599 1960 2441 2702
4632 5177 6946 8001 8885
3451 4937 6086 7150 8159
3021 3527 4656 5807 6866
5930 7999 9410 11056 12560
1438 1560 2056 2497 3048
2042 2943 3520 3971 4746
1737 1855 2467 3001 3665
2808 3659 4710 6011 6512
1703 2521 3210 3883 4396
5813 7704 9865 10000 13512
4255 5496 6489 7605 8660
5695 8281 9927 11949 12654
3228 4433 5722 6955 7656
4616 5445 6958 8039 9480
3308 5157 6148 7370 8988
3962 6239 7185 7990 10267
1664 1712 2566 2830 3528
6868 6868 9418 11379 13830
5588 7209 8785 11036 13197
2843 3558 3894 5240 6228
2888 3561 4618 5411 6708
4326 5415 6130 8817 8953
4768 5211 7218 8035 8953
2537 3353 4454 5709 6436
5461 6118 8456 9687 10958
4416 5329 7914 9359 10272
2041 2954 3468 4533 5028
5552 7621 8986 10483 12287
5342 7275 7653 10427 11730
5408 7049 7689 9450 11852
4598 7525 8200 10001 12027
5188 6521 7817 9260 10630
5254 7190 8266 10288 11923
3655 5481 6410 8203 9259
5363 7119 9550 10811 12972
2096 2925 3322 4385 4872
4872 5709 7306 9587 10157
4122 4836 7422 7865 10110
3355 5558 6799 7916 8939
1945 2764 4114 4590 5389
5297 7190 8911 10331 12051
4929 6955 9026 11097 13306
3596 3883 4820 6147 7110
2527 3873 5266 5555 6852
5804 6477 8116 10553 11099
4112 5861 7800 9055 10196
5176 6089 8104 9739 10423
4430 5685 7204 7501 8987
2802 3309 4080 5225 5798
4976 5192 7894 8471 9587
3572 4860 6908 7535 8889
5608 6569 8090 9891 11611
3506 4959 6181 7931 8724
5992 7445 7974 9867 11452
5888 7569 7779 9922 12318
1748 2109 2935 3371 4392
2096 2817 3322 4277 4836
1895 2848 3410 3802 4466
2758 3705 4806 5444 6347
3783 5673 6378 8107 9163
4595 4793 7237 7699 9383
3679 5085 7498 8183 10524
3803 4827 5950 7898 9681
3604 5883 7072 7567 9747
4682 7225 7677 9318 11738
2841 4585 5522 6589 7395
1178 1609 2210 2491 2711
4127 6769 8210 9251 11812
4039 4184 6274 7522 8595
1526 1868 2375 2551 2893
3157 4869 5860 7181 8262
2294 2799 3412 4313 5142
4256 5661 7786 9227 9515
1248 1469 2190 2301 2752
2649 3125 3619 4799 5331
3546 4097 5549 7348 8190
5297 7266 8415 9317 11040
4348 6134 7605 8691 9636
