200 10 5
7 84 66 55 142 156 160 41 61 169 65 0 33
6 129 106 157 146 195 150 175 145 177 181 0 29
10 100 67 181 164 176 198 67 112 108 43 0 49
10 67 167 170 199 186 58 161 120 128 136 0 47
9 87 43 58 130 69 105 124 132 174 158 0 41
10 85 50 120 120 159 81 43 73 61 83 0 48
6 134 78 159 157 65 197 196 140 142 158 0 30
6 130 132 76 81 86 43 81 137 104 124 0 28
6 148 73 89 108 128 199 123 71 188 88 0 29
6 125 57 139 77 178 50 88 163 197 63 0 26
8 77 80 73 81 91 119 50 119 48 172 0 37
7 113 136 173 41 167 99 106 104 145 98 0 35
9 100 183 53 43 191 122 128 109 200 177 0 41
5 192 176 165 181 159 89 60 57 94 156 0 24
8 157 73 116 55 153 75 93 62 171 155 0 36
6 52 49 90 86 80 65 187 180 138 92 0 28
3 88 44 84 70 172 189 132 141 196 176 0 12
7 151 41 85 144 155 132 183 145 45 154 0 31
5 77 89 43 126 65 69 88 126 41 186 0 22
10 195 59 121 161 147 177 91 200 174 120 0 47
3 96 101 126 65 61 160 166 88 189 171 0 15
6 44 152 96 100 130 143 144 52 190 109 0 28
6 170 164 189 128 175 82 163 163 59 74 0 30
5 55 198 42 152 42 153 60 143 63 133 0 23
5 64 48 195 137 171 49 143 125 110 111 0 24
3 135 198 84 124 63 127 110 151 149 174 0 15
5 77 106 138 58 119 131 86 65 68 127 0 23
3 48 176 57 64 185 190 137 175 92 193 0 12
8 147 121 112 163 50 167 141 160 106 42 0 39
7 104 193 196 177 87 176 113 111 121 92 0 31
6 164 130 63 75 122 75 149 47 68 130 0 30
6 84 149 100 133 195 163 171 198 130 132 0 26
8 44 130 100 194 100 191 173 43 151 90 0 37
10 164 152 183 67 53 57 189 199 115 146 0 48
7 98 87 155 85 196 56 185 182 48 71 0 32
5 149 145 67 90 74 84 165 114 143 149 0 24
10 196 155 57 151 83 65 153 47 158 188 0 46
5 138 183 144 160 147 183 128 159 134 169 0 23
3 112 175 141 87 167 159 46 104 175 190 0 14
9 195 78 67 98 77 162 177 195 110 43 0 43
5 194 56 185 74 102 51 160 155 96 100 0 24
6 40 157 62 102 122 186 187 199 66 111 0 26
4 146 187 182 64 118 71 72 161 194 148 0 20
7 163 152 136 65 198 184 99 111 77 59 0 33
4 126 87 124 113 177 120 82 102 71 155 0 19
4 165 155 118 69 117 118 97 187 143 159 0 20
8 188 179 173 128 74 149 200 173 75 132 0 39
5 114 75 148 108 180 95 44 143 126 48 0 23
6 92 85 195 56 164 42 103 151 75 65 0 30
7 159 43 99 67 59 82 109 120 66 200 0 32
4 64 164 83 68 114 140 172 55 81 194 0 19
5 160 111 117 189 51 181 126 128 197 57 0 22
10 133 176 73 170 71 103 167 170 161 73 0 47
10 163 82 184 67 130 97 92 97 102 140 0 50
5 54 187 67 165 113 113 149 122 171 87 0 21
4 89 106 109 168 138 74 99 114 193 159 0 19
6 40 152 172 56 42 92 67 118 87 82 0 30
9 141 69 133 121 115 102 198 193 53 63 0 45
9 108 178 102 43 149 181 94 158 176 101 0 45
2 145 55 44 116 107 179 126 141 122 126 0 10
4 55 154 155 88 91 93 152 72 57 138 0 20
3 104 185 171 81 181 115 69 86 65 57 0 15
4 158 161 120 130 106 91 176 122 169 168 0 17
6 187 104 98 101 153 100 114 167 84 110 0 26
4 93 55 153 179 116 199 151 159 87 191 0 16
7 133 200 130 140 167 182 62 180 79 85 0 31
10 43 61 68 167 68 158 102 61 158 103 0 48
9 108 159 88 105 195 126 156 102 193 151 0 44
6 198 129 111 124 161 80 123 71 83 65 0 27
6 135 53 149 164 177 101 59 124 182 106 0 29
2 91 152 112 96 144 65 77 140 104 91 0 10
6 136 101 162 185 106 126 57 72 178 187 0 26
7 181 96 115 172 42 187 81 138 188 118 0 35
3 122 89 42 86 84 130 150 81 78 43 0 11
9 41 116 143 175 98 72 119 67 123 105 0 41
3 76 60 168 150 106 190 186 149 45 172 0 15
6 164 137 75 141 47 126 150 78 86 124 0 29
6 83 78 132 139 57 78 78 137 42 149 0 26
8 47 90 86 172 132 94 118 137 176 198 0 37
4 145 136 133 110 90 87 126 149 122 155 0 18
8 190 52 100 198 80 48 170 135 132 69 0 40
4 77 108 163 178 157 44 181 168 78 134 0 17
5 92 90 164 146 148 67 69 109 165 155 0 24
9 164 132 60 132 177 124 191 177 117 69 0 45
3 163 173 69 117 123 81 77 120 56 95 0 14
3 102 76 52 140 73 128 161 152 201 120 0 12
8 83 55 97 136 74 87 120 109 190 136 0 36
9 81 87 149 89 84 119 179 108 198 126 0 44
6 75 75 128 89 55 139 191 124 67 192 0 26
8 57 109 67 45 86 160 185 153 158 96 0 36
10 80 66 94 116 180 182 171 98 59 92 0 47
4 118 72 61 130 99 151 162 60 149 174 0 17
2 195 172 88 130 72 139 104 124 161 86 0 10
3 88 129 124 68 140 85 43 168 187 55 0 15
9 75 141 194 167 157 48 138 141 79 110 0 41
9 182 140 136 67 75 103 72 122 83 48 0 45
9 193 122 62 60 51 137 166 163 63 47 0 43
10 191 71 81 78 175 61 193 90 79 79 0 47
3 116 108 173 103 195 72 175 84 127 74 0 15
8 79 157 175 122 95 108 71 157 126 104 0 37
7 113 162 60 143 127 78 79 122 197 105 0 31
6 200 50 196 134 154 64 85 119 104 122 0 26
3 187 126 120 179 162 136 197 50 128 141 0 14
4 49 44 150 62 78 59 183 87 137 107 0 18
5 104 57 80 91 132 108 200 106 156 126 0 25
3 182 127 191 62 80 41 160 80 110 152 0 12
3 81 143 103 155 175 61 102 173 128 115 0 12
4 128 182 138 157 115 123 142 187 55 192 0 17
2 156 199 98 183 186 147 108 192 50 161 0 10
3 42 70 147 68 159 49 144 91 166 175 0 12
7 129 134 182 188 71 134 66 62 191 82 0 32
5 168 128 127 148 144 136 137 46 110 177 0 21
3 76 117 51 89 175 109 57 79 76 128 0 13
4 161 115 171 92 55 113 82 153 192 161 0 18
9 195 51 78 132 158 165 55 117 133 143 0 45
9 92 159 167 169 150 160 67 189 171 83 0 45
5 146 134 161 110 194 128 159 95 151 41 0 23
8 129 147 146 115 75 167 59 171 179 144 0 37
4 169 171 95 187 134 188 144 187 68 77 0 20
10 133 123 56 77 185 74 73 183 63 105 0 47
3 140 48 74 123 135 63 192 142 114 149 0 14
10 133 85 155 55 111 104 68 82 50 99 0 49
7 129 132 100 41 80 152 52 145 92 159 0 35
3 69 182 169 183 193 122 107 59 165 98 0 11
8 79 90 92 62 166 154 130 94 141 142 0 36
9 139 130 116 181 165 173 59 115 97 59 0 42
3 75 134 154 88 49 187 56 140 113 129 0 11
7 180 179 191 197 192 186 173 132 188 86 0 34
9 140 186 138 186 160 177 151 161 107 151 0 41
5 190 101 165 61 160 69 159 176 81 77 0 22
6 65 121 189 141 169 155 86 109 164 145 0 27
7 182 74 92 116 161 167 148 162 75 123 0 32
10 41 75 94 174 145 118 111 67 186 82 0 50
9 41 143 145 58 72 138 151 51 135 93 0 41
10 177 121 96 157 200 163 97 55 166 149 0 50
10 70 101 144 161 194 67 167 94 122 125 0 50
9 157 162 47 41 191 133 169 172 41 183 0 45
8 97 108 200 45 179 83 108 62 128 65 0 40
8 124 87 191 59 155 152 69 48 172 176 0 40
3 185 88 103 192 174 132 197 107 94 82 0 13
6 63 92 94 119 111 59 52 168 71 58 0 29
10 47 172 178 170 189 112 167 181 51 110 0 49
8 72 63 66 180 109 148 67 155 67 123 0 36
10 173 180 85 85 58 158 124 160 191 182 0 50
3 178 138 175 179 165 111 156 166 53 45 0 11
10 179 44 179 126 89 74 91 177 191 81 0 47
6 192 181 81 104 50 191 93 108 96 50 0 26
3 197 124 197 172 69 199 70 78 76 190 0 11
9 131 105 52 126 94 169 71 185 61 100 0 43
5 97 91 116 181 90 181 93 171 65 169 0 21
10 185 103 106 155 110 113 122 191 145 108 0 47
5 119 153 175 157 91 162 76 181 125 86 0 24
5 109 50 96 50 87 146 112 158 49 82 0 22
5 193 79 106 131 75 130 189 70 62 108 0 25
10 113 80 122 128 169 124 191 138 82 46 0 47
4 198 156 82 142 96 83 173 89 48 173 0 17
4 155 167 66 128 196 131 170 52 96 143 0 19
8 157 145 92 166 136 141 150 98 149 120 0 39
8 47 49 75 77 51 128 55 146 47 82 0 36
4 194 45 127 126 75 88 156 167 171 73 0 20
9 70 153 61 104 148 108 197 161 175 116 0 44
7 134 50 178 109 48 129 121 74 110 167 0 31
3 166 106 122 189 132 89 121 195 75 146 0 15
6 142 185 63 110 119 100 79 56 109 119 0 30
5 116 67 181 86 133 192 43 71 124 55 0 21
4 88 156 196 82 160 86 188 116 110 134 0 16
8 92 82 80 191 54 84 167 172 70 109 0 38
9 87 65 191 138 100 156 113 84 91 169 0 42
3 68 52 67 101 124 81 143 167 149 147 0 12
9 141 57 69 94 193 41 170 163 195 58 0 41
3 62 59 175 163 72 105 49 94 131 110 0 15
3 197 160 97 81 65 178 59 147 126 168 0 11
5 128 101 49 102 53 109 98 67 167 114 0 24
9 124 157 152 86 86 84 110 91 133 78 0 42
3 159 123 145 199 160 133 61 73 53 44 0 11
9 198 138 161 155 125 48 187 103 68 152 0 44
10 145 171 144 148 183 192 78 63 44 45 0 47
10 150 110 90 63 58 53 63 152 193 43 0 47
7 83 131 89 187 44 44 121 166 193 149 0 31
9 105 42 107 143 60 63 59 183 154 53 0 43
7 95 55 90 145 155 89 44 181 60 108 0 34
6 188 84 130 88 171 198 115 167 63 82 0 27
10 163 164 69 125 165 165 96 129 125 125 0 46
3 153 169 113 47 96 119 67 96 149 116 0 14
6 64 155 88 158 189 173 67 167 146 185 0 26
10 130 77 182 158 151 82 124 143 182 54 0 50
7 93 157 66 43 122 51 74 187 146 174 0 35
9 57 134 86 69 136 54 136 57 162 129 0 41
3 168 80 55 120 133 143 96 91 84 150 0 11
9 165 200 116 156 72 92 89 185 182 192 0 45
7 118 60 175 57 191 151 133 77 108 42 0 33
7 47 66 92 66 108 190 91 61 77 162 0 32
6 65 121 147 112 154 150 48 94 165 119 0 28
3 55 51 161 144 85 181 135 71 130 111 0 11
9 131 140 132 107 46 145 150 64 47 57 0 42
3 130 122 153 70 161 163 164 198 74 161 0 12
7 163 147 56 175 83 61 121 92 75 62 0 34
9 156 80 122 152 129 127 163 164 146 187 0 42
7 170 159 100 41 85 47 146 74 57 188 0 35
4 94 122 128 44 161 96 172 148 76 82 0 20
37 45 52 33 33
135 178 198 259 264
110 180 213 239 271
134 151 214 236 297
113 145 202 223 283
137 172 190 232 279
118 179 182 249 293
131 176 215 225 265
138 163 208 234 264
127 170 199 224 290
112 155 203 244 290
135 169 190 230 285
133 167 200 225 274
133 171 188 243 286
106 155 194 255 265
127 156 189 241 287
119 164 198 223 262
111 177 180 223 296
138 150 216 249 281
101 180 194 252 281
137 141 197 246 288
121 160 180 222 293
117 175 201 239 293
124 163 212 239 272
135 172 216 223 290
118 163 195 245 266
118 148 212 256 293
112 171 191 235 295
140 171 191 228 287
119 149 214 237 282
101 175 217 238 286
121 142 195 244 295
129 170 190 254 267
106 174 199 231 275
137 151 197 245 278
122 176 203 250 296
100 151 205 241 290
137 161 220 253 298
135 154 183 238 282
109 166 220 239 261
133 155 197 225 276
120 170 199 259 270
110 171 182 229 297
102 151 192 235 297
105 178 203 258 285
110 175 214 245 285
127 175 189 238 263
127 166 212 226 277
111 155 195 247 297
115 151 182 243 271
113 173 211 230 275
113 159 194 257 274
131 168 200 241 277
118 152 199 229 261
113 175 186 220 298
130 161 194 231 269
118 159 217 224 293
120 156 180 225 273
117 161 187 233 295
100 149 203 242 267
111 163 205 225 294
115 167 189 259 292
115 149 218 255 299
117 163 213 230 260
100 140 219 232 297
103 162 219 242 264
133 170 206 239 299
112 179 211 260 271
123 166 193 256 296
111 172 208 254 299
136 174 205 240 284
111 169 195 246 287
115 166 196 232 274
114 172 182 228 292
102 150 194 224 282
112 144 214 244 295
110 143 196 242 262
109 172 192 235 300
127 144 208 227 300
122 156 199 222 264
131 179 195 247 279
134 144 210 246 263
123 163 206 220 267
106 140 205 240 288
132 150 195 224 268
108 141 205 254 288
124 152 192 260 261
108 152 192 238 289
101 176 187 252 282
116 149 207 238 260
140 159 217 243 289
121 175 201 249 269
115 172 220 232 282
125 145 184 239 262
109 170 219 251 269
124 176 203 258 276
106 158 210 224 271
101 179 200 239 290
107 164 219 236 281
128 172 216 227 292
121 154 186 231 269
138 179 180 239 299
120 142 220 256 277
107 143 204 238 286
130 142 220 227 265
100 153 199 244 270
136 178 194 256 270
120 162 203 255 300
113 142 188 250 277
103 163 217 235 291
106 140 212 246 260
138 175 189 238 279
133 175 182 253 300
130 161 220 257 297
131 157 214 228 287
135 162 218 229 263
101 169 205 258 271
133 174 197 235 281
122 175 194 243 299
124 164 216 258 293
134 159 193 221 275
116 141 182 249 281
102 151 218 260 287
104 166 210 238 278
106 162 193 223 276
114 157 205 249 295
128 144 203 224 272
112 155 205 237 295
140 151 213 235 296
110 152 199 222 271
121 176 182 245 284
129 154 186 252 291
123 171 220 256 270
104 156 213 221 270
136 141 183 227 262
113 164 214 241 295
111 176 199 259 275
128 160 195 259 279
125 143 198 221 269
126 153 183 260 297
118 157 197 249 297
121 175 205 236 283
101 166 206 222 296
131 155 182 228 274
108 151 193 259 283
107 177 202 250 271
116 148 209 230 279
109 145 192 227 278
117 171 191 233 298
105 148 181 225 291
116 158 215 260 276
113 147 194 249 292
109 171 198 246 297
101 159 195 251 276
110 177 208 221 288
111 166 200 255 280
132 155 183 231 268
103 143 204 253 296
118 176 213 237 268
110 160 188 237 268
101 167 186 223 287
112 144 199 246 269
112 178 209 223 286
112 167 212 226 293
100 149 190 231 276
116 159 200 253 296
106 159 209 227 273
111 141 204 258 285
101 168 203 246 297
136 166 190 251 286
126 171 209 228 270
103 170 211 254 289
131 171 180 230 282
105 178 211 248 293
110 140 219 259 266
119 166 205 254 278
130 172 187 230 298
102 160 186 241 289
110 159 217 238 262
113 153 186 254 267
134 158 189 238 267
126 156 184 237 280
130 175 184 226 269
125 149 203 223 286
131 160 193 235 269
119 143 200 260 281
110 149 206 221 274
134 174 192 258 288
110 150 201 237 260
127 156 199 251 265
100 173 183 227 297
101 153 217 238 279
129 161 211 232 263
136 159 205 255 288
121 159 191 222 272
126 151 219 222 297
135 170 184 222 296
121 168 197 259 264
104 158 220 235 269
116 177 219 250 266
115 174 217 240 274
4462 5882 6543 8557 8722
3197 5228 6186 6941 7869
6573 7407 10495 11573 14564
5318 6823 9503 10491 13312
5624 7060 7799 9522 11449
5671 8600 8744 11962 14075
3937 5288 6459 6759 7960
3871 4572 5833 6562 7402
3690 4938 5780 6505 8421
2919 4038 5287 6354 7551
5002 6261 7039 8520 10556
4662 5853 7009 7885 9600
5460 7019 7717 9973 11736
2551 3728 4665 6130 6371
4579 5624 6813 8686 10343
3339 4600 5553 6254 7347
1339 2133 2169 2686 3563
4285 4658 6705 7729 8721
2228 3968 4277 5554 6192
6446 6635 9268 11572 13547
1822 2408 2709 3340 4406
3283 4908 5637 6702 8215
3727 4898 6369 7180 8170
3112 3964 4977 5138 6680
2839 3920 4689 5890 6394
1777 2228 3189 3850 4406
2583 3941 4402 5415 6796
1687 2060 2301 2745 3454
4648 5819 8355 9253 11009
3137 5433 6736 7388 8876
3637 4268 5859 7330 8861
3361 4428 4949 6614 6952
3929 6447 7372 8557 10186
6583 7256 9465 11770 13354
3911 5640 6505 8010 9482
2407 3632 4929 5794 6971
6309 7414 10129 11647 13718
3113 3550 4218 5484 6497
1533 2332 3089 3356 3664
5727 6673 8480 9685 11879
2887 4088 4785 6226 6490
2867 4454 4741 5964 7733
2047 3028 3849 4710 5951
3471 5882 6708 8524 9415
2097 3333 4075 4665 5425
2547 3509 3789 4770 5270
4960 6482 8277 8823 10813
2560 3573 4494 5691 6842
3457 4538 5469 7300 8141
3623 5544 6761 7370 8810
2154 3029 3695 4893 5216
2889 3704 4409 5312 6104
5553 7152 9362 10773 12278
5657 8759 9309 11009 14911
2737 3389 4083 4861 5659
2249 3029 4132 4265 5578
3607 4688 5409 6760 8201
5272 7253 8424 10495 13286
4507 6713 9144 10900 12026
1117 1638 2059 2260 2951
2307 3348 3789 5190 5851
1732 2243 3279 3835 4496
1996 2779 3630 3920 4430
2607 3648 5703 6042 7733
1655 2600 3513 3882 4234
4130 5278 6395 7418 9279
5383 8600 10137 12490 13018
5419 7312 8501 11274 13034
3004 4652 5625 6868 8083
3951 5054 5954 6969 8246
1117 1698 1959 2470 2881
2997 4324 5105 6042 7135
3997 6028 6379 7990 10231
1129 1658 2143 2474 3113
4599 5912 8783 10014 12106
1657 2153 2949 3640 3941
3168 4996 5577 6825 8711
3309 3752 5417 5911 7811
4521 5780 7372 8224 9779
2365 3230 3519 4456 5032
5367 5768 8409 9850 10530
2098 2779 3511 3750 4550
2551 3368 4929 5770 6923
5948 6758 8784 10090 12071
1519 1982 2879 3566 4043
1495 1832 2313 3130 3142
3895 5480 6921 8578 10415
4451 7752 8237 11098 12419
3023 3882 5391 6198 6770
5047 5732 7821 8757 10414
5694 8233 9456 11713 12653
1962 2932 3749 3953 4804
1258 1458 1849 2400 2631
1642 2558 3294 3775 4045
5091 7224 8332 10588 11326
4777 7118 9459 10090 12206
4349 7705 8609 10287 12481
5036 7716 10302 11102 13217
1927 2588 3249 3414 4390
4484 5706 6891 8557 9964
4285 5557 5588 7418 9280
3127 3700 5729 6666 7212
1505 2010 2865 3342 4015
2347 2564 3970 4096 4780
2507 3833 4984 6110 6761
1639 2144 2337 3082 3250
1447 1952 2445 3070 3610
1928 2422 3205 4260 4720
1037 1638 2179 2360 2921
1279 1688 2554 2962 3131
4423 5608 6057 7626 8938
2800 3683 3830 5323 6310
1697 2101 2869 3351 3871
2365 2834 3861 4113 5176
6082 7298 9819 10315 11845
4552 7613 9234 11620 12205
3066 4010 4540 5415 6473
4521 6483 7187 9001 11074
2487 3288 4329 5170 5870
6306 7481 9080 10397 12936
1631 1982 2557 3496 3945
5004 7407 10691 12750 14073
3647 5818 7359 8340 9741
1173 1790 2132 2463 3047
4111 5660 7389 8974 10631
5383 6056 8535 9418 11435
1239 1713 2264 2617 3256
4767 5142 7251 7999 10074
4517 6240 8168 9112 11122
2669 3880 4013 5400 6259
3490 4166 5031 6814 7868
3943 5480 7049 8202 8650
5207 7808 10660 11060 13511
5584 5789 7512 9317 10753
5657 8208 10709 12060 14761
5557 8808 9959 12960 13760
5767 7208 8784 11665 12565
5008 5728 7929 8850 10771
5047 6128 7328 10410 11891
1541 2049 2570 3247 3872
3516 5083 5954 6854 8217
4956 8142 10103 10888 14515
4724 5588 6561 8218 9875
5407 7558 9659 12960 14161
1184 1955 2231 2760 2991
5459 6964 9832 10820 13124
2841 3778 5001 5912 7239
1294 1889 2110 2573 3289
4522 6372 7792 9685 12524
2443 3326 4524 5470 5806
5318 6917 9127 11713 13735
2623 4112 4761 5914 7139
2229 3506 4299 5532 6083
2757 4433 5209 5534 7211
5224 7810 9409 11995 13170
2252 2643 3120 3937 4567
1964 2725 3885 4817 5635
4609 6872 8316 9253 10462
3967 5768 6777 8542 9659
2027 3349 3729 4470 5751
4935 6344 8765 10834 11847
3479 5526 6488 6922 8877
1687 2513 3189 3399 4406
3007 4478 5709 6940 8291
2443 3347 4209 5323 6227
1703 2552 3353 3642 4379
4225 5366 7761 9814 10841
4248 7064 8535 10342 12485
1639 2000 2289 3022 3442
5173 7019 8578 9358 11080
1551 2558 3174 3820 4345
1448 1889 1989 2540 3113
2526 4280 5073 5962 7042
4627 5888 9207 10888 11182
1316 1834 2264 2804 3068
5727 7576 8237 10129 13123
4801 7528 8751 11337 13594
5177 7481 10208 11196 12324
3510 4751 5775 7884 8288
5770 6802 8136 10244 11491
4291 5312 6265 8068 9531
3517 4734 4977 6112 7274
5757 6862 9347 10268 13167
1841 2248 2711 3300 3776
3101 3726 5209 6770 7317
5507 7458 10309 11060 13711
4697 6098 6728 9040 10090
4517 6158 8250 9727 10671
1404 1724 2198 2771 2925
4507 7794 8244 10225 13376
3340 5057 7170 7864 9218
4135 5160 6761 7434 8426
3815 4460 5749 7150 8074
1338 1757 2110 2452 3003
5299 6350 9207 9333 12485
1627 2048 2217 2673 3563
4121 5720 6707 8816 8986
4375 6644 9250 9880 11308
4067 6203 7674 8760 9320
2307 3488 4349 4810 5490
