200 10 5
7 26 42 92 38 35 94 70 22 57 29 0 35
8 87 72 82 82 70 39 45 48 67 82 0 38
3 23 74 74 39 91 58 72 24 37 68 0 14
4 37 49 97 87 41 24 98 57 84 42 0 19
5 91 25 34 28 59 75 67 81 94 30 0 25
9 97 62 36 45 29 41 57 66 26 70 0 45
7 24 54 69 72 37 70 63 40 37 94 0 31
5 76 56 85 35 65 83 45 65 69 42 0 21
6 21 76 44 48 64 47 95 54 88 90 0 26
8 54 30 84 41 37 27 48 97 57 43 0 37
10 35 54 47 65 58 82 93 90 68 80 0 49
2 87 86 43 26 71 33 43 64 22 21 0 10
9 22 42 71 40 90 82 63 30 24 99 0 42
9 35 31 82 81 49 30 69 63 21 47 0 45
7 79 58 71 39 55 99 61 93 88 72 0 31
8 53 92 45 91 41 39 37 51 81 93 0 37
4 52 92 45 95 70 76 97 21 34 90 0 16
5 76 91 52 74 23 49 90 95 42 55 0 23
3 45 35 79 70 72 54 68 33 66 22 0 12
6 95 99 65 34 80 47 47 55 66 90 0 28
4 36 54 84 75 96 69 67 84 91 44 0 18
3 28 86 28 34 39 87 47 46 96 32 0 14
8 84 44 70 97 33 28 99 28 54 59 0 40
5 64 93 35 55 31 32 80 44 79 46 0 23
8 45 78 35 76 67 62 76 20 92 22 0 40
6 50 95 47 36 73 36 71 63 72 76 0 26
3 34 22 71 54 96 75 61 94 63 68 0 12
3 32 62 65 51 59 93 58 94 99 21 0 13
3 93 36 30 38 68 68 59 37 64 27 0 11
10 63 87 25 31 82 57 33 63 36 87 0 46
9 30 63 68 96 33 74 36 49 33 49 0 42
6 26 67 93 66 62 78 81 94 65 84 0 30
3 62 26 61 44 51 64 68 61 47 47 0 13
3 33 67 99 99 42 86 59 76 67 77 0 14
7 91 97 83 22 82 79 64 61 88 48 0 33
10 94 69 71 98 52 46 58 82 24 86 0 47
10 52 23 28 59 25 66 69 67 85 43 0 48
8 42 82 93 39 82 78 61 37 24 96 0 36
6 65 43 32 91 81 77 48 39 34 41 0 27
6 88 30 55 33 95 98 58 39 86 85 0 26
10 91 96 45 99 78 41 32 87 54 24 0 49
4 41 89 38 56 29 23 82 92 23 63 0 16
3 82 34 85 65 32 63 71 64 47 63 0 14
5 77 26 80 70 22 76 91 60 31 48 0 21
3 37 93 84 22 38 84 64 46 96 85 0 12
4 77 28 30 46 76 36 23 73 81 95 0 17
8 23 50 27 63 90 60 67 88 25 55 0 38
6 76 55 51 64 72 69 70 66 73 98 0 30
7 33 43 72 68 81 99 33 26 88 42 0 33
9 24 86 91 82 24 97 20 88 27 93 0 42
9 59 71 33 48 96 27 92 55 44 98 0 44
9 49 27 89 21 42 47 34 26 57 20 0 41
4 73 46 21 27 70 90 40 53 88 27 0 19
4 44 27 77 91 96 96 24 22 41 73 0 19
9 26 99 86 23 86 85 85 67 52 70 0 45
7 95 56 84 89 49 32 92 28 21 38 0 33
5 61 43 36 68 94 99 69 77 37 25 0 24
2 24 80 48 74 88 92 49 25 87 23 0 10
6 77 71 58 54 73 76 68 75 99 81 0 27
3 27 99 84 86 84 30 59 62 72 73 0 11
10 82 74 69 47 50 50 90 70 55 72 0 46
5 26 55 80 68 45 64 34 99 72 94 0 22
5 48 44 92 73 89 98 22 26 42 69 0 22
5 41 84 89 35 77 28 51 51 66 68 0 24
8 53 71 87 68 26 23 38 29 65 51 0 39
6 54 24 97 32 29 35 41 89 32 99 0 26
4 39 69 38 25 83 40 99 86 55 40 0 17
6 54 24 37 88 40 63 33 33 93 37 0 26
10 68 52 59 43 29 52 99 81 75 33 0 50
7 81 84 80 99 59 65 69 62 79 24 0 35
9 58 84 55 24 74 92 70 49 50 46 0 44
5 95 78 49 94 26 23 71 34 22 76 0 25
7 81 27 60 59 81 57 79 63 64 48 0 32
9 69 34 96 80 79 93 80 84 24 82 0 42
8 22 71 26 77 98 36 71 88 20 59 0 38
8 63 36 61 57 83 67 87 86 61 58 0 37
8 65 22 54 66 99 34 35 59 71 24 0 36
9 47 20 28 87 53 47 89 21 35 68 0 41
10 29 36 90 60 87 49 68 63 24 36 0 48
10 55 53 31 63 79 84 56 56 99 64 0 50
5 28 71 36 95 26 43 82 39 41 75 0 23
5 27 59 36 62 29 46 96 71 53 48 0 23
8 86 36 47 50 21 60 88 83 25 63 0 40
4 51 26 21 52 57 88 77 85 64 70 0 19
7 31 33 81 32 89 66 22 75 91 73 0 33
8 70 34 88 86 32 86 39 74 64 77 0 36
9 83 63 46 74 40 52 47 76 76 51 0 42
3 54 84 51 52 45 55 93 66 31 57 0 12
9 46 27 57 37 78 50 41 50 21 78 0 44
5 88 86 75 63 61 20 28 98 53 80 0 24
9 46 34 41 84 28 89 30 61 49 96 0 44
8 32 72 29 27 30 78 92 80 42 86 0 37
10 63 62 80 98 72 90 99 62 54 74 0 49
4 53 68 60 66 33 39 83 42 23 41 0 16
2 81 45 24 90 72 82 83 58 75 58 0 10
6 86 33 37 76 31 34 67 40 49 86 0 27
6 36 53 78 93 52 32 75 68 42 81 0 28
7 34 52 87 59 36 64 65 63 73 65 0 33
9 65 88 22 75 68 57 24 89 95 47 0 41
4 82 61 29 57 67 40 87 38 53 46 0 20
5 28 27 97 95 49 57 56 91 88 60 0 25
4 62 54 35 61 22 89 41 53 27 65 0 17
5 66 47 69 65 28 65 66 49 91 53 0 24
8 99 80 87 89 49 58 84 40 65 25 0 38
9 66 68 60 39 80 21 80 41 51 24 0 44
4 98 37 77 62 97 37 64 73 66 71 0 17
3 47 51 85 80 37 53 39 93 39 43 0 14
10 43 51 86 82 58 33 72 30 75 56 0 50
3 57 49 86 45 79 21 44 32 73 55 0 15
3 67 42 25 99 70 23 54 62 53 32 0 11
5 85 22 73 36 89 98 58 46 23 51 0 25
8 66 81 28 24 46 98 72 28 78 77 0 36
4 75 36 79 72 67 36 85 55 97 61 0 19
7 27 57 77 42 25 43 43 36 95 40 0 34
9 67 50 50 46 77 27 66 29 43 29 0 44
10 31 70 41 65 58 40 88 71 96 42 0 46
8 80 33 43 43 33 57 39 45 61 63 0 39
9 20 45 23 73 70 65 74 95 70 42 0 41
6 52 63 54 25 93 57 60 54 62 62 0 29
9 65 34 21 69 39 40 45 47 72 35 0 43
8 56 55 59 97 22 72 95 80 96 38 0 37
3 58 32 85 89 91 85 83 94 88 44 0 12
10 91 52 20 38 53 66 23 77 77 80 0 48
9 84 70 74 64 92 33 83 29 86 55 0 42
7 55 29 97 31 60 73 86 82 71 68 0 31
4 89 28 69 53 63 44 95 67 26 84 0 18
6 69 98 68 69 88 65 69 93 99 71 0 30
10 43 39 73 99 83 79 94 49 68 28 0 50
6 81 35 94 68 52 98 58 30 33 22 0 28
8 40 42 36 47 85 80 70 29 34 94 0 38
4 88 91 42 33 74 80 89 72 60 93 0 16
6 93 28 73 95 61 36 86 30 31 44 0 28
9 81 83 73 99 65 92 43 30 79 29 0 42
6 70 72 50 67 84 81 70 46 27 26 0 26
7 39 42 87 23 94 38 22 79 41 93 0 32
5 77 52 50 65 68 72 26 46 62 85 0 21
8 32 22 97 35 56 82 57 77 30 33 0 36
4 54 69 69 42 37 59 30 53 38 63 0 20
7 42 58 20 94 45 46 30 28 33 22 0 35
9 53 78 32 33 59 81 38 43 42 44 0 44
5 40 65 96 75 30 80 83 22 53 57 0 23
9 68 99 86 57 64 93 27 75 93 69 0 45
7 98 29 76 96 32 51 24 63 99 22 0 31
5 95 32 59 27 90 71 84 53 22 60 0 24
5 58 92 80 45 79 95 68 85 24 44 0 23
4 85 78 22 85 81 73 85 62 57 36 0 18
10 81 73 94 64 66 80 93 66 46 62 0 50
9 36 78 39 55 32 35 68 77 29 88 0 43
10 25 36 72 33 34 76 88 51 87 79 0 50
10 20 96 46 39 90 43 25 27 42 30 0 49
4 33 50 28 54 48 80 82 30 42 30 0 17
7 66 47 25 61 33 53 67 56 75 81 0 31
7 46 64 24 20 54 34 45 65 44 81 0 33
6 20 85 38 98 57 23 25 73 97 44 0 26
10 48 34 86 93 41 22 69 62 23 73 0 49
9 30 58 65 94 30 73 44 24 56 97 0 44
6 42 22 43 24 53 77 76 83 55 28 0 26
9 89 29 57 86 43 28 39 93 75 92 0 44
6 54 43 90 84 80 36 93 79 29 97 0 27
7 20 41 88 31 55 74 77 50 56 94 0 31
6 90 33 55 74 34 90 70 68 34 34 0 30
5 30 92 88 62 57 66 84 41 85 24 0 22
8 75 70 68 99 62 49 61 52 79 79 0 36
4 84 27 93 40 55 36 88 37 68 81 0 16
4 44 82 72 38 40 28 27 63 79 64 0 20
7 59 29 60 74 40 61 98 35 20 55 0 32
10 63 26 97 23 33 83 41 42 77 31 0 49
6 62 81 45 35 69 71 99 72 34 40 0 28
7 35 91 55 83 22 84 33 96 92 38 0 31
9 53 63 97 97 60 70 91 91 46 64 0 44
3 37 46 51 89 62 54 79 91 87 68 0 15
5 32 37 33 78 99 60 98 30 85 40 0 24
3 68 43 75 78 36 25 89 89 88 96 0 15
8 78 62 87 67 97 33 49 54 98 88 0 36
4 37 52 52 48 76 61 91 49 68 75 0 16
6 35 51 29 83 92 33 79 75 75 67 0 30
9 29 50 70 97 43 48 83 42 24 20 0 43
10 68 79 96 39 74 32 51 27 93 82 0 49
2 78 86 78 63 87 80 47 81 66 67 0 10
4 97 34 25 59 99 66 71 32 63 72 0 18
10 98 48 67 73 77 23 36 25 69 30 0 50
3 29 78 85 85 67 71 44 75 26 42 0 15
7 53 99 96 97 68 59 60 86 79 95 0 35
10 91 29 71 29 71 28 49 97 29 64 0 47
9 74 90 63 79 98 89 52 81 23 41 0 43
3 42 37 72 70 72 55 73 39 74 71 0 13
6 75 80 90 97 75 41 50 80 90 81 0 28
3 49 96 44 41 61 52 51 80 22 39 0 12
4 27 77 45 26 83 74 60 24 91 79 0 16
7 33 39 97 34 50 78 20 59 46 46 0 35
8 92 94 71 54 95 72 28 53 34 23 0 39
8 88 93 32 97 50 54 94 78 75 41 0 36
3 40 83 52 53 93 53 69 51 20 97 0 15
8 82 51 80 60 98 96 56 64 85 64 0 37
7 63 31 59 88 75 56 38 57 93 68 0 35
10 30 43 72 70 96 66 24 51 77 80 0 46
3 71 61 74 75 50 65 83 60 56 23 0 13
4 87 54 86 26 42 28 85 26 24 29 0 16
4 61 21 64 62 70 49 49 78 61 49 0 20
10 50 89 49 33 26 21 63 81 54 99 0 47
39 37 39 48 38
137 145 185 237 271
122 166 208 233 293
106 163 218 255 296
125 160 201 236 270
109 146 199 256 283
129 160 219 222 265
110 166 197 238 260
137 179 187 257 300
133 150 208 246 289
115 178 204 253 262
115 150 204 241 296
127 152 188 244 273
114 163 216 245 276
104 158 219 241 265
130 160 181 221 264
127 152 187 240 278
108 166 204 222 300
137 149 193 250 281
100 177 187 232 287
135 163 195 221 293
127 142 219 225 298
117 174 215 251 265
124 168 183 221 282
138 171 220 246 272
102 146 196 244 269
101 140 191 228 272
109 149 217 248 296
130 150 216 235 264
127 142 210 242 299
102 178 202 222 279
128 168 187 245 284
103 162 204 221 280
115 148 201 252 267
134 151 214 220 292
129 165 213 220 295
140 141 200 229 297
135 179 215 257 290
110 146 189 234 266
125 169 203 252 266
139 150 181 255 279
115 178 219 248 285
103 175 198 223 285
113 142 180 226 262
129 150 206 248 271
118 170 191 236 289
101 168 219 237 293
131 159 186 251 297
110 167 192 249 290
108 140 181 256 270
124 151 198 246 268
110 144 212 236 264
103 170 200 241 298
115 167 201 238 273
139 153 210 253 264
130 169 186 249 267
119 164 187 259 282
109 172 190 260 277
128 153 217 245 295
110 140 190 229 271
116 167 215 250 290
112 176 196 239 279
102 140 207 240 290
119 165 214 254 260
115 164 193 242 300
117 146 216 244 280
135 140 182 222 270
114 146 197 236 275
100 146 200 235 283
135 140 202 257 274
111 165 202 229 282
127 157 219 238 268
131 164 212 244 260
132 149 202 223 261
104 164 218 236 291
118 162 197 243 286
140 140 185 257 260
129 162 194 223 290
124 168 182 235 299
102 174 191 225 299
104 151 202 223 269
114 151 205 237 291
134 148 192 254 268
118 145 191 229 287
111 180 190 234 265
134 140 189 249 269
105 174 202 244 273
102 160 213 235 299
132 157 200 248 264
139 164 195 220 261
133 159 188 237 295
106 179 213 220 267
115 167 186 229 270
125 160 218 233 277
109 169 185 241 275
109 172 203 229 294
101 164 216 257 299
103 159 217 260 285
119 178 211 238 276
105 162 185 223 297
125 167 203 258 287
104 157 201 249 281
126 173 204 222 276
118 166 217 243 280
139 165 203 239 284
120 160 215 248 297
106 170 217 252 288
127 176 182 221 285
115 180 182 225 287
112 155 208 225 265
127 175 216 259 289
137 180 195 231 272
125 179 213 231 286
105 162 187 260 278
128 164 191 260 293
129 171 184 227 272
106 141 188 235 265
139 146 205 222 286
102 177 205 240 294
105 178 180 221 280
110 156 202 232 298
136 161 202 243 279
111 167 190 230 273
101 180 209 257 292
138 150 191 225 298
128 141 208 253 280
133 154 214 225 275
139 144 220 234 283
110 163 210 250 273
133 155 189 229 269
105 158 203 246 263
136 153 181 222 270
114 163 215 233 268
135 162 204 241 290
101 148 196 256 273
104 142 190 232 266
124 147 181 236 280
121 163 208 232 279
118 144 181 234 273
118 175 201 258 260
111 175 194 252 278
117 172 214 247 292
122 154 196 238 272
124 148 212 260 298
124 170 212 235 299
131 180 191 236 277
138 167 206 248 262
101 152 180 260 298
112 156 199 244 284
112 163 196 252 288
137 159 187 225 293
122 165 206 226 262
129 175 210 238 260
110 152 202 239 272
119 161 181 228 278
110 154 188 233 266
125 150 216 235 296
119 171 219 231 282
116 151 188 253 272
113 143 204 242 260
132 152 203 228 291
140 144 197 241 276
113 143 186 246 263
110 176 190 232 288
117 165 196 246 262
127 174 211 247 261
107 168 213 230 266
124 143 211 229 269
137 178 220 248 293
110 153 207 245 278
106 160 212 248 285
128 150 183 247 269
116 147 191 239 288
120 173 210 252 298
115 177 198 231 263
121 176 204 244 270
114 159 216 254 275
129 153 219 223 291
100 147 201 251 279
137 159 209 238 291
139 153 190 230 291
127 150 185 223 267
125 172 194 255 264
109 174 190 224 295
113 143 200 229 290
140 155 184 255 284
136 145 210 249 292
133 148 188 247 272
140 174 185 242 282
137 165 200 249 280
101 176 213 241 269
136 167 214 243 267
109 149 199 234 279
112 175 186 230 273
127 171 184 251 279
122 163 200 227 285
106 143 193 245 282
110 160 214 231 294
135 144 189 255 292
117 168 187 251 286
134 147 214 258 264
4797 5077 6477 8297 9487
4638 6310 7906 8856 11136
1486 2284 3054 3572 4146
2377 3042 3821 4486 5132
2727 3652 4977 6402 7077
5807 7202 9857 9992 11927
3412 5148 6109 7380 8062
2879 3761 3929 5399 6302
3460 3902 5410 6398 7516
4257 6588 7550 9363 9696
5637 7352 9998 11811 14506
1272 1522 1882 2442 2732
4790 6848 9074 10292 11594
4682 7112 9857 10847 11927
4032 4962 5613 6853 8186
4701 5626 6921 8882 10288
1730 2658 3266 3554 4802
3153 3429 4441 5752 6465
1202 2126 2246 2786 3446
3782 4566 5462 6190 8206
2288 2558 3944 4052 5366
1640 2438 3012 3516 3712
4962 6722 7322 8842 11282
3176 3935 5062 5660 6258
4082 5842 7842 9762 10762
2628 3642 4968 5930 7074
1310 1790 2606 2978 3554
1692 1952 2810 3057 3434
1399 1564 2312 2664 3291
4694 8190 9294 10214 12836
5378 7058 7856 10292 11930
3092 4862 6122 6632 8402
1497 1926 2615 3278 3473
1878 2116 2998 3082 4090
4259 5447 7031 7262 9737
6582 6629 9402 10765 13961
6482 8594 10322 12338 13922
3962 5258 6806 8426 9578
3377 4565 5483 6806 7184
3616 3902 4708 6632 7256
5637 8724 10733 12154 13967
1650 2802 3170 3570 4562
1584 1990 2522 3166 3670
2711 3152 4328 5210 5693
1418 2042 2294 2834 3470
1719 2858 3725 4031 4983
4980 6044 7070 9540 11288
3302 5012 5762 7472 8702
3566 4622 5975 8450 8912
5210 6344 8318 10334 11258
4842 6338 9330 10386 11618
4225 6972 8202 9883 12220
2187 3175 3821 4524 5189
2643 2909 3992 4809 5018
5852 7607 8372 11207 12017
3929 5414 6173 8549 9308
2618 4130 4562 6242 6650
1282 1532 2172 2452 2952
2972 3782 5132 6185 7319
1278 1839 2367 2752 3192
5154 8098 9018 10996 12836
2246 3082 4556 5282 6382
2620 3632 4710 5590 5722
2762 3938 4634 5810 7202
4565 5696 8426 9518 10922
3512 3642 4734 5774 7022
1940 2484 3351 4014 4677
2602 3798 5202 6112 7360
6752 7002 10102 12852 13702
3887 5777 7072 8017 9872
5590 6910 9638 10474 11794
3277 4102 5302 6102 6502
4226 4770 6466 7138 8354
4370 6890 9158 9914 12224
4486 6158 7488 9236 10870
5182 5182 6847 9511 9622
4646 5834 6986 8030 10442
5086 6890 7464 9637 12261
4898 8354 9170 10802 14354
5202 7552 10102 11152 13452
2624 3475 4717 5453 6695
3084 3406 4418 5844 6166
4722 5802 7642 9162 11482
2111 3422 3612 4448 5037
4424 4622 6239 8219 8879
3782 6266 7274 8786 9830
4286 6722 8948 9872 12560
1586 1886 2402 2978 3170
6118 7218 8582 9682 11486
3194 3818 4514 5690 7082
4666 7878 9374 9682 11750
4257 6181 6884 8475 9992
6127 7842 10684 11419 13575
1746 2706 2962 3858 4402
1092 1722 2032 2292 2942
2729 4430 5834 6941 8075
2886 4454 6078 7282 7982
3929 5876 6965 7856 9110
4307 6644 7587 9145 12179
2502 3342 4062 5162 5742
2602 3927 5027 6227 7027
2144 2943 3470 3776 4694
2834 3986 5210 5834 6722
5284 6272 7716 9084 10794
5282 7042 9462 10914 13070
1804 2892 3691 4286 4898
1780 2466 2550 3096 3992
5752 9002 9102 11252 14352
1682 2327 3122 3377 3977
1399 1927 2378 2851 3181
3427 4502 4877 5777 6802
4502 6446 7670 8318 10298
1997 3080 3555 4942 5284
4354 5578 6496 8842 9964
5678 7526 8098 9990 11970
4878 6488 8650 10812 12192
5423 5696 7997 8660 11156
4184 7259 8407 9842 12056
3047 5164 5222 6411 8122
4732 6710 8688 9978 12816
5034 5959 7476 8993 10325
1334 2006 2282 2762 3278
4850 8642 10034 12338 14018
5798 6302 8024 9452 12518
3970 4373 6450 7845 8682
2396 2774 3854 4052 4952
4172 4322 6602 7022 8492
5502 8152 10502 12502 13652
3726 4342 5294 6414 7534
3992 6006 7716 9350 9996
2178 2450 2898 3554 4322
3194 4566 6022 6526 7506
5672 6806 8570 10124 12182
2628 3850 5098 6658 7100
3330 4546 6082 7426 8514
2606 3089 3803 4958 5882
4358 5870 7490 8354 10046
2362 2882 3622 4682 5462
4132 6127 7037 9032 9102
4886 7702 8538 11090 12234
2693 3958 4924 5683 6718
5492 6932 8822 10712 12242
3846 4590 6574 8062 9240
2978 4082 5090 5642 7178
3015 4142 4395 5430 6373
2486 3008 3710 4466 4718
5052 7602 9002 13002 14902
4818 6710 8559 10494 12214
5602 8152 9802 12602 14402
6715 7793 9165 11027 14359
2076 2807 3504 3844 4456
4001 5427 6512 7380 8062
3632 5018 6668 7889 8978
3096 4188 4708 5930 7230
5392 7548 9214 11419 13036
5502 6602 9506 10342 13026
3096 4448 5696 6008 7334
5106 6646 8274 11134 11970
3053 3863 5510 6536 7022
4094 4714 6295 7070 9023
4202 4322 5912 7232 8282
2488 3148 4094 5414 5788
3962 6338 6842 8354 10370
1874 2642 3138 3938 4194
2542 3482 4222 4942 5222
3426 5378 6818 7362 8514
6078 7009 10341 11223 13183
3838 4986 6162 6946 8206
3412 4745 6419 7597 8620
4666 7042 9330 10914 12542
1922 2252 2747 3707 4037
2786 3530 4586 5738 6914
1802 2597 3152 3782 4472
4142 6374 7130 8318 9470
1938 2818 3266 3906 4322
3422 4772 6482 7622 8252
5549 6581 9419 9591 12515
4902 7205 9851 12301 13673
1372 1592 2092 2382 2912
2504 2756 3422 4142 5240
6352 7502 9252 11152 13352
1877 2582 2912 3827 3962
3817 6092 6652 7842 10327
5313 6723 9402 10765 13632
6022 6667 7914 10967 12214
1770 1887 2732 3239 3798
3726 4146 5266 6918 7618
1682 2090 2222 2906 3386
2194 2642 3202 3986 4482
3537 6162 7457 8437 9417
5306 6515 8348 9479 10415
3926 5366 7166 8426 10046
1682 2627 2792 3452 4097
4701 6329 6810 9289 10325
4272 5707 7002 7947 9977
4878 6580 8880 11272 12974
1432 2082 2784 3005 3824
2162 2306 3026 4082 4674
2342 3362 3742 5022 5722
6300 6911 10060 12128 12410
