1000 10 5
7 43 89 84 92 85 56 66 42 97 96 0 31
3 48 51 60 44 86 26 51 88 50 45 0 12
10 63 33 47 46 90 68 35 90 75 94 0 50
5 84 80 79 88 67 26 89 44 39 43 0 25
7 30 64 97 62 60 42 25 82 70 96 0 31
6 34 86 72 84 73 62 88 29 47 82 0 26
5 27 45 72 64 34 28 41 35 54 51 0 22
7 86 87 25 76 39 38 76 52 36 43 0 32
8 32 50 69 83 75 61 60 35 82 85 0 36
7 69 58 92 63 79 98 61 99 72 51 0 31
7 86 86 61 99 72 22 21 51 30 58 0 34
7 69 34 46 55 54 96 47 51 74 91 0 32
7 85 28 35 48 29 68 48 94 30 97 0 31
8 68 78 61 97 62 37 41 32 93 30 0 38
9 98 40 35 85 98 90 93 59 30 39 0 41
5 88 84 76 62 86 76 75 76 80 74 0 24
8 79 21 49 39 45 94 99 37 39 76 0 38
8 65 50 96 51 86 65 39 36 90 86 0 36
4 43 52 65 34 88 45 96 73 35 30 0 17
3 64 70 49 73 77 80 85 95 51 85 0 11
10 50 37 42 46 35 29 42 26 31 31 0 48
10 39 66 63 76 91 20 40 29 53 96 0 50
8 83 63 37 98 75 48 91 42 53 54 0 38
9 60 52 37 46 100 94 40 21 68 52 0 45
6 81 41 90 63 85 94 57 40 30 60 0 26
4 53 42 50 59 58 94 94 23 89 26 0 19
8 96 50 26 31 33 59 97 80 87 57 0 37
10 63 37 94 44 59 88 50 92 25 39 0 50
2 89 39 31 94 26 55 25 66 34 83 0 10
7 77 83 68 82 50 34 93 78 55 73 0 35
5 49 69 47 45 28 70 24 73 34 79 0 23
8 28 95 84 99 91 35 89 38 26 85 0 39
7 54 35 43 97 60 57 96 79 87 85 0 31
5 76 24 57 92 87 69 49 35 39 61 0 25
6 67 30 65 75 88 81 65 68 22 52 0 29
9 74 32 95 65 25 20 87 79 39 21 0 45
10 96 37 67 29 28 72 26 87 77 51 0 49
8 63 36 22 87 70 41 39 70 74 94 0 37
9 91 80 52 87 75 96 99 34 62 76 0 41
5 82 54 73 98 79 36 94 81 58 86 0 24
5 39 93 61 36 67 87 73 82 35 49 0 23
6 65 75 35 86 59 63 76 27 63 24 0 29
5 55 34 78 75 61 62 44 46 52 43 0 24
7 23 48 96 21 90 92 67 27 35 95 0 32
5 28 41 58 51 69 92 67 32 44 38 0 24
4 59 36 66 22 39 89 71 26 31 62 0 19
4 66 93 69 59 47 85 22 73 37 35 0 18
10 70 86 65 50 49 25 79 71 81 95 0 47
3 37 57 91 73 91 95 44 83 70 63 0 13
10 31 62 83 91 91 33 60 47 65 25 0 49
4 47 79 87 49 70 72 90 37 22 57 0 18
3 31 98 37 37 84 56 79 74 70 64 0 11
3 59 23 75 93 93 71 26 83 56 55 0 12
3 76 53 75 47 28 37 87 85 41 98 0 12
9 60 22 33 54 96 67 38 70 94 81 0 44
8 63 91 81 88 59 63 30 84 55 27 0 37
6 41 32 62 25 78 42 55 82 87 63 0 26
10 27 97 87 83 59 21 25 78 41 64 0 46
7 95 78 53 71 68 73 71 20 24 53 0 35
10 47 59 48 52 84 88 93 75 41 28 0 50
7 27 56 55 95 86 53 69 21 35 25 0 35
10 93 44 36 91 52 45 76 26 63 98 0 48
6 29 42 82 81 84 89 85 50 30 25 0 29
6 51 26 31 82 55 29 78 75 89 73 0 26
7 35 77 48 88 38 64 33 56 94 96 0 32
3 76 46 21 64 27 75 35 70 62 72 0 12
5 26 37 44 99 37 53 50 78 69 74 0 24
7 26 87 25 46 84 39 85 42 91 80 0 35
3 87 39 87 99 80 29 82 81 95 51 0 14
3 76 94 60 28 88 67 89 95 29 33 0 12
10 55 88 57 35 83 82 47 89 65 95 0 47
7 89 46 58 89 33 33 36 29 92 48 0 35
5 50 21 72 80 33 69 93 73 93 47 0 22
9 39 43 26 25 55 43 24 23 61 71 0 43
10 53 76 37 64 48 35 37 88 83 52 0 50
2 47 84 83 88 60 79 48 30 38 63 0 10
6 97 55 91 49 42 47 99 51 79 63 0 28
10 55 37 34 45 59 97 66 35 57 62 0 48
6 32 34 34 42 27 66 52 38 98 26 0 26
5 65 97 52 87 29 35 70 45 98 82 0 23
6 47 79 53 32 26 28 73 58 77 54 0 29
7 29 98 38 93 65 46 45 69 20 82 0 32
3 98 29 90 27 40 73 62 82 40 38 0 15
3 70 99 98 52 60 48 98 39 62 27 0 13
9 91 36 23 53 67 45 94 49 22 28 0 43
3 51 73 81 41 35 26 91 28 29 36 0 11
4 32 73 41 95 78 29 82 28 97 25 0 19
7 88 43 47 51 88 23 91 75 93 44 0 32
3 78 57 33 42 28 54 38 96 99 23 0 12
10 93 98 53 78 49 47 54 73 75 58 0 48
3 30 95 70 61 34 96 54 57 26 60 0 13
10 20 85 32 79 66 93 44 98 69 29 0 46
5 34 34 45 75 47 79 27 70 24 74 0 23
5 81 73 84 93 64 99 88 76 77 63 0 24
7 59 58 96 55 60 43 50 42 25 27 0 33
10 57 85 42 40 63 67 75 77 27 46 0 49
4 76 69 48 100 59 99 36 39 56 46 0 17
3 37 30 95 34 35 74 91 20 30 36 0 14
6 23 59 77 53 98 95 76 89 62 53 0 29
7 94 31 50 45 54 66 85 41 22 91 0 31
10 72 85 51 68 81 75 56 41 82 57 0 47
8 74 24 92 82 87 28 53 64 92 48 0 40
4 38 36 46 76 47 54 49 91 73 66 0 19
7 99 60 49 94 84 22 24 58 74 81 0 32
10 79 26 85 21 37 29 51 91 89 81 0 47
5 80 56 50 66 97 46 38 35 79 59 0 25
5 59 84 97 43 23 93 54 77 80 65 0 24
9 21 26 30 95 61 37 28 54 38 90 0 42
3 45 23 89 90 54 20 34 51 43 35 0 14
10 31 96 22 49 26 69 65 98 96 62 0 49
5 62 21 36 80 88 81 91 47 36 61 0 25
4 64 92 51 72 49 31 24 79 40 62 0 16
10 59 58 22 21 89 99 79 56 59 70 0 47
4 54 48 98 26 87 54 87 24 79 99 0 19
7 41 93 72 85 23 78 92 87 95 25 0 35
10 60 68 74 57 48 93 36 57 46 29 0 50
5 57 66 86 45 40 30 58 42 77 20 0 21
7 88 80 91 75 99 90 73 93 71 81 0 34
3 59 52 72 22 60 30 57 64 61 98 0 11
5 75 88 32 68 56 46 76 32 43 41 0 21
4 56 64 63 48 76 71 89 44 55 78 0 17
5 37 59 24 79 64 66 40 50 86 43 0 21
3 48 25 48 23 38 85 26 84 57 75 0 13
5 32 51 38 45 71 33 26 54 44 75 0 24
10 69 69 93 51 79 74 54 28 62 95 0 46
6 70 100 78 48 95 53 57 69 25 25 0 29
8 74 71 65 62 99 82 26 66 57 88 0 40
6 59 81 87 83 40 68 53 96 50 87 0 26
9 86 99 73 95 91 83 56 48 40 26 0 45
3 39 54 29 65 92 33 70 39 66 65 0 12
3 43 67 74 85 47 41 29 56 51 73 0 11
10 79 51 39 30 44 92 90 48 35 59 0 50
9 23 81 71 25 79 72 34 49 57 64 0 45
4 52 55 89 69 85 84 38 56 40 36 0 16
6 50 62 20 83 60 46 58 87 92 58 0 27
8 72 71 35 57 60 39 95 93 21 35 0 39
4 47 22 31 33 74 43 60 82 48 38 0 17
6 87 29 69 100 44 20 22 80 60 40 0 27
6 39 75 41 69 89 70 97 56 75 21 0 30
6 47 75 55 68 52 85 90 87 82 46 0 26
3 40 86 24 44 66 78 37 84 82 93 0 13
2 40 47 66 71 20 97 95 53 61 25 0 10
7 90 56 68 56 53 87 47 61 27 30 0 35
7 25 43 51 90 76 36 65 68 78 54 0 33
4 80 26 36 80 27 80 82 90 79 60 0 20
7 61 52 57 87 41 44 82 72 61 98 0 31
5 30 59 34 30 67 51 92 90 39 80 0 25
5 49 68 32 43 30 100 66 93 83 67 0 21
9 34 55 32 83 63 82 73 95 58 60 0 45
5 96 29 29 79 89 50 21 84 33 23 0 21
9 95 36 63 56 72 85 42 93 45 81 0 44
5 99 49 54 71 91 64 52 35 78 76 0 24
9 22 56 58 30 92 99 44 32 43 81 0 42
3 36 82 51 29 25 66 65 56 95 74 0 14
3 61 26 26 73 25 45 39 86 34 87 0 13
5 95 24 93 53 80 33 82 85 65 44 0 22
4 70 64 43 63 37 31 79 27 53 89 0 19
2 78 100 26 70 61 51 24 86 69 22 0 10
9 96 89 63 33 58 86 77 80 87 84 0 42
6 51 73 62 24 83 96 41 98 75 33 0 28
7 41 66 59 73 42 86 57 86 71 28 0 32
9 67 89 70 80 54 93 73 73 98 24 0 41
4 20 51 28 37 69 60 73 53 93 28 0 17
7 28 56 35 60 35 31 54 99 42 25 0 33
5 69 76 38 54 53 88 49 58 75 45 0 22
4 78 39 28 81 76 95 27 96 84 71 0 17
4 39 66 40 23 41 88 89 50 22 92 0 18
5 64 90 58 33 26 42 20 66 50 70 0 21
5 94 86 28 65 44 37 86 86 38 74 0 22
4 25 22 88 59 38 87 82 93 34 73 0 18
5 39 92 53 58 43 56 72 22 46 25 0 21
6 77 35 32 87 86 39 47 44 32 69 0 30
10 58 94 91 79 95 50 62 20 48 35 0 46
6 94 83 70 58 59 25 41 34 76 42 0 30
10 37 51 51 68 23 25 94 44 24 100 0 47
6 24 56 56 69 55 32 62 99 45 75 0 30
3 55 29 87 33 67 77 56 74 45 95 0 15
3 75 56 24 65 64 60 93 82 61 28 0 14
9 89 46 31 50 90 89 52 94 50 20 0 45
4 56 59 21 35 48 47 75 28 75 40 0 19
7 96 51 79 99 57 79 84 80 42 40 0 32
3 31 37 41 54 35 41 22 82 65 88 0 14
7 66 47 44 61 63 69 97 58 91 87 0 34
8 84 52 93 47 76 61 67 43 34 98 0 38
9 79 74 44 36 78 39 42 41 28 23 0 43
4 24 47 25 73 93 64 55 26 100 27 0 16
8 28 72 52 21 34 73 41 66 27 57 0 36
5 41 29 21 78 34 25 84 52 90 52 0 21
10 89 38 79 22 58 64 23 48 82 82 0 49
3 34 27 69 97 84 73 81 34 75 46 0 11
5 61 73 45 22 75 37 65 47 73 91 0 22
4 73 94 29 51 36 40 26 25 54 28 0 20
10 89 60 63 77 75 68 66 89 89 66 0 47
3 43 75 53 20 72 25 51 30 97 38 0 14
7 74 98 92 20 57 76 80 96 95 75 0 34
9 87 65 43 37 34 98 88 91 32 78 0 41
4 79 50 71 64 91 61 50 60 27 100 0 17
9 94 80 34 23 56 30 55 74 94 24 0 44
9 62 47 62 84 37 64 55 79 78 88 0 43
8 62 80 92 85 81 72 90 37 69 78 0 39
7 82 44 56 21 31 28 77 63 35 55 0 34
6 63 23 63 31 66 70 51 40 95 45 0 28
4 78 27 20 27 55 32 90 25 97 62 0 17
7 58 50 86 46 55 79 54 26 59 82 0 31
5 63 60 25 30 83 22 70 74 35 63 0 25
8 63 57 77 78 47 41 50 85 97 43 0 37
4 88 80 36 25 24 95 46 25 34 77 0 19
10 79 57 73 97 86 75 88 71 22 80 0 50
8 47 55 54 81 97 41 43 26 96 62 0 38
6 90 32 27 84 22 83 46 26 97 30 0 29
7 90 29 26 77 88 74 20 28 38 24 0 31
5 34 58 84 77 76 72 66 43 91 23 0 23
4 88 74 84 85 56 48 49 85 79 42 0 17
3 51 78 34 46 79 44 32 32 32 34 0 12
4 64 55 58 99 31 81 46 80 74 55 0 18
8 76 55 68 99 52 21 21 86 31 52 0 37
4 98 64 83 86 40 47 36 68 26 76 0 20
6 21 32 97 49 74 92 70 74 33 29 0 29
6 76 52 43 75 49 25 81 51 72 54 0 27
3 76 79 99 67 72 90 23 73 47 76 0 14
4 22 83 54 78 81 38 57 21 59 39 0 18
7 24 69 61 30 93 93 48 59 36 28 0 32
5 46 52 21 48 45 82 45 81 69 27 0 22
5 76 92 52 81 35 74 43 89 45 82 0 24
7 92 98 31 35 53 63 81 77 40 68 0 32
3 93 98 45 41 59 74 80 77 54 61 0 14
3 75 65 75 39 70 35 70 89 66 31 0 11
5 57 82 33 57 86 40 37 83 66 52 0 22
3 91 57 65 64 82 75 58 61 78 63 0 11
3 84 86 72 70 62 42 38 39 89 43 0 12
5 21 93 72 100 49 39 73 86 45 26 0 25
9 61 76 25 50 96 79 75 62 25 35 0 43
8 89 77 51 64 36 99 23 23 78 32 0 36
9 30 41 51 42 28 53 83 26 71 57 0 43
9 54 87 74 58 23 42 60 40 76 61 0 42
8 28 23 92 52 72 64 40 36 59 29 0 36
9 84 54 47 23 35 84 29 95 87 73 0 43
9 47 64 97 62 53 38 67 63 33 94 0 43
8 91 76 86 67 56 32 55 39 59 51 0 36
2 75 39 58 23 51 60 69 51 34 67 0 10
3 36 78 38 69 60 75 68 48 56 25 0 13
7 42 35 64 85 25 79 44 46 49 71 0 32
6 24 92 60 31 96 26 73 32 88 67 0 30
9 33 78 25 82 30 43 41 46 23 93 0 41
8 54 45 79 37 25 40 50 63 44 43 0 37
6 33 47 92 81 25 95 99 73 53 21 0 28
10 33 58 22 58 83 85 58 68 60 73 0 46
4 80 95 79 72 57 91 29 77 23 23 0 20
10 78 61 84 54 92 29 44 62 26 53 0 47
8 80 99 87 60 90 28 63 87 57 85 0 37
8 81 57 59 47 76 72 67 55 46 87 0 38
6 77 20 49 70 81 26 48 61 49 20 0 27
7 76 30 89 66 81 41 59 60 54 97 0 35
3 100 40 65 96 75 40 89 37 43 66 0 15
6 57 90 87 75 60 83 63 94 94 81 0 28
6 46 52 73 39 91 75 72 95 84 28 0 30
3 45 46 27 34 39 45 71 85 38 43 0 11
6 89 57 83 21 47 28 93 25 26 59 0 29
8 52 94 36 100 99 61 55 57 62 78 0 38
5 41 35 96 79 34 69 24 21 54 93 0 22
10 35 92 34 91 87 70 45 77 49 84 0 48
6 94 29 55 25 40 34 33 97 70 39 0 27
4 88 63 97 33 73 47 50 33 72 94 0 17
5 33 57 93 43 67 77 23 89 24 47 0 24
10 46 84 93 24 57 28 92 78 100 76 0 46
10 21 25 24 61 29 80 76 46 43 91 0 48
5 64 82 69 56 49 67 29 76 82 85 0 25
9 97 29 37 57 38 43 65 78 50 65 0 41
5 67 57 24 22 33 27 64 96 74 29 0 24
9 38 36 37 82 63 80 30 97 36 42 0 42
7 73 98 25 20 70 92 67 71 29 37 0 33
7 35 24 84 44 20 91 99 33 52 95 0 32
3 47 90 50 64 65 62 65 96 53 60 0 15
8 69 43 42 38 40 37 82 48 70 94 0 37
7 22 55 54 27 38 77 96 67 68 31 0 34
4 44 42 55 58 38 94 97 30 84 71 0 17
4 40 78 49 37 97 55 96 44 68 76 0 17
6 78 70 65 96 44 29 66 99 61 66 0 27
3 95 49 59 47 68 33 35 71 80 37 0 13
10 34 90 70 44 63 31 43 69 23 83 0 46
3 31 81 25 30 46 79 63 62 61 59 0 12
9 74 86 89 42 73 49 23 39 97 76 0 41
5 56 43 51 93 67 51 30 43 46 61 0 23
4 92 53 65 60 81 34 97 82 36 31 0 20
10 99 22 41 48 80 50 34 85 34 32 0 49
8 91 55 46 25 74 66 62 53 62 52 0 40
10 68 25 53 48 45 98 96 57 38 27 0 47
9 52 50 22 81 24 92 73 42 33 91 0 41
3 82 58 94 64 64 67 46 35 69 37 0 15
5 66 87 71 57 43 47 96 29 44 83 0 25
9 96 91 90 34 57 46 46 25 31 41 0 41
6 30 93 71 94 28 41 83 61 47 43 0 29
6 93 94 36 26 82 82 39 39 24 39 0 26
3 42 56 34 22 61 35 28 22 60 42 0 12
6 84 100 68 62 36 36 30 91 88 60 0 29
4 96 71 56 53 59 57 38 99 84 57 0 20
8 24 70 83 45 87 46 31 68 30 87 0 37
3 44 80 98 29 81 26 98 67 22 68 0 11
9 39 89 60 68 28 89 69 71 34 33 0 45
5 74 93 78 20 61 75 49 47 94 53 0 24
7 30 88 42 81 81 69 37 33 86 78 0 34
2 98 24 21 31 42 75 21 85 49 79 0 10
7 42 38 86 52 59 39 55 85 31 23 0 31
9 63 88 24 57 44 35 99 29 39 82 0 42
8 66 44 22 50 88 63 71 98 78 67 0 39
8 31 42 28 67 86 85 90 48 52 61 0 38
7 32 77 75 90 61 21 55 66 24 68 0 33
10 87 56 98 99 33 77 79 83 81 78 0 46
9 73 22 33 45 58 65 57 76 99 48 0 43
5 26 35 79 92 36 87 99 68 72 33 0 23
8 39 30 68 55 97 85 96 91 40 22 0 38
6 26 76 75 36 66 43 65 57 49 21 0 27
4 62 88 85 83 38 33 96 63 20 98 0 18
5 24 54 72 58 54 96 91 99 58 33 0 25
2 92 53 60 88 36 45 81 52 25 21 0 10
9 27 92 56 91 43 28 82 55 74 50 0 42
7 97 21 88 90 66 65 54 90 88 91 0 34
3 49 45 91 78 44 38 48 45 37 86 0 12
9 57 52 54 91 59 80 88 56 73 60 0 43
4 48 52 70 93 58 36 84 95 82 25 0 20
6 96 92 59 61 27 22 59 71 38 52 0 30
5 73 63 72 86 87 49 59 36 72 71 0 25
7 58 73 25 21 92 44 82 95 96 23 0 33
5 62 81 97 98 75 58 98 72 78 84 0 21
9 76 64 98 62 80 46 71 91 35 79 0 43
8 90 34 93 81 37 79 71 43 80 90 0 39
4 31 39 75 98 76 39 71 39 81 80 0 16
3 35 73 32 49 56 49 25 42 74 60 0 14
9 69 32 43 24 93 73 65 75 66 27 0 43
5 26 30 61 46 66 91 96 32 59 75 0 24
6 38 53 82 70 50 66 97 33 50 34 0 27
6 48 20 67 76 26 53 41 40 40 59 0 28
5 60 20 22 21 91 57 37 35 35 25 0 24
10 74 38 67 76 26 84 82 97 40 23 0 46
5 50 68 35 74 72 71 31 87 49 33 0 21
4 68 22 43 26 80 31 53 44 97 70 0 16
5 44 82 95 62 60 98 93 80 56 68 0 23
4 72 81 58 20 85 65 40 49 46 45 0 18
9 96 49 78 32 74 64 46 97 58 38 0 43
10 68 37 76 93 85 55 44 92 42 28 0 46
7 99 52 97 71 98 53 45 35 63 52 0 34
9 98 93 54 96 41 43 45 83 51 88 0 44
7 28 70 68 47 80 82 42 78 56 97 0 34
4 20 90 25 80 40 63 44 39 48 96 0 19
8 55 66 55 84 23 30 68 39 72 55 0 38
8 34 95 91 47 93 20 28 87 76 62 0 39
5 52 85 86 25 38 53 84 24 58 82 0 21
4 28 46 46 58 65 48 90 64 54 33 0 19
9 36 40 52 70 34 65 44 97 68 93 0 42
9 89 30 61 74 68 92 41 24 82 99 0 42
3 77 54 58 69 60 59 20 45 73 45 0 13
2 71 22 51 72 77 90 70 79 80 25 0 10
4 65 73 28 75 49 21 41 56 51 35 0 16
5 99 98 89 75 29 63 51 55 84 71 0 25
7 54 30 79 70 33 23 32 83 58 76 0 35
3 63 60 28 99 40 78 58 24 38 56 0 14
7 85 91 97 82 61 67 50 38 77 73 0 31
10 32 22 95 79 44 76 60 75 35 99 0 49
7 39 78 76 36 30 85 83 72 25 35 0 35
7 79 23 92 44 34 73 91 39 38 58 0 34
7 29 36 71 70 82 85 77 62 89 45 0 34
10 80 68 65 98 27 91 67 20 70 71 0 48
10 59 72 32 67 46 51 76 98 36 86 0 50
3 36 69 50 100 75 43 39 34 44 84 0 11
3 58 63 55 32 95 28 78 83 90 73 0 13
5 92 21 91 81 26 28 37 34 87 36 0 24
10 31 71 92 62 23 68 20 66 59 83 0 50
6 94 68 66 29 89 29 78 35 80 90 0 27
8 88 61 29 31 62 76 66 30 79 77 0 37
3 25 93 37 82 41 36 27 73 24 57 0 11
8 35 42 48 50 78 89 50 70 60 82 0 39
7 27 82 98 57 66 77 85 57 82 51 0 32
9 36 31 48 42 60 35 22 86 23 69 0 42
8 35 51 34 60 45 29 75 68 32 58 0 38
4 95 42 64 68 73 49 97 66 87 31 0 17
8 45 24 39 98 63 78 27 53 63 84 0 36
10 41 96 62 77 84 88 67 41 86 41 0 46
3 83 30 82 39 31 81 38 54 61 92 0 13
8 63 44 48 69 22 86 40 93 27 40 0 40
8 86 34 21 26 25 86 57 94 39 91 0 40
8 80 99 93 71 68 69 29 25 89 42 0 40
10 45 32 29 71 81 40 90 80 78 48 0 46
10 26 75 25 87 27 72 32 20 28 82 0 50
7 62 66 58 82 94 33 21 62 30 72 0 34
4 78 25 89 93 69 58 82 85 57 99 0 20
9 80 64 77 82 91 44 44 91 77 63 0 42
7 38 21 84 52 70 29 87 68 61 88 0 32
8 78 24 56 42 30 64 56 76 50 70 0 37
5 40 52 50 26 77 79 90 21 74 68 0 21
6 60 35 93 55 95 62 26 89 65 81 0 28
8 44 55 63 80 48 49 68 86 28 42 0 37
6 86 76 77 72 23 35 98 96 34 90 0 26
9 96 59 57 73 87 44 42 44 60 77 0 42
9 89 36 21 90 59 94 63 21 93 33 0 43
5 74 61 94 54 56 87 76 81 100 42 0 22
6 67 68 99 90 24 40 58 66 85 51 0 27
10 67 51 33 56 96 29 31 71 25 62 0 48
2 65 26 67 24 65 23 24 75 56 77 0 10
3 28 60 66 42 43 91 73 45 76 53 0 13
10 78 44 66 35 44 47 72 45 22 46 0 47
8 79 52 86 92 23 31 20 97 74 57 0 39
6 98 28 94 46 78 97 27 60 35 50 0 26
6 46 40 38 69 37 73 91 55 31 58 0 28
10 89 88 26 84 21 52 93 42 21 29 0 48
4 52 55 71 40 34 93 77 65 55 94 0 16
4 88 63 34 82 46 87 77 23 77 81 0 19
7 47 67 75 28 43 70 54 43 56 22 0 33
5 82 63 76 57 100 32 97 35 60 21 0 21
3 90 50 83 45 56 65 34 25 35 42 0 15
10 75 52 71 84 37 62 69 89 67 65 0 50
3 42 90 23 41 31 37 35 31 94 53 0 14
3 57 82 82 49 56 83 26 71 23 95 0 12
10 86 72 65 71 63 37 58 35 74 45 0 48
5 73 31 59 76 72 86 68 28 37 43 0 23
3 85 86 73 69 43 83 78 36 45 73 0 12
4 93 61 55 60 43 93 61 75 43 78 0 19
7 62 86 89 70 27 25 53 58 100 62 0 35
10 26 44 41 80 58 80 66 69 44 47 0 46
6 77 37 96 20 85 48 99 38 37 31 0 30
5 62 95 21 84 23 75 27 47 45 48 0 22
5 80 91 77 29 75 77 98 79 39 72 0 23
10 56 70 29 69 72 36 45 54 86 89 0 47
4 81 47 49 31 75 23 71 59 58 98 0 18
5 20 59 62 65 36 55 47 60 66 44 0 24
8 33 47 33 32 56 48 66 55 83 98 0 39
4 44 28 67 38 64 83 63 97 57 70 0 18
5 49 72 59 62 63 20 20 97 30 98 0 21
5 69 30 92 67 46 99 34 61 49 36 0 21
3 33 86 86 27 72 84 89 34 65 41 0 13
6 32 30 37 80 34 27 54 90 90 29 0 30
7 73 44 39 71 50 90 96 97 57 62 0 32
5 38 58 31 39 76 29 35 93 69 31 0 23
3 53 97 56 45 63 48 81 24 35 24 0 14
6 92 46 33 76 70 26 28 93 61 88 0 30
9 82 99 21 31 77 57 54 53 26 31 0 44
9 74 58 36 99 75 84 41 52 44 30 0 45
10 62 47 82 45 93 62 32 46 61 93 0 50
7 87 61 76 82 64 51 78 94 73 82 0 32
5 76 64 51 98 25 95 92 34 45 45 0 25
7 31 72 44 79 89 58 61 98 25 26 0 33
9 22 84 40 28 95 51 68 51 48 36 0 43
5 91 58 62 64 72 53 84 71 67 74 0 21
3 56 58 29 84 61 61 58 83 72 65 0 11
2 84 44 27 69 80 60 25 47 65 96 0 10
9 86 90 82 37 31 76 50 78 96 66 0 44
2 81 84 54 70 75 80 98 46 52 81 0 10
10 27 51 21 91 86 79 81 53 26 46 0 49
6 40 91 61 21 63 73 90 76 45 48 0 30
7 44 85 65 88 82 78 45 86 42 38 0 32
10 83 72 42 71 55 38 64 83 67 24 0 48
6 49 81 42 100 66 79 54 32 97 36 0 27
3 26 41 30 65 49 57 36 96 33 73 0 15
5 77 45 73 69 48 51 55 86 65 84 0 23
5 21 65 24 52 26 46 20 43 41 62 0 25
8 22 77 54 38 97 75 37 71 65 67 0 40
4 89 49 82 60 54 51 90 45 66 62 0 17
4 75 93 50 36 94 85 83 44 80 85 0 20
7 98 33 72 91 82 70 51 59 72 95 0 34
8 40 69 46 42 42 77 58 69 93 31 0 37
10 37 47 63 65 40 96 63 57 96 51 0 48
6 26 72 42 47 59 88 89 70 25 25 0 27
5 60 93 78 46 35 57 76 82 72 87 0 23
9 98 53 75 25 89 29 94 36 97 94 0 42
7 29 68 77 74 73 43 26 52 52 58 0 32
3 50 82 75 24 29 39 29 26 40 41 0 14
8 92 21 25 85 35 33 37 79 35 70 0 40
8 90 46 78 65 32 85 52 83 78 29 0 37
3 40 47 38 96 67 59 79 66 67 70 0 12
7 37 67 83 76 80 70 81 52 20 40 0 31
6 66 35 62 58 84 49 37 97 96 38 0 26
8 76 58 98 92 59 93 46 59 69 31 0 39
4 82 51 87 55 89 82 80 60 42 26 0 19
7 99 41 35 93 90 37 79 65 76 52 0 35
9 25 97 81 76 68 31 64 85 44 40 0 45
6 95 78 83 20 55 78 98 64 67 75 0 28
4 53 98 82 38 26 26 56 90 92 29 0 20
10 59 66 24 41 70 97 66 29 66 88 0 48
4 93 98 62 45 62 86 22 47 61 75 0 20
9 73 51 66 62 52 58 24 51 70 67 0 45
9 70 27 63 100 58 58 77 69 30 63 0 44
10 84 62 37 50 67 31 29 26 88 58 0 50
7 39 91 41 29 30 34 57 96 61 36 0 31
8 37 71 47 65 83 65 66 37 44 61 0 37
3 76 97 89 55 93 69 88 83 89 37 0 15
8 29 93 30 88 74 43 89 88 53 28 0 37
6 23 55 76 68 81 90 58 99 46 25 0 26
3 54 74 67 81 35 46 69 26 24 26 0 14
10 42 93 63 36 86 70 63 100 91 99 0 47
9 55 92 26 79 77 27 65 55 64 46 0 44
8 71 58 70 54 75 75 78 53 38 38 0 40
4 67 87 35 58 41 71 97 98 64 91 0 17
3 79 21 68 85 87 63 38 68 53 84 0 11
10 100 40 31 38 66 61 88 39 35 47 0 48
6 95 23 96 81 62 63 83 30 31 24 0 30
9 71 65 41 35 21 95 85 84 59 73 0 42
4 59 49 79 30 55 84 98 51 32 38 0 17
2 56 24 75 76 65 31 65 41 39 66 0 10
5 53 59 85 78 93 89 29 50 80 48 0 24
7 59 84 64 99 88 71 42 38 90 25 0 35
2 60 48 97 42 79 78 57 43 23 62 0 10
7 62 71 43 94 38 40 56 62 82 73 0 31
6 35 38 67 43 83 56 43 53 73 65 0 30
8 61 27 100 21 64 99 51 95 67 48 0 40
5 60 53 69 42 49 25 54 63 51 50 0 24
8 34 44 54 25 30 27 60 96 34 61 0 39
10 77 31 80 80 35 44 26 45 25 89 0 49
9 77 62 21 76 66 93 60 58 89 66 0 44
7 44 37 87 25 59 26 79 51 28 66 0 34
3 25 70 86 78 52 93 81 99 38 79 0 15
4 81 59 87 94 44 20 96 28 86 85 0 17
9 50 50 40 37 54 79 85 79 64 25 0 44
4 56 50 84 63 25 24 39 41 99 51 0 16
3 82 99 23 70 43 41 86 42 53 76 0 13
5 68 58 38 46 44 43 50 32 91 69 0 24
6 34 66 29 77 36 61 36 99 54 71 0 27
3 28 47 38 50 82 60 82 38 28 78 0 14
2 35 50 42 81 63 36 42 56 29 23 0 10
9 47 35 88 53 27 55 32 46 51 79 0 43
7 85 49 68 54 56 72 36 94 57 56 0 35
6 89 89 65 67 51 55 52 26 36 79 0 27
9 26 40 94 69 62 80 65 49 54 30 0 42
10 91 33 99 69 78 90 50 100 68 75 0 46
5 83 78 33 74 100 27 82 23 66 77 0 25
6 96 24 98 39 58 86 53 86 52 39 0 26
9 24 99 79 67 24 44 84 47 49 32 0 44
4 40 82 41 55 26 61 71 29 48 29 0 16
4 73 20 64 82 89 46 28 82 42 85 0 17
8 28 42 45 91 85 20 56 29 60 62 0 39
5 22 67 92 50 88 71 66 75 69 28 0 25
4 90 45 93 33 62 70 92 98 46 85 0 18
3 20 43 49 33 83 76 28 51 94 60 0 14
3 100 67 88 48 71 65 85 43 50 85 0 12
3 82 33 66 21 80 40 25 44 88 25 0 13
4 100 45 85 85 24 36 90 81 91 47 0 16
5 76 46 86 36 52 59 91 80 34 71 0 24
7 75 55 98 69 97 47 59 48 92 78 0 32
6 85 47 40 55 43 97 77 68 21 73 0 27
6 27 70 22 45 43 29 22 67 76 69 0 30
4 48 73 22 23 55 39 38 92 26 95 0 18
3 23 61 81 52 68 49 21 47 59 48 0 15
4 48 92 91 51 87 65 63 52 83 75 0 17
4 32 28 93 50 91 75 63 74 57 66 0 16
3 69 41 80 37 95 76 49 57 95 61 0 15
3 88 99 66 67 51 34 71 70 34 58 0 15
10 26 34 59 81 32 91 47 24 48 89 0 47
9 88 61 88 71 47 74 26 31 49 98 0 41
7 32 99 73 51 76 80 40 44 55 87 0 31
10 47 98 98 92 64 67 54 63 24 69 0 47
3 52 90 58 57 82 80 42 59 40 21 0 12
5 48 31 92 63 88 24 81 36 32 25 0 21
10 27 44 29 36 84 46 39 61 36 61 0 50
9 44 90 88 90 80 41 45 79 23 78 0 45
2 85 56 39 54 58 87 53 25 90 53 0 10
8 64 29 35 34 29 63 81 59 27 68 0 40
10 27 30 96 71 39 25 29 71 65 22 0 50
8 26 88 40 46 43 23 58 64 43 98 0 37
9 43 21 49 57 59 85 62 33 38 72 0 44
4 60 42 53 65 71 37 55 92 33 87 0 18
8 63 42 42 35 55 76 99 39 90 69 0 40
7 26 27 95 61 24 73 47 73 80 65 0 33
6 74 87 54 21 68 70 34 87 100 46 0 30
3 68 77 86 64 58 40 53 62 88 76 0 15
3 36 35 48 21 80 34 54 88 58 60 0 13
9 38 38 48 81 34 50 29 99 72 85 0 44
10 87 36 31 82 55 52 71 77 52 80 0 50
5 61 30 32 62 22 90 69 48 25 21 0 22
9 40 87 94 85 81 71 36 79 36 35 0 45
10 49 74 42 65 81 68 24 96 79 21 0 47
6 52 100 92 95 63 67 37 74 75 44 0 28
5 65 44 63 53 70 68 88 39 23 30 0 21
3 64 55 48 53 25 73 23 54 43 60 0 12
4 82 80 91 76 53 65 56 90 63 81 0 16
9 72 95 73 57 23 55 22 85 45 64 0 41
10 27 59 91 38 79 35 82 82 66 43 0 46
7 58 37 68 36 93 47 47 67 47 30 0 33
3 48 56 35 90 67 44 31 30 60 57 0 12
6 91 50 89 66 76 83 64 89 31 74 0 30
10 78 27 52 32 88 38 69 29 44 39 0 50
6 95 55 71 99 45 47 85 54 35 53 0 28
8 80 69 31 64 70 72 61 88 24 91 0 40
6 48 45 34 38 41 30 38 44 60 44 0 27
7 49 20 91 31 43 62 39 37 45 71 0 31
4 66 90 62 52 74 51 72 33 97 73 0 18
8 78 29 86 48 46 77 68 45 25 97 0 36
5 58 86 24 79 24 35 82 66 85 34 0 21
4 44 36 83 85 99 64 62 73 24 60 0 18
9 22 40 62 78 45 67 38 76 59 92 0 44
10 37 58 32 78 76 61 97 82 31 48 0 50
2 30 93 40 78 85 37 56 41 75 23 0 10
9 74 34 36 46 54 75 23 70 55 98 0 45
3 25 60 49 71 57 43 69 58 52 72 0 11
7 93 54 65 77 30 51 72 36 90 72 0 32
10 49 89 70 86 77 85 81 27 68 41 0 48
4 78 53 41 26 91 95 49 74 21 46 0 18
9 65 76 80 90 46 81 71 37 50 72 0 44
4 74 76 66 54 51 90 28 88 92 56 0 17
10 80 54 32 79 61 52 42 32 52 69 0 50
5 29 76 98 54 56 59 63 29 86 63 0 24
7 50 41 22 48 76 45 27 93 87 27 0 35
4 33 41 48 93 70 39 25 36 87 79 0 19
9 77 65 79 84 78 92 95 68 68 82 0 44
5 90 32 42 29 28 54 61 73 57 75 0 22
10 26 55 47 63 80 62 53 43 87 99 0 46
2 21 81 99 23 61 61 69 48 29 96 0 10
10 89 69 85 46 68 45 62 50 65 57 0 46
10 71 22 49 94 76 96 63 66 63 47 0 49
9 83 63 63 25 78 82 24 46 84 28 0 41
7 94 73 94 97 50 94 75 58 83 98 0 35
10 47 55 89 77 47 93 30 52 83 38 0 48
3 53 80 70 82 39 64 64 20 61 53 0 11
5 21 22 46 44 38 99 27 99 73 52 0 23
3 57 86 37 85 77 62 28 41 70 75 0 15
8 43 96 62 60 34 24 38 29 35 83 0 37
4 71 87 57 95 96 92 39 58 81 40 0 16
9 38 63 87 38 74 29 39 62 79 41 0 43
10 68 21 95 28 57 29 87 62 64 31 0 47
5 61 22 70 50 89 51 32 76 93 26 0 21
10 67 30 57 71 98 76 97 90 56 74 0 50
10 81 54 35 45 31 58 82 44 88 66 0 50
8 65 70 49 60 73 73 78 58 56 100 0 40
3 53 57 22 81 98 47 75 94 63 36 0 12
5 28 32 56 58 27 36 32 62 39 97 0 21
8 96 89 73 90 28 89 37 96 98 69 0 37
8 81 88 47 63 98 88 84 31 46 71 0 36
8 91 89 21 87 62 88 20 65 65 89 0 36
9 48 71 21 50 99 79 40 97 80 58 0 44
6 80 64 30 97 82 42 85 26 37 72 0 27
10 88 91 33 69 41 76 61 59 89 76 0 48
7 76 91 29 90 71 71 41 91 100 51 0 32
4 69 87 36 90 70 32 77 36 55 68 0 17
7 37 35 58 78 70 35 39 35 38 65 0 32
3 36 61 43 89 34 48 35 95 54 62 0 11
3 37 99 34 59 59 31 67 91 43 21 0 14
4 82 60 23 40 67 91 51 84 66 83 0 19
4 89 21 74 96 59 74 94 98 58 67 0 16
4 63 67 23 78 87 24 61 35 96 77 0 18
6 71 39 63 61 70 90 40 50 47 56 0 29
4 43 38 62 33 68 40 31 22 32 33 0 19
5 61 38 53 86 82 54 21 38 70 25 0 24
6 55 30 23 32 49 36 42 98 77 44 0 27
9 86 32 35 67 50 68 82 84 66 67 0 45
4 43 21 95 95 50 33 66 29 97 43 0 20
5 66 35 93 70 95 68 52 95 70 61 0 24
4 60 95 98 69 76 51 38 92 31 36 0 17
3 54 24 72 86 68 23 88 70 62 98 0 12
5 40 41 77 65 37 49 30 72 52 48 0 22
8 99 81 33 73 41 60 49 31 66 84 0 37
7 97 92 27 65 80 93 38 58 93 36 0 34
4 66 59 54 94 66 59 87 56 50 77 0 18
6 87 71 47 80 74 49 89 46 45 64 0 28
3 51 92 35 72 83 82 50 77 83 35 0 15
10 60 57 35 91 54 54 30 25 29 43 0 47
5 83 81 97 94 41 50 58 23 37 53 0 24
8 62 22 66 68 92 75 80 31 48 91 0 40
7 92 55 95 29 31 64 71 39 69 94 0 35
8 24 50 69 81 98 37 26 97 44 46 0 39
8 32 41 64 88 97 70 99 68 85 42 0 36
7 27 30 48 65 42 85 75 74 97 61 0 35
3 85 66 68 69 26 49 63 90 49 48 0 15
7 54 31 89 53 51 96 45 71 30 67 0 34
10 47 54 87 46 95 77 74 65 20 95 0 47
6 82 72 48 22 63 52 67 42 68 58 0 28
6 22 33 42 58 37 66 38 41 67 86 0 26
4 28 37 55 61 96 34 33 33 27 70 0 18
6 21 98 82 62 97 82 48 68 53 48 0 29
5 52 91 91 55 44 65 90 59 95 71 0 24
8 86 44 61 67 45 61 79 39 46 80 0 37
6 84 88 64 60 67 72 21 85 25 84 0 29
4 23 71 54 83 79 68 65 82 83 39 0 20
3 69 57 68 68 25 47 57 49 50 31 0 12
5 22 89 34 75 30 55 38 58 76 27 0 25
7 68 97 88 44 26 56 78 81 28 59 0 34
3 62 52 83 35 81 74 48 21 94 83 0 15
5 50 23 77 36 40 26 33 33 93 76 0 25
6 81 83 37 71 76 83 75 98 72 48 0 26
6 96 54 79 86 99 82 91 64 61 40 0 30
10 47 81 97 68 41 31 63 23 97 24 0 49
7 75 90 32 43 76 31 74 85 24 41 0 31
4 90 52 87 83 97 90 49 28 53 46 0 20
9 73 86 38 22 86 96 87 27 29 29 0 42
9 31 57 81 63 95 21 32 71 67 20 0 43
8 51 86 95 77 40 83 91 47 80 39 0 40
10 96 20 43 51 90 46 61 88 67 35 0 46
6 39 66 88 73 45 49 64 69 67 72 0 29
10 27 75 73 93 83 52 81 56 39 68 0 49
7 36 92 24 35 74 99 66 53 52 33 0 32
3 43 53 36 73 96 22 88 83 74 25 0 11
5 98 81 38 92 64 48 52 97 32 62 0 22
4 76 52 69 36 88 72 54 32 26 55 0 16
8 75 42 92 83 82 62 37 97 39 91 0 37
2 63 35 67 32 30 71 78 40 52 61 0 10
10 35 82 98 51 88 88 66 27 40 79 0 50
8 46 34 74 68 94 94 93 39 53 90 0 40
9 37 59 98 38 83 90 23 72 75 84 0 41
5 72 59 82 98 27 74 69 35 27 69 0 25
7 55 90 59 65 36 98 76 76 95 47 0 33
10 51 65 80 91 73 78 26 26 81 61 0 48
5 46 91 66 56 44 78 56 99 90 54 0 24
5 94 61 25 33 39 83 34 87 70 48 0 22
6 79 81 64 57 32 59 83 99 56 99 0 30
5 39 36 52 23 43 40 53 95 43 72 0 22
6 23 33 71 85 32 32 50 81 54 89 0 29
5 76 91 90 96 30 97 72 45 69 45 0 25
8 73 21 26 54 82 66 65 50 77 40 0 36
3 94 74 25 64 67 44 52 93 38 61 0 11
7 73 71 29 46 99 53 60 43 45 65 0 31
4 33 48 23 23 46 68 27 24 90 35 0 18
5 20 49 41 39 99 29 80 21 72 35 0 22
5 71 35 89 52 78 45 97 32 31 48 0 23
5 24 89 28 32 52 34 56 86 53 73 0 25
10 97 44 90 57 35 71 29 81 67 64 0 46
8 58 91 53 29 64 70 85 92 90 54 0 39
7 70 30 75 54 87 68 80 22 45 82 0 32
8 81 70 27 71 72 33 49 22 22 79 0 40
8 72 76 36 20 30 48 42 64 87 63 0 37
7 64 84 36 46 69 58 63 75 54 44 0 32
8 31 60 43 22 45 93 28 42 61 73 0 37
9 57 82 99 84 45 35 34 79 44 32 0 42
6 26 53 65 94 97 52 33 71 74 75 0 27
5 95 55 93 63 73 82 88 80 84 48 0 22
8 92 95 90 35 86 81 66 93 82 50 0 40
5 22 70 87 81 53 56 84 57 72 36 0 23
9 59 64 43 36 78 91 26 22 70 58 0 45
6 36 54 70 30 62 92 23 81 79 64 0 26
7 88 79 54 50 62 85 34 43 23 36 0 32
6 84 66 56 85 87 51 93 71 72 29 0 27
5 51 48 35 52 92 25 90 49 51 84 0 22
4 45 71 40 28 96 26 26 46 54 72 0 16
4 48 28 32 50 47 49 82 62 96 50 0 20
9 90 43 83 47 35 37 56 82 65 98 0 41
10 72 53 86 36 89 61 31 66 46 37 0 46
10 51 56 70 75 85 42 62 52 54 46 0 49
4 71 50 78 23 71 57 67 57 40 93 0 17
4 96 41 73 66 80 87 59 90 25 23 0 16
6 33 31 35 81 76 34 34 80 41 25 0 26
6 68 80 92 69 27 47 96 35 94 42 0 27
6 57 38 50 21 79 92 59 98 74 30 0 26
3 33 33 64 51 66 82 56 86 81 41 0 14
10 94 26 60 31 78 70 61 72 27 55 0 48
5 93 62 30 75 93 84 85 41 82 59 0 24
7 36 21 58 43 93 91 92 89 82 54 0 33
4 51 88 35 50 52 93 98 20 22 37 0 17
9 27 43 49 53 51 24 30 44 47 55 0 42
7 98 30 44 56 37 43 21 90 92 62 0 35
10 32 74 53 63 61 76 30 25 44 94 0 47
6 80 44 73 55 71 71 82 96 81 26 0 29
3 28 83 100 36 94 31 82 79 29 22 0 15
10 62 31 87 41 90 83 66 52 42 82 0 47
5 99 78 68 43 39 32 44 43 89 58 0 23
4 45 23 72 41 36 73 44 82 99 35 0 20
9 36 35 21 94 93 96 66 40 56 55 0 42
5 100 93 50 65 70 21 27 81 38 90 0 22
6 33 68 23 45 82 86 50 32 49 96 0 26
6 94 20 97 71 89 90 55 41 41 96 0 26
7 69 20 82 96 67 99 84 22 75 74 0 32
8 81 96 72 26 78 93 50 68 46 52 0 40
6 63 47 78 93 69 42 52 22 72 42 0 29
10 32 63 85 53 46 92 70 82 71 79 0 47
3 30 40 29 57 88 33 56 51 90 67 0 13
7 94 35 84 59 35 83 32 79 79 93 0 32
6 38 74 31 87 72 45 51 69 58 73 0 29
5 66 63 47 21 69 90 24 53 34 77 0 25
4 54 90 45 24 88 23 44 54 49 22 0 17
4 25 46 49 52 48 87 80 90 23 25 0 19
8 74 51 95 38 89 63 67 63 99 69 0 36
3 26 70 43 49 24 44 37 79 24 36 0 12
9 28 71 44 75 57 28 90 77 87 32 0 42
9 21 30 69 47 69 35 73 66 38 37 0 43
5 29 58 95 85 64 31 26 25 74 40 0 21
4 68 84 74 33 88 48 47 56 64 32 0 16
6 98 64 56 60 29 65 47 78 86 52 0 28
4 66 81 48 86 44 66 25 89 47 47 0 17
4 44 44 79 69 52 64 80 56 48 22 0 16
2 27 77 42 51 72 32 24 29 30 94 0 10
8 84 95 53 70 51 68 46 57 29 80 0 38
3 58 57 33 69 99 24 50 85 39 89 0 11
5 61 61 69 76 23 88 39 85 55 20 0 21
6 90 59 88 68 56 40 49 72 92 47 0 26
7 66 67 44 59 79 35 96 72 35 50 0 31
7 84 63 49 34 41 42 48 37 79 69 0 32
10 77 87 57 42 39 77 36 42 41 82 0 48
2 64 99 52 83 36 67 86 89 34 78 0 10
4 83 81 32 63 85 73 77 53 27 64 0 20
8 69 43 35 23 57 93 29 50 91 75 0 39
10 34 69 20 22 37 28 74 33 39 36 0 46
6 48 61 33 45 88 60 98 60 56 30 0 26
9 23 22 67 70 75 82 36 57 49 100 0 45
7 35 76 71 30 72 48 79 33 54 50 0 32
8 50 34 49 74 40 96 92 42 81 84 0 36
7 97 51 65 41 45 83 61 47 79 65 0 31
6 33 84 35 22 50 59 58 45 23 82 0 28
10 50 52 68 65 75 50 62 93 95 88 0 48
6 65 91 74 34 22 62 84 38 75 48 0 27
3 92 29 99 89 64 56 35 45 72 95 0 11
8 94 59 67 49 99 55 36 46 48 53 0 36
10 67 34 90 69 53 28 85 69 92 80 0 46
4 40 66 55 79 68 36 32 74 30 50 0 17
10 96 67 53 55 38 60 45 44 62 23 0 48
7 43 98 89 45 29 69 30 69 44 96 0 32
6 39 81 80 61 59 82 93 73 37 60 0 29
5 63 55 23 33 83 52 30 37 93 39 0 25
4 96 69 94 23 32 48 72 80 42 93 0 17
4 48 65 24 95 29 20 30 28 20 96 0 17
5 34 54 61 53 56 24 85 90 54 65 0 21
7 83 30 40 81 25 70 33 46 74 80 0 32
3 40 74 81 83 91 53 46 90 35 70 0 14
9 70 25 56 96 46 43 60 39 21 39 0 45
9 22 25 86 32 65 67 91 61 74 29 0 42
6 66 49 61 30 42 56 80 53 95 52 0 30
9 35 28 63 69 44 88 49 42 26 78 0 41
5 45 72 66 54 97 81 66 47 93 79 0 23
3 62 73 52 86 26 56 45 94 46 51 0 12
5 63 48 89 73 89 97 56 44 54 50 0 25
8 43 52 68 53 47 32 78 73 67 67 0 37
10 22 98 47 26 87 51 26 29 30 80 0 49
9 56 22 33 33 87 40 75 66 78 93 0 45
3 86 55 62 89 57 23 63 53 64 24 0 14
4 97 58 99 41 67 30 23 60 63 89 0 17
9 27 21 64 72 84 99 49 33 26 78 0 43
2 27 91 51 89 30 58 70 51 50 35 0 10
10 84 51 60 76 63 82 66 89 71 49 0 46
9 57 24 76 91 59 78 69 67 63 76 0 44
8 95 39 97 71 51 40 87 90 66 100 0 39
9 32 70 87 28 28 72 97 97 64 72 0 45
4 68 87 23 76 98 40 93 52 97 99 0 20
7 37 72 78 59 92 88 48 95 29 23 0 34
5 22 76 47 44 78 95 37 31 33 26 0 22
9 54 82 28 54 57 43 28 22 45 53 0 44
10 48 90 75 71 80 99 98 90 80 98 0 47
7 56 28 75 95 85 88 59 89 37 37 0 33
7 92 48 69 85 50 63 61 56 46 59 0 35
9 45 65 30 81 75 92 85 31 28 68 0 43
4 35 95 83 98 90 23 46 73 38 20 0 20
3 50 51 23 78 60 58 70 30 48 43 0 13
9 75 89 82 76 43 44 32 93 38 87 0 44
3 33 82 21 85 25 57 50 83 99 47 0 13
6 70 24 39 45 59 52 36 59 45 77 0 27
3 24 34 28 66 66 72 74 58 30 81 0 11
5 44 80 31 31 44 31 84 34 20 62 0 24
6 23 82 52 61 91 62 71 49 49 30 0 30
4 95 66 46 82 28 83 34 25 44 81 0 19
3 50 34 40 52 49 80 79 45 26 80 0 14
7 51 63 50 30 73 86 22 32 21 78 0 34
10 33 35 79 65 88 99 92 27 63 24 0 46
7 46 29 93 42 45 30 87 62 81 55 0 32
8 43 27 57 76 27 64 60 47 67 29 0 37
8 84 29 82 62 64 97 28 43 26 55 0 39
4 88 94 99 26 53 52 39 21 74 62 0 16
6 83 69 30 35 59 87 28 54 60 98 0 28
6 46 73 97 68 98 89 94 50 61 64 0 26
6 93 34 53 44 63 72 46 56 64 39 0 29
10 72 95 20 71 51 73 42 41 86 29 0 49
5 96 58 64 61 32 49 20 42 72 42 0 21
5 49 37 60 23 35 84 68 36 88 98 0 21
8 75 77 25 70 75 90 25 63 29 49 0 36
9 46 33 32 82 59 96 53 24 33 98 0 41
8 87 75 57 49 50 41 71 46 72 81 0 36
9 89 66 22 49 87 74 62 93 40 75 0 43
3 80 95 25 81 68 45 100 63 59 91 0 11
3 85 74 54 44 62 39 93 28 39 78 0 14
3 48 29 26 71 51 57 71 84 21 37 0 14
6 70 66 88 99 32 77 74 83 55 84 0 26
5 44 89 87 38 66 26 100 46 84 40 0 22
4 42 91 63 65 27 24 23 51 47 68 0 16
5 59 49 87 45 89 42 82 35 56 88 0 22
10 46 34 25 34 81 41 43 47 87 54 0 49
4 77 100 66 66 73 97 62 32 39 38 0 17
4 41 73 61 94 79 38 36 31 60 35 0 17
2 50 40 58 85 57 21 35 34 52 84 0 10
10 92 36 92 81 31 61 63 92 95 52 0 47
7 76 43 97 52 58 81 50 76 33 55 0 31
6 49 32 70 86 28 23 96 86 84 46 0 30
6 32 61 29 52 72 22 73 41 66 73 0 26
7 86 67 85 48 67 66 43 81 56 20 0 32
7 95 83 88 75 36 94 68 63 52 96 0 32
5 74 70 32 57 61 66 56 76 56 89 0 25
2 35 97 94 65 54 49 52 77 50 26 0 10
3 52 40 97 49 32 85 93 38 82 22 0 13
6 72 28 97 29 70 32 37 47 81 59 0 27
6 40 33 21 84 59 83 44 91 76 76 0 27
8 98 92 66 52 75 94 22 95 44 45 0 36
9 81 74 77 73 52 77 36 33 94 27 0 45
7 60 27 80 57 47 72 55 57 60 65 0 31
6 90 54 83 63 40 91 43 56 88 43 0 26
6 97 95 33 58 38 98 22 30 55 26 0 27
8 45 94 55 48 68 31 26 22 95 94 0 38
9 26 49 77 42 25 30 42 27 77 64 0 45
9 54 94 88 90 80 85 65 96 75 42 0 43
8 88 48 41 94 85 64 74 49 99 75 0 39
5 89 34 80 85 65 93 98 84 95 41 0 25
10 82 70 30 43 84 57 27 81 90 70 0 49
9 33 35 92 45 62 51 35 87 41 95 0 43
10 60 30 94 86 75 46 71 21 31 20 0 47
7 49 64 55 81 66 89 98 83 61 57 0 35
10 72 85 54 86 47 84 25 93 24 36 0 46
3 98 100 51 51 43 72 99 59 45 88 0 13
8 98 72 66 85 36 67 59 34 61 21 0 38
9 50 78 67 49 33 39 31 21 57 34 0 43
8 92 94 34 29 85 66 34 69 38 85 0 38
6 74 90 82 53 75 87 47 89 82 75 0 26
4 41 43 59 88 87 49 39 78 43 96 0 20
10 93 86 85 75 54 24 85 93 90 68 0 46
7 80 96 97 27 95 71 68 82 39 30 0 32
8 95 73 58 70 23 26 25 44 62 69 0 36
4 87 21 57 56 47 83 81 50 71 37 0 17
4 97 53 80 52 93 43 50 25 94 45 0 17
6 28 68 74 27 85 70 23 96 26 32 0 28
4 44 59 81 46 94 90 50 26 47 22 0 17
8 99 80 48 31 78 90 89 56 46 59 0 37
9 63 77 78 60 61 62 39 64 20 35 0 44
3 64 68 99 78 58 25 81 82 29 36 0 15
8 93 95 23 60 73 28 76 68 86 63 0 37
3 31 86 90 64 30 77 77 100 33 27 0 11
9 95 70 25 42 57 82 34 47 43 97 0 44
7 48 38 84 38 57 51 73 72 29 82 0 33
3 84 41 52 48 87 25 79 57 52 52 0 11
4 76 97 96 66 75 61 60 89 100 89 0 17
5 98 92 78 54 47 91 56 36 83 64 0 23
6 74 78 87 51 46 29 70 54 41 43 0 28
6 53 48 62 77 86 44 58 41 56 36 0 27
4 31 93 86 77 97 56 87 54 56 65 0 17
5 92 86 35 82 61 39 35 59 73 76 0 21
4 83 49 53 46 86 40 51 28 81 68 0 17
3 77 63 46 95 33 90 47 80 39 36 0 14
7 27 25 30 51 97 40 69 48 72 29 0 34
9 82 32 93 71 85 92 98 57 31 44 0 43
9 68 93 37 80 72 72 86 37 66 53 0 45
8 69 85 38 28 51 100 90 74 65 98 0 40
10 49 71 96 56 41 77 94 25 27 82 0 48
3 22 67 34 74 95 58 36 69 63 81 0 15
8 61 83 36 74 21 81 86 24 20 70 0 36
8 25 59 83 55 45 73 70 95 28 26 0 39
10 93 43 64 92 26 95 78 82 39 54 0 48
7 93 53 96 48 30 33 80 93 77 70 0 34
5 53 85 55 66 21 90 44 94 37 39 0 22
8 76 91 41 57 71 41 53 63 72 33 0 38
7 81 22 62 38 35 43 35 74 86 89 0 32
7 71 27 31 63 71 83 36 24 79 51 0 33
6 67 31 30 63 81 64 57 44 92 77 0 26
10 98 64 87 86 31 25 86 61 69 82 0 48
2 43 77 90 63 44 25 79 80 96 54 0 10
4 32 92 63 51 78 38 64 85 89 50 0 19
9 88 27 30 52 49 40 82 58 67 79 0 45
5 81 35 89 77 62 28 81 27 38 38 0 23
3 61 60 79 58 52 57 49 83 99 29 0 14
8 77 46 30 88 29 25 99 36 43 89 0 37
4 39 60 44 37 52 33 26 79 69 76 0 19
4 91 41 57 73 34 95 92 37 71 82 0 18
8 48 80 36 80 68 30 88 92 78 50 0 39
7 60 37 70 47 45 33 77 48 99 72 0 31
10 21 42 67 49 35 33 66 71 99 88 0 50
3 24 81 97 20 75 33 95 52 96 36 0 13
8 34 82 73 38 86 35 29 82 97 63 0 39
9 35 59 73 53 85 27 46 43 73 30 0 41
9 65 35 86 79 23 44 84 83 74 69 0 45
9 90 39 68 66 23 80 55 25 20 47 0 45
8 62 76 53 86 87 28 85 91 80 34 0 40
8 90 22 75 84 26 48 66 41 29 53 0 40
6 43 69 74 35 72 60 41 58 88 60 0 29
2 78 32 77 73 41 31 67 64 33 30 0 10
7 66 83 50 32 89 99 38 46 90 51 0 35
5 20 73 34 93 32 55 50 64 21 94 0 22
8 92 36 64 97 35 65 83 43 88 94 0 36
4 41 57 29 97 48 94 29 40 34 56 0 19
7 58 36 62 22 53 50 40 77 95 28 0 31
5 63 61 22 44 27 37 52 93 70 88 0 24
7 66 44 63 97 37 29 81 34 45 54 0 32
6 69 44 71 36 92 27 27 56 48 27 0 26
7 43 66 67 96 57 84 48 26 99 70 0 32
3 95 79 35 36 89 37 89 34 46 62 0 12
4 59 51 46 88 87 95 94 25 83 68 0 18
10 46 92 62 21 74 46 52 93 50 54 0 46
9 86 56 45 21 63 83 80 32 86 68 0 42
6 39 68 100 72 61 85 93 32 50 100 0 26
5 33 99 50 65 21 92 30 94 82 95 0 21
7 68 95 79 21 21 96 33 36 35 82 0 34
8 91 53 94 82 73 49 97 63 32 94 0 38
4 39 61 77 77 37 89 66 54 50 90 0 16
7 87 43 74 64 63 46 71 58 69 93 0 32
4 39 91 36 34 89 58 85 94 46 35 0 20
10 78 69 36 47 82 97 91 52 94 49 0 46
9 99 25 55 63 79 63 84 73 79 44 0 42
6 93 49 49 99 22 48 60 52 92 92 0 30
9 27 26 82 52 57 69 56 48 53 89 0 45
7 90 81 23 61 83 50 31 84 99 55 0 32
3 22 57 34 25 59 56 33 66 35 64 0 13
3 92 82 88 96 48 60 81 54 69 57 0 15
5 29 93 97 70 78 78 84 86 85 37 0 21
5 60 79 40 52 24 50 25 70 63 38 0 22
3 52 70 41 78 72 65 32 91 42 92 0 15
5 65 55 46 58 75 45 97 67 30 42 0 21
3 69 95 97 55 64 87 94 37 54 74 0 12
6 95 25 37 25 80 52 84 34 41 35 0 28
5 44 25 70 99 61 22 76 37 67 71 0 21
8 58 87 32 84 83 78 76 67 90 38 0 40
6 97 25 46 59 70 56 31 95 40 61 0 26
8 68 52 53 65 31 76 90 27 89 72 0 38
3 77 21 94 40 83 87 23 33 61 34 0 15
5 46 82 44 57 61 20 25 92 20 62 0 23
2 77 40 72 56 96 26 56 94 96 63 0 10
193 217 226 197 168
114 155 183 221 267
109 157 199 233 266
136 147 204 233 289
104 155 210 238 264
132 166 212 250 276
101 148 183 254 295
124 176 206 250 269
118 142 194 232 293
111 154 214 233 298
119 145 194 259 270
126 141 202 221 300
104 164 194 242 299
133 147 181 249 261
127 157 189 223 284
133 178 204 220 276
139 171 220 220 293
126 141 213 257 271
122 164 205 260 281
129 167 204 221 291
110 148 208 230 297
113 166 216 251 277
113 145 208 257 293
110 148 200 244 290
129 168 197 225 285
110 179 205 258 261
129 173 184 256 275
109 179 194 253 263
131 168 200 226 260
119 154 198 248 277
108 145 188 246 277
101 164 206 257 266
124 155 182 242 267
116 165 193 232 269
128 176 194 241 285
129 158 209 236 278
118 155 203 227 278
132 141 220 237 280
103 153 204 253 270
104 173 213 234 280
100 172 203 250 297
117 160 185 251 292
123 163 218 231 260
128 153 208 246 283
128 155 206 231 286
111 147 205 249 264
125 142 203 225 293
115 164 181 244 293
126 140 205 243 277
136 160 209 254 278
120 170 209 252 296
129 141 218 240 273
140 165 202 245 275
123 148 207 237 296
109 155 217 222 264
127 160 189 243 281
127 144 181 230 276
100 165 209 223 284
117 161 189 252 289
117 161 198 246 267
101 146 183 235 297
138 180 203 235 297
102 173 193 232 295
132 142 194 258 263
126 140 181 256 284
105 157 218 227 275
138 147 211 242 264
114 163 205 245 298
115 147 204 224 271
107 180 203 253 297
109 164 211 244 289
140 140 203 246 260
108 141 197 257 265
131 173 217 238 282
110 156 209 240 289
119 177 214 220 265
131 165 183 247 268
116 145 190 237 260
109 159 184 259 261
124 169 183 220 287
117 159 220 229 269
136 149 181 223 276
102 172 215 245 293
124 151 193 259 297
129 156 191 249 276
104 163 192 243 275
140 175 201 225 274
114 180 194 229 273
121 147 219 226 264
119 140 181 250 295
139 158 215 237 292
109 174 183 260 284
120 180 212 256 264
129 155 217 247 277
103 172 190 245 290
129 144 193 241 280
127 143 188 247 260
102 145 211 228 278
132 156 212 244 277
130 173 187 245 281
129 176 219 255 297
134 169 188 235 291
138 176 188 240 295
136 145 217 221 290
134 148 205 229 278
116 140 195 252 288
118 170 203 223 290
138 163 193 252 265
117 166 206 248 267
110 158 183 250 289
130 153 206 228 294
139 169 193 222 280
124 180 182 221 266
113 167 190 231 269
106 171 192 228 276
116 145 210 252 268
129 152 188 257 273
124 177 198 248 290
135 146 211 244 275
112 176 219 256 300
137 177 201 245 260
113 177 216 255 281
105 173 205 236 275
118 170 180 257 291
106 141 191 253 295
127 157 210 238 263
135 163 185 254 285
124 173 209 235 277
135 150 183 238 284
138 160 203 234 293
117 144 200 241 286
126 174 186 241 294
101 140 198 228 281
108 163 217 252 262
104 166 202 245 273
137 142 193 254 286
115 153 203 259 282
102 145 198 228 265
103 168 197 220 279
137 160 211 253 283
118 145 218 233 281
124 155 187 250 265
116 153 189 256 271
111 156 185 256 280
132 166 187 235 261
120 143 214 222 293
128 140 185 252 269
137 155 186 231 266
108 175 211 226 264
110 144 203 253 265
110 141 180 241 284
136 147 191 256 277
121 175 192 235 266
125 160 193 237 292
100 168 202 223 270
127 163 204 222 286
118 146 192 243 286
110 157 201 257 267
126 168 220 228 288
127 175 186 226 263
129 156 180 230 289
105 141 215 235 291
105 177 207 228 294
129 162 193 252 279
134 157 203 259 279
118 141 197 229 270
112 149 199 225 298
126 157 204 252 299
139 180 192 250 283
134 160 218 231 288
130 145 199 242 293
118 157 217 237 293
121 178 195 260 264
106 156 189 228 290
108 168 180 230 267
131 159 198 224 262
140 162 211 246 280
139 147 188 240 300
111 166 190 221 295
122 166 195 236 293
114 150 193 239 290
102 149 184 243 267
130 176 183 247 293
124 142 193 220 276
121 161 185 240 283
110 144 218 244 282
125 144 185 233 260
110 167 186 238 288
122 162 196 241 283
132 178 182 227 286
110 157 208 248 278
101 152 181 256 265
140 141 215 256 260
117 167 189 238 286
132 174 181 240 286
116 177 218 251 283
112 145 211 231 287
102 167 213 220 270
118 171 220 226 277
138 141 188 258 290
140 168 197 239 274
100 156 214 259 286
137 161 202 255 294
139 149 204 253 291
132 162 195 247 265
119 142 188 229 294
128 148 200 242 285
121 161 210 227 294
127 148 187 231 289
111 176 212 240 282
115 152 187 246 279
116 163 201 235 269
101 158 204 223 271
110 178 194 220 279
133 158 205 230 261
135 177 184 235 290
132 172 189 230 270
102 179 200 254 297
108 164 208 256 298
133 144 195 259 285
116 159 213 227 296
113 173 200 231 297
139 178 216 259 300
114 176 198 227 290
108 164 213 240 280
113 160 196 245 280
135 174 201 260 266
117 180 201 220 286
105 169 199 255 263
112 179 209 243 265
127 166 194 233 265
136 176 219 221 300
129 164 191 242 292
128 162 191 224 276
113 165 209 229 294
109 153 187 256 299
133 167 214 255 297
131 174 203 232 290
102 149 183 244 285
129 156 191 250 286
104 178 183 243 293
117 178 196 229 267
133 145 192 242 275
101 165 212 237 275
100 140 195 250 290
103 141 210 253 289
111 168 215 227 298
121 148 207 245 281
106 168 180 227 263
136 147 203 232 265
121 171 197 260 292
136 177 186 228 265
117 158 206 233 267
123 173 207 241 277
134 167 192 231 260
140 156 180 227 278
117 171 209 227 297
112 148 213 247 293
119 173 180 256 291
132 170 184 240 290
140 170 215 220 297
111 171 196 224 266
136 164 187 247 286
108 146 217 244 271
107 177 218 257 298
117 169 189 240 277
106 167 195 257 276
114 146 200 248 281
133 177 210 222 276
122 162 212 248 291
135 144 180 225 273
140 170 193 226 297
135 156 200 245 269
117 173 217 237 287
111 149 194 250 260
122 156 194 235 297
103 149 183 238 273
129 146 204 253 282
121 169 220 221 280
104 151 204 236 277
112 141 202 225 264
138 175 196 259 272
140 174 204 220 274
100 170 213 241 278
101 150 209 254 281
125 176 197 251 292
121 159 190 254 299
113 179 197 240 298
107 180 201 260 276
113 172 182 250 287
109 168 190 226 284
126 153 218 237 261
117 140 196 232 261
120 148 182 230 299
137 172 195 229 279
121 159 186 229 282
113 167 210 222 265
106 169 180 251 282
106 164 213 246 263
100 141 189 259 272
140 174 203 244 272
104 162 220 222 297
126 167 214 246 279
140 146 207 254 300
129 171 201 260 299
108 164 196 257 275
104 159 182 246 298
114 178 198 247 279
103 153 191 221 284
113 152 214 232 291
139 170 214 242 277
109 180 197 244 297
120 173 206 257 290
124 177 198 260 282
111 179 193 233 270
119 167 188 250 285
107 170 215 241 277
117 164 202 225 275
100 141 206 258 298
127 167 210 241 265
140 175 206 236 264
120 178 218 233 260
140 161 191 246 264
119 149 203 256 267
113 158 205 224 284
134 165 206 250 298
134 140 208 233 276
100 143 208 252 289
101 160 208 231 284
126 166 204 230 271
103 166 190 254 289
103 160 198 238 285
136 146 203 258 294
136 165 195 248 282
132 140 200 245 282
107 162 212 236 261
109 180 220 242 276
118 146 219 235 294
109 180 192 234 290
129 164 181 238 276
106 172 181 257 265
116 171 197 223 275
101 142 206 232 290
135 161 196 227 295
132 165 216 259 267
137 172 220 225 275
127 140 184 242 299
133 144 200 258 293
107 148 191 227 261
110 165 196 227 263
126 175 180 258 283
115 164 220 237 273
138 147 205 232 289
140 175 202 260 260
125 160 188 223 263
104 155 213 251 273
137 155 198 253 298
113 144 197 240 276
102 158 219 228 286
133 157 220 259 295
106 148 211 244 260
113 174 180 252 268
131 153 218 236 273
115 167 217 250 300
112 153 215 234 292
135 158 215 245 291
121 156 190 237 277
135 148 186 247 286
111 157 218 232 279
137 140 186 221 261
140 146 194 249 275
128 141 183 237 296
126 177 215 233 262
121 179 200 225 299
123 147 193 234 263
101 152 205 240 291
102 173 183 258 288
118 152 219 222 281
127 142 197 220 268
130 159 181 233 260
119 176 184 253 287
108 154 207 221 287
122 160 190 258 271
124 169 192 243 268
134 157 217 233 275
107 177 201 254 280
101 171 190 249 267
111 166 219 247 287
101 163 182 259 274
138 145 193 253 294
115 147 205 234 260
128 158 212 237 273
133 174 191 232 283
115 162 186 244 280
116 144 189 240 294
103 165 199 235 272
115 174 206 253 297
124 140 197 234 297
109 147 204 229 263
106 147 214 225 294
133 176 212 246 280
113 171 188 225 277
123 140 204 241 264
136 177 213 242 272
111 141 182 257 299
120 177 196 237 276
129 180 188 236 274
126 173 191 226 276
115 165 194 236 295
103 141 194 235 270
118 153 187 229 282
138 153 189 240 264
135 161 192 234 267
122 143 196 225 269
103 141 212 245 297
126 180 198 226 275
139 169 211 235 269
117 156 191 239 279
110 141 220 248 299
138 178 200 238 277
133 145 182 248 269
132 156 197 253 270
136 170 192 236 271
133 145 217 249 295
127 142 211 246 268
139 152 219 222 297
135 173 213 242 266
101 156 202 238 294
122 153 193 223 286
125 150 215 241 267
122 164 198 229 294
135 165 190 245 275
117 165 206 220 265
121 162 211 234 287
114 153 201 224 271
117 175 218 228 290
138 176 217 232 273
117 156 204 251 293
114 159 213 246 286
101 163 185 227 295
116 172 220 245 287
121 175 207 254 296
106 145 210 256 277
109 154 189 240 300
116 176 188 226 275
137 179 211 249 292
106 156 183 250 286
122 160 211 221 273
127 168 187 225 279
135 169 218 249 294
117 164 206 226 270
108 162 216 233 291
118 174 213 258 277
108 162 201 246 268
131 149 185 243 299
103 179 214 229 271
101 169 192 258 280
111 145 213 229 287
111 140 217 228 260
129 147 203 251 287
100 165 180 254 281
140 168 182 238 261
120 174 219 223 262
112 178 211 229 269
137 146 183 250 268
126 147 219 230 266
140 148 200 225 298
130 150 188 221 298
123 174 195 228 292
134 169 201 238 291
113 173 200 227 299
108 155 206 244 285
131 155 217 232 283
128 150 189 250 288
137 168 217 249 262
116 153 208 227 265
113 144 205 224 270
137 171 197 246 291
111 164 208 260 279
126 167 212 221 274
116 156 202 260 297
138 154 186 250 289
107 160 183 251 274
138 144 202 257 283
108 154 198 221 292
114 163 190 227 262
115 140 193 223 275
130 160 215 248 273
140 152 186 227 281
118 169 192 259 267
120 163 184 244 273
109 160 180 255 271
119 169 192 253 280
125 179 216 253 296
112 159 200 247 274
107 177 191 224 269
133 170 220 235 277
130 142 209 232 262
101 158 219 220 264
104 179 203 256 269
109 177 184 251 294
118 173 182 253 297
115 168 207 258 286
100 143 210 224 270
119 165 212 252 297
104 176 185 247 291
116 161 214 243 279
114 144 207 243 260
101 149 180 248 276
122 143 195 220 293
129 143 202 247 293
103 149 212 248 298
137 153 203 228 275
108 170 212 220 279
118 179 180 220 275
136 176 205 232 264
106 169 195 237 296
126 157 212 236 284
126 162 220 230 283
135 149 212 252 284
134 157 192 229 261
107 163 196 233 274
108 148 210 252 282
104 179 207 238 300
137 143 182 250 265
105 167 210 221 261
109 158 182 234 278
102 172 182 244 300
122 177 204 233 263
124 179 201 240 291
108 145 191 248 265
104 163 215 259 291
117 153 192 226 296
131 166 220 244 288
119 140 180 238 275
138 160 210 243 261
138 171 193 230 282
139 141 205 232 285
130 161 188 250 276
133 158 205 222 270
104 169 199 239 266
117 144 186 255 293
124 160 207 235 270
103 164 185 258 265
135 159 193 251 263
108 147 184 230 260
133 149 192 231 274
139 148 196 251 280
136 152 218 255 278
104 176 181 221 282
110 145 184 258 272
111 159 219 228 262
130 149 183 244 292
121 152 181 230 268
110 143 181 234 286
121 160 202 258 278
139 143 214 230 266
126 154 188 248 278
110 159 203 255 297
124 152 211 222 282
136 167 195 260 260
125 151 220 241 275
137 157 212 253 267
105 157 180 222 273
102 141 194 246 295
127 177 192 226 286
126 142 183 258 271
120 158 197 234 280
131 169 194 255 292
139 141 196 245 284
140 166 182 229 280
112 151 206 236 290
120 150 196 245 277
116 177 180 225 281
126 170 196 255 284
140 164 199 248 278
108 168 193 247 273
135 164 216 258 300
118 164 192 246 294
123 161 211 258 262
120 163 207 242 263
126 153 185 226 277
126 146 205 247 268
119 164 220 230 266
128 180 199 226 270
117 171 218 251 273
101 171 201 241 282
130 147 200 234 288
122 164 201 237 273
138 154 219 257 297
110 176 188 243 267
100 149 189 252 263
113 157 188 245 260
125 172 185 238 295
102 170 208 249 295
104 176 206 249 277
131 154 207 248 261
126 148 201 255 271
131 170 196 256 285
104 176 215 259 277
110 145 193 224 293
125 167 204 252 299
122 157 217 242 282
106 149 180 246 268
104 174 205 232 300
132 152 191 230 292
115 179 211 242 271
128 144 205 260 282
127 158 180 246 292
102 154 187 227 284
102 161 187 237 292
123 146 187 249 270
112 150 181 235 269
109 162 208 255 268
100 166 211 255 289
101 178 213 222 286
122 155 187 251 272
128 155 199 242 276
124 155 214 239 284
105 170 203 224 294
101 164 211 237 295
120 150 191 241 298
118 154 198 234 264
121 175 210 221 264
103 162 210 240 291
110 166 219 243 294
113 161 213 249 269
103 180 203 249 286
129 141 207 231 263
137 162 202 233 262
132 160 196 244 293
117 142 216 222 278
128 145 198 224 274
107 176 188 255 281
133 163 212 260 260
128 178 184 234 277
132 161 183 256 277
123 161 215 235 265
122 155 185 249 279
112 146 191 222 298
106 164 213 247 286
136 164 196 245 262
106 142 182 234 277
106 156 203 241 288
110 156 209 253 284
140 152 184 232 264
103 160 206 256 278
130 172 217 241 268
128 141 220 249 282
115 154 217 244 291
130 154 181 259 277
119 174 194 237 293
112 158 187 229 269
106 161 199 245 266
124 177 191 221 268
123 179 206 237 286
101 146 197 239 267
117 160 208 251 289
131 146 191 241 286
102 173 212 260 275
114 142 217 252 274
123 164 216 241 263
132 170 220 223 298
113 177 218 242 300
112 155 203 258 292
140 172 207 254 260
105 153 202 221 293
114 155 213 260 294
110 179 208 250 283
138 178 202 227 274
133 141 207 260 265
111 170 197 236 295
112 173 220 246 260
128 151 210 248 294
106 161 198 245 268
122 146 206 255 266
129 176 211 232 264
140 150 187 247 286
114 163 193 248 278
125 179 194 247 269
110 164 202 229 260
138 149 196 234 275
112 143 209 226 288
134 142 183 240 296
109 143 215 260 285
124 147 180 225 284
118 176 196 230 290
113 145 218 245 278
140 149 218 224 298
101 172 215 222 291
113 170 220 260 293
139 171 204 223 282
120 154 215 222 282
136 173 202 224 279
106 165 210 245 262
122 174 191 223 279
121 156 211 252 263
101 174 220 259 284
130 155 208 244 280
119 178 197 260 289
119 177 188 253 284
106 170 206 223 296
131 163 220 221 281
114 148 215 244 282
103 178 217 253 268
136 173 208 258 275
136 177 191 225 260
103 142 190 251 270
124 174 193 247 300
131 159 190 232 276
120 178 197 228 288
135 167 209 228 282
138 152 194 245 264
108 140 202 227 261
112 170 213 259 278
136 152 203 234 285
127 152 213 249 285
106 168 205 257 294
104 173 220 242 267
104 179 205 246 291
100 175 182 249 294
112 174 210 229 277
113 163 210 259 290
114 162 189 255 278
135 168 211 237 290
130 149 214 230 271
101 162 214 238 265
136 140 181 250 262
116 180 204 239 292
111 159 198 239 267
134 174 200 253 264
107 164 185 242 271
134 145 200 254 283
112 142 197 231 261
126 175 215 243 287
126 141 182 237 294
140 143 212 248 275
116 170 183 251 292
111 174 207 234 287
111 172 218 257 297
122 176 201 246 291
101 146 210 260 278
102 147 216 247 273
104 148 182 230 290
113 140 216 236 291
131 179 212 234 281
139 163 209 245 268
104 159 188 252 296
111 146 208 229 269
122 156 192 247 285
109 180 220 227 295
125 145 181 242 298
139 161 196 240 295
106 150 204 231 271
126 176 195 250 283
100 153 188 253 272
138 164 184 238 277
108 166 195 233 268
135 171 181 238 277
128 172 206 226 296
122 175 207 236 296
138 145 217 251 270
121 180 192 243 277
116 157 204 235 277
122 175 182 228 287
105 171 207 225 270
107 164 205 251 266
128 174 191 229 266
130 142 214 255 279
136 173 183 222 289
105 160 205 236 293
102 170 202 235 267
128 162 218 241 290
108 146 210 252 277
131 164 203 220 292
133 166 190 250 271
120 141 203 242 292
138 149 220 256 272
130 169 189 230 269
128 154 201 239 290
135 149 181 234 262
109 144 181 250 282
137 166 198 221 278
139 174 186 240 289
120 175 203 224 267
122 147 215 252 272
132 146 199 246 273
108 153 189 234 296
132 146 210 223 260
100 142 190 246 263
131 172 218 227 276
113 152 189 238 273
102 166 208 238 263
131 153 194 237 270
110 159 188 226 266
114 142 194 236 291
137 145 180 236 265
127 166 180 228 280
111 156 181 232 300
119 152 217 256 273
113 166 185 257 276
119 161 200 224 276
133 175 203 244 292
129 179 218 253 262
116 160 216 246 263
124 170 192 254 297
130 154 197 256 273
119 174 213 249 263
134 157 213 235 277
136 141 190 230 300
123 160 212 256 277
125 173 210 230 283
131 180 181 224 294
104 155 202 234 286
124 157 188 235 283
108 156 220 238 295
107 175 204 225 280
138 143 194 247 286
131 180 210 243 269
137 160 208 248 299
110 166 194 245 279
133 174 180 227 297
107 142 185 227 262
116 151 191 258 291
103 155 219 257 273
102 164 196 241 290
105 144 202 241 262
139 174 215 256 290
135 159 211 260 274
133 159 220 224 296
138 165 184 238 272
106 155 207 227 267
130 141 187 239 268
120 159 204 228 260
106 171 184 230 294
104 165 195 222 264
115 145 217 259 273
111 153 204 234 275
120 161 197 227 292
129 172 202 248 285
115 162 204 255 263
137 157 210 239 293
129 143 206 248 270
113 145 213 256 280
139 140 205 237 289
130 167 209 228 288
100 162 218 257 296
140 180 189 243 286
134 144 212 223 300
112 153 216 241 299
136 156 214 244 285
109 143 180 257 292
140 179 199 256 300
112 177 212 241 295
101 148 195 238 280
136 161 205 258 295
134 155 187 224 285
109 174 203 252 282
111 151 192 255 290
112 145 214 244 279
106 163 212 230 278
100 164 186 227 297
111 164 220 225 281
131 175 189 228 281
131 155 198 229 291
128 140 197 247 295
110 152 188 258 264
123 150 218 239 263
124 143 194 243 295
127 177 199 241 270
110 175 182 226 292
128 175 181 260 263
104 172 204 227 270
128 141 191 248 292
113 169 211 229 293
131 148 202 257 276
135 167 199 253 290
130 163 187 241 300
134 166 204 227 264
126 157 182 228 293
138 175 192 228 299
129 169 219 227 296
119 163 216 235 267
139 144 209 237 281
120 168 181 231 282
137 161 209 260 278
125 140 211 256 275
101 153 186 255 294
111 170 186 234 261
128 175 186 227 270
131 180 209 222 281
130 151 204 246 297
100 166 186 226 271
123 144 196 241 276
125 151 188 245 281
139 172 187 224 278
103 146 195 250 261
132 163 195 227 290
138 178 186 234 276
121 158 184 249 274
123 156 182 242 285
122 149 205 225 260
119 154 215 227 278
126 163 203 224 262
108 145 186 251 268
139 173 216 259 296
136 144 180 236 264
121 160 188 248 274
123 141 202 252 262
103 162 214 249 279
112 159 220 247 264
105 167 180 231 286
126 162 207 224 293
133 180 181 252 274
123 151 196 223 277
130 167 195 241 281
105 178 215 257 298
137 144 220 249 263
123 172 199 237 266
110 158 214 256 282
122 165 189 235 275
122 152 217 224 264
104 163 202 243 296
132 144 193 244 263
104 140 208 222 294
112 179 197 242 269
103 173 205 229 288
134 179 192 247 269
104 166 217 251 280
107 179 216 223 266
132 153 210 249 293
123 156 214 222 262
133 177 202 246 288
125 174 187 252 275
101 178 193 225 292
131 178 214 259 264
121 152 215 258 293
127 153 190 242 297
132 143 208 249 294
120 148 201 224 290
124 150 190 224 290
132 152 201 251 291
125 176 207 222 281
109 162 196 246 281
140 148 193 244 282
137 154 200 242 265
108 175 184 221 291
123 157 183 250 262
100 178 183 229 293
109 146 195 248 264
120 156 196 230 283
131 176 183 237 279
140 180 208 242 277
133 155 194 258 267
108 158 216 260 298
105 142 215 232 279
120 154 220 250 300
110 161 212 253 292
101 174 201 239 290
117 169 207 238 270
100 171 193 237 260
100 141 202 244 274
109 141 205 226 276
116 147 200 243 271
102 164 201 231 283
119 159 190 252 277
104 164 194 227 291
108 150 212 249 290
116 160 199 257 288
124 175 190 244 293
133 174 212 254 267
113 161 188 244 268
125 173 196 225 261
111 168 188 237 282
125 176 204 246 296
136 177 212 242 277
113 151 210 220 272
136 150 218 241 300
116 156 216 248 264
116 157 191 257 292
100 180 196 237 290
119 169 220 236 266
115 154 192 244 266
128 154 206 234 260
107 161 186 243 280
106 173 192 232 268
132 157 190 240 299
139 154 219 221 275
110 159 184 226 295
129 154 208 258 300
135 150 210 251 284
100 143 199 245 269
122 174 201 225 274
105 163 196 234 273
127 164 196 244 283
115 165 217 249 281
114 147 218 242 260
107 167 191 221 286
132 171 187 241 286
120 178 180 247 264
123 142 202 235 278
3544 4817 5686 6865 8292
1318 1895 2401 2810 3207
6810 7361 10212 11663 14465
2609 3886 5263 5964 6615
4102 5157 6584 7763 8570
2635 3859 4770 6618 7685
2738 3883 4544 5514 5932
3786 4555 6221 7438 9391
4005 5555 7717 8401 10743
3699 4506 6026 8043 8385
4294 4805 6881 7527 10215
3337 5259 6220 7758 9583
4134 4568 5623 7733 8106
4836 5977 7194 8487 10807
5463 7310 8376 9033 11330
3346 4115 5293 5293 7046
4798 5368 8107 9780 10312
4402 5915 7392 9374 10130
2203 2850 3480 3770 4962
1219 1639 2301 2543 3282
5433 7979 10381 12062 13310
5659 7261 10412 12864 14665
4189 5635 7613 9286 11035
5815 7571 8877 10138 12840
2869 4666 5342 6722 6800
2461 3298 3508 4878 5239
4042 6635 7190 9375 9745
6560 8412 10013 11313 13014
1200 1551 1992 2494 2785
3790 5086 6593 8624 9710
2332 3783 4751 5925 6132
4846 6056 7110 9452 10428
3606 5127 5996 7206 8354
3210 4411 4862 6038 7139
3751 4593 6074 6857 8076
5320 6986 9148 10228 12525
6478 6919 10793 11626 13734
3820 5672 7561 9375 10005
4273 7105 8746 9607 11495
2409 4139 4884 6014 7143
2701 3691 4267 5787 6731
3577 4738 6335 6712 7554
3082 3683 5004 5918 6806
4106 4971 6605 7405 9167
2674 3539 4933 5990 6351
2385 2709 3870 4288 5582
2080 2963 3270 4406 5289
5932 6591 9648 11435 13034
1778 2091 2729 3315 3628
5889 8341 10253 12361 14518
2332 2549 3937 4334 4928
1550 1826 2234 2708 3039
1486 1787 2497 2857 3567
1318 1871 2617 2678 3183
5598 7051 8328 10706 12379
4709 5339 6709 8524 10227
2609 4302 5447 5811 7399
5392 7417 8706 11606 13309
4105 5646 6943 8624 9359
5059 7311 9162 11764 14866
4840 6311 7117 8238 10409
4905 8316 9276 11149 14175
3838 4129 5638 7496 7641
3286 3651 4718 6670 7399
3369 5035 6989 7277 8815
1666 1775 2545 2918 3182
2745 3923 4932 5893 7167
4035 5156 7153 7854 9500
1507 2531 2854 3555 4173
1317 1979 2545 2941 3483
6591 6591 9554 11576 12234
3790 4946 6908 9009 9290
2892 3817 4786 5249 6218
4739 6719 9000 10334 12442
5960 8862 10713 11013 13264
1320 1661 1842 2484 2694
3258 4071 5333 6650 7295
5242 7643 8844 12446 12543
3234 4406 4770 5733 7477
2701 3668 5073 5280 6201
3955 4332 5261 6481 8019
3273 5515 6893 7853 9391
1870 2276 2907 3899 4470
1687 2039 2495 3251 3603
4481 7021 8268 10463 11840
1550 1937 2223 2488 3028
2176 3432 3698 4364 5202
3882 4715 7021 7246 8463
1438 1691 2184 3014 3555
6682 7595 10332 11389 14030
1426 2274 2391 3394 3707
5529 8291 9764 11790 12158
2977 3576 5004 5694 6385
2481 4140 4572 5894 6975
4267 4763 6381 7967 9255
6233 7018 9225 12117 12755
1743 2476 3600 3890 4741
1858 2195 2981 3429 3892
3780 5028 5435 7119 8163
4008 5467 6801 7918 9221
6308 7954 8848 11058 13692
5530 7051 7532 9613 11814
2594 2766 4136 4212 5525
4298 4747 6573 7341 8911
5462 6591 9177 11858 13551
2960 4261 5087 5588 7265
3322 3923 4644 6062 6374
4924 6983 8665 10430 11228
1549 2223 2574 3514 4061
6380 7508 10106 11185 14421
3485 4236 4837 5563 7015
1994 2892 2924 3549 4271
5321 7861 8943 10871 12658
2023 3261 3661 4346 5259
4070 5086 7363 8834 9394
6460 7611 9412 12864 13664
2614 3728 4170 5221 6104
4600 4975 7187 8310 9364
1241 1947 2421 2829 3314
2887 3729 4233 5158 5474
1930 3020 3684 4348 4791
2214 3645 4318 4970 5790
1544 2221 2352 3355 3798
2553 3395 4596 6086 7095
5852 7233 9673 10962 12112
3925 4738 5377 7380 8279
4970 6931 8373 9413 11094
3520 3911 4770 6202 7399
6220 7211 9147 10543 13200
1414 1739 2413 2906 3447
1396 1925 2058 2664 3249
5059 7011 9913 11414 14065
4869 7346 9778 11354 11804
1673 2667 3245 3934 4383
3709 3844 5223 6872 7737
4494 5978 7929 10115 11013
1744 2476 3379 3890 4520
2790 4548 5332 5953 7548
4120 4811 6342 7603 8504
3078 3781 5681 6071 7321
1622 2026 2443 3264 3460
1170 1541 1902 2574 2725
3895 5471 6487 8974 9815
4366 5490 6183 7769 8627
2410 2871 4293 4453 5875
3978 4351 5747 7826 8354
3436 3886 4662 5789 6665
2277 3687 4444 4759 5558
4960 6491 9148 11399 11940
2320 2972 3792 5075 5979
5994 6479 8416 11278 12202
2914 4212 4620 5654 6398
5260 6731 8118 9967 12279
1409 2364 2841 3136 3795
1661 2130 2665 2899 3733
2606 3223 4236 5360 6307
2099 2994 3832 4897 5087
1270 1691 2213 2293 2894
5344 7362 7824 9506 11061
3622 4379 5052 6454 8107
3369 4523 6893 7534 9327
4314 7269 8500 9361 12069
2203 2765 3293 4298 4757
4432 5192 6711 8561 9221
2606 3113 4347 5052 5955
1914 2544 3396 3838 5081
2278 2837 3684 4549 5397
2929 3791 4044 5263 5957
2958 3531 4809 5095 6350
2350 2621 3594 4370 5289
2487 3308 4570 4990 6168
3640 5352 5862 7814 7934
4885 7187 8706 10502 13355
3250 5052 5412 6914 8025
6167 7484 9319 10541 12329
4210 4871 6342 7393 8414
2095 2216 2832 3613 4515
1564 2336 2672 3107 4145
5500 7481 8787 10633 13200
2176 2861 3679 4555 5525
3274 4779 5901 7790 8559
1830 2475 2574 3471 4117
4226 4839 6575 7494 9399
4608 6129 7042 9134 10769
4739 6203 9387 10506 12141
2010 2315 2973 3742 4175
3969 6024 6708 8582 10383
2572 3413 4128 5075 5958
6478 8734 8930 11136 14029
1219 1738 2301 2742 3073
2231 3355 3994 5647 5845
2810 2830 4313 5134 5214
5509 7860 8895 11200 13457
1858 2448 2546 3373 4019
3953 6029 7424 8547 9636
4602 5956 8664 9485 11782
1743 2851 3634 3753 4605
5202 7535 9693 9957 12202
5944 6073 8096 11108 12485
5470 6563 7695 9334 10700
3409 5315 7289 8820 9739
3846 4519 5668 7153 8246
2373 2543 3480 4314 4961
4102 5033 6057 7671 8229
2985 3561 4712 5739 7365
4746 5487 7412 8968 10560
2309 3070 4003 4326 5601
6360 7411 9362 11564 14465
4227 6699 8069 9133 10730
3345 4419 5435 7148 8106
3606 5064 6244 7299 8354
2332 3646 4705 5143 6248
1880 3038 3310 3753 4758
1606 1907 2473 2773 3146
2440 3198 3324 4243 5235
4894 6376 7005 8523 10004
2049 3591 4012 5094 5955
3141 4767 6044 7438 8657
3601 3898 5277 7007 7710
1634 2237 2995 3191 4159
2043 3125 3612 4171 5361
4458 5707 6924 8301 9614
2517 3884 4368 5007 6395
2601 3947 5125 5774 6735
3626 5131 6284 7854 8975
1900 2447 2826 3654 3738
1297 1992 2223 2433 3161
2319 3730 4391 5624 5800
1241 1981 2312 2687 2929
1534 2004 2340 2810 3194
3410 4411 5487 5537 7514
5557 7063 8225 10419 12571
4618 5843 6888 8077 9951
4868 7106 9000 9860 12657
4587 6437 7866 10766 12573
4798 6023 7716 9193 10706
5643 7493 8741 9989 12484
4395 6418 7881 10506 12270
4654 5627 6888 9014 10311
1049 1792 1842 2444 2945
1531 2326 2560 2990 3485
4266 4651 6156 7758 8815
3039 4961 6373 7124 8265
4109 5751 8008 10264 11905
3820 5228 7783 9375 10708
3117 4715 6033 6369 8359
5576 6819 9535 11284 12941
2130 3372 3613 4554 5275
6403 6920 9554 10918 12469
4486 6338 7301 9634 10818
5178 6738 7080 8677 10084
3169 4277 5575 6305 7224
4315 6066 7257 8448 9709
2020 2517 2892 3479 3914
3931 4379 5052 6369 7799
3519 5141 6282 6823 8925
1241 1639 2356 2731 3238
3461 5028 5232 7438 8454
5026 6471 7004 9133 11035
3090 3751 4742 4853 6548
5338 8220 9421 10766 12783
3682 4439 5061 6683 7737
1845 2493 3702 4162 4622
2577 4259 5244 6181 7166
5392 7786 8706 11054 12757
5097 8027 9372 12350 13263
2860 3661 5013 6214 7040
5463 7269 8623 9115 11330
2938 3899 5100 5965 6998
5681 6059 7572 9464 11481
4630 5621 6381 7471 9816
4330 5003 6412 7854 8622
1764 2606 3268 3568 4319
4117 5524 7191 9264 9635
4158 5315 6608 8003 10113
1761 2544 3124 4060 4656
2203 2493 3480 4315 4808
3277 4574 5953 5980 7574
1361 1974 2665 3082 3616
5162 6497 9305 10364 12159
1666 2111 2364 3122 3278
5750 7146 8376 9033 11248
2309 3921 4912 5557 6409
2029 3011 4193 5094 5635
6135 8635 9665 12312 14322
4850 6371 7612 10174 11975
5320 8425 9271 11293 14021
4396 7392 8253 10674 11330
1704 2592 2742 3764 4320
2735 4212 4762 5664 7115
5176 6284 8951 9731 10715
3403 4071 5697 6742 7584
3130 3859 4744 5994 7789
1654 2075 2352 2761 3362
3519 4622 5406 6655 8193
2270 3352 4213 4453 5315
3931 6265 6672 9301 10449
1175 1815 2356 2720 2907
4509 6356 8518 11670 12255
3370 4187 4884 5869 6542
3545 5519 7493 7561 10113
1270 1681 2152 2473 2804
4350 4536 6429 7887 9314
5428 7193 8454 10933 12572
4221 6407 7656 10037 10740
3961 6053 6928 9362 11339
3771 5886 6546 8165 9221
4748 7049 8799 10180 13079
4868 6547 9215 9989 12528
3207 3921 4934 5579 6385
4151 6852 7498 9285 11301
3249 4682 5574 6952 7844
2242 3197 3576 4694 5090
2785 4487 4837 5839 6765
1200 1681 1892 2514 2865
4503 7151 9043 10135 11648
3988 5588 6881 7663 9365
1209 1703 2485 3110 3591
5471 7192 9043 10376 11409
2810 3511 4132 4733 5294
3610 5352 6553 7003 7814
3510 4036 4787 6164 6614
3937 4928 6712 8462 8825
2383 3329 4318 4717 5979
5772 7106 8870 10763 12828
5236 5471 8125 9101 10779
1609 2299 3341 4046 4639
1423 2251 2925 3248 3991
5428 7149 8785 9903 11667
2481 3995 4572 6110 6951
2790 4331 5359 6440 7710
3818 4098 5696 7238 8246
3274 3971 4692 5965 6782
6082 6451 9212 11284 12987
2256 3413 4465 4970 5495
1753 2892 3533 3885 4430
2724 3369 5050 5418 6777
1971 3252 3468 4225 5235
5557 7063 7795 10248 11883
4885 7924 8338 11836 12205
3954 5826 6711 7595 9365
4453 6259 9077 10222 12775
4600 5485 6676 7731 10045
2518 3146 4116 4935 5087
5216 6547 8373 8563 10464
4963 5471 7188 9452 11676
2803 3034 4212 5432 6168
2043 2824 3642 4327 4974
4630 6942 8245 9548 11061
5302 7361 7572 10850 11900
1504 2143 2873 3094 3563
1390 1481 2062 2333 2905
2250 2811 3244 4174 4174
3135 4012 4713 5589 6590
3649 5436 7468 8799 9570
1928 2181 2784 3555 4187
3513 4475 6120 7454 8571
5007 7753 10744 11185 14029
4665 5505 7712 9078 10339
3613 5043 7187 8310 8855
3852 5928 6132 8582 9127
6298 7355 10477 11341 13118
5759 8361 10862 12513 15014
1241 1694 2378 2587 3227
1765 2065 2807 3198 3797
2914 3755 4572 5702 6663
6760 7411 9312 12364 14315
3006 4250 5899 6277 7548
5080 5191 6895 8191 9672
1550 1617 2146 2753 3039
5002 5510 7149 9257 11559
4042 5676 6893 7469 8398
5092 7530 8412 9463 12573
4684 5597 7347 8906 10009
1726 2595 3498 4094 4962
3681 6240 6600 9302 10383
5438 7003 10087 10225 12941
1661 1857 2574 2874 3499
5211 6372 7252 9334 10415
4770 7052 7372 10134 11495
4329 6171 8293 8853 11495
5622 7371 8752 11882 12480
6210 8462 9612 12164 13414
4566 5349 7391 7935 9364
2149 3552 4032 5094 5614
4251 7194 7992 10472 11229
3561 5323 7021 7917 9198
3746 6043 6746 9597 10153
2908 3055 4065 5327 6189
3230 4127 5753 6566 7295
4746 5857 7857 8782 10115
3468 4536 4978 6045 7373
4840 6815 7824 10262 11775
4998 6203 8139 10334 12657
2275 3642 4391 5184 5999
3114 4709 5574 6844 8033
5962 6731 9468 11246 14271
1100 1481 2053 2304 2645
1387 1922 2795 2938 3837
6261 8283 9976 11575 13174
4417 6681 7344 8789 10818
3208 3651 5317 6280 6879
3818 4967 5976 6789 7630
5337 6779 8748 12350 14367
1930 2844 3148 3805 4430
2461 3432 3584 4497 5220
4168 5721 6315 7471 9123
2425 3476 4086 4969 6210
1555 2126 2923 3539 4065
5910 7661 9362 11464 14115
1943 2153 2658 3374 3710
1630 1943 2316 2822 3218
5866 6875 9421 10814 12927
2378 3254 4889 5649 6846
1522 2172 2388 2725 3314
2651 3222 4021 4478 5125
4105 5471 6697 8379 9780
5069 6496 10133 11422 13769
4150 5351 6012 7153 8324
2936 3201 4016 5470 5933
3046 3599 4543 5833 6224
6402 8001 9036 11105 12751
2404 2620 3918 4495 5324
3058 3419 5077 5918 6446
5431 5939 8554 8671 11598
2440 3125 3846 4369 4802
2130 3287 4255 5012 6189
2572 3224 4066 4696 6021
1635 1961 2808 3147 3485
3670 4931 5952 6883 8835
4330 5291 6092 7854 8814
2701 3807 4751 5073 6110
1704 2279 2967 3289 4033
3430 4601 6043 6734 8145
5157 7711 9605 10045 12774
6220 7931 9778 10453 12299
5859 7811 10212 12564 14665
3657 5099 6829 7886 9167
2534 4087 4637 5689 7390
3837 5687 7273 8098 9485
5212 7536 8913 10935 12742
2235 3056 4423 5390 5832
1208 1705 2091 2654 3315
1170 1772 1892 2273 2765
6038 7887 9296 10969 12862
1069 1571 1842 2514 2875
5988 7851 10352 10842 13392
3820 5052 5622 6763 8385
4330 5419 6988 7981 9422
5626 7884 9901 10861 12975
2925 4385 5845 6304 7872
1779 2621 3207 3884 4169
2493 3737 4636 5672 6179
3285 3736 4637 6089 7490
4129 7172 8573 9173 10854
1726 2884 3276 4400 4775
2230 2911 4273 4593 5755
3784 4771 7392 7766 8855
4783 5450 7523 9301 10634
4809 7932 8652 12206 13503
3791 4548 4926 6440 7061
2770 4014 5050 5142 6040
4713 7488 8875 9631 11312
4395 4683 5868 8014 8591
1774 2069 3079 3233 3738
5610 5931 8012 9013 11935
4820 5561 6968 8190 11041
1486 2100 2352 2749 3519
4164 5250 6243 7391 9035
2947 4509 5212 5915 7789
4221 6056 8047 9530 11130
2499 2956 4136 4421 5391
4490 5261 6627 8764 10095
6175 7571 9778 11218 11804
3258 4295 5837 6370 7435
2270 2891 4113 4494 5415
6586 8219 9468 11821 13982
2229 3291 4172 5214 5594
5680 7526 9553 9958 12344
5113 6875 8900 11454 13083
6910 7711 9312 12514 14465
3326 4971 5685 7795 8509
5116 5338 7486 9523 10485
1630 2321 2983 3328 4395
4228 6043 7043 8413 9709
3000 3651 5031 5812 7165
1830 2251 3023 3485 3836
6591 7155 8754 10682 13222
5202 7447 8460 11410 11762
4810 6531 7372 9774 10935
1863 2731 3072 4349 4622
1319 1870 2124 2797 3094
6009 8603 10380 12157 14222
3370 4781 6013 7424 8235
4504 7446 8035 9422 11313
2271 2901 3753 4008 4723
1310 1431 2103 2334 2635
2433 3804 5269 5294 6351
3649 6277 7117 8974 9429
1099 1782 1852 2524 2955
3667 5374 5654 7857 9222
3459 5051 6222 7754 8594
4009 5731 8413 8974 10815
2865 3971 5100 6061 7142
4065 6876 7227 9647 11364
5693 7900 10499 11921 13685
5026 6347 9121 10706 11455
3443 5077 6132 8446 9399
1840 2156 2938 3313 4410
2203 2441 3446 4213 4996
4541 6567 9341 10926 13127
2202 2459 3261 3661 4415
1413 2222 2769 2873 3642
2842 4308 4332 5293 6615
3682 4764 5547 6277 7142
1493 2377 2742 3331 4159
1270 1581 2133 2373 2855
5428 6977 9473 9903 12183
4735 5225 7432 8833 9954
3629 4250 5197 6197 7062
4503 6858 8245 9800 11523
4977 6819 9673 11606 12987
2609 4486 5187 5963 7515
3573 3729 4744 6514 6905
4629 7360 9253 9738 11499
1754 2540 2924 3758 4463
1743 2936 3106 4162 5115
4768 6915 7969 9100 10271
3110 4486 5037 6013 7289
1954 2621 3451 4478 4785
1465 2293 3023 3640 4088
1414 1847 2316 2725 3567
1713 2169 2872 3185 3758
1914 2251 2892 3822 4415
3322 3851 5053 5846 6278
4426 5483 6188 7373 9038
3763 3818 5548 6277 7710
3910 4841 5652 7514 8294
2404 2855 3703 4009 4875
1569 2547 2998 3599 4005
1999 2459 3174 4349 4996
1994 2571 3325 3774 4334
1554 2472 2787 3884 3990
2035 2396 2907 3779 3959
5086 6921 8661 10824 12235
5463 6120 7884 9485 11249
4319 4599 6088 7795 8694
6402 7155 10259 11998 13080
1257 2124 2184 2666 3399
2320 3056 3876 5433 5727
5560 7961 10963 11414 13114
5860 6716 8247 10994 13155
1220 1531 1822 2314 2695
4410 5731 7252 9374 11455
6060 8011 10112 12914 13914
5154 5302 7931 8523 9856
5554 6787 8284 10926 12247
1989 2873 3666 4604 5361
4970 6091 8453 8893 11295
4498 5522 6447 8594 8594
3760 4541 6613 7243 8264
2065 2366 3192 3809 4019
1375 2053 2353 2900 3564
4497 6215 8549 10838 12995
6360 8862 9612 11313 14315
2782 3135 4038 5690 5977
5410 7121 8877 10544 12615
6167 7954 9130 11998 13738
3902 3958 5500 6874 7967
2951 3497 3834 4822 5895
1353 1823 2485 2846 3495
1930 2411 3148 3934 4447
4766 7269 7392 9238 11536
5806 7831 9028 11744 13078
4630 5423 6579 8197 9188
1305 2028 2328 2978 3291
4060 4931 6492 7753 9014
5910 8211 9612 12314 14715
3454 4519 5921 7238 7350
4810 6531 8293 9694 10534
3412 4142 5007 6116 7494
3916 4537 6368 7671 8322
2152 2963 3973 4153 4802
4618 6492 7176 8149 9734
2466 3602 4591 5284 5747
1827 3090 3631 4352 5091
5730 6479 8812 10309 12687
6110 8211 10063 11864 13665
1390 1550 2202 2583 2984
4960 7932 8472 10949 12030
1109 1650 2092 2787 2908
3626 5035 6029 7854 8335
6010 8267 8892 11437 14175
1845 3071 3756 4496 5325
4585 7756 9076 10970 12202
2237 2629 3532 4230 4451
6310 7411 10062 12764 13564
3154 4091 4716 6158 6854
3649 6171 7538 9079 9709
2100 2766 3680 4270 5582
5510 7359 8988 11101 13170
2694 3465 4787 5337 6218
4886 6865 8292 11330 12343
1049 1751 2062 2333 3015
6082 7003 8798 10593 13447
5644 8783 10352 11871 13293
5258 5914 8417 10674 11576
4455 5541 6312 8624 10235
4905 7403 8989 10910 13647
1131 1782 2069 2621 3227
2839 3369 4313 5741 6225
1690 2261 2728 3539 4050
4042 6005 7709 9449 9930
1609 2667 3389 4094 4639
4352 7666 9172 9559 12313
5744 7296 8801 11811 12799
2698 3266 4191 5096 5811
6210 7761 10713 11963 14215
5259 8512 10163 11213 14715
4049 6571 8453 9493 11815
1450 1811 2304 2906 3591
2488 3245 4171 4928 5559
4487 6487 7783 8190 9782
3717 5843 7573 8654 10491
3969 5987 7897 8761 10599
4981 7095 9385 10970 11850
2790 4872 5493 6737 7736
6202 6779 9949 11102 12639
4394 5195 6477 7469 8398
2254 2731 3344 4161 4996
3754 4555 6925 7117 8911
1418 1606 2191 2478 3029
1507 2476 2644 3584 3949
2537 3108 4040 4954 4954
2058 2860 2956 3757 4447
2386 2909 3306 4622 5000
3577 4680 6248 6828 7699
2328 2956 3527 4745 5316
2698 3515 4597 5341 7168
2871 4439 5764 6683 7737
6130 7391 8832 11039 11804
2130 2851 3653 4694 5555
2553 3755 4885 5798 6927
1879 2663 3566 4315 4843
1691 1835 2220 2798 3183
2275 3531 4545 5646 6131
4820 6375 8042 8930 9930
4362 4804 7493 8480 9602
2079 2783 3919 4405 5253
3650 4323 5080 7266 7771
1795 2621 2922 3568 4410
5274 7438 8802 10777 12658
2553 3875 4789 5894 6399
4970 7092 7652 8853 10735
4315 6276 7222 8308 10024
3948 5705 7696 9335 10428
4221 5771 7500 9050 10419
4595 5121 6697 8449 10025
1539 2606 3193 3914 4139
3886 4839 7391 8582 9331
5791 7719 10165 11341 12375
3706 4771 6173 6257 8358
2947 4613 5680 6305 7814
2025 2801 3666 4658 5271
4070 4999 6015 7380 7554
2529 3683 4861 5317 7047
4227 5746 7893 9634 10892
3199 5202 6044 7263 8221
2770 3572 4052 4553 5494
1606 1702 2497 3134 3194
2784 4261 4937 5913 7390
3817 5893 7493 8378 8854
1930 2276 3162 3733 4425
2659 4036 4963 6139 6715
3182 3807 5369 6644 6930
3880 5292 6343 6973 7934
6870 7361 9175 12117 14029
3544 5064 5995 7702 8633
2510 3592 3892 4954 5394
4630 6900 8497 9632 10935
5945 6418 8440 10076 11840
4490 5731 8373 9053 11535
6174 6543 8430 11054 13631
3170 4157 6248 7554 8280
6086 7214 8832 11039 13931
3786 5644 6284 7373 9295
1252 1606 2411 2709 3073
3090 3289 4809 4941 6571
1625 2764 3453 3565 4671
4190 6301 8152 9633 10855
1400 1721 2052 2243 2834
6010 7711 10763 11113 14115
5450 6931 8092 8973 11174
4355 6776 8623 10059 10756
3060 4362 4787 5588 6990
4003 5159 6976 8330 8693
4857 8363 10573 12446 13646
3130 3731 5004 5869 6734
2627 3927 4346 5734 6372
3580 5322 5652 7604 8534
2341 3752 4545 4919 6527
3809 4738 6393 6422 8163
2859 3711 5388 6114 7065
3717 6420 7825 9122 9662
1506 1914 2300 2851 3039
4226 5499 5933 6988 8074
1863 2567 3433 4533 4875
2738 3839 4258 5447 6615
3023 3668 4382 5350 6363
3010 4462 4937 5713 7215
6220 7693 9626 10501 12986
5392 5939 7578 9569 10310
3466 4491 6477 7278 8367
4489 6811 8532 10374 11134
5042 5635 7523 8671 10560
4074 4875 6829 7981 9134
3931 6227 7597 9523 10893
4377 7278 9253 10178 11228
2817 4845 5547 6655 7872
2209 3862 4016 5492 6483
4489 6972 8413 9173 11095
2608 3760 4842 5971 6684
5140 7301 8517 11489 12525
3520 4379 5498 6175 7554
4170 4779 6861 7373 8686
2736 4385 5791 6440 7170
3003 3091 3994 5514 5779
1865 2891 3276 3837 4687
2230 3191 3973 4794 5355
5504 7145 8212 10387 10838
4932 7556 8522 11146 12481
6576 7116 9812 12460 13881
1914 2425 3362 3941 4452
2026 2811 3452 3901 4606
3286 3677 4744 6176 7659
3790 3871 5737 6710 7439
3025 4431 4770 6540 7607
1563 2448 2911 3289 4033
5337 8267 10476 12349 14270
2938 4235 4836 5917 6998
3342 4829 6943 8594 9189
1743 2510 3685 4213 4656
4378 6227 7656 9674 12196
3965 4911 7573 8274 10200
6167 8424 9976 11011 13221
4041 4738 6073 7118 7786
1569 2396 2832 3794 4455
5227 6873 9789 10777 12658
2816 3599 4428 5695 6570
2189 3611 4413 4553 5915
5260 6101 7614 10178 12531
3068 3553 4324 5293 6505
2766 3911 5317 6020 7061
3286 4587 5082 6513 7372
3209 4907 6028 8110 8719
5530 6571 7372 9534 11095
3142 4826 5668 6771 7787
6355 8049 8519 11200 13034
1674 2247 2690 2951 3863
3914 5611 6636 7565 9487
4012 4215 6306 7293 7844
3035 4512 4812 6089 6939
1982 2680 3481 4009 4724
2328 3337 3470 4345 5468
3789 6168 7465 8113 9735
1293 1979 2473 3026 3206
5386 7320 8034 9631 11186
5600 6116 9215 10979 12011
2866 3645 3855 4675 6084
1689 2571 3293 3789 4703
2865 4772 5669 6594 7491
2186 2765 3719 4110 4944
1737 2347 3373 4046 4447
1320 1651 2042 2213 2935
5064 6319 7232 9514 10312
1330 1562 2246 2676 3227
2908 3139 4633 5390 5726
3390 4406 4926 5993 7009
3978 4785 6243 7422 9005
4331 4779 5804 7502 8399
5242 6923 8700 12014 13551
1380 1671 1992 2223 2795
2790 3491 3732 4813 5794
4690 6837 7930 8749 10427
5622 6773 9903 11606 12526
3442 3807 5186 6410 7113
4869 6896 8517 10544 13335
4234 4683 6733 7149 8335
3609 5123 6853 8871 9483
4071 5343 6771 7050 8570
3174 4267 5305 6678 7659
4905 7980 9997 11438 12639
3547 4142 5250 6413 7305
1220 1761 2081 2500 2941
4114 5123 6997 8510 10491
6313 6681 8292 10870 12205
2169 2834 3072 3890 4775
5338 7499 8700 11150 14415
3818 4875 6957 8206 8750
3287 4825 5377 7467 8019
2985 4036 5013 5613 6915
2271 2986 3463 4161 4978
2203 3054 3718 4314 4468
2446 3371 4549 5180 5537
3978 5451 6156 8141 9519
1830 2167 2770 3598 3836
5365 7841 9598 11219 11849
5638 6605 8959 9883 11648
4090 4241 5712 6913 9015
5053 6571 8704 10510 11371
2885 3990 4842 5303 6523
1582 2172 2184 2701 3543
2609 3886 5063 5864 7165
4598 5820 6968 8709 10486
5301 7655 10793 11675 14470
4824 7887 9193 10138 12615
1942 2013 2728 3472 4019
2237 3071 3582 4144 4587
5901 6891 8956 10677 12871
1109 1671 1952 2464 2805
6128 8016 8292 10455 13677
4718 6259 8153 10002 11543
4534 5900 7461 10076 11364
4644 6986 9868 11579 12299
2049 3291 3932 4834 5815
3580 4907 6881 8208 8923
3068 3839 4742 5645 6394
5950 7007 9296 11454 12070
6261 7484 10353 10541 13927
4564 5456 6084 7868 8990
3720 5436 7258 7959 9360
5600 6074 8053 10291 11539
2410 3191 4093 4574 5215
1387 2235 2404 3004 3837
4586 7272 8593 9782 11631
1504 1896 2834 3381 3563
3007 4142 5521 6332 7440
1330 1782 2179 2510 3227
3106 4139 4860 5965 6854
3460 4871 6133 7664 7904
2613 2994 4002 4554 5581
1816 2013 2897 3486 3794
3851 4941 7255 8718 9535
6404 6450 9442 10915 13309
4170 5355 6700 7309 9231
3709 6005 8079 9523 10967
5470 7031 7383 9490 11168
2154 2315 3405 3581 4815
3145 4295 6061 6761 8387
3546 4067 5576 6357 7424
3170 4158 5232 7467 8483
6870 8782 9763 12557 14714
2361 3728 4464 5074 6209
2130 3119 4108 5012 5895
4906 5807 7392 9301 10634
5504 6366 7679 9197 11700
3933 6275 7320 9086 10166
4782 6504 8268 10979 12485
1241 1606 2367 2698 3084
1493 2293 2981 3233 3907
1409 2308 2616 3192 4173
2895 4275 5733 5863 7321
2892 3862 4170 5029 6197
2106 2491 3180 3677 4671
2826 3090 4346 5448 6505
5400 7459 9224 12656 12951
2101 2561 3719 4077 4485
2118 2442 3310 4145 5030
1280 1782 2002 2423 2714
5179 8237 8566 10635 13739
3978 5437 5623 8074 8167
3129 5172 6133 6824 8115
3338 3677 4978 6462 7607
3625 5419 6765 7341 9391
4202 4747 6476 8238 8846
3385 4186 4987 6338 7264
1310 1641 1882 2423 3015
1752 2169 2665 2964 3446
3412 4250 4926 6169 7926
3736 4736 5196 6169 8088
4654 6095 7897 8185 10670
5365 7346 9733 10588 12029
4319 4475 6492 7360 8726
3130 4380 4718 6020 7347
3709 4358 5655 7034 7520
4760 5330 8031 9742 10464
4554 6896 8382 11489 13245
4783 7322 8010 10076 11238
5002 6837 7266 8866 10545
3285 4512 5237 5563 7039
6380 7410 10008 12067 14568
4309 7150 8011 9732 11668
5791 6779 9225 11341 12987
4385 5296 6592 8589 9850
6404 7924 8614 10317 12803
1348 1909 2548 3264 3408
5026 6205 7422 8639 11035
5944 7666 8010 10075 11882
4608 6015 7004 9476 10427
3208 4067 4744 6306 7425
2450 2991 4113 4514 5215
5484 7095 9903 10455 12803
4042 5228 6509 7181 8398
3898 5231 6709 9050 9663
2373 2952 3684 4416 5046
2323 2459 3072 4026 4503
3398 4491 5276 6958 7687
2101 2408 3447 4298 4468
3820 6005 7931 9227 10338
4937 7007 9693 10882 11630
1584 2517 2712 3479 4305
4672 6005 7672 8301 10856
1473 1992 2003 2786 3028
5422 6655 8637 9826 12203
4300 5522 6447 7966 9287
1164 1969 2377 2840 3292
2339 2459 3753 4247 4485
2839 3968 4589 5465 6132
3089 4435 6005 7182 7910
3304 4467 5115 6359 7440
2084 2595 3702 3821 4503
2193 3434 4254 5117 6231
2254 2459 3294 4162 4486
1465 1971 2925 3122 4131
3817 6098 6710 8242 9160
4438 7451 8828 9860 12399
6040 8067 8652 11129 12119
4169 6651 8693 10054 11214
5145 8604 10381 10717 12782
1990 2306 3162 3748 4409
4438 5627 7717 8005 9446
5197 6914 7890 9607 11246
6010 8364 8988 12110 13214
3443 6064 6574 7663 9943
2892 3927 4720 5712 5822
4607 5787 8182 9818 11148
4074 4907 6092 7758 9519
4366 4729 6876 8230 9717
3130 3859 5239 5837 7555
5962 7211 9132 10765 13935
1330 1531 2022 2524 2925
2385 3356 3946 4231 5354
4914 7301 8832 11084 12660
3230 3415 4451 5626 6501
1928 2167 2812 3402 3724
4005 6487 6820 8190 10782
2347 2994 3489 4764 4993
1809 3216 3306 4136 5289
4261 5705 7618 9686 10311
3730 4847 6089 7144 8788
6560 8812 9162 11863 13965
1830 2351 2716 3159 3615
5197 6056 7578 10076 10427
4437 6489 8868 10674 12233
4734 6401 9688 10454 12570
5409 6941 9913 11263 13515
4409 6451 8492 10134 11695
4049 6972 8052 9573 11615
3403 4912 6016 6916 7844
1009 1722 1943 2384 2615
3509 4946 7083 8554 9605
2408 3113 4523 4986 6087
4186 5303 7213 8762 9771
1947 3128 3832 4403 5392
3699 4940 5902 7826 8602
2505 3948 4669 5461 6999
3465 4811 6797 7982 9295
3025 4171 5186 6696 7503
3978 5611 6092 7821 9391
1606 2099 2556 3061 3218
2044 2910 3396 4406 4839
5760 7970 9029 10363 12020
4672 7068 7908 9968 11859
3260 4587 5316 6409 7710
2866 3728 4464 5095 5831
3852 5145 7153 7493 9263
5178 5710 8296 9171 11415
1866 2507 3469 3982 4238
3721 5035 6124 8238 9359
2009 3612 3932 4753 5815
5484 7785 10133 10869 12250
4840 6479 8077 10262 11187
3850 4631 6193 7034 7814
4824 7256 8382 10949 12615
3401 5548 6157 7438 8591
1726 2052 2482 3133 3902
2095 2321 3298 3328 4139
2320 3350 3876 4760 6210
2848 3398 4588 5689 6614
2035 2261 3162 3778 4274
2109 3014 4192 5159 5664
1474 2100 2425 2713 3303
2949 4576 5501 6566 7659
2677 3455 4128 5138 5958
4609 6611 8693 9973 11254
2974 3833 5681 6306 6774
4075 6358 7271 8411 10883
1990 2576 2817 3628 4305
2770 4106 4152 5695 6086
1240 1431 2033 2364 2795
