1000 10 5
10 23 8 17 10 26 25 32 12 31 15 0 49
10 20 25 9 22 16 32 10 19 26 30 0 48
7 26 20 9 33 9 22 12 9 25 11 0 33
8 14 21 27 16 30 33 12 25 15 33 0 39
9 17 26 24 31 31 13 25 8 7 9 0 43
10 16 8 27 29 11 28 15 28 29 27 0 50
6 33 33 23 20 24 14 23 17 18 17 0 26
8 29 23 16 24 27 7 23 7 23 18 0 40
6 11 30 16 10 21 21 20 7 8 20 0 29
5 12 24 8 9 32 20 12 32 19 14 0 21
5 21 33 17 16 29 24 30 22 31 11 0 23
3 20 16 24 9 17 32 25 8 30 22 0 14
10 29 27 15 31 15 32 33 30 15 20 0 50
6 25 15 16 23 15 14 21 10 20 13 0 29
2 28 29 30 24 21 24 14 10 32 31 0 10
3 21 7 7 11 16 7 26 25 24 32 0 12
10 16 31 24 9 24 12 17 27 22 21 0 50
4 26 7 12 33 17 11 12 13 31 9 0 19
5 11 9 14 22 30 31 29 29 28 19 0 23
7 29 18 26 25 27 12 32 9 13 32 0 33
9 17 9 7 18 12 13 11 30 20 14 0 42
3 25 9 12 19 32 21 22 29 14 26 0 13
3 9 33 17 25 15 29 21 12 9 27 0 12
5 23 20 10 27 31 16 24 31 28 25 0 22
4 10 25 8 14 29 21 21 14 18 25 0 17
10 10 8 25 10 31 27 11 17 13 33 0 48
9 19 20 23 28 25 23 33 28 17 11 0 45
6 33 21 32 28 31 32 9 25 21 19 0 30
4 33 21 29 13 18 25 15 19 17 27 0 18
7 8 14 30 15 27 11 17 25 32 7 0 31
6 28 15 22 9 22 28 10 24 14 13 0 26
6 24 22 8 15 18 32 19 9 9 7 0 30
7 13 12 7 7 7 14 30 19 21 30 0 34
5 10 10 10 33 22 33 27 32 24 11 0 21
7 15 10 12 23 32 25 13 20 21 26 0 32
4 28 13 26 21 29 15 9 26 31 29 0 16
9 22 17 17 33 17 28 29 13 26 15 0 43
6 22 11 15 29 31 17 12 18 19 32 0 26
10 17 23 33 30 15 32 10 21 19 27 0 49
4 10 15 27 21 24 15 8 26 10 10 0 19
7 26 25 26 32 32 22 29 15 7 29 0 35
6 18 12 10 33 16 33 14 20 30 13 0 27
2 33 26 28 15 29 32 24 9 12 14 0 10
5 28 20 28 32 30 21 32 23 21 13 0 24
3 33 21 8 33 23 28 21 29 18 11 0 15
9 10 16 21 8 32 9 25 33 25 32 0 45
6 14 16 13 28 30 29 27 30 9 33 0 28
9 17 14 24 8 20 12 33 10 33 19 0 42
6 24 33 10 25 16 25 8 27 33 8 0 28
8 15 18 12 8 32 7 11 19 17 9 0 40
5 28 17 17 14 10 13 17 30 28 18 0 23
8 9 27 8 11 30 26 14 17 29 29 0 36
5 30 7 11 15 11 32 32 21 22 10 0 23
3 10 7 18 31 27 21 26 8 19 23 0 14
10 11 16 21 19 16 30 13 7 26 12 0 47
9 9 16 10 23 32 7 9 32 25 29 0 42
9 25 29 15 26 13 11 21 21 8 12 0 44
5 32 30 23 16 19 15 19 31 30 16 0 21
9 20 9 19 27 28 12 17 8 9 27 0 42
4 7 20 12 9 15 21 16 14 26 17 0 16
3 16 11 9 16 15 7 11 24 15 24 0 15
7 8 12 31 26 31 26 14 16 28 23 0 33
5 27 22 33 28 11 22 25 12 23 15 0 25
4 27 22 26 33 16 8 24 14 12 32 0 18
6 18 33 31 33 22 18 32 28 11 12 0 28
6 10 33 9 23 7 15 19 23 27 30 0 26
9 22 22 20 10 27 21 11 25 11 32 0 44
4 10 17 15 27 26 18 33 22 28 32 0 19
4 29 18 11 22 19 33 32 31 32 20 0 16
6 32 25 17 24 24 13 31 15 15 23 0 26
8 27 14 22 32 20 11 15 9 25 23 0 38
8 22 22 27 15 16 8 18 32 19 29 0 36
10 23 7 9 24 22 10 27 31 16 24 0 47
3 28 25 19 21 24 10 8 17 25 17 0 14
7 11 20 23 15 16 12 17 8 22 16 0 33
7 9 20 24 7 20 31 15 8 23 7 0 31
8 30 18 22 24 30 26 18 26 19 32 0 37
5 30 19 21 20 29 25 27 27 30 26 0 22
7 19 20 21 12 9 11 8 8 21 11 0 31
4 23 17 32 13 14 29 24 19 33 14 0 20
5 20 31 9 12 7 28 33 23 26 33 0 21
5 18 15 32 29 28 16 33 21 27 8 0 24
5 30 32 12 32 20 33 14 25 17 11 0 22
8 8 15 23 13 20 17 27 32 24 26 0 38
7 20 32 28 17 18 23 24 8 30 22 0 33
3 21 27 21 32 15 24 13 15 17 24 0 11
7 33 25 26 21 23 34 33 20 20 22 0 33
7 26 26 16 24 31 25 32 11 20 26 0 31
9 9 32 17 17 15 15 10 16 19 27 0 41
10 16 29 26 31 12 9 29 29 21 32 0 49
9 15 28 19 7 10 14 17 27 28 31 0 45
6 14 11 18 18 26 17 21 8 18 18 0 26
5 8 17 33 27 30 16 12 25 23 34 0 21
3 12 30 20 13 10 33 23 27 16 33 0 14
8 19 9 24 18 8 18 32 12 25 19 0 37
8 28 24 29 29 12 31 13 19 22 18 0 40
8 17 33 27 7 30 29 28 8 8 28 0 37
7 31 21 16 25 10 24 8 12 26 31 0 31
4 24 26 13 26 28 33 19 27 12 24 0 19
3 7 24 27 16 28 17 12 21 9 10 0 13
8 10 9 20 26 30 25 14 16 19 29 0 40
7 24 25 12 23 24 22 13 26 24 17 0 32
7 31 12 23 23 29 26 24 17 24 16 0 31
3 16 21 34 13 26 31 11 12 26 24 0 13
6 14 21 21 17 15 30 10 17 31 28 0 26
9 14 16 10 25 23 11 33 24 28 9 0 45
8 17 29 22 17 29 15 31 24 28 15 0 37
8 16 8 27 17 21 20 22 17 19 29 0 36
8 28 11 24 7 11 8 15 15 13 7 0 39
7 11 11 23 32 26 26 27 13 30 18 0 32
7 14 26 14 16 27 12 17 28 22 24 0 34
8 29 9 21 8 33 25 16 26 15 18 0 37
6 33 28 12 20 22 32 11 10 25 25 0 27
3 24 29 25 10 18 29 28 24 18 13 0 11
7 22 30 11 30 33 20 32 12 24 16 0 35
8 11 24 11 11 16 11 21 9 9 15 0 40
3 15 13 16 32 19 32 25 17 12 21 0 11
9 8 30 16 7 22 14 17 25 31 17 0 43
8 8 16 20 30 21 31 12 25 25 8 0 39
7 25 11 21 24 12 16 23 13 24 17 0 32
3 23 13 13 17 11 10 7 26 15 16 0 15
6 29 7 16 10 16 20 22 12 19 11 0 27
10 33 26 27 27 31 8 30 16 8 18 0 48
10 14 33 27 15 13 30 27 8 31 11 0 47
5 29 27 11 26 17 26 30 19 22 30 0 24
4 15 11 28 17 28 16 24 28 31 14 0 20
7 30 33 32 14 10 17 9 9 13 12 0 32
9 22 15 34 18 21 20 33 30 31 10 0 41
10 32 12 13 27 24 21 31 20 11 15 0 47
6 8 29 18 8 32 24 17 19 33 9 0 30
4 28 14 10 23 18 27 22 32 19 27 0 17
5 24 27 30 32 31 13 28 13 8 33 0 23
4 25 30 14 32 29 19 19 17 20 25 0 16
3 8 9 25 12 22 17 30 31 23 9 0 15
10 17 15 11 8 16 33 21 15 31 31 0 47
4 25 22 10 30 7 15 25 13 8 30 0 17
5 16 33 24 18 16 19 13 28 25 29 0 22
6 31 28 30 22 18 8 20 14 8 30 0 29
4 9 29 29 13 10 22 26 16 29 31 0 18
3 28 17 7 33 18 29 8 21 23 16 0 14
4 22 31 10 14 17 17 23 11 21 28 0 18
7 9 20 9 26 31 32 28 23 18 13 0 34
9 19 31 13 28 10 9 12 25 17 9 0 44
6 30 10 20 15 10 30 22 28 11 33 0 27
6 34 12 24 25 33 15 22 8 9 19 0 28
7 32 11 25 20 32 16 28 32 32 16 0 33
4 15 15 17 33 12 29 14 17 20 18 0 17
8 17 33 8 12 7 22 26 21 24 31 0 37
10 25 24 27 18 28 27 22 18 17 29 0 46
6 23 9 15 21 31 15 15 30 13 9 0 28
6 19 11 16 17 33 12 21 15 10 7 0 30
10 13 13 33 16 16 10 30 28 10 12 0 50
7 10 27 20 27 9 22 14 21 9 19 0 31
6 8 13 32 24 28 15 23 16 23 13 0 29
7 15 33 28 9 13 29 30 23 32 24 0 32
3 10 29 33 12 19 30 24 12 27 10 0 11
7 12 31 13 25 25 8 28 25 29 17 0 33
7 31 31 7 21 24 21 33 26 17 23 0 31
7 27 12 10 29 13 11 12 14 31 33 0 33
8 19 21 18 23 12 18 16 28 25 15 0 40
8 8 22 12 14 24 20 20 18 30 9 0 40
9 13 15 10 12 14 30 9 17 25 29 0 41
9 29 12 21 24 22 17 27 18 20 12 0 42
6 18 25 23 24 22 15 17 10 29 10 0 26
7 23 19 11 24 9 23 22 17 23 33 0 35
5 29 27 17 24 27 14 31 15 14 27 0 25
2 8 24 18 15 11 12 11 17 13 19 0 10
5 33 25 27 24 9 20 20 19 18 32 0 25
3 23 21 31 30 14 22 17 33 28 32 0 13
3 12 8 28 22 28 29 18 17 30 12 0 14
10 22 20 10 14 27 29 27 12 25 29 0 46
8 29 23 32 13 23 24 23 13 15 34 0 38
6 11 24 12 20 12 22 30 10 28 25 0 26
8 8 24 32 19 19 31 23 13 16 32 0 38
9 30 12 12 8 21 31 27 16 28 19 0 44
6 27 25 28 22 30 29 12 16 9 13 0 29
3 20 24 29 10 15 16 7 30 8 12 0 15
3 30 12 12 31 8 21 7 15 21 31 0 15
10 32 33 12 23 16 12 33 23 24 21 0 50
9 10 21 8 30 15 9 19 31 30 11 0 44
9 22 19 16 14 32 18 24 10 25 7 0 45
7 11 16 20 19 16 13 29 7 23 23 0 34
6 20 18 10 10 29 31 31 13 29 20 0 27
4 28 9 13 28 20 31 7 18 29 30 0 16
9 25 14 26 28 10 18 33 30 19 23 0 42
4 23 11 25 32 16 15 7 9 20 29 0 19
10 27 7 24 25 31 14 22 17 24 17 0 48
4 9 30 14 9 10 12 28 10 9 33 0 19
3 13 24 9 10 26 23 30 27 16 15 0 11
9 12 24 28 10 12 33 23 22 26 31 0 42
5 11 31 27 13 26 25 31 8 15 15 0 21
5 28 23 21 11 27 31 28 17 11 11 0 24
7 17 19 20 8 27 12 9 7 8 22 0 31
4 23 9 23 24 24 25 26 30 29 32 0 20
7 33 12 11 16 10 28 33 31 19 28 0 31
8 28 26 12 33 10 33 16 9 20 18 0 39
8 32 26 32 18 13 27 10 14 15 24 0 39
7 18 8 29 19 17 30 18 29 22 9 0 33
3 33 31 16 18 10 13 24 29 30 13 0 15
10 11 7 21 22 23 12 16 31 21 28 0 46
6 13 33 12 20 16 29 15 32 26 28 0 29
7 28 25 22 9 29 28 25 24 9 18 0 31
7 26 9 30 26 28 9 16 20 14 21 0 33
9 10 8 9 13 22 14 29 14 22 20 0 42
4 16 13 13 30 17 21 14 16 10 8 0 17
10 29 18 19 11 18 15 16 17 24 30 0 50
6 13 24 30 11 23 15 33 29 19 13 0 26
8 25 20 19 22 19 19 33 14 25 29 0 36
8 17 29 7 15 24 20 16 16 7 12 0 39
7 28 26 31 18 14 26 12 22 30 11 0 32
9 7 22 14 24 14 18 25 16 17 32 0 44
3 19 15 9 24 15 32 23 17 12 8 0 15
10 21 21 17 12 8 23 30 11 18 24 0 49
8 9 24 30 19 21 11 19 12 22 17 0 39
6 16 26 26 25 10 12 32 29 19 26 0 27
3 30 12 17 14 9 17 13 22 14 10 0 14
3 26 16 21 20 24 17 32 22 28 23 0 13
9 11 33 32 18 11 31 19 32 33 22 0 41
10 28 28 19 28 7 33 24 33 7 15 0 47
5 20 15 13 8 20 18 31 13 20 12 0 22
5 18 9 8 23 27 25 32 20 23 33 0 25
3 14 24 14 10 31 18 33 33 28 18 0 15
6 33 8 30 24 8 23 31 31 11 31 0 27
5 21 12 16 16 8 25 30 31 22 18 0 23
5 32 15 19 14 10 23 16 18 29 21 0 25
9 31 33 26 18 19 20 27 30 14 16 0 44
9 17 18 26 20 10 20 19 10 18 17 0 41
3 21 29 18 10 31 10 29 24 26 19 0 14
4 25 17 30 30 11 26 32 17 32 25 0 20
10 33 26 32 30 26 14 28 21 11 19 0 49
7 11 19 33 32 25 31 25 25 20 26 0 34
3 12 27 14 7 10 11 13 11 30 11 0 14
3 21 9 16 33 28 18 13 14 17 20 0 11
8 16 11 24 16 11 29 8 17 26 14 0 38
6 29 23 23 21 13 30 24 25 28 10 0 27
8 27 14 16 24 30 24 32 17 13 12 0 37
6 33 14 10 11 27 17 11 8 14 30 0 29
10 20 31 10 16 23 19 33 31 21 26 0 48
6 16 25 17 12 20 15 14 13 10 9 0 26
7 21 27 31 33 30 13 30 17 29 21 0 31
3 25 10 31 9 23 10 11 17 24 14 0 14
10 21 31 22 15 22 11 20 33 33 13 0 48
10 20 28 14 18 7 10 9 23 28 26 0 46
8 17 12 14 26 10 26 32 30 28 31 0 40
10 28 14 20 8 32 17 22 18 27 21 0 49
10 25 22 20 16 10 29 20 29 28 19 0 47
8 13 9 10 23 10 9 7 7 16 26 0 36
8 8 26 19 24 24 32 7 28 26 17 0 39
9 13 28 23 22 14 24 16 24 19 25 0 45
3 30 17 18 15 7 19 25 26 27 30 0 13
6 12 7 13 21 22 10 26 33 32 22 0 30
4 18 8 14 18 8 10 29 23 16 13 0 18
10 30 14 33 16 16 25 16 10 30 25 0 49
4 10 23 12 15 27 12 9 11 27 11 0 18
3 31 7 17 8 10 19 22 15 32 27 0 13
4 21 15 21 16 24 27 7 21 24 17 0 20
6 17 34 26 9 31 10 17 28 26 17 0 30
10 28 15 12 32 33 19 24 28 22 32 0 48
6 7 13 27 12 31 11 29 17 19 12 0 30
4 17 27 25 15 23 18 16 9 23 25 0 17
10 23 18 28 32 32 26 18 12 24 10 0 46
7 13 7 22 32 32 16 19 9 30 31 0 31
9 20 10 15 30 7 28 33 27 26 19 0 43
9 17 23 30 11 13 18 24 21 24 19 0 41
9 22 15 18 20 11 14 9 17 11 13 0 43
9 31 17 26 34 28 13 21 9 25 33 0 41
7 23 25 10 28 27 23 8 29 18 26 0 35
7 22 9 7 25 19 29 33 19 11 14 0 35
8 21 10 7 10 10 26 25 20 24 27 0 36
5 14 28 8 34 9 14 16 12 20 29 0 21
2 27 14 19 17 10 25 27 28 7 10 0 10
5 14 11 23 31 9 29 10 27 29 13 0 21
10 33 22 33 28 27 7 11 14 8 24 0 50
10 20 12 28 32 20 30 30 8 14 29 0 50
7 15 20 17 17 19 21 28 24 26 33 0 35
9 32 17 14 12 30 25 32 18 16 14 0 44
4 32 18 18 26 10 33 28 33 15 26 0 17
7 20 14 20 22 27 13 11 8 21 13 0 33
7 22 8 8 15 25 13 24 33 11 25 0 32
9 30 11 17 23 20 29 17 25 16 30 0 43
8 10 30 31 20 19 11 19 33 16 18 0 37
10 11 14 7 16 22 23 13 9 13 22 0 49
8 29 26 11 33 17 28 12 28 19 23 0 36
3 19 14 33 16 24 23 31 30 26 9 0 13
6 13 33 33 28 29 32 22 14 21 7 0 27
5 29 18 11 33 13 13 28 7 10 31 0 23
8 19 15 18 14 26 16 24 31 30 8 0 36
6 18 22 32 23 18 11 17 12 26 8 0 27
3 33 25 33 26 9 18 9 12 23 17 0 12
4 12 9 32 20 9 11 30 31 21 15 0 16
9 24 31 30 17 11 33 17 20 10 10 0 45
4 23 17 20 26 21 30 24 10 16 12 0 20
9 17 17 11 16 26 15 30 17 27 13 0 43
4 25 27 24 13 29 10 18 30 21 9 0 20
9 7 28 16 33 25 27 21 17 12 7 0 41
3 8 17 7 9 30 8 7 17 29 19 0 12
4 18 24 16 8 7 23 19 30 13 18 0 19
6 7 16 11 14 33 23 30 25 27 9 0 30
5 16 21 9 17 28 22 18 18 23 7 0 22
6 26 31 28 25 17 8 8 32 26 19 0 27
2 16 19 26 24 17 9 14 24 11 31 0 10
5 23 22 12 26 11 19 22 10 14 11 0 22
9 29 21 16 33 9 32 24 18 15 9 0 44
2 7 21 31 7 19 23 14 21 21 13 0 10
4 21 31 33 14 22 9 30 24 30 25 0 19
6 28 23 16 29 10 10 25 16 23 13 0 28
5 25 31 16 15 33 9 32 29 14 22 0 21
6 8 7 23 9 26 8 26 25 33 20 0 27
10 9 26 19 16 26 14 13 9 8 15 0 46
10 23 15 19 19 30 32 26 14 23 26 0 48
3 29 29 11 21 10 10 29 13 24 26 0 12
10 9 7 22 31 24 17 14 23 16 21 0 50
4 9 17 15 7 14 9 10 33 26 30 0 20
7 23 11 24 32 16 15 23 24 22 23 0 34
4 10 15 29 15 8 11 21 20 19 21 0 19
10 18 29 17 20 30 16 17 20 30 27 0 48
6 32 13 24 18 11 29 21 27 21 17 0 26
3 11 15 8 21 14 18 21 21 17 11 0 13
5 16 24 31 14 26 23 13 14 19 27 0 25
9 14 8 31 21 7 24 32 17 29 17 0 43
10 27 33 29 8 20 8 9 13 19 32 0 49
10 25 22 8 25 28 19 20 23 30 18 0 48
9 32 10 30 9 15 20 23 30 28 8 0 42
3 12 29 24 31 14 30 18 17 31 22 0 12
10 9 8 32 31 10 33 24 26 17 8 0 48
6 15 29 20 20 30 30 25 18 8 31 0 29
7 12 33 30 11 19 12 9 28 9 7 0 34
6 24 9 9 19 11 19 21 28 15 26 0 27
8 33 12 9 27 33 21 18 23 15 27 0 40
9 19 9 23 22 9 9 19 22 12 9 0 44
4 28 13 13 25 20 27 11 12 10 30 0 17
3 33 23 10 32 20 11 21 14 14 13 0 13
4 13 25 27 28 12 31 25 14 9 19 0 17
8 18 11 10 24 17 11 32 15 19 30 0 39
9 32 9 14 13 33 23 33 19 31 14 0 41
4 28 30 13 17 10 25 17 31 13 13 0 16
6 24 10 20 27 20 32 22 15 18 22 0 28
7 21 14 27 19 25 13 7 17 11 30 0 32
3 8 15 10 24 30 33 8 9 32 17 0 13
4 26 14 12 8 11 26 7 17 15 11 0 17
5 21 10 19 24 16 8 31 17 33 9 0 25
8 15 11 32 12 25 20 25 28 17 18 0 37
4 12 15 22 16 21 15 31 15 25 20 0 18
9 23 16 14 18 23 24 32 11 23 33 0 42
9 7 7 12 11 32 15 8 27 33 14 0 42
6 33 32 32 33 22 21 13 27 13 22 0 30
7 14 23 24 9 20 12 30 27 28 11 0 31
3 10 13 26 10 26 32 33 25 16 11 0 15
5 17 30 30 19 21 33 8 29 30 17 0 23
7 27 30 14 29 32 17 28 33 14 9 0 32
3 26 28 27 29 13 30 14 31 7 18 0 14
7 20 33 13 20 23 23 32 7 25 20 0 34
4 25 16 28 23 12 19 16 25 22 17 0 20
8 12 32 28 10 16 23 9 7 10 8 0 36
7 14 21 32 17 28 32 31 15 16 22 0 35
6 24 14 15 21 33 7 15 20 24 9 0 29
7 32 31 24 26 25 16 15 8 8 25 0 31
7 21 10 26 15 17 28 25 19 8 8 0 31
6 19 27 7 22 22 28 28 10 21 18 0 28
3 31 7 9 21 25 19 13 15 21 30 0 13
10 29 27 7 27 25 11 26 28 21 32 0 48
4 9 14 22 25 11 28 14 21 32 26 0 16
7 28 18 16 19 12 17 11 22 33 23 0 31
6 25 33 18 23 31 17 14 15 8 23 0 29
3 18 10 17 20 21 18 31 33 32 31 0 14
3 13 27 17 16 10 30 31 10 23 7 0 11
4 30 18 13 30 13 31 23 15 21 30 0 19
7 19 15 25 24 12 15 23 32 20 21 0 32
10 21 29 28 30 15 21 31 24 9 11 0 50
2 13 24 30 24 16 25 7 29 30 16 0 10
6 15 8 32 23 19 11 28 28 23 26 0 29
4 23 14 15 28 26 18 33 19 33 20 0 18
10 19 29 13 29 28 10 8 33 24 14 0 47
6 8 12 14 23 16 27 11 11 7 12 0 26
4 25 13 7 9 23 12 17 19 8 24 0 20
4 33 9 21 17 14 32 24 8 15 16 0 20
9 10 15 11 27 17 16 10 23 18 31 0 41
6 10 26 33 18 33 29 18 7 13 20 0 30
7 22 33 13 7 25 30 30 29 33 17 0 33
5 19 22 30 11 11 18 32 13 19 22 0 22
4 20 14 25 22 33 22 7 25 20 15 0 20
5 23 30 19 24 13 18 26 8 30 30 0 22
3 17 30 30 13 25 19 29 20 18 31 0 12
6 14 27 31 15 19 22 26 19 33 32 0 27
5 8 27 28 29 16 7 13 16 18 16 0 23
8 10 12 11 23 14 33 10 16 25 13 0 38
2 27 23 26 32 20 28 7 21 11 12 0 10
7 32 27 26 12 15 9 15 32 29 28 0 31
10 19 18 17 27 8 8 29 30 20 10 0 48
5 12 19 26 14 24 33 23 13 32 32 0 22
3 13 19 9 31 10 19 18 12 9 15 0 15
8 31 32 29 14 28 20 15 31 13 13 0 36
4 27 10 22 23 22 11 12 23 9 26 0 20
7 10 22 20 24 30 23 28 12 25 28 0 31
9 20 8 7 9 19 19 23 24 22 20 0 45
5 10 25 21 26 11 9 22 24 31 11 0 24
7 23 16 24 20 32 30 33 12 20 30 0 34
8 21 19 24 19 21 32 33 17 22 19 0 37
4 32 16 24 11 20 20 13 22 20 28 0 16
10 20 24 23 26 12 26 26 22 29 26 0 47
5 9 8 19 20 19 27 17 30 22 8 0 23
5 28 13 21 9 15 25 30 8 8 22 0 24
6 31 25 16 20 28 33 13 9 11 29 0 28
3 9 14 18 11 8 23 29 16 19 15 0 13
8 30 17 11 27 24 14 23 22 26 31 0 37
10 12 28 7 20 27 24 30 12 32 22 0 46
6 32 24 30 20 8 11 14 31 13 13 0 30
6 20 21 15 21 29 7 24 28 23 28 0 28
4 19 8 17 25 13 11 31 25 13 32 0 16
10 11 10 18 18 19 30 17 10 26 30 0 50
6 13 12 26 18 17 12 31 27 15 18 0 27
6 18 16 21 28 13 15 12 8 19 11 0 30
10 22 27 19 17 14 16 25 11 30 13 0 50
7 33 7 27 14 15 16 13 21 32 25 0 31
4 27 18 21 8 11 11 16 12 11 32 0 16
7 25 30 7 29 11 30 14 16 28 18 0 35
4 23 21 14 11 24 18 30 15 12 13 0 20
3 31 22 13 12 18 29 13 20 17 24 0 15
3 33 8 11 10 19 22 27 32 15 7 0 15
4 17 23 33 13 31 15 15 9 20 13 0 20
5 26 30 30 21 26 27 32 17 15 23 0 21
3 27 26 8 29 33 21 25 29 31 13 0 14
3 27 17 22 33 17 33 17 12 29 22 0 12
3 16 29 28 12 27 26 13 25 11 12 0 15
4 17 23 19 12 22 15 13 33 7 21 0 20
4 19 20 16 33 8 10 9 24 22 26 0 18
7 19 15 27 23 10 29 21 26 11 11 0 34
5 31 14 20 13 24 31 32 10 19 32 0 21
3 12 25 14 31 8 32 9 16 24 27 0 12
6 32 31 29 26 24 24 30 31 9 27 0 26
4 29 21 13 23 32 9 16 12 27 28 0 17
10 10 23 17 9 11 31 33 9 23 7 0 49
3 13 14 17 10 25 8 8 9 18 9 0 14
8 10 23 12 25 18 16 22 31 12 28 0 36
4 23 25 26 17 32 15 12 23 27 13 0 16
8 20 21 10 23 15 11 23 10 18 20 0 36
5 16 32 18 31 23 22 13 12 16 12 0 24
7 21 11 28 7 24 20 16 25 17 20 0 34
6 32 11 15 30 11 21 16 28 22 19 0 28
5 22 7 30 28 16 27 29 16 31 23 0 22
9 13 16 19 9 7 22 13 11 24 15 0 45
4 28 16 32 23 27 10 25 32 13 19 0 16
5 28 21 15 22 13 17 25 15 9 18 0 23
7 10 17 22 10 17 27 31 8 14 26 0 31
10 18 30 16 7 16 31 7 14 11 26 0 47
10 31 14 29 26 19 23 8 31 13 15 0 49
9 30 19 14 12 30 25 9 12 21 12 0 44
5 12 26 27 20 22 25 11 26 10 24 0 22
3 29 16 28 11 17 13 25 11 15 19 0 13
6 18 16 21 22 22 15 23 16 31 14 0 29
5 25 15 31 20 23 25 24 11 27 24 0 23
6 27 20 21 29 31 23 27 15 23 29 0 29
5 8 25 29 15 25 11 23 31 27 9 0 22
8 15 21 32 23 20 31 11 8 29 22 0 38
7 14 8 14 12 16 18 8 29 25 33 0 32
7 16 12 18 12 14 19 11 25 13 14 0 31
9 11 16 13 20 10 32 9 22 27 17 0 41
7 14 9 31 30 15 17 28 11 23 29 0 31
4 30 12 31 8 11 17 12 24 32 25 0 16
10 33 20 8 28 32 32 24 25 23 21 0 48
10 17 12 26 22 20 17 27 19 17 33 0 46
5 23 19 11 16 11 7 15 26 21 13 0 22
5 12 30 21 26 13 21 7 26 14 29 0 21
8 12 18 16 22 12 12 32 23 8 13 0 38
10 23 19 30 10 18 13 33 7 25 15 0 47
10 16 24 13 30 33 22 22 11 12 30 0 46
3 28 15 8 31 21 21 7 9 8 19 0 13
9 8 23 32 31 25 15 7 7 25 31 0 41
10 17 23 7 23 12 20 26 29 8 26 0 48
10 33 19 15 12 12 7 22 8 7 14 0 46
7 27 26 15 25 24 30 14 24 32 12 0 33
9 22 12 33 12 7 11 23 19 26 8 0 45
6 11 17 31 17 20 32 33 23 11 32 0 27
8 20 19 31 12 14 9 27 27 29 26 0 40
7 21 18 14 19 31 27 21 18 25 20 0 31
5 17 15 11 20 27 18 31 16 13 10 0 22
7 9 11 32 21 10 7 11 32 14 25 0 34
7 25 16 25 32 28 23 17 21 26 19 0 34
8 30 17 28 8 21 24 15 16 15 11 0 40
8 17 16 29 12 23 8 15 33 20 13 0 38
6 9 30 28 33 28 22 9 32 8 17 0 30
6 28 13 18 18 17 14 8 9 21 11 0 29
5 27 10 30 24 9 30 18 20 12 32 0 23
10 32 27 14 11 33 7 28 19 29 10 0 50
5 28 19 13 15 20 7 29 26 27 20 0 24
6 11 17 8 9 21 23 33 14 19 16 0 29
10 10 29 17 11 23 8 26 28 15 16 0 46
5 29 9 8 16 16 24 23 13 33 13 0 22
10 27 22 12 16 23 18 29 15 22 27 0 48
9 16 28 8 27 19 22 25 27 28 9 0 45
8 20 7 15 12 21 32 11 22 29 34 0 40
9 10 31 26 22 29 25 19 21 21 27 0 41
3 24 24 13 14 29 22 10 16 34 30 0 11
3 24 18 32 11 26 12 24 16 16 10 0 15
4 30 25 17 7 25 19 16 20 9 8 0 18
4 17 8 18 14 25 16 8 12 23 30 0 17
6 17 18 28 23 24 8 32 11 22 30 0 29
3 21 27 11 26 7 23 33 26 24 15 0 14
9 19 10 10 24 29 29 22 28 30 8 0 43
5 7 16 14 10 17 15 28 21 27 33 0 25
8 12 8 15 31 13 23 15 28 25 22 0 40
10 18 16 15 33 30 32 28 32 33 15 0 49
8 32 7 32 14 22 25 10 22 18 8 0 39
8 11 32 9 24 10 28 24 15 22 12 0 38
2 31 17 13 15 28 9 30 15 9 8 0 10
8 20 29 13 32 22 33 32 10 29 7 0 37
3 31 13 15 20 11 30 24 15 18 26 0 12
6 16 25 9 31 30 30 20 16 23 13 0 29
6 14 24 30 19 30 30 17 16 28 28 0 27
3 16 10 16 28 17 16 7 7 29 11 0 12
5 29 26 19 23 29 32 24 33 31 15 0 22
6 22 10 24 10 11 26 22 22 31 28 0 27
7 32 21 7 27 14 14 15 27 18 25 0 32
6 33 20 23 14 28 18 24 9 17 32 0 26
10 25 11 25 33 17 28 25 27 11 25 0 47
6 9 28 21 16 20 9 19 12 7 20 0 27
8 19 8 9 19 9 9 20 15 15 31 0 37
8 22 24 27 10 21 31 26 20 22 11 0 36
8 18 21 15 33 9 17 10 20 13 18 0 39
4 27 29 8 22 16 33 7 29 13 32 0 18
10 17 33 22 24 16 29 30 12 21 17 0 47
7 11 12 16 25 17 24 30 17 26 24 0 33
8 30 8 30 31 25 23 11 33 15 7 0 36
8 33 25 32 28 25 10 32 12 22 10 0 36
9 11 23 25 33 23 17 18 20 26 21 0 44
10 18 20 26 18 17 15 20 23 30 30 0 48
7 18 12 20 30 17 29 7 21 26 28 0 35
3 17 22 18 32 10 7 29 33 11 18 0 12
8 22 33 15 14 23 11 14 21 24 7 0 40
6 29 28 14 16 9 31 23 18 19 14 0 29
5 14 10 20 7 16 27 7 13 15 28 0 23
6 9 11 8 19 14 14 27 21 31 24 0 27
3 14 32 15 31 20 30 23 22 31 24 0 14
6 29 7 23 21 24 19 20 20 26 14 0 29
8 16 23 29 25 12 7 10 24 13 25 0 38
4 29 30 8 9 23 22 10 29 16 18 0 17
3 27 9 23 21 33 13 17 30 8 18 0 15
4 18 7 33 32 18 20 11 25 7 26 0 17
7 20 11 21 20 11 11 29 22 11 13 0 33
9 29 15 20 30 20 13 23 10 21 17 0 45
3 24 22 17 22 18 12 32 18 8 10 0 13
9 30 20 21 12 24 20 8 31 19 14 0 45
9 27 23 31 18 32 26 10 18 23 13 0 43
6 12 22 25 11 10 9 31 32 8 18 0 29
6 15 10 31 30 29 13 19 23 33 16 0 29
9 24 23 7 9 23 14 20 23 32 30 0 41
9 23 14 13 30 13 17 18 8 34 33 0 43
9 11 13 11 16 27 25 8 24 31 15 0 45
9 13 23 11 24 9 11 23 29 26 28 0 44
5 14 20 30 22 18 24 22 20 28 18 0 21
7 18 13 26 22 29 14 18 12 13 14 0 34
7 15 24 23 11 11 29 17 11 14 12 0 35
8 26 33 7 25 32 11 27 16 26 13 0 38
9 14 17 18 27 8 13 15 23 29 11 0 45
10 11 16 31 29 22 13 16 20 21 20 0 49
5 13 8 8 14 13 18 21 30 20 19 0 21
10 25 9 32 29 10 16 12 22 28 29 0 50
7 16 13 10 16 15 11 7 17 18 12 0 32
6 30 32 27 7 10 22 11 7 15 23 0 30
5 22 9 24 19 32 23 11 15 26 23 0 23
10 8 17 27 19 15 17 15 19 8 12 0 47
7 25 32 18 29 17 19 7 28 21 9 0 31
10 13 20 25 22 7 17 8 30 25 29 0 46
6 20 17 31 31 33 26 20 25 15 11 0 28
6 21 14 15 13 27 8 25 23 27 9 0 28
8 27 17 10 7 18 33 28 17 23 23 0 37
9 22 18 10 17 27 20 10 33 15 9 0 41
5 29 19 14 31 29 31 9 21 23 13 0 21
5 25 24 24 20 28 12 20 29 9 32 0 22
10 7 7 12 8 27 8 8 28 9 32 0 49
4 9 19 10 12 29 11 12 22 28 12 0 18
6 16 27 9 25 8 22 15 22 32 18 0 26
7 12 12 14 10 29 29 26 20 23 8 0 31
6 17 7 9 31 22 26 29 20 11 25 0 30
4 19 20 21 29 25 25 28 9 10 9 0 17
7 21 7 8 12 29 23 16 22 9 26 0 32
4 14 19 9 24 23 33 24 19 9 30 0 19
7 28 29 30 22 29 10 15 9 14 11 0 35
6 11 25 31 21 11 9 32 25 28 18 0 30
4 17 18 23 31 14 17 7 30 19 13 0 17
9 31 24 24 16 10 30 17 7 19 32 0 41
6 17 13 17 16 9 31 11 10 14 20 0 28
9 16 15 24 32 16 7 10 19 26 14 0 42
4 21 18 29 33 28 22 19 13 9 9 0 20
6 9 19 31 27 11 28 29 21 10 27 0 30
6 10 8 27 27 7 26 25 32 24 24 0 29
4 9 13 32 30 19 32 17 22 8 11 0 17
4 15 18 10 21 23 19 25 20 17 15 0 17
3 14 13 15 11 8 29 7 16 26 8 0 14
8 9 19 30 26 11 25 7 17 16 24 0 36
8 24 21 24 11 15 28 25 16 11 26 0 39
2 29 13 8 8 26 7 24 31 31 18 0 10
6 19 21 14 7 13 11 13 13 20 11 0 28
10 32 29 13 24 13 17 10 12 22 13 0 49
3 32 27 32 12 7 33 31 14 11 28 0 11
9 22 21 26 31 27 29 23 28 31 27 0 44
10 17 26 11 8 8 21 12 23 20 28 0 47
9 26 30 32 15 28 12 10 33 11 19 0 41
9 10 11 25 21 10 7 20 21 10 24 0 42
5 22 10 28 25 20 30 12 21 30 18 0 24
7 8 27 22 19 20 25 22 27 10 30 0 31
7 21 33 33 22 12 10 25 21 33 9 0 34
9 9 23 7 32 32 33 24 10 20 29 0 41
3 18 23 27 22 8 17 10 14 29 17 0 15
5 10 18 16 16 31 12 30 23 30 26 0 22
9 26 23 20 18 24 23 25 33 25 15 0 45
3 33 10 17 12 25 24 15 27 29 11 0 15
10 32 30 13 18 28 22 17 17 28 33 0 46
10 27 8 27 19 30 10 29 9 33 26 0 50
8 32 8 32 21 28 10 11 17 20 19 0 38
7 17 31 30 7 32 9 26 19 16 21 0 35
6 8 24 13 14 32 25 14 28 12 21 0 27
10 11 22 25 27 26 25 31 17 26 17 0 46
9 22 11 19 7 32 19 28 27 26 12 0 43
6 21 9 7 29 18 16 19 14 10 12 0 28
8 19 7 8 12 31 16 17 29 8 21 0 38
3 16 17 28 32 27 17 20 11 13 20 0 12
9 19 14 32 27 10 9 32 23 26 7 0 41
6 25 32 30 10 7 22 33 10 30 24 0 26
10 10 25 13 26 21 25 16 27 26 19 0 47
3 12 33 11 23 27 28 23 15 14 16 0 13
4 10 22 20 30 18 10 30 23 10 12 0 18
6 28 33 27 12 23 15 18 32 18 24 0 27
3 30 27 25 32 12 23 10 33 14 33 0 14
5 18 29 7 30 22 26 10 11 33 23 0 25
2 32 16 10 24 16 30 19 25 24 23 0 10
4 18 27 14 11 21 26 29 15 14 19 0 17
9 13 32 21 12 9 8 14 14 31 28 0 41
9 27 16 25 19 10 9 8 18 31 8 0 41
9 16 12 19 27 19 33 9 11 11 18 0 44
4 33 25 33 10 17 21 23 12 11 25 0 19
6 22 16 22 11 11 20 14 28 11 21 0 28
10 15 21 7 8 25 9 11 14 8 12 0 46
6 14 21 14 31 10 19 30 29 12 28 0 26
3 24 17 12 28 11 11 9 29 25 26 0 14
10 20 14 18 23 19 26 29 23 8 30 0 50
5 21 15 29 31 8 13 18 22 33 21 0 23
7 33 28 8 27 27 19 31 15 15 32 0 31
6 17 8 24 15 23 12 28 12 21 33 0 27
7 20 24 18 7 14 24 16 14 29 17 0 31
9 30 21 11 28 27 11 25 24 7 22 0 45
8 10 25 21 30 18 30 8 15 8 11 0 36
8 24 30 12 30 28 29 15 7 25 27 0 39
4 7 10 31 29 33 12 29 30 21 11 0 18
9 20 9 24 29 18 19 21 9 15 27 0 41
8 10 17 30 14 22 25 16 16 18 17 0 38
3 23 32 21 9 26 33 29 20 22 16 0 14
4 8 14 23 26 23 27 24 25 18 8 0 18
3 17 29 23 15 13 18 11 9 11 11 0 12
9 29 20 15 33 31 10 21 20 31 14 0 44
4 15 12 10 17 7 28 18 26 23 13 0 19
2 12 17 28 10 19 29 17 14 24 9 0 10
7 9 8 19 23 16 19 15 23 23 7 0 35
9 29 33 18 7 24 13 26 33 11 31 0 43
4 16 8 20 23 13 33 10 23 10 11 0 18
5 16 11 25 21 27 12 16 22 32 14 0 22
10 18 18 30 17 13 16 16 21 27 25 0 50
3 13 23 8 19 32 33 24 16 26 13 0 13
10 19 32 26 29 33 32 32 17 7 17 0 46
3 31 10 25 22 32 30 22 22 24 11 0 12
3 16 32 25 27 27 7 29 16 12 21 0 11
6 11 20 22 20 19 11 25 14 16 25 0 28
6 15 28 30 27 24 30 17 7 17 12 0 30
3 24 8 23 14 22 28 27 21 30 9 0 11
6 22 29 24 17 18 9 9 15 33 10 0 28
4 21 24 17 24 21 15 16 28 24 25 0 17
8 13 10 13 28 16 23 28 19 16 24 0 36
7 25 12 9 11 21 15 18 8 17 29 0 32
6 30 9 27 11 25 19 26 24 21 27 0 27
8 11 32 10 8 12 19 32 21 30 8 0 39
10 10 15 13 19 12 10 18 21 11 23 0 50
5 21 12 29 14 26 22 23 14 23 26 0 22
10 27 11 18 18 20 22 10 13 21 13 0 49
9 32 31 10 22 29 20 19 22 11 9 0 44
3 9 21 15 25 13 31 20 19 17 23 0 11
8 17 9 8 24 18 12 30 8 8 26 0 36
10 12 18 12 22 8 7 17 16 23 18 0 46
4 22 18 20 26 12 33 31 23 17 32 0 18
10 27 23 17 30 22 33 12 18 14 33 0 47
5 10 11 30 23 18 16 33 31 13 23 0 22
4 29 18 32 28 21 25 16 29 10 16 0 18
4 30 10 17 25 33 32 22 16 27 22 0 20
5 18 29 23 20 13 12 16 7 17 30 0 24
9 20 18 27 29 18 29 18 16 13 25 0 45
9 8 20 16 26 12 21 7 30 12 19 0 43
3 17 14 17 9 28 17 12 23 12 7 0 12
4 17 28 30 30 22 14 13 18 14 19 0 17
9 24 33 11 28 15 32 27 31 29 25 0 44
6 32 24 27 12 24 31 10 22 12 16 0 27
4 9 20 31 15 33 10 32 18 30 11 0 19
3 10 22 17 18 20 27 14 32 21 11 0 12
9 9 32 25 7 18 8 11 32 12 21 0 43
9 26 16 16 17 20 9 16 13 21 27 0 42
5 14 29 22 29 30 22 16 24 29 10 0 25
10 22 28 19 25 20 18 14 29 32 31 0 46
8 30 21 33 26 29 10 22 18 26 12 0 39
6 12 23 26 27 31 9 32 28 13 9 0 26
3 7 24 30 16 13 7 23 27 21 17 0 15
10 29 13 23 11 22 15 20 19 28 10 0 46
8 11 19 23 22 25 13 19 17 26 24 0 40
6 27 15 25 9 9 19 18 21 23 27 0 29
6 28 27 17 23 7 29 14 17 19 14 0 28
7 12 21 14 14 29 22 17 30 10 19 0 35
6 29 33 16 28 17 27 24 18 27 30 0 27
7 31 24 33 18 28 17 17 13 27 30 0 34
7 29 8 10 20 30 14 11 23 12 20 0 34
3 31 14 8 9 8 30 15 25 24 17 0 14
3 30 27 30 33 11 18 15 30 28 22 0 14
8 7 19 18 29 22 19 22 21 26 16 0 38
3 10 22 15 13 17 28 26 24 16 19 0 11
3 12 14 13 19 13 30 33 21 14 10 0 12
9 15 30 28 8 28 27 13 19 32 16 0 45
3 9 26 15 12 25 33 24 26 15 27 0 11
10 19 16 13 24 27 25 12 21 17 27 0 46
9 13 16 11 29 8 24 19 8 22 27 0 45
9 21 12 12 20 25 8 32 15 11 26 0 41
10 19 8 23 18 24 8 9 21 11 18 0 46
6 29 20 13 33 25 26 7 16 24 22 0 30
3 23 14 30 23 8 20 16 32 14 26 0 12
7 22 18 9 28 27 25 15 16 26 33 0 35
3 33 18 22 26 23 16 7 10 29 27 0 14
6 28 8 13 19 14 27 16 22 17 33 0 27
7 28 7 14 17 18 16 23 7 19 11 0 33
6 7 20 31 20 20 12 29 33 13 20 0 29
4 17 8 12 30 32 33 8 26 26 19 0 18
3 28 15 26 16 31 33 26 14 10 14 0 12
5 22 22 26 8 15 27 11 30 18 11 0 25
6 27 23 17 17 13 31 24 11 19 20 0 28
3 21 11 20 27 27 31 9 21 12 34 0 12
2 12 24 10 17 29 12 21 22 14 10 0 10
4 20 9 33 18 16 28 11 21 18 29 0 16
5 9 30 29 28 13 9 14 31 22 23 0 22
8 23 10 13 27 26 25 33 34 28 11 0 39
6 25 11 9 11 21 7 28 11 28 33 0 26
6 13 7 7 7 15 22 26 19 23 19 0 30
9 26 12 24 7 23 25 12 26 28 33 0 44
3 19 21 27 19 14 17 15 18 21 14 0 11
6 28 31 24 7 29 9 7 24 11 19 0 29
9 26 33 10 26 9 23 13 23 33 26 0 42
9 11 29 17 28 14 27 11 24 17 29 0 45
7 15 9 31 33 17 28 11 24 14 24 0 33
10 31 23 34 12 19 29 29 20 21 21 0 47
6 27 9 10 21 15 15 25 20 11 17 0 29
9 30 12 14 9 20 30 9 28 11 22 0 42
4 9 33 19 13 15 29 14 20 15 16 0 18
6 28 21 16 20 33 24 32 10 33 26 0 29
3 10 19 10 12 8 19 25 10 18 27 0 14
8 33 8 23 30 27 16 28 20 32 20 0 37
9 19 31 7 8 19 14 18 20 27 22 0 44
10 17 31 18 9 23 14 25 26 14 13 0 46
3 19 31 30 14 17 17 33 27 32 19 0 12
5 32 25 15 8 12 8 25 22 22 29 0 21
6 13 22 12 27 28 14 16 14 30 22 0 27
6 25 7 20 30 18 17 24 20 8 22 0 26
8 10 16 7 30 8 8 14 14 11 26 0 39
6 16 10 11 18 31 8 10 9 16 24 0 29
9 28 29 26 28 9 11 29 12 21 28 0 43
4 23 16 32 11 27 19 33 17 15 11 0 20
7 19 33 21 32 11 21 21 17 29 24 0 31
6 10 8 15 31 16 24 18 20 15 32 0 28
4 31 19 27 13 17 14 29 7 12 17 0 20
5 20 25 23 24 7 28 16 13 31 23 0 25
3 32 8 24 33 21 14 11 20 25 27 0 15
7 18 32 21 27 28 10 8 22 9 9 0 34
7 20 11 29 33 21 30 27 11 16 22 0 32
10 33 11 28 24 23 25 18 25 33 11 0 46
7 33 12 24 19 32 23 7 17 22 17 0 33
5 28 19 19 25 18 12 22 12 25 12 0 21
7 17 21 21 8 25 24 22 27 28 24 0 35
3 17 16 15 21 28 14 23 22 20 7 0 14
6 32 31 33 21 22 32 29 14 32 9 0 26
10 7 23 13 19 26 16 33 29 16 9 0 50
9 25 12 28 8 30 32 23 32 19 28 0 45
6 10 31 29 24 16 31 16 11 7 10 0 28
4 31 11 25 33 16 31 9 15 31 22 0 16
8 20 10 29 26 9 24 31 16 24 14 0 37
6 27 31 13 29 14 26 18 7 28 7 0 29
9 22 20 12 11 20 11 8 31 24 25 0 45
9 33 20 22 12 11 19 32 24 20 20 0 41
10 7 14 20 21 19 33 18 22 20 20 0 46
10 33 25 7 30 13 9 13 14 28 13 0 47
4 12 12 13 10 10 28 14 27 12 21 0 20
6 28 8 31 13 28 27 33 8 14 19 0 28
4 33 29 8 25 24 29 25 30 12 26 0 18
3 13 15 15 29 15 31 9 31 15 22 0 15
9 16 32 24 24 17 18 15 33 21 27 0 45
6 28 31 30 11 25 17 27 18 25 21 0 27
6 12 32 27 29 14 33 23 10 20 27 0 29
10 9 8 11 10 33 8 24 21 33 33 0 48
7 33 7 8 13 20 13 20 12 17 32 0 33
3 13 23 26 17 27 25 9 23 24 8 0 14
5 32 22 17 31 10 15 10 12 30 32 0 24
3 25 29 15 19 33 10 18 15 19 21 0 14
7 28 20 18 14 29 31 32 10 32 16 0 31
9 24 30 17 7 10 8 16 32 28 29 0 41
10 10 14 26 25 25 18 10 23 22 31 0 47
3 10 11 21 13 16 12 20 32 23 21 0 15
6 13 8 22 25 17 32 12 31 32 22 0 29
6 26 31 11 11 16 23 10 24 7 14 0 28
4 7 8 11 17 26 11 18 14 12 23 0 19
10 8 27 15 28 18 16 18 32 32 31 0 50
7 13 18 26 8 31 22 31 14 11 7 0 33
3 12 8 11 10 16 9 15 10 26 16 0 14
6 10 11 10 17 24 33 21 23 28 11 0 28
3 15 30 14 10 14 19 17 19 10 11 0 11
9 8 24 25 29 11 21 26 14 27 30 0 43
9 19 12 9 8 16 8 12 22 32 9 0 44
10 27 22 11 21 32 15 10 19 33 18 0 46
4 21 27 30 25 12 15 30 28 9 31 0 16
4 16 8 20 9 12 25 15 14 32 27 0 20
9 13 18 31 12 27 23 15 16 28 21 0 44
9 23 18 28 21 7 25 29 16 30 22 0 44
6 25 33 30 12 21 22 17 17 29 20 0 29
8 31 18 15 24 29 24 20 9 21 18 0 37
4 27 10 25 12 28 27 21 10 20 15 0 16
3 15 28 25 15 31 18 26 13 16 21 0 14
7 19 33 10 31 19 33 16 32 14 22 0 33
3 23 22 11 19 19 11 16 32 29 17 0 13
4 16 24 14 15 30 26 29 27 29 15 0 19
7 21 26 23 20 8 19 14 15 21 28 0 32
2 8 9 20 21 16 33 19 29 13 25 0 10
7 9 25 15 20 8 8 7 8 19 21 0 32
4 8 10 15 10 27 7 15 15 13 31 0 19
10 30 10 31 26 9 24 23 18 23 16 0 46
9 7 18 18 13 26 25 10 25 33 26 0 45
10 27 28 28 25 32 31 21 20 10 15 0 46
9 10 11 18 14 25 19 8 27 21 7 0 44
9 10 23 18 9 21 19 10 10 28 21 0 41
9 24 31 15 24 8 16 12 26 23 24 0 45
7 33 13 33 11 29 26 15 13 32 8 0 34
5 20 30 26 12 20 29 24 17 19 29 0 23
3 11 21 14 8 26 31 24 20 23 25 0 12
6 11 25 13 12 32 8 28 31 8 19 0 29
7 21 33 21 13 24 30 12 21 20 33 0 35
4 29 30 17 8 18 29 12 19 26 25 0 17
7 25 15 15 24 10 27 33 21 19 12 0 33
10 12 28 10 23 8 30 31 12 18 8 0 50
4 16 7 28 14 10 32 8 31 14 27 0 20
4 28 25 7 25 20 16 24 12 18 8 0 16
5 23 32 8 23 18 19 26 11 7 9 0 25
5 29 14 26 25 16 22 8 31 25 13 0 21
8 15 32 20 13 29 10 16 32 21 24 0 38
4 26 13 30 22 15 19 7 21 12 30 0 16
4 20 30 22 16 14 29 7 17 32 13 0 16
4 22 25 19 16 21 11 9 28 25 27 0 19
4 29 19 19 21 14 27 25 32 15 9 0 16
7 21 9 33 17 27 9 20 24 33 12 0 32
3 8 11 13 10 14 20 30 12 12 13 0 11
7 18 31 12 27 28 8 19 12 14 10 0 32
9 15 13 12 17 23 10 23 15 17 33 0 44
5 29 33 21 27 28 9 25 33 22 28 0 24
3 11 18 32 23 26 27 8 8 21 30 0 11
6 19 23 20 18 7 22 15 20 29 14 0 30
9 23 25 27 13 9 29 20 21 28 22 0 41
5 29 18 27 32 17 11 25 16 8 30 0 24
6 24 23 21 21 7 33 24 14 29 7 0 29
8 11 15 15 21 21 26 23 22 21 20 0 39
5 30 12 7 23 7 21 21 19 25 20 0 22
6 32 22 11 18 29 21 20 14 28 27 0 28
5 19 11 10 11 8 22 20 7 30 27 0 22
9 14 27 19 16 27 8 15 32 28 19 0 43
10 17 22 10 14 17 30 10 31 16 20 0 50
5 34 9 14 18 31 30 26 7 11 24 0 25
7 33 19 10 29 15 13 13 31 15 33 0 34
6 33 25 20 20 12 25 15 12 23 21 0 26
3 21 24 33 31 16 15 21 32 12 20 0 12
4 8 29 9 14 9 26 9 23 25 18 0 18
8 27 8 24 17 12 21 33 15 18 11 0 39
10 19 34 21 24 24 21 11 13 22 20 0 48
7 20 29 24 11 8 12 30 8 18 21 0 31
9 31 8 11 22 13 8 20 17 16 32 0 43
6 20 8 19 22 10 25 33 28 15 28 0 27
3 32 33 27 14 9 14 10 15 11 24 0 14
9 29 24 31 19 32 21 30 16 21 25 0 41
9 30 20 9 11 33 11 27 28 32 17 0 42
2 17 30 24 25 15 17 9 17 32 13 0 10
5 12 14 15 21 27 22 29 26 22 16 0 24
10 26 8 12 23 21 27 25 15 19 21 0 47
10 10 19 25 32 23 7 13 21 11 29 0 50
4 16 26 14 21 27 19 21 12 27 32 0 18
8 15 14 12 15 25 27 17 29 20 33 0 38
10 19 30 14 19 19 15 21 25 32 30 0 47
5 32 13 16 18 31 26 26 29 18 17 0 25
10 27 11 30 16 25 23 26 13 11 22 0 47
7 24 10 30 18 31 9 11 23 31 18 0 32
10 28 8 27 12 32 19 17 29 29 21 0 49
9 30 32 30 18 10 13 13 10 26 22 0 45
9 32 27 26 34 11 21 24 15 14 19 0 42
7 7 27 22 25 9 31 17 23 27 27 0 32
8 7 15 27 30 21 29 17 17 14 16 0 39
3 31 8 12 26 13 9 15 7 26 19 0 11
8 28 17 33 12 15 7 9 20 14 29 0 40
6 26 12 32 8 28 12 11 14 13 14 0 27
7 10 27 7 8 24 9 30 15 26 21 0 35
4 8 26 13 30 7 13 18 28 17 18 0 20
4 9 11 28 7 27 11 23 19 23 24 0 19
8 8 18 32 26 28 24 16 33 22 17 0 40
7 11 22 16 26 32 31 12 26 31 29 0 33
6 13 23 14 16 11 22 20 21 11 30 0 30
10 30 27 28 7 27 11 32 14 20 27 0 50
7 11 15 17 18 31 26 15 30 11 17 0 35
7 8 12 18 18 24 31 30 29 24 17 0 35
3 32 14 33 33 30 21 23 11 22 33 0 13
4 24 15 22 33 14 17 29 24 12 8 0 17
5 9 32 21 31 28 31 14 18 19 29 0 24
6 31 20 18 24 26 14 12 17 8 19 0 26
3 12 27 12 13 15 16 7 28 7 12 0 12
3 23 19 8 29 27 14 31 12 25 28 0 12
4 14 9 13 21 24 29 27 10 29 19 0 16
5 33 26 28 25 22 15 18 14 8 14 0 21
4 22 12 14 22 13 10 13 10 19 27 0 17
4 10 27 8 18 15 27 25 27 15 22 0 19
7 26 23 11 26 33 21 23 19 18 31 0 32
3 24 8 23 32 16 31 9 9 14 11 0 11
7 21 16 33 24 24 16 22 31 27 15 0 33
10 12 21 10 23 9 9 13 32 24 18 0 49
7 13 9 33 15 12 21 21 13 9 20 0 35
6 14 24 23 21 30 26 27 22 25 33 0 27
4 18 13 23 16 32 17 23 15 14 32 0 19
2 24 33 13 13 10 19 21 31 9 32 0 10
9 12 29 23 13 29 17 7 21 31 16 0 41
2 21 33 27 15 17 29 11 20 13 30 0 10
9 32 19 22 23 13 27 16 8 19 15 0 43
6 8 18 15 19 15 30 23 10 25 25 0 26
10 11 16 12 32 25 29 17 30 9 33 0 46
3 12 15 27 25 8 26 24 22 9 22 0 15
7 27 16 20 12 17 11 29 19 31 13 0 34
8 29 32 27 31 9 23 23 27 14 29 0 37
8 16 32 31 20 27 11 28 22 16 19 0 36
9 20 32 17 17 19 18 14 26 13 15 0 42
4 15 26 14 32 24 32 24 33 33 23 0 16
8 21 26 17 21 21 22 7 8 28 28 0 36
6 32 17 29 14 31 9 22 19 19 25 0 29
5 26 31 33 10 19 12 31 23 29 22 0 23
10 30 22 31 33 20 10 22 10 29 30 0 49
4 16 21 33 25 22 12 21 29 32 19 0 20
8 31 8 9 16 14 23 25 25 22 29 0 38
4 16 19 13 19 10 10 29 28 33 33 0 18
7 16 12 23 12 29 24 11 17 28 18 0 34
10 20 10 15 30 28 13 21 14 31 20 0 46
10 25 14 32 28 32 20 8 32 13 17 0 48
9 7 29 21 30 12 9 33 14 20 25 0 41
7 18 23 23 13 12 21 24 32 9 11 0 34
8 7 13 23 21 24 15 12 9 27 25 0 36
6 29 32 33 22 19 11 22 12 8 8 0 29
7 15 10 19 19 17 20 27 18 21 10 0 35
8 26 30 13 14 23 12 20 14 19 10 0 37
7 23 30 27 13 10 25 12 11 30 26 0 35
9 9 10 28 14 20 30 21 19 7 25 0 44
8 33 30 30 20 14 14 28 11 29 10 0 39
6 8 11 22 19 8 29 11 29 12 17 0 29
10 29 29 18 18 19 22 31 33 18 22 0 48
6 10 27 10 18 31 32 21 20 25 21 0 26
9 7 12 25 33 20 19 20 9 16 14 0 41
5 11 13 12 19 26 21 33 27 12 17 0 22
10 7 11 16 24 31 20 9 11 12 12 0 49
4 28 33 17 13 13 28 12 7 29 27 0 17
10 16 15 22 16 26 30 12 12 20 9 0 50
6 24 30 15 12 19 26 20 12 21 20 0 26
3 30 32 12 20 13 22 25 8 20 16 0 14
10 11 33 29 10 9 28 10 17 14 17 0 46
4 22 7 10 9 13 9 14 15 9 13 0 17
4 9 11 15 29 28 16 8 33 7 13 0 16
10 13 25 14 24 15 29 8 17 28 8 0 46
3 21 32 27 17 15 22 17 12 21 17 0 11
6 15 28 30 9 19 29 32 16 17 32 0 29
10 31 33 30 8 21 17 19 25 28 26 0 48
5 18 27 33 30 32 18 19 11 8 29 0 25
8 26 28 32 31 24 30 17 8 11 28 0 38
5 11 31 10 16 12 16 31 21 7 22 0 24
9 18 33 12 21 22 19 28 22 17 15 0 44
9 25 12 17 12 30 27 21 24 26 20 0 44
5 24 13 20 8 29 26 10 23 20 7 0 21
4 23 26 27 21 8 29 25 14 23 33 0 16
6 24 9 13 12 20 16 29 7 26 27 0 26
6 7 23 21 24 16 10 20 22 9 26 0 26
6 28 23 25 23 16 17 28 24 23 18 0 30
8 20 30 21 27 32 32 33 20 26 33 0 40
7 8 13 32 19 13 29 17 27 29 29 0 35
6 19 10 8 11 10 15 22 29 15 13 0 29
3 8 21 9 14 8 16 23 32 28 29 0 15
6 28 7 32 8 18 24 23 14 13 14 0 27
10 32 22 10 28 16 23 7 7 33 25 0 47
5 20 28 21 21 20 33 18 15 7 30 0 25
7 17 9 13 11 13 21 10 31 11 12 0 34
5 15 15 8 24 31 28 21 22 31 12 0 21
6 21 28 31 30 22 15 30 25 8 19 0 27
3 11 26 24 12 26 33 29 9 9 14 0 14
10 9 32 29 7 12 29 30 21 29 8 0 47
10 21 32 15 25 25 21 21 23 15 22 0 50
10 11 24 25 7 10 17 33 29 24 21 0 46
6 23 23 18 24 11 28 24 7 9 32 0 30
9 22 27 17 17 33 20 21 12 11 23 0 43
4 18 11 8 10 27 28 18 9 20 14 0 20
8 18 18 26 12 28 10 27 24 8 23 0 38
5 11 30 10 18 14 10 32 23 25 12 0 21
6 9 12 22 21 22 26 22 12 18 13 0 27
8 22 12 24 8 32 7 33 25 18 29 0 37
7 33 25 30 25 17 12 14 15 24 7 0 35
8 31 10 23 29 15 23 27 8 19 15 0 37
221 231 196 218 134
129 162 215 237 299
110 140 202 239 298
127 150 217 249 294
106 176 192 237 283
140 176 185 223 260
137 166 214 239 282
134 179 213 234 272
139 148 184 242 269
115 166 212 244 299
128 153 206 260 289
111 151 205 239 298
122 158 197 241 272
125 160 194 255 277
111 142 185 254 263
126 164 201 224 277
125 159 205 225 272
116 151 201 223 287
117 164 212 241 291
107 158 183 234 271
127 173 189 247 299
131 140 205 228 271
110 158 194 220 270
116 157 187 232 300
114 152 204 223 288
126 179 215 256 274
112 156 184 230 287
128 145 189 248 274
111 157 197 260 273
128 148 199 243 263
126 141 182 223 290
140 151 199 245 280
115 140 199 225 272
129 179 216 256 263
125 165 216 223 300
109 150 199 250 281
139 177 185 238 296
120 156 183 233 288
113 155 189 230 268
112 149 212 220 260
131 165 207 257 268
140 160 215 235 284
107 150 202 238 276
123 146 205 223 265
109 177 188 257 293
103 142 203 242 295
112 150 205 245 270
102 145 206 220 280
112 177 181 225 298
126 165 203 244 273
135 170 182 227 273
137 142 194 246 295
134 152 216 256 273
126 140 212 235 297
140 170 182 239 300
121 165 216 230 290
138 160 219 241 290
110 164 181 249 274
134 146 184 254 281
135 180 193 254 262
110 146 207 223 266
129 156 202 227 276
102 170 210 228 289
140 172 216 249 281
104 161 215 258 267
125 144 182 227 293
107 179 199 226 277
137 149 203 241 277
100 146 211 239 293
134 167 210 253 299
138 172 193 226 261
106 142 204 255 275
107 170 202 235 291
135 159 214 240 291
135 162 184 228 289
116 163 188 241 263
137 154 184 235 282
119 142 184 231 277
137 153 187 251 264
105 175 193 234 278
139 144 202 230 276
107 157 195 226 281
132 170 219 249 295
110 143 187 244 281
140 140 195 233 277
118 170 209 251 276
125 172 216 249 284
119 171 191 259 288
112 180 184 252 299
137 153 209 245 284
140 149 220 229 292
112 146 204 258 280
134 170 205 227 294
106 153 182 227 265
104 153 220 223 284
114 166 195 258 273
105 158 206 251 285
129 154 197 259 285
130 151 187 256 299
125 147 194 225 283
106 170 190 230 281
117 163 183 259 293
139 144 210 236 261
110 174 203 221 267
113 171 187 258 266
123 176 213 224 263
103 168 212 225 288
101 163 204 255 266
115 164 192 252 289
111 144 188 248 267
100 163 210 224 297
113 144 197 233 280
129 157 203 255 266
127 160 200 224 260
118 149 188 255 283
129 170 202 246 262
128 161 183 244 265
102 140 201 246 271
107 141 181 256 275
132 166 181 243 281
102 145 181 254 277
118 175 181 255 279
121 152 218 251 276
109 172 184 255 263
100 156 209 225 283
109 147 203 226 279
122 148 199 258 280
120 175 219 250 273
129 162 190 253 295
112 177 190 246 273
111 165 194 239 297
132 149 182 249 271
138 152 197 238 289
107 171 219 239 287
133 160 194 245 278
123 155 210 232 290
119 166 206 260 268
112 179 182 225 296
122 151 190 249 278
103 153 186 258 296
127 148 210 223 264
135 163 202 220 299
110 149 202 228 260
138 160 204 244 295
101 170 189 231 274
131 159 217 235 287
140 165 214 235 266
124 155 185 247 298
127 155 196 228 274
134 179 202 254 292
128 174 211 226 267
125 150 200 233 265
113 149 190 256 293
115 158 202 253 294
120 157 180 224 284
112 172 213 240 299
109 159 218 241 261
106 153 205 253 297
110 173 211 242 277
129 151 182 241 286
105 141 188 246 274
118 145 211 244 264
119 158 217 230 272
112 152 205 226 280
109 147 204 230 283
139 151 204 242 300
106 159 219 260 292
103 180 183 222 280
123 154 189 244 284
138 166 180 250 263
109 158 192 240 281
136 157 202 231 297
116 170 189 226 276
107 166 187 220 273
120 170 210 224 273
133 143 220 220 279
114 171 214 242 290
110 148 194 252 295
109 166 199 254 273
124 167 212 256 293
111 171 194 222 272
116 172 193 250 283
134 162 201 248 278
119 140 180 229 284
118 170 220 245 271
109 162 212 238 293
136 142 187 239 293
140 153 214 253 264
112 157 197 225 281
130 142 209 236 293
106 177 192 226 290
104 153 219 224 266
103 171 219 250 298
133 144 199 256 291
102 145 207 223 264
129 180 182 246 296
103 142 183 237 285
124 155 220 243 270
107 141 219 237 274
122 153 183 229 261
126 140 193 260 262
118 148 220 231 299
138 156 193 227 296
123 169 188 244 281
138 165 194 246 265
108 178 211 221 285
131 173 207 258 286
103 157 220 252 278
111 153 195 233 267
133 150 193 231 277
116 178 199 256 296
109 176 196 249 296
116 140 212 222 286
115 169 204 245 284
115 168 184 232 275
140 150 195 255 273
103 144 183 243 287
132 160 203 226 277
122 175 219 232 292
100 147 190 226 277
125 150 186 221 275
126 151 206 243 290
126 179 204 225 262
112 152 213 234 298
138 179 200 238 277
125 173 214 220 276
104 159 182 255 272
124 150 180 256 288
128 180 208 243 289
109 169 191 250 278
131 146 193 231 289
107 151 193 247 264
118 172 208 246 264
116 142 209 226 268
134 159 193 249 293
104 179 208 233 266
107 143 220 251 278
128 146 199 259 284
111 168 208 229 299
138 142 191 251 298
134 143 182 260 266
103 148 213 246 276
123 172 186 224 278
100 163 188 253 284
111 179 191 253 267
132 171 195 238 263
131 161 181 242 260
110 155 199 225 266
122 172 199 244 296
121 165 207 234 279
107 170 217 229 272
109 146 215 225 260
134 176 199 244 293
117 161 200 251 291
131 149 186 224 295
101 153 202 220 267
100 177 198 256 262
117 146 196 223 268
109 140 212 238 288
117 174 209 260 281
100 153 189 257 281
116 171 183 245 282
104 149 219 250 265
118 171 212 243 262
111 145 213 234 276
103 148 186 241 284
121 175 196 256 298
136 176 187 245 278
117 171 207 224 261
127 155 191 252 300
114 180 189 221 300
135 141 211 260 270
102 167 187 238 292
107 173 181 238 264
116 173 182 225 265
125 158 206 255 261
134 143 196 229 268
103 160 199 253 294
127 150 181 256 274
121 155 213 239 260
138 149 199 259 286
123 169 219 224 280
134 172 216 246 279
140 149 187 233 282
110 144 208 253 278
115 165 219 228 283
134 158 194 242 269
116 156 209 254 272
125 157 196 236 271
103 166 217 242 260
124 157 193 258 273
102 147 217 259 299
122 146 198 258 278
113 164 214 251 260
100 161 219 232 266
138 148 209 257 265
133 173 204 256 273
109 147 219 243 274
121 148 200 249 272
129 140 210 223 261
134 179 189 233 260
105 153 215 226 280
106 141 197 244 269
102 143 208 232 268
133 159 196 254 269
105 165 213 224 281
135 172 197 244 294
127 164 182 241 286
124 172 215 243 290
125 151 190 235 291
131 179 213 260 277
112 163 207 225 291
111 154 202 234 265
126 149 218 239 271
127 168 181 254 262
122 180 209 221 292
108 160 213 250 277
106 145 202 230 265
130 155 189 243 277
131 142 216 236 287
111 175 213 245 283
108 155 200 247 269
106 176 203 253 298
133 163 203 252 291
119 140 214 228 290
115 158 193 243 270
123 166 193 229 275
118 172 214 223 295
140 146 184 224 286
140 155 210 248 294
106 147 180 227 296
107 162 201 253 285
108 172 215 228 296
129 145 198 249 280
134 162 194 259 268
134 175 203 245 292
111 141 198 255 260
112 167 190 222 271
125 167 204 255 264
112 150 198 233 289
140 175 200 258 262
108 140 201 249 294
113 162 212 233 276
103 142 183 248 267
116 161 218 238 297
113 144 188 227 279
109 146 187 247 272
130 167 183 235 267
112 174 217 231 264
108 150 216 222 281
110 142 194 255 273
135 172 213 260 299
139 153 197 236 262
120 143 212 226 283
138 174 207 222 269
108 150 188 256 293
138 147 220 233 294
111 166 218 228 289
136 159 186 233 288
101 174 216 235 290
110 177 181 248 278
128 166 208 247 300
121 160 219 229 297
115 157 210 236 273
105 140 214 230 292
104 172 216 240 271
129 174 204 225 299
127 150 215 232 294
107 179 198 234 283
139 161 192 220 281
139 140 216 257 275
113 178 218 228 269
134 156 187 256 289
139 167 186 228 297
123 175 215 257 265
109 142 215 260 261
138 162 203 254 280
104 163 191 259 266
104 178 202 256 260
118 157 208 233 276
107 171 205 222 268
138 148 194 245 296
139 154 209 228 263
131 169 186 229 267
134 155 190 246 267
101 158 194 260 274
112 168 196 251 283
100 165 208 248 279
124 143 180 243 294
100 143 201 252 290
108 150 188 245 291
124 179 185 252 272
131 154 193 249 282
123 149 217 249 293
118 177 208 237 270
131 173 211 237 287
111 171 198 256 282
133 151 199 241 279
112 159 192 241 271
114 161 214 255 284
127 149 217 238 265
113 161 205 260 266
103 160 220 255 260
137 166 191 234 282
105 162 186 244 293
102 140 202 229 284
125 157 192 255 261
114 169 203 224 288
128 177 210 237 277
124 163 182 229 298
119 148 189 224 283
129 169 209 259 290
128 177 182 231 278
122 155 198 231 269
127 145 182 255 271
140 166 215 233 291
118 168 187 224 289
103 145 188 255 299
119 168 198 236 266
134 173 194 226 282
121 168 206 255 280
123 180 220 259 295
128 144 209 241 284
124 157 198 226 273
126 173 191 243 270
114 141 181 246 286
110 175 213 221 292
108 163 201 227 275
119 167 192 227 285
112 174 209 256 292
139 166 193 244 286
108 156 193 247 290
115 161 215 245 296
115 165 189 257 286
117 152 209 226 287
140 165 206 237 267
105 150 208 259 272
114 178 219 239 277
101 176 205 242 280
124 160 207 252 273
116 178 199 249 264
129 146 203 251 268
112 169 192 228 267
122 157 218 227 274
123 166 204 231 296
132 156 212 229 293
114 164 182 248 282
139 141 215 220 292
127 164 219 233 280
128 140 197 260 263
131 173 189 237 295
122 178 214 257 264
111 154 212 237 291
110 162 204 240 271
122 141 187 237 278
114 159 185 231 299
139 175 189 225 274
110 177 188 243 287
139 151 204 257 282
105 155 201 247 271
129 142 204 251 300
102 166 188 245 264
107 176 211 231 272
136 177 200 222 273
118 142 214 232 276
138 140 181 223 273
129 140 209 249 265
123 160 214 233 282
112 174 218 238 287
137 148 212 228 278
127 143 212 236 298
122 175 218 235 283
127 167 206 229 294
105 179 215 235 260
119 173 189 260 278
115 140 218 236 298
130 171 188 235 271
105 147 183 244 296
101 168 204 258 272
136 140 209 240 285
109 157 217 255 300
121 173 220 254 271
118 169 214 243 279
118 148 198 247 272
103 164 215 220 269
115 166 204 246 263
105 167 186 238 287
129 174 188 239 286
139 164 181 238 295
131 161 181 228 279
134 144 197 256 281
138 155 196 240 290
122 140 207 222 271
135 158 196 255 281
121 144 181 226 270
110 150 205 230 279
135 173 185 226 284
111 163 196 257 271
117 175 188 252 263
138 170 211 245 268
107 145 214 233 270
109 174 210 256 294
106 155 180 250 281
140 171 209 225 268
118 162 183 233 288
111 142 204 246 269
119 165 197 236 266
121 146 190 220 265
105 167 194 223 289
114 169 215 243 276
108 153 208 240 295
119 163 210 250 269
123 171 214 233 295
114 161 201 233 291
134 154 195 240 267
137 175 197 259 279
102 156 187 229 286
140 173 197 255 268
105 163 189 235 272
120 180 205 257 297
135 142 204 233 262
112 179 199 233 290
123 171 195 245 290
102 175 199 255 260
134 169 202 221 260
134 148 218 235 262
100 149 199 230 294
133 144 191 243 272
108 160 216 250 282
112 175 218 237 278
118 158 187 223 295
105 180 184 258 297
126 165 191 222 277
119 149 193 252 290
130 156 181 225 298
135 143 190 260 268
137 150 191 221 300
115 172 209 231 289
101 145 213 228 297
114 152 194 235 273
113 166 202 259 294
137 177 210 257 285
138 180 187 228 298
119 168 193 223 273
128 164 206 235 262
130 166 211 223 275
115 172 192 252 297
133 164 182 253 276
123 148 186 233 280
124 155 215 243 285
106 170 220 247 285
134 151 208 253 285
124 162 207 238 291
134 173 216 255 291
124 140 213 247 276
138 167 207 240 282
119 144 190 220 289
100 151 202 228 263
139 153 211 232 286
121 163 189 249 264
134 153 217 235 284
102 165 219 241 294
130 160 203 260 271
120 166 210 222 285
116 158 219 253 288
129 164 197 254 266
129 172 190 241 265
140 151 186 231 288
118 144 184 240 275
122 146 182 249 295
135 159 205 242 298
139 167 218 227 268
100 176 200 247 295
114 174 201 248 272
115 174 213 220 271
110 175 201 249 265
102 171 187 251 293
134 177 213 258 298
123 140 218 259 299
100 145 186 249 265
125 165 213 250 260
111 149 212 237 264
107 142 218 254 289
118 164 205 250 286
125 159 185 245 272
124 179 187 245 266
120 169 183 258 277
105 146 189 257 288
100 150 196 252 268
117 154 208 243 261
124 164 214 226 290
121 149 191 241 295
115 153 202 249 288
102 180 207 246 296
134 153 180 255 272
100 161 215 251 299
132 141 184 247 296
129 152 180 224 263
101 141 208 235 268
119 159 213 238 282
107 153 219 239 285
121 171 188 258 294
111 168 203 254 277
123 180 190 220 289
109 162 195 245 273
123 176 220 236 281
134 146 190 234 287
135 158 185 242 283
121 165 216 227 299
129 150 216 255 294
108 172 220 245 297
124 180 194 253 275
128 168 190 226 278
121 164 218 232 275
136 163 214 227 277
121 164 186 222 292
129 151 216 241 297
111 155 203 250 292
105 160 210 258 293
118 150 215 224 279
139 146 184 260 265
105 156 184 240 299
106 152 182 248 285
118 141 214 232 286
116 171 201 252 268
103 154 207 234 292
105 147 194 256 270
102 172 218 224 261
117 147 215 255 275
100 155 202 240 274
112 180 213 233 266
105 172 203 224 270
119 164 203 239 268
101 180 205 238 270
114 165 182 236 263
115 161 214 247 263
138 149 185 260 292
102 173 205 232 286
119 176 191 259 292
120 180 182 260 281
102 172 209 220 300
106 160 182 225 299
136 171 216 238 282
122 141 192 258 283
115 142 180 225 274
136 164 184 249 270
102 149 214 239 267
108 141 204 256 290
104 161 219 249 288
129 148 203 230 291
126 172 190 255 272
121 166 192 256 276
115 148 190 242 260
101 154 205 228 281
114 158 202 220 297
120 167 204 231 282
108 174 191 234 282
134 159 193 251 281
115 169 195 242 284
110 172 208 241 300
138 174 195 254 294
113 155 218 230 279
139 158 216 248 270
132 179 212 222 282
137 176 192 220 274
118 177 186 246 290
115 161 194 224 298
132 166 183 225 296
102 156 197 228 277
121 149 215 228 276
139 160 209 252 279
139 146 200 228 300
121 163 208 259 262
102 154 198 250 297
124 163 195 244 266
123 155 185 251 271
138 152 203 223 269
124 171 218 253 266
131 147 213 243 290
121 154 211 240 263
109 153 217 234 280
107 162 185 228 281
133 145 204 257 286
100 156 198 254 296
131 163 192 255 297
117 143 212 258 282
103 155 220 227 274
106 162 216 232 300
110 159 195 227 291
138 158 206 253 267
106 151 193 221 282
134 157 185 252 300
116 152 183 258 262
109 142 215 252 262
122 149 205 221 267
117 151 194 248 276
140 174 187 251 289
134 145 185 225 281
126 178 216 239 291
129 159 198 230 280
132 180 215 229 287
127 150 204 252 274
135 178 215 253 285
104 171 220 245 279
114 153 188 235 288
102 147 191 245 293
114 157 203 226 275
107 169 193 232 276
117 158 209 221 283
140 142 193 243 270
125 173 182 236 288
118 176 180 239 299
114 140 199 258 263
107 166 192 254 297
126 166 187 223 269
108 159 211 221 292
138 145 216 243 261
122 172 188 231 260
135 143 198 256 274
115 175 187 223 296
125 157 182 236 270
130 166 196 225 290
112 153 199 251 283
117 167 188 254 294
119 144 186 228 269
101 165 187 248 286
136 167 213 236 293
124 175 185 225 278
104 142 212 225 291
125 154 202 248 292
107 150 208 232 285
117 152 206 260 267
100 168 197 251 284
130 166 211 241 295
120 177 190 229 288
135 162 191 240 273
118 180 191 251 291
117 159 185 235 293
132 176 208 238 285
123 146 186 222 297
117 151 197 234 273
110 156 209 231 277
136 146 199 241 279
117 174 190 227 288
113 176 219 246 295
138 164 212 232 272
112 163 210 236 296
125 159 204 234 288
110 153 191 243 296
101 148 190 240 294
124 177 198 224 269
104 158 201 221 287
107 164 193 234 274
103 150 191 246 267
139 146 188 259 292
114 154 200 229 279
121 163 216 256 269
123 155 219 233 287
116 178 193 247 288
124 142 219 260 290
130 179 207 244 262
130 151 181 239 291
131 174 192 256 300
133 157 191 225 280
133 150 215 246 291
119 168 187 258 298
122 172 181 260 298
128 171 200 220 269
128 158 181 252 271
126 164 186 251 285
108 149 191 260 293
119 144 214 258 285
130 147 218 223 260
118 154 186 223 296
111 168 193 249 289
130 171 184 260 285
104 156 220 235 274
120 177 186 242 268
131 168 186 229 275
114 173 184 253 297
137 159 207 235 280
126 171 198 256 260
122 178 186 222 260
129 173 217 225 297
104 175 210 241 290
120 143 204 247 293
112 162 198 250 277
130 171 185 253 281
125 140 198 257 268
104 148 189 234 286
112 143 212 244 260
129 152 191 259 264
127 145 208 243 275
125 179 218 239 267
131 159 219 246 276
114 158 194 236 280
127 142 183 233 289
139 180 181 229 270
103 158 182 245 265
131 140 216 256 286
133 147 193 240 271
127 166 206 220 295
139 141 192 243 277
138 160 201 243 286
122 152 194 234 266
134 168 184 220 272
121 165 214 230 267
124 154 197 260 277
121 180 182 242 295
133 140 185 231 286
108 148 220 236 269
131 166 220 226 263
126 141 207 255 300
109 179 190 237 277
109 141 192 221 282
129 180 201 254 279
139 141 215 253 272
104 180 182 237 283
110 169 186 258 279
137 170 214 232 271
125 150 200 242 262
115 144 202 237 286
137 158 210 224 272
122 161 189 229 267
122 171 204 247 284
107 171 212 230 280
125 165 200 238 276
113 168 192 259 290
100 144 198 235 287
125 176 214 236 260
123 166 205 222 270
121 143 182 245 277
125 158 196 248 289
133 170 204 220 281
121 146 194 230 260
117 153 184 233 269
135 143 199 242 291
111 168 218 229 297
113 175 197 242 267
131 144 198 223 275
123 166 190 244 260
131 170 180 251 290
108 158 192 254 298
108 180 218 235 272
115 165 187 241 268
101 140 216 245 295
124 169 214 233 273
134 145 193 241 277
139 167 213 235 267
131 174 217 241 274
138 157 220 249 289
135 151 186 222 271
138 161 192 230 298
111 162 186 236 267
134 173 205 236 280
113 180 183 245 264
115 146 208 255 297
131 161 204 233 296
121 159 198 250 280
130 153 183 237 296
136 169 218 237 284
103 161 213 250 260
105 148 211 252 261
102 163 190 249 286
125 163 202 260 287
110 175 189 226 295
120 156 200 224 270
122 180 220 230 300
134 151 192 258 262
116 173 216 254 297
114 171 212 255 296
122 180 182 234 290
135 160 180 227 273
101 172 194 246 283
134 179 190 260 286
105 174 190 233 261
105 161 215 241 272
116 156 204 253 264
138 151 195 228 279
139 148 206 255 293
114 166 196 232 300
101 145 206 228 268
111 180 185 231 276
116 166 192 252 272
138 156 218 251 294
130 141 217 223 300
116 147 220 260 284
119 178 192 254 284
132 157 209 232 280
138 175 205 237 295
112 171 194 238 271
108 179 193 223 261
116 166 220 244 292
135 172 184 226 282
133 144 205 231 283
128 167 204 260 289
112 157 193 242 266
135 171 210 259 284
128 148 220 258 276
116 170 203 228 260
107 169 214 230 276
135 150 198 239 295
136 165 197 234 261
133 178 203 241 300
125 147 194 233 291
118 170 210 245 288
107 159 191 225 295
107 143 188 254 273
109 153 207 253 281
122 148 191 237 287
100 146 192 244 269
108 161 193 260 284
122 158 204 224 268
137 152 199 244 271
101 160 196 229 282
108 177 185 234 262
127 163 217 234 291
102 177 214 253 281
140 175 206 248 277
108 173 210 241 281
121 152 195 256 281
130 177 189 234 262
121 171 193 232 266
140 160 217 242 265
139 153 182 244 292
138 148 183 248 294
110 151 197 240 268
140 148 199 223 265
117 150 188 231 294
119 159 207 239 261
102 141 181 220 283
127 174 211 231 283
131 154 195 234 270
117 167 198 243 270
100 146 213 228 292
126 176 211 250 278
112 150 201 257 272
112 175 216 241 284
107 148 218 259 284
134 158 202 239 277
138 151 183 256 274
110 146 209 239 295
130 153 195 241 276
129 161 192 238 270
110 177 189 260 289
127 151 181 240 290
103 160 219 229 266
133 159 187 257 278
112 177 197 247 265
137 143 201 258 263
114 158 199 220 291
100 153 194 233 272
109 173 208 235 288
138 173 185 241 269
118 146 207 234 293
122 172 202 229 293
126 149 216 259 269
132 180 189 227 264
112 149 202 234 287
130 144 217 225 271
114 143 189 256 296
102 157 192 236 295
132 146 191 244 274
132 164 199 231 275
132 146 181 240 262
132 168 197 247 275
134 169 211 224 260
112 142 187 225 265
105 157 205 227 278
136 147 204 230 289
132 154 207 252 274
140 160 196 236 281
120 176 210 256 274
112 170 185 257 298
116 160 219 256 292
123 154 187 247 300
138 172 213 228 275
103 176 202 227 297
131 156 182 226 270
130 141 216 237 292
118 157 194 251 300
136 166 212 255 282
103 165 194 223 295
135 176 185 253 281
113 153 208 224 285
110 170 200 232 293
117 141 216 224 276
101 160 211 237 282
129 147 198 221 271
124 175 193 245 264
137 172 194 223 285
111 177 192 251 266
113 166 213 223 268
134 165 187 233 268
133 155 205 222 263
121 160 209 249 277
129 178 196 249 291
120 144 203 238 261
116 174 191 236 295
126 156 203 242 273
129 178 204 236 272
6328 7946 10544 11623 14662
5287 6728 9705 11482 14315
4198 4958 7170 8227 9713
4141 6873 7497 9253 11048
6028 7577 7964 9599 11191
6857 8308 10709 11960 14110
3491 4662 5547 6094 7082
5568 5928 7369 9690 10771
3342 4822 6157 7086 8682
2695 3221 4335 5470 6080
2560 3481 4724 5507 6865
1715 2220 2767 3384 3819
6257 8008 9709 12760 13861
3226 4126 5374 7377 7638
1267 1648 2019 2250 2781
1507 1916 2469 2710 3275
5807 7558 10059 11160 14361
2230 3124 4037 4589 5540
2468 3643 4218 5392 6244
4198 5717 6246 8161 9878
5510 5888 8620 9586 11393
1437 2063 2531 2870 3521
1399 1892 2253 2794 3611
2515 3352 4497 4916 6347
2149 3051 3664 4362 4668
5383 7496 8841 11050 13787
5768 6533 8514 11170 12341
3337 4718 5919 7810 8201
2312 2672 3591 4384 4745
3914 4379 5651 6923 9001
3648 3934 5183 6380 7291
3457 4208 5980 6760 8171
4393 6094 7353 8714 8952
2632 3473 4545 4692 6311
3495 4808 6377 8010 9003
2232 2840 2969 3818 4747
5167 6716 7878 10029 12395
2945 4039 4923 5990 6979
5495 7309 10398 10790 12751
2496 3143 3942 4893 5102
4908 5608 7534 8235 9951
2896 4058 5463 6436 7463
1238 1468 2060 2240 2661
2623 4256 4521 6178 7043
1552 2138 3054 3640 4436
5047 6758 9234 11035 12161
2863 4068 5778 6170 7851
4711 7443 7611 9460 12527
3535 4628 5693 6842 7655
5408 6809 7289 9090 10931
3159 3274 4471 5668 6796
4831 5480 7785 9226 9838
2905 3228 4885 5415 6842
1968 2388 2557 3356 4211
5694 7763 10161 10820 13641
5803 6728 9207 10132 12190
4847 7225 7973 10966 12067
2822 3074 3873 5344 5912
5677 7569 8115 10678 11014
1767 2344 3322 3578 4267
1943 2348 3039 3415 4151
3373 5619 6939 7534 9548
3507 4308 5409 6235 7035
1879 2906 3879 4654 4816
3508 4040 5105 6366 8215
2789 4663 5183 5886 7213
6036 6564 8941 10614 12199
1907 2782 4019 4551 5578
2151 2680 3369 4058 4795
3596 4481 5027 5886 6797
4035 5404 7761 9701 10461
3859 6128 7281 8470 10487
6352 7481 10067 11290 13688
1898 2276 2585 3202 4057
3835 5388 6213 7963 8690
4255 4782 5713 7295 8753
4411 5262 6817 8557 10260
3022 3374 4123 5532 5819
3262 5434 5992 7264 8629
2788 2888 4049 4610 5531
2254 3305 4104 4756 5912
3175 4088 5265 5986 7090
2427 3154 4123 5378 6193
5328 5328 7419 8864 10537
3901 5618 6906 8293 9118
1382 1900 2385 2749 3134
3934 5651 6312 8557 9515
3479 5589 5713 7822 9280
5625 6281 8578 10055 11655
6868 7309 10789 11231 14319
5047 6578 9189 11620 12611
3491 4428 5339 5911 7655
2233 3222 3831 4777 5576
1463 2150 3090 3132 3987
4225 6150 7224 9556 10112
4207 6328 8249 10050 11411
4780 5706 7298 9593 10556
4037 4689 5806 7946 9280
2383 2801 3695 4285 5388
1385 2219 2479 3000 3664
4687 6528 7329 10370 11731
4456 4616 6730 7562 8363
3417 5403 6302 6861 8288
1476 2232 2440 3364 3469
3205 4585 5547 5834 6848
4642 7569 9549 10135 12971
3744 6039 7557 9445 9853
4147 5912 6921 9082 10415
4336 5624 7341 9683 10424
3207 5224 6729 7178 9515
3849 4904 6707 7932 9531
4780 5817 7520 9445 9852
3437 4329 5409 6058 7031
1305 1647 2077 2815 3124
4522 5958 7079 8620 9180
5128 6448 7329 9770 10611
1129 1548 2221 2717 2992
4608 6071 7792 11019 11836
5156 6482 7068 9487 10970
3271 4648 5801 8139 8875
1777 2634 2724 3835 4196
3274 4112 5895 6787 7463
5239 8265 8841 12250 12635
4707 7340 9833 10585 13312
2623 3536 4882 5434 6707
2447 2968 3989 5170 5611
3847 5608 7017 8010 8746
5296 6650 7799 10383 12106
5271 8328 8939 11572 12842
3337 4958 5829 7180 8921
2252 2541 3103 4243 4618
3182 3504 4540 5484 6658
1719 2744 3513 3834 4603
2003 2408 2919 3685 4181
5788 7293 9879 10914 13641
2030 2830 3511 4430 4566
2471 3947 4013 4960 6523
3545 4387 5519 7231 8073
1861 2762 3357 4654 5339
1786 2080 2950 3132 3707
2438 2942 3645 3969 5393
3747 5074 6878 7762 8851
6079 7048 8985 10746 12991
2734 4599 5112 6247 7409
3675 4460 6085 6590 8047
4628 5453 7071 7765 8788
2115 2643 3154 4209 5077
4707 5743 7261 8446 10149
6171 8242 9301 11694 13442
3591 4881 5917 6338 7486
3758 4508 6009 7000 7961
5657 7458 9509 12810 14661
3572 4906 6271 7853 9125
3487 4561 5229 6506 8247
3591 5512 6825 7690 9579
1206 1757 2408 2661 2882
3505 5057 6774 8359 9812
3417 5371 6550 7512 8598
4265 4991 6015 7963 9449
4207 5648 7529 9851 10971
4727 5808 8450 9770 10571
4886 6486 8907 9440 11163
4711 6392 8620 9502 11771
2841 3830 5314 5990 7369
4872 5293 7149 8480 10511
2657 3983 5484 6510 7311
1037 1809 1839 2230 2811
3082 3858 4734 6110 7111
1802 2166 2349 3260 3430
1533 2220 2697 3370 3945
6264 7230 9301 10636 13673
4415 6469 7191 8598 10499
2789 4325 4871 5730 7109
4567 6469 7989 8522 10385
5860 6300 9690 9690 12287
3313 4967 6215 7028 8421
1657 2228 2919 3790 4436
1642 2498 2994 3820 4106
6207 8358 10609 12810 14661
4891 7533 8545 9778 11979
5227 7748 8694 11260 12746
4563 5516 6843 8442 9463
3221 3788 4869 6193 7679
1895 2728 3529 3930 4346
4585 6812 8913 10006 12317
2592 2706 3562 4551 5578
6728 7352 10281 12154 12682
2135 2991 3752 4285 5350
1437 1570 2308 2606 3234
4459 7443 8073 9502 12191
2191 3221 4609 4714 5597
2478 4112 5265 6010 7163
4130 4472 6178 7946 9032
2047 2908 4150 4470 5291
4006 5588 5651 7636 9187
4024 5546 7146 9253 11126
4843 6053 8590 9487 10540
3538 4661 7237 7831 9053
1838 2304 2754 3445 3926
5804 6448 8887 11971 12063
3429 4300 6389 6709 8682
4286 4844 5992 7047 9187
4066 5585 6213 8062 9284
5804 6938 8157 10342 11140
1843 3035 3596 3767 4856
6557 8658 10359 12910 14310
2685 4090 5730 6562 7239
4003 5516 7029 8398 9623
5195 5858 7536 9019 10814
3719 5704 6377 8202 9483
4803 7752 8633 10966 13035
1747 2108 3190 3340 4301
5642 8289 10005 12015 13927
4492 6561 7185 9058 10736
3788 4058 5274 6895 7382
1449 2024 2571 3412 4029
1724 2088 2648 2948 3612
5009 7183 8988 9522 11983
4707 6917 8940 10632 13030
2758 3308 4101 4872 6061
3157 3783 5159 6085 7261
1897 2694 3069 3385 3940
3031 4112 5760 6328 8057
3182 4125 4609 5484 6381
3132 4334 5359 5510 6911
4583 7004 8017 11231 11979
5091 6158 7389 10506 11819
1799 2528 2921 3412 4056
2187 3389 3829 5010 5571
6427 7162 9466 11329 14172
3645 5142 6571 8409 8987
1659 2417 2921 3454 3706
1283 1570 2309 2496 2959
5099 6050 7343 9472 11145
2815 4842 5625 6301 7193
3966 5299 8150 9297 10297
3719 4242 5780 7521 8247
5335 8072 9993 11002 14363
3596 3700 4975 6536 7759
4162 4441 5651 8071 8257
1449 2080 2992 3454 3875
5911 8265 8937 10762 13355
4607 7506 8657 11648 13075
4447 7169 7649 10130 10691
6476 8388 9564 11672 12897
6165 7576 8516 11384 12231
3967 5589 7174 8110 9587
4765 6716 7770 9526 11555
5452 7433 9324 10540 12566
1398 2219 2831 2987 3547
3277 4388 6460 6760 7811
2419 3176 3591 4402 5285
5740 7897 9809 12309 14270
2366 2690 3357 4042 5321
1320 1998 2636 2870 3482
2007 3549 3969 5130 5251
3518 4388 5890 6700 8051
5239 6728 10186 11434 13835
3517 5228 6279 7810 8440
1707 2609 3222 4380 4788
5343 7875 8427 11280 12983
3231 4627 6799 7760 8226
5081 7361 9125 10459 11276
4558 5953 8743 9604 11327
4436 6372 8007 10373 12223
4968 7183 8045 10506 12229
4768 6168 6554 8585 9741
4102 5994 7255 7850 9146
4579 5588 6885 9082 10811
2401 3789 3978 4651 6311
1358 1418 2119 2610 2710
2149 3516 3936 5008 6143
5357 8659 9059 11910 13211
5807 8659 9109 11260 13261
4382 5538 7219 8935 9145
5904 6300 8633 10086 11803
1758 2728 3392 4311 5009
4199 4958 5982 8458 9053
3879 4968 6826 7658 8331
5942 6415 8566 11147 12309
4558 6261 8112 8298 10371
6573 8436 10593 12064 13681
5048 5372 6741 8398 10163
1437 1880 2713 3299 3625
3112 4463 5923 6166 7652
3090 3642 4471 5576 6198
4183 5624 7533 9154 9803
3382 4247 5301 6382 7328
1243 2001 2614 2914 3131
1991 2520 3097 4138 4379
4597 6623 9774 11665 13466
2447 2928 3969 5170 5571
4866 7060 9211 10803 11190
2007 3228 4390 4650 5331
5666 6076 8578 10547 10875
1603 2084 2457 3082 3286
2078 2801 4171 4627 5217
3637 4448 6009 7480 8171
2846 3088 4630 4916 5753
3626 4842 5112 6301 7030
1057 1538 2160 2270 2811
2339 3110 4344 5379 5929
4495 6300 9162 10218 11803
1338 1598 1969 2550 2700
2002 3143 4057 4266 5350
3787 4824 5525 6842 8243
2674 3452 3831 5071 6017
3355 4652 5814 6571 7841
5757 6954 8749 10820 13397
6295 8600 10233 12490 13306
1351 1964 2493 2710 3503
5557 7708 10110 11710 13261
2527 2988 4370 4790 5431
4325 5721 6163 8646 8919
2325 3429 3980 4208 5559
5191 7688 10233 12010 13307
2763 3778 5262 5990 6901
1698 2023 2466 3169 3612
3282 3558 5409 5910 7186
4780 7533 9168 10545 12180
5299 7603 9809 12113 13192
5095 8456 9753 12154 14315
5593 6854 8535 10594 12233
1435 1688 2578 2746 3491
5527 7592 9273 11674 12971
3574 4823 5606 6651 7986
4019 5856 7285 7591 10041
3788 3950 4977 6058 7733
5607 6208 8409 9930 11771
4671 6476 7929 9998 13036
1826 2762 3426 4311 4856
1411 2244 2804 2974 3859
2200 2473 3375 4243 4771
5234 6326 7575 10111 10462
5501 7183 8332 10055 11983
1783 2264 3177 4091 4171
3143 4685 5329 6226 7599
4007 5352 6537 8170 8458
1463 1958 2583 3039 3768
2388 2983 3409 4396 4464
2707 3508 5034 6235 7361
4188 6002 7853 8631 10223
1861 2564 3303 4475 4817
4879 6770 9165 10006 12485
4753 6056 7905 9544 11729
3277 4388 5619 7421 8171
4038 5186 5682 7295 8288
1687 2619 3265 3475 3971
2491 3458 4978 5116 6474
3527 4552 6217 8171 8747
1897 2416 2991 3650 4196
4734 5210 6707 8034 8919
2407 2868 4250 4530 5671
4976 6273 7461 8002 9694
3787 5258 6589 8970 10266
4010 4271 6389 6767 8537
3448 5154 6767 7078 8970
4224 4937 5775 7233 8939
2835 4880 6057 6590 8131
1437 2310 2362 3234 3625
6151 7976 9993 11866 14411
1943 2568 3513 3674 4763
3572 4875 6519 7326 8474
3052 4068 6216 6680 8479
1463 2417 3034 3370 3805
1426 1922 2253 2484 3300
2420 2858 4094 4418 5597
3431 5737 6345 7498 9067
6958 8058 9609 11010 14061
1398 1408 2169 2580 2760
3284 5171 6332 6622 7812
2419 2816 3375 4618 5213
6541 7857 8751 10726 13970
3205 4558 5599 6692 6900
2187 2848 4310 5211 5231
2767 3248 4069 5090 5610
4271 6691 7840 10630 10917
3127 5349 6069 7690 7810
3901 5189 6873 7699 9119
2361 3771 4520 4894 5907
2768 2968 3889 4910 5931
3066 3396 4607 5026 5797
1580 2037 2241 2758 3215
3626 4193 5139 6652 7220
2330 3642 4471 5991 6313
4263 6392 7457 9548 10765
1007 1658 2089 2490 2801
3851 4441 5589 7543 9125
4807 6872 9657 12106 13931
2383 3308 4145 5400 6413
1867 2694 2784 3790 4091
4723 5552 6957 8974 10163
2467 2988 4349 4990 5871
3665 5496 6457 7357 8381
5902 7793 9504 10675 12926
2671 4112 4761 6154 6779
4530 5142 6775 8204 9497
4151 5891 7113 8927 10038
1831 2584 3433 4090 4555
5976 7011 10209 11196 12466
2606 3711 4724 5990 6128
2479 3848 5290 6130 6250
3844 4656 5357 6562 7907
1372 2114 2427 3182 3820
3781 5188 7484 8483 10519
5757 7230 8841 11740 12017
3427 5079 6099 6730 8651
3591 4964 5889 6646 7766
1991 2616 2921 3674 4779
5957 7408 9459 11210 14161
3490 4571 5652 7003 7840
3847 5319 5469 6940 8351
6107 7758 9909 11560 13461
3945 4503 5651 7916 8412
2247 2664 3449 3737 4667
4137 5889 6554 7850 10126
2067 2908 3769 5110 5991
1792 2529 2979 3550 4001
2018 2604 2919 3400 4241
2427 3368 4129 5110 5610
2590 3788 4629 5449 6205
1799 2024 2935 3384 3987
1496 1892 2385 2722 3287
1897 2604 2874 3655 4061
2287 2828 3629 4930 5731
1987 3159 3843 3988 5267
3679 5551 6843 7728 9361
2506 3516 4041 4777 5996
1351 2096 2517 3082 3515
3622 4324 5027 6354 7447
1843 2660 3290 4209 4941
5642 7897 10544 12015 14515
1617 2318 2655 3608 4015
4219 5480 7533 8146 10343
2248 2648 3305 3802 4282
3787 5408 7497 9334 9803
2743 4280 5265 5746 6658
3441 5993 6979 8238 9531
3479 4488 5805 7066 7655
2559 3925 4387 5488 5818
5813 6578 9144 11305 12071
1799 2713 3081 3658 4283
2813 3619 5024 5231 6313
3820 5154 6333 7171 9187
6211 7340 9973 10773 13782
5593 8044 8927 12162 13829
6124 6212 9469 9690 12859
2801 3616 4827 5136 6171
1672 1828 2570 3391 3430
3806 5025 5490 6883 8566
2813 4102 4931 5921 6082
3226 4474 6157 6883 8450
2427 3572 4497 5290 5973
4644 5366 7115 9016 10575
3655 5096 5929 7402 9579
4317 5434 5868 6985 8505
4517 7266 7717 9973 11778
4317 4689 6333 7977 8752
1687 2488 3225 3962 4347
6199 6824 9801 12058 14411
4699 7645 8657 11280 12155
2361 3881 4651 5092 5995
2864 3726 4209 4672 5744
4491 5404 8142 8826 10499
6494 6588 8516 10491 12842
5942 6448 9623 11464 12201
1606 2088 2791 3039 3677
4599 7142 8947 9768 11778
6584 7112 10185 10954 13355
5849 6586 9761 10866 13719
4033 5783 7203 7765 9350
5722 7523 9279 10315 13241
2842 4842 5815 6355 7030
4767 6928 7569 10410 11131
3572 4348 6768 7326 9249
2868 3771 4145 5180 5973
3577 5006 6231 8306 10075
3441 5720 6945 8782 9259
5448 5608 8369 9610 11411
4149 5974 8255 9700 11411
3637 5198 6609 7630 8140
3429 4909 6215 7057 8102
2721 3412 4563 5691 6267
5157 8209 10760 11010 13461
2767 3992 4905 5914 6323
3052 4852 5403 6912 8334
5941 8012 8657 11004 13167
3066 3616 3991 5246 6501
6296 7736 8697 10954 13403
6038 6488 8874 11530 12656
5528 6208 7849 9610 11611
5010 5748 8497 9112 11122
1492 1746 2165 2815 3102
1823 2168 2724 3400 4061
1987 2708 3700 4150 5033
2303 2950 3154 3852 4839
3226 4735 5693 7463 7870
1645 2459 2641 3538 3693
5942 7318 9082 10545 11534
2682 3633 5360 5835 6761
4367 6968 8409 10250 11771
5201 7603 8829 12261 13780
5468 6677 8160 8785 10462
4491 6164 6963 8864 10955
1117 1428 2050 2470 2701
4410 6114 7298 8742 9853
1460 1760 2289 2650 3191
3052 4852 5635 6477 8392
3085 4571 5814 6571 7463
1303 1844 2505 2890 3551
2625 3594 4629 5510 5928
3328 4625 5787 6301 7976
3655 5160 6441 7466 9323
3492 4012 5079 6250 6953
6446 8233 9268 12183 13123
2761 4221 5058 6193 7733
5188 6409 7298 9445 9926
3787 5877 6813 8470 9803
4687 7028 8004 10033 11594
2438 2564 3681 4204 4727
5271 8422 9362 10961 13641
4066 5651 6444 8095 9581
3679 6309 7173 9190 9371
4832 6093 7281 7966 9371
5904 6520 9602 10350 11538
4807 7160 9561 11050 14123
4663 5048 6694 8515 9531
1303 1928 2601 3010 3395
4487 7008 8729 9490 11131
3429 4590 5432 6477 8566
2422 4149 4241 5944 6842
3410 4464 5166 6004 7490
1673 2094 2711 3538 4071
3778 4532 5258 6535 8653
5138 5442 7229 9890 10195
2337 2558 3256 3767 5111
1732 2588 3144 3475 4346
1724 2473 3631 3886 5060
3769 5024 6411 7765 9020
5092 7478 9099 11665 13241
1788 2309 2739 3351 3715
6218 8109 8424 10270 13421
5124 7233 8308 9599 11750
3719 4764 5983 6825 7609
3777 4822 6128 6477 7986
4722 7060 7881 10342 12188
5727 7060 7835 10889 11879
5543 6668 8379 10495 12611
5463 6828 9469 10702 12551
2233 3578 4629 5197 5996
4563 5142 7081 8612 9701
4347 5678 7254 8340 10196
5099 6582 8217 9700 11068
5587 6308 9594 11125 12431
6769 8191 10152 11770 13828
2506 3032 3999 4630 6080
5007 7559 10110 11410 13161
4456 4904 6761 7434 9163
3637 4898 5679 7480 7931
3089 3527 5000 5415 6543
4801 7763 10302 11337 13829
4037 4968 6302 8070 8411
5527 7644 9669 10222 13121
3255 4432 6141 7094 8075
3619 4600 5525 7122 7458
4781 6373 7039 8927 9816
5748 6199 7635 9481 11819
2485 3032 3873 5050 5786
2691 3220 4013 5488 6501
6622 7799 10054 11868 14613
2510 3014 3933 4096 4834
2607 4585 5209 6432 7681
3541 5403 6240 7698 8443
3457 5229 6400 6610 8141
1877 2984 3426 4243 4516
3271 5481 5993 8042 9387
2553 3371 4056 4912 5672
4312 4908 7639 9075 10476
3007 4358 5589 7481 7961
2132 2813 3630 4260 4430
4558 6117 8702 9727 10835
3003 3984 6113 7122 8103
4963 6896 8619 10510 12023
2507 3188 3709 4910 5451
3727 5379 5619 7360 7991
3487 4909 5316 7492 8044
1792 2490 3222 4380 4907
1707 2558 3341 4295 4567
1645 2164 2922 3412 3665
4471 5912 7713 8146 10451
4726 5819 7458 9409 11516
1157 1538 2029 2500 2891
2863 5049 5805 6898 8299
6574 7505 8829 12505 13339
1106 1779 2374 2771 3300
5816 6212 8105 10878 13035
6071 7152 8469 10538 12372
4148 5789 8538 9645 10999
5005 6686 8955 10006 11855
2575 3680 5266 5746 6851
3758 5309 5837 8008 9125
3781 5720 6911 8646 9429
5050 7389 7799 9030 11860
1642 2438 2934 3685 4106
2713 3880 4849 5202 6192
6038 6578 8559 10540 12926
2033 2378 2784 3640 4256
5573 7598 9945 10452 13765
6457 7508 10809 12760 14711
4111 6544 8369 9320 11297
4347 6309 6799 8865 9635
3464 4545 5139 6112 7517
5573 7552 10037 10682 12661
5856 7017 9211 9771 11922
3395 4600 5217 6226 8187
4909 5746 8217 9168 11297
1339 1868 2445 3010 3515
4312 6568 8619 10588 12024
3075 3908 5600 5834 7265
6541 6870 8657 12230 12466
1372 2036 2401 3130 3898
1915 2744 3285 4474 5141
3193 3815 5788 6274 7733
1631 2402 2823 3538 3762
2582 3858 5184 5860 7311
1057 1478 1949 2571 2711
1741 2933 3716 3818 4448
4804 6035 8824 10465 11286
4107 6363 8292 9850 11245
4935 7929 9381 10262 11714
2002 3277 3866 4266 5141
3339 4600 5693 6702 7515
4653 8289 9439 10958 12431
2971 4299 4741 6146 6849
1617 2262 3005 3468 3692
6908 7458 9259 13010 14611
2353 3988 4724 5346 6589
3696 5464 5930 8039 9063
3247 4869 4923 7030 7598
3169 5341 6488 6830 9311
4777 7209 8199 10135 13466
4903 6164 7785 8578 10162
4765 5507 7497 10072 11048
2078 2564 3249 4060 4943
5584 6732 7553 10219 11081
3883 5670 8142 9092 10157
1519 1982 2865 3594 4071
1879 2906 3951 4492 5195
1555 1784 2445 2770 3503
5551 7576 8369 11230 11978
2306 3162 3657 4874 5255
1157 1488 1909 2431 2611
3542 5398 7185 7990 9846
4909 6802 8695 9470 12782
2167 3014 3681 4168 5087
2383 3837 4211 5158 6215
6707 7958 9659 12560 14061
1502 2205 2544 3156 3703
5067 7920 9577 11096 13811
1663 2096 2349 3058 3538
1250 1713 2408 2540 3080
3900 4432 6057 6954 7570
3967 5379 6369 6669 8471
1515 1945 2121 2430 3025
3311 4965 5217 6898 8131
1962 2745 3307 3818 5077
4760 5984 6597 8110 10667
3271 5001 6313 7306 8875
3274 4031 5815 6166 7463
5428 6248 8160 9838 10891
6958 7308 10009 11410 15011
2669 3594 4585 5708 5774
5005 7554 9711 12260 14564
5463 7180 8589 10746 11715
1360 1713 2044 2771 2992
4976 5480 7317 8038 9695
5711 7874 10037 11648 12246
2365 2654 3843 4384 5231
5694 7246 9927 11290 12372
2405 3374 4784 5158 6171
1933 2925 3339 4114 5069
2667 2908 4089 5150 5731
2407 3752 4761 6106 7115
5902 7343 8649 11485 13376
5038 6157 9125 11104 12137
1243 1868 2650 2734 3299
1809 2762 3681 3954 5111
4847 7004 8589 9998 12815
3734 4274 5571 6841 7219
2021 2877 3676 4209 5369
1615 1892 2229 3034 3611
4995 6544 7878 11105 11277
4585 5972 9040 10594 11015
3058 3733 5135 5535 6686
5389 6954 8933 11418 12707
5467 6794 7302 9799 11282
3492 3778 4819 5860 7317
1897 2678 3249 3595 4375
5942 7322 9117 10590 12891
5287 7208 8609 9169 11490
3690 4358 5925 7318 7957
3787 4992 6029 7094 7990
3647 5993 7709 8585 9776
3085 4139 5085 6355 7787
3475 5006 6503 8340 9973
3883 5346 6911 7694 9361
1505 2375 2711 3258 3875
1645 2220 2935 3104 3973
5328 5404 7343 9244 10271
1382 1912 2011 2606 3179
1423 2121 2169 2878 3599
5137 6308 8964 11621 11846
1184 1834 2121 2804 3278
5804 7645 8611 10268 12385
4867 7163 9505 9955 13151
5666 5953 8866 9973 10711
5619 7921 8657 10636 11971
4058 4298 5949 7690 8231
1387 2109 2253 2686 3563
4383 5503 6379 8270 9461
1827 2332 2753 3160 4071
3031 4139 5382 6787 7652
3868 5519 6213 8392 9713
3459 4184 5403 6622 7812
1825 2979 3375 4474 5159
1639 2012 2565 2842 3527
3107 4384 4634 5635 6961
2919 3984 5946 6310 8159
1507 1856 2433 2986 3515
1077 1508 2090 2330 2861
1879 2440 3305 4170 4283
2207 3704 4343 5532 6259
5077 6482 8238 9409 11516
3127 4611 4949 5964 7499
4058 4868 5739 7210 8201
5199 7929 8413 11054 12815
1294 1757 2044 2595 3234
3835 5112 6041 6912 8275
5174 6140 7821 9334 12485
5272 6803 8874 10540 12296
3637 5156 6907 7633 9152
6400 6870 9362 11337 13124
3400 5055 5519 6593 8363
4753 7400 9207 10342 12401
2492 2960 3825 4186 4906
3255 4735 6099 6854 8595
1757 2234 2865 3286 4043
4077 5669 7076 9001 10963
4451 6520 8369 10570 12947
5711 8151 9117 10314 12385
1255 1904 2421 2662 3455
2254 3453 4062 4924 5765
2788 4058 5166 6653 7220
3622 3804 4897 6744 7603
4453 6014 7809 8941 10892
3516 4735 6273 7434 7811
5296 6673 9426 10029 12352
2327 3569 3869 4950 5771
3851 4410 6798 8070 9001
3647 5021 5805 6842 7346
2608 3028 3629 4790 5831
3282 4358 4809 6410 7511
2003 2363 2874 3385 4211
4529 5108 7319 8374 9905
3815 5384 5993 8266 9547
5619 7920 8335 11970 13719
4232 5652 6609 7270 8888
2696 3326 3810 5302 5702
4417 5748 6519 8795 9986
1519 2094 2683 3650 4113
3101 3752 5573 6718 7421
6508 7358 10910 11160 13011
5317 6938 8379 10045 13331
3115 4712 5413 6982 8103
2087 2744 2953 4170 4571
3855 5780 8150 8705 10149
3487 5142 5403 7028 7783
5903 7569 8379 10315 12386
4681 7101 7553 10383 12188
6310 7322 9531 10820 12891
5929 8045 9315 12042 12230
2448 3569 3729 4450 5211
3619 4852 6085 6309 8327
1879 3158 3789 4348 5231
1807 2153 3069 3715 4406
5047 7298 8919 11260 12476
3517 4625 5004 6841 7598
3632 4068 5751 7463 7783
4999 7112 9081 11242 13739
3703 4727 7006 8062 8591
1814 2136 2683 3636 3707
3055 3488 5001 5842 6611
1757 2515 3061 3356 3748
4068 4937 6798 7636 8566
4681 6486 7963 9686 11491
5977 6682 8610 10961 13594
2093 2709 2724 3445 4061
2994 4591 5287 7116 7696
3675 3928 6057 7178 8019
2535 2801 3676 4570 5160
6357 8308 10309 11009 14761
4595 4661 6345 8029 9152
1940 2248 2823 3412 4015
3424 4264 5441 6562 7459
1482 1857 2033 2430 3003
5210 7103 9212 9900 11492
5463 6784 8677 11450 12199
5573 8289 8381 11142 13581
2136 2248 2969 3706 4587
2167 2968 4410 4730 5391
5771 7312 9690 9954 11582
5551 6212 9117 11230 13211
3168 5200 5519 6883 8044
4040 5225 7114 8187 10445
2071 2888 3225 4074 4474
1954 1982 3019 3552 3818
3439 5949 6015 7831 9350
1437 2205 2427 3364 3638
2611 3238 4075 4418 5159
4008 4808 6409 7754 8395
1157 1448 2029 2380 2871
4392 5064 6729 7178 8715
2326 3068 3600 4361 5084
5619 7874 9393 11372 13075
4822 7704 9549 10360 12611
5757 7598 9209 10958 12707
4979 7400 8457 11406 12771
4107 5912 8127 9645 11778
5632 7929 9639 10630 11710
4189 5653 6979 7558 9191
2790 3297 4195 5645 6382
1507 1904 2361 2986 3479
3865 4938 5925 6390 8160
4243 5118 6800 8060 9111
1996 2609 3137 3971 4584
4463 4727 6576 7996 9614
5557 8408 10909 11460 14861
2267 3509 3949 4850 5351
2104 2312 3177 3578 4411
3082 4159 4759 6110 6511
2758 3578 3789 5281 6101
4111 6012 7305 9662 11335
1735 2889 3497 3770 4363
1847 2649 3001 3866 4299
1926 2668 4114 4665 5616
1991 2712 3433 3738 4379
4296 4648 6185 7722 8875
1537 1845 2352 2595 2947
4199 5576 6953 7722 8778
6079 6916 9689 10966 12726
3248 3632 4473 5338 6515
1526 1779 2121 2540 3289
3337 4869 5589 7090 8021
5501 7101 8414 9686 11491
2719 4329 4401 5890 6347
3342 4242 6041 7405 8624
5116 6287 7965 9097 11555
2669 3506 4365 5510 6171
3648 4292 5133 6646 8299
2999 3726 4805 5224 6258
4436 6931 9169 10760 11191
5257 7408 10560 12610 13061
2557 4083 4759 6235 7161
4257 5550 6877 8850 9769
2867 4559 4923 5886 7681
1447 1880 2409 2698 3251
2203 3248 3969 4149 5411
5234 5897 7497 10072 10228
5575 8312 10377 12202 14267
3541 5309 6581 7915 9187
5253 7749 7835 10072 12481
3653 4328 4869 6139 7382
1421 2417 2725 3454 3973
5501 7347 7799 10670 11736
4417 7317 7989 9796 10973
1057 1618 2160 2420 2731
2791 3752 4905 6082 6347
6494 7105 9174 10726 13124
6957 7408 10309 12760 14661
2059 2996 3537 4186 5411
3845 5518 7838 8674 10195
5224 8469 8704 10867 12983
2907 4158 4809 6310 6811
6493 7340 10255 11807 13828
4167 4520 6953 7146 9611
5691 7211 10789 12750 13927
5362 8018 8649 11440 12791
5551 6602 8787 9754 11771
4423 5608 6569 7594 9451
4375 6678 7575 9292 10580
1195 1978 2132 2463 2882
4647 6648 8809 9770 11691
3653 4653 4977 6112 7625
4663 5048 7184 8095 9916
2567 3348 4089 5210 5790
2135 2991 3676 4608 5065
5407 6848 8409 10370 11370
4231 4892 7269 8524 9118
3487 5109 6099 6850 7811
5357 8459 10710 11510 13811
4733 5258 6939 8375 10336
4768 5783 6904 8200 9146
1736 2322 2648 3143 3911
2132 2507 3307 3971 4958
2839 4088 5049 5890 6923
2789 4142 4975 5860 7681
1291 1724 2265 3059 3287
1315 1844 2493 3046 3383
1959 2376 3065 3802 4603
2107 3074 4041 5135 5660
1843 2745 3290 4430 4839
2325 3010 3885 4266 5103
4392 4872 6377 7818 8683
1118 1769 2165 2529 3113
3571 5850 6114 7732 8657
6230 7995 10642 11476 14270
3577 6203 7499 8865 9846
3787 4733 5571 6706 7489
2059 3295 3999 4589 5350
1217 1528 1959 2570 2821
5338 7266 7758 9604 10753
1217 1719 1939 2330 2671
6028 6888 9340 10416 11405
3622 3986 4741 6354 7603
6356 6816 8427 11418 13535
1657 2273 2964 3610 4031
4768 5040 6775 7592 9021
4336 5558 6965 8557 10889
4291 5732 7461 8614 9407
4291 5930 7611 9250 11898
2039 2792 3385 3706 4539
4724 5552 7029 8434 9731
3400 4851 5751 7057 7841
2307 3366 4909 5254 6727
6181 8632 10348 12260 13632
2247 3008 4029 5150 5451
4263 6658 8217 9168 10803
1933 2672 3933 4672 5123
4564 5380 6877 8136 9429
6356 6954 8427 11786 12615
5287 7016 10041 11482 14171
5338 6281 8004 9891 11327
4394 5482 6537 8102 9191
3967 6380 6813 9370 10415
3691 4387 5258 6970 8421
3612 5608 7675 8025 9321
4928 5891 6928 9519 10297
3927 6204 6904 8655 9286
6036 6300 8853 11362 11582
4453 6170 7770 8590 11360
2907 4445 5635 6767 7899
5239 8312 9993 11290 13835
3596 4507 4819 6276 7005
4845 5994 8496 9604 12024
2691 3792 4453 5048 6457
6181 7309 10593 12701 13191
2252 3069 3222 3869 4499
5607 7458 10109 11710 14361
3388 3752 5652 5860 7057
1603 2010 2655 3594 4155
4699 7230 8841 10866 13581
2252 2490 3256 4158 4669
2120 2632 3193 3706 4411
6080 6724 8335 11050 12063
1459 1856 2176 2727 3036
3894 4910 6128 6506 7550
5383 6824 8986 10810 12731
2632 3933 5135 5685 6961
5176 5594 7761 8750 10993
3175 3704 4977 6058 6586
6168 7048 8633 10394 12375
5287 7752 9249 11274 12066
2359 3578 3894 5407 6269
1863 2568 3513 4106 4683
3205 4012 4871 6432 7811
3596 4480 5547 5938 7160
3097 5289 6069 6820 8921
5248 6248 7289 9050 10811
4557 4943 7569 8305 10231
3429 4561 5635 7289 8711
2047 2498 3189 3835 4240
2788 4464 5247 6031 7976
6352 8280 8704 11901 13218
2832 3833 5210 5610 7136
3747 5788 6809 7898 9973
2464 2969 4546 4714 5807
2734 4328 5707 6409 7625
1814 2066 2781 3104 3805
5835 8234 9080 11525 12418
6858 8608 9709 11160 14261
5113 8151 8841 11556 12247
3397 4989 6400 6700 8051
5770 7104 8050 10029 11535
2668 3108 4110 4450 5271
4605 6088 7951 9472 10537
2716 3746 4125 5239 6122
3247 3896 5491 6436 7058
4299 6447 7076 8742 10926
4417 5468 7114 8480 9566
4780 6595 7557 8742 10074
