1000 10 5
3 175 45 190 88 100 89 118 105 161 44 0 15
10 45 186 157 195 145 171 63 107 106 117 0 50
7 132 97 61 161 53 142 151 187 74 148 0 33
2 91 116 95 161 81 107 185 100 130 142 0 10
9 89 83 150 97 102 142 177 108 151 122 0 41
4 40 172 71 72 128 153 47 150 59 165 0 18
10 62 57 127 143 47 147 124 193 83 94 0 46
7 132 152 42 181 139 161 167 138 121 196 0 33
5 56 175 132 142 114 116 144 72 96 195 0 24
9 144 76 43 163 188 118 47 187 40 93 0 41
9 105 179 174 171 103 164 78 42 43 42 0 43
3 122 108 139 194 187 74 128 165 72 68 0 13
8 132 81 182 196 95 52 75 41 154 165 0 37
3 76 63 134 113 153 65 167 93 81 109 0 11
8 197 121 159 148 164 174 96 59 55 148 0 38
4 77 150 108 158 141 138 115 167 180 58 0 20
3 85 146 40 97 157 67 193 142 61 171 0 12
5 192 138 57 118 185 186 85 176 60 143 0 24
9 185 92 124 62 151 75 49 123 120 70 0 45
5 59 62 112 196 59 163 189 94 140 111 0 21
5 146 71 108 49 122 159 92 61 51 142 0 21
5 119 149 44 123 163 125 72 62 184 169 0 25
8 57 109 91 154 58 184 133 177 171 66 0 37
3 74 124 99 83 143 128 40 120 91 176 0 13
10 64 152 65 78 50 158 126 118 178 40 0 47
8 141 114 154 128 180 58 77 90 41 129 0 38
3 64 146 161 53 109 123 132 83 70 191 0 13
10 129 105 120 180 107 84 40 41 59 196 0 46
9 109 136 115 122 144 130 162 151 188 173 0 41
10 196 193 58 146 56 155 177 163 122 159 0 50
5 171 114 177 187 64 72 44 98 60 115 0 23
3 121 49 121 137 60 116 51 149 161 196 0 12
6 103 115 177 112 101 45 194 125 169 85 0 30
3 161 50 117 190 152 176 105 127 152 179 0 15
2 50 45 48 147 183 177 173 127 110 137 0 10
2 113 62 98 131 171 85 195 107 165 163 0 10
7 129 51 177 69 120 66 174 159 46 154 0 33
9 135 188 130 56 190 186 72 197 176 43 0 45
7 64 159 142 127 126 85 129 175 63 44 0 34
9 156 109 180 120 49 120 109 101 137 114 0 44
6 168 175 192 74 172 105 87 74 173 190 0 26
3 149 64 172 190 116 166 175 90 106 98 0 11
9 167 168 180 194 178 102 53 75 69 52 0 44
6 168 123 151 107 97 83 166 169 109 57 0 26
6 179 52 155 135 168 109 145 178 147 191 0 27
4 121 136 120 84 82 139 125 177 70 98 0 16
7 116 89 67 150 54 168 181 83 119 127 0 32
10 159 177 93 83 77 54 165 53 174 122 0 47
10 137 194 108 192 160 74 78 108 158 167 0 49
10 75 192 119 186 182 63 164 84 161 138 0 50
3 49 56 194 99 143 146 188 167 113 143 0 11
6 109 186 93 117 70 47 157 109 92 152 0 26
6 86 126 68 45 69 165 144 156 145 74 0 27
3 108 80 63 114 101 54 52 196 198 143 0 11
3 73 75 128 96 130 144 57 118 95 184 0 15
4 124 148 143 134 159 193 56 80 195 136 0 20
3 90 83 159 73 189 186 47 169 130 142 0 14
10 158 117 173 82 169 48 102 108 129 108 0 47
4 126 147 175 53 156 86 151 103 97 80 0 16
5 62 42 100 98 99 189 132 145 113 165 0 25
6 83 134 94 125 180 53 177 117 117 161 0 29
7 150 165 134 163 175 70 79 147 191 190 0 32
6 62 197 56 184 121 113 136 40 168 40 0 26
6 105 59 113 185 177 132 144 134 163 146 0 26
10 45 57 94 122 97 69 197 193 55 128 0 48
5 159 159 43 58 57 171 76 176 159 64 0 24
6 196 184 114 126 66 108 168 152 116 95 0 27
6 47 130 151 118 126 188 91 169 186 66 0 30
5 194 197 151 145 164 71 107 95 72 74 0 23
8 59 54 199 59 167 194 166 68 70 144 0 38
4 139 177 147 169 40 128 64 133 151 192 0 20
6 142 195 145 57 85 63 171 176 149 67 0 27
10 137 43 199 115 163 175 103 112 164 129 0 46
7 132 136 159 163 185 149 58 178 68 194 0 34
8 193 116 127 46 83 152 120 158 119 174 0 36
7 41 166 177 136 155 50 59 129 95 184 0 34
9 122 193 71 93 192 141 71 175 118 175 0 45
2 44 177 149 126 184 95 81 57 129 197 0 10
8 132 176 173 154 186 59 157 52 84 130 0 39
2 166 176 152 190 128 116 190 162 171 88 0 10
2 144 117 184 146 185 71 64 42 55 189 0 10
5 50 71 42 103 142 120 128 116 64 90 0 25
10 156 109 80 122 109 130 75 176 161 43 0 49
4 174 157 95 93 167 120 144 160 48 79 0 19
6 105 64 95 97 90 78 54 104 41 145 0 27
8 101 160 186 137 110 143 87 115 120 106 0 37
6 123 81 45 44 157 156 189 41 97 98 0 28
5 93 182 103 187 86 173 191 54 95 162 0 24
2 111 40 131 48 155 83 83 181 121 101 0 10
6 133 180 174 196 130 136 127 140 142 108 0 29
6 116 62 70 146 183 61 83 132 97 146 0 28
3 137 117 83 46 184 187 181 107 41 191 0 15
10 182 93 129 186 132 159 72 117 118 121 0 49
8 104 165 76 134 184 59 44 77 91 40 0 38
7 107 131 156 71 104 165 134 195 155 82 0 33
4 171 145 117 176 80 108 107 175 51 51 0 18
5 76 156 71 144 99 131 78 92 103 162 0 25
4 42 76 196 45 85 131 105 103 148 171 0 16
7 156 105 192 161 49 44 118 155 84 52 0 34
6 165 43 146 81 72 194 121 136 109 153 0 29
3 140 169 84 171 97 190 50 139 100 180 0 11
7 146 139 75 93 163 163 198 104 62 118 0 35
7 166 74 75 162 183 72 192 99 101 137 0 32
3 136 169 109 117 131 182 187 166 101 101 0 13
3 66 76 44 97 91 189 85 153 181 163 0 12
5 162 116 84 149 50 188 108 83 83 187 0 23
7 113 52 170 141 52 159 44 157 120 144 0 33
7 65 128 110 127 53 113 74 83 194 161 0 32
5 83 84 68 44 46 73 132 41 54 71 0 21
9 43 73 92 109 194 94 183 86 68 112 0 42
10 66 198 134 47 151 104 157 80 83 137 0 47
7 46 118 140 64 113 127 188 139 73 40 0 32
3 197 49 129 88 140 109 72 125 82 171 0 14
9 151 147 107 138 111 161 167 66 121 180 0 42
10 86 58 81 138 177 171 46 165 172 132 0 48
6 158 45 132 132 84 199 173 171 197 170 0 27
8 182 89 121 160 137 46 64 47 134 117 0 39
5 90 118 123 121 186 87 127 161 77 180 0 22
3 140 110 61 83 45 164 87 73 86 144 0 12
4 109 85 166 121 133 92 56 120 175 60 0 17
3 76 144 177 159 198 51 153 97 173 188 0 13
5 100 105 67 173 127 83 85 41 149 66 0 25
5 74 69 181 122 121 183 194 150 74 95 0 25
3 190 110 140 123 96 64 175 81 137 47 0 12
3 133 71 135 190 127 183 67 66 174 127 0 14
9 112 124 132 145 171 159 54 168 87 132 0 43
4 139 155 157 194 128 55 40 155 126 149 0 17
4 190 106 141 187 124 170 139 162 40 128 0 18
7 95 55 143 193 163 135 56 83 143 159 0 31
3 87 99 126 69 83 51 184 159 163 147 0 15
4 113 121 74 122 41 143 78 148 109 52 0 18
3 184 161 133 58 48 158 51 124 70 61 0 11
7 150 146 184 130 72 164 64 107 140 190 0 34
9 87 115 146 199 160 57 86 163 100 120 0 41
8 191 149 51 115 128 52 109 102 98 133 0 37
10 61 68 134 78 117 71 74 68 182 147 0 49
6 129 115 121 165 179 41 137 170 191 62 0 30
9 140 110 59 195 88 77 51 151 78 159 0 42
4 136 93 166 128 120 60 158 172 150 43 0 16
4 60 142 183 117 113 121 185 66 149 58 0 18
5 113 178 75 130 153 117 48 109 113 113 0 22
4 183 136 65 171 58 184 108 62 43 87 0 16
2 152 111 122 155 142 65 97 80 129 136 0 10
10 108 105 110 165 118 132 140 103 117 162 0 46
3 146 127 126 82 111 71 193 121 91 44 0 12
7 173 56 56 70 197 177 68 76 193 151 0 33
4 113 126 102 147 160 196 88 140 93 138 0 17
2 188 141 101 92 199 161 165 42 40 65 0 10
3 65 80 75 155 104 122 138 97 97 140 0 11
8 119 194 169 77 54 99 153 63 97 91 0 36
10 155 178 115 43 93 167 68 190 72 88 0 49
4 98 134 185 196 55 96 132 122 128 45 0 16
3 160 85 120 120 189 103 60 165 178 73 0 13
6 115 95 124 141 109 140 54 158 74 188 0 27
6 52 85 54 84 141 193 95 185 195 116 0 28
4 169 95 80 161 182 81 109 185 99 148 0 16
6 130 102 138 193 60 55 152 136 162 56 0 27
4 192 105 193 151 129 105 96 116 121 71 0 16
8 146 50 132 182 191 151 99 91 68 105 0 36
5 85 101 179 67 137 109 49 70 140 60 0 21
8 137 52 153 124 132 50 42 175 45 146 0 40
7 61 137 81 103 66 120 100 138 182 188 0 31
4 95 124 107 81 175 70 181 164 128 95 0 17
7 180 148 104 183 124 186 60 76 182 47 0 32
7 120 183 96 139 152 177 175 45 170 161 0 31
4 177 41 51 58 133 87 137 141 149 83 0 16
5 140 195 105 118 134 139 55 81 154 56 0 22
6 60 180 46 123 100 67 189 64 182 179 0 28
10 80 108 126 172 46 145 167 165 80 47 0 46
6 101 158 157 150 92 116 109 99 99 52 0 27
6 146 179 109 44 79 105 159 84 91 62 0 28
6 168 198 125 171 132 97 150 54 153 89 0 29
7 103 157 182 159 124 131 142 150 63 148 0 35
8 110 172 49 43 108 150 174 101 130 178 0 37
7 91 177 51 45 47 59 146 132 114 110 0 35
6 138 130 96 42 70 144 178 150 49 89 0 30
5 149 161 103 160 96 43 61 195 127 174 0 25
9 97 198 59 79 104 184 68 98 153 128 0 43
9 138 135 177 184 198 102 48 63 141 140 0 43
7 89 196 105 99 93 128 73 189 56 91 0 34
8 76 49 135 109 172 55 129 158 42 128 0 39
3 157 134 49 67 114 86 198 157 183 174 0 15
5 149 159 165 45 86 89 121 95 49 187 0 25
10 113 89 64 47 169 132 75 112 186 144 0 50
10 59 153 141 81 55 171 129 155 48 111 0 47
6 184 43 121 91 87 158 67 182 87 157 0 27
5 104 98 136 183 43 120 100 69 70 195 0 22
8 80 171 173 178 164 176 94 93 101 139 0 38
7 118 188 123 127 101 141 130 52 148 160 0 32
10 144 184 97 169 82 58 114 44 81 126 0 48
4 74 177 134 167 170 123 148 85 198 48 0 18
8 183 101 95 106 53 174 145 178 90 109 0 37
5 50 83 99 68 99 78 196 52 139 111 0 21
3 59 60 177 87 164 75 63 152 52 100 0 13
9 118 85 97 50 164 70 92 47 49 149 0 43
6 126 134 49 177 189 105 69 144 183 161 0 26
7 164 56 102 173 96 53 94 109 46 132 0 31
9 109 79 84 156 80 198 162 44 62 189 0 41
4 99 155 191 105 193 46 55 181 178 101 0 16
4 119 163 76 160 100 196 183 98 164 83 0 18
8 147 140 108 43 178 117 170 65 195 153 0 39
4 142 151 182 128 164 188 197 162 157 96 0 18
9 196 47 121 50 72 159 67 165 122 180 0 43
7 106 70 58 116 141 149 164 63 139 186 0 35
10 97 74 68 173 43 47 133 57 164 108 0 50
6 186 66 120 110 78 50 107 89 51 77 0 30
10 183 178 146 133 46 65 97 105 170 180 0 48
4 94 89 162 168 41 158 146 175 43 136 0 18
6 97 156 125 57 191 47 59 81 150 67 0 26
6 164 173 98 57 70 67 199 127 118 140 0 29
4 47 147 101 71 162 121 81 61 119 48 0 16
8 142 60 195 95 198 102 180 143 153 134 0 38
9 134 151 166 118 189 188 142 144 53 198 0 43
5 169 66 107 195 136 89 155 130 196 58 0 21
8 100 82 126 124 109 197 124 88 128 83 0 36
4 170 189 51 186 81 139 86 144 178 55 0 19
3 144 102 96 170 157 65 120 138 148 198 0 11
4 180 87 132 134 55 49 127 109 83 99 0 19
5 165 149 114 50 108 110 134 72 49 105 0 25
4 153 120 141 155 126 187 114 57 117 65 0 16
7 77 172 79 43 133 170 120 72 171 176 0 31
8 41 105 172 176 64 73 91 170 94 178 0 37
9 52 169 198 112 151 165 60 128 155 104 0 41
7 98 102 136 94 182 165 177 78 194 133 0 33
3 161 47 81 81 164 170 40 178 81 76 0 12
7 169 161 46 161 68 135 52 143 184 116 0 34
7 95 165 103 126 109 96 86 56 153 197 0 31
5 175 63 132 83 80 85 118 68 156 81 0 22
5 50 114 54 91 153 170 42 192 107 114 0 24
8 56 53 184 188 130 63 193 60 118 158 0 37
10 126 72 64 101 112 106 130 78 190 110 0 50
4 46 138 184 146 159 73 129 173 55 62 0 16
3 126 116 80 184 97 176 139 85 144 123 0 12
4 144 140 78 109 80 144 170 176 145 45 0 17
4 165 46 147 150 61 47 186 173 52 186 0 20
10 109 122 47 67 97 118 56 197 155 103 0 49
10 134 171 171 167 125 40 128 131 44 177 0 47
4 68 84 120 60 72 114 151 55 93 166 0 20
10 121 76 60 189 169 184 141 89 199 145 0 49
9 122 49 93 113 99 121 163 83 134 140 0 42
5 151 149 181 143 104 171 48 70 169 60 0 24
5 140 69 87 81 118 64 106 43 143 84 0 25
6 85 116 72 97 130 59 192 147 93 128 0 27
10 78 198 147 112 151 92 99 70 182 165 0 49
5 146 107 65 113 124 136 56 159 116 134 0 24
6 138 91 104 88 196 78 82 173 45 62 0 27
3 110 75 68 49 107 192 196 45 70 130 0 15
6 122 111 56 155 176 68 56 162 120 163 0 27
8 64 67 41 75 54 167 74 123 113 56 0 39
7 167 96 99 107 136 76 163 82 116 94 0 35
9 87 96 120 114 173 184 107 78 146 169 0 42
3 96 56 91 185 78 106 199 127 99 54 0 11
10 129 132 53 92 160 185 126 188 168 167 0 49
7 128 76 184 139 145 80 41 103 112 101 0 32
5 54 125 190 115 159 129 81 187 159 103 0 25
8 49 182 101 103 89 157 92 146 138 148 0 38
10 47 126 79 43 45 128 120 46 65 142 0 49
4 102 99 148 70 151 101 92 121 74 144 0 18
9 82 52 43 196 114 76 122 87 112 182 0 45
8 138 175 125 133 113 113 96 156 71 194 0 36
7 99 132 106 74 154 135 69 114 105 129 0 32
10 100 153 146 74 67 176 128 117 155 54 0 47
10 198 160 117 144 166 141 87 171 197 153 0 49
7 188 135 155 156 60 46 57 114 187 97 0 31
7 77 86 168 146 123 87 83 112 56 100 0 33
5 91 71 99 130 68 136 158 146 113 115 0 23
10 82 55 141 81 129 122 130 141 195 41 0 49
4 121 90 173 132 199 167 155 155 93 123 0 16
3 86 133 178 93 72 113 110 78 114 57 0 11
9 111 53 66 163 80 60 121 106 66 84 0 42
9 112 93 133 68 141 134 174 123 62 59 0 41
5 89 55 121 44 114 103 126 159 197 134 0 23
9 77 43 117 101 163 113 144 87 175 56 0 42
8 76 56 63 198 168 83 92 184 166 141 0 40
9 64 169 41 81 133 68 104 117 103 94 0 45
6 115 190 67 137 176 122 169 82 162 53 0 27
6 136 84 54 182 194 109 180 100 102 162 0 26
7 130 101 62 67 192 91 170 125 55 46 0 31
4 69 105 181 107 87 191 112 106 100 144 0 17
7 105 97 56 84 115 141 72 82 53 185 0 35
3 53 165 151 148 87 181 99 40 159 89 0 11
10 93 108 125 124 108 94 143 124 92 60 0 47
10 48 186 95 146 43 161 78 192 81 51 0 46
7 58 187 171 49 66 64 99 110 196 114 0 32
5 163 137 183 190 87 194 64 98 50 85 0 25
9 56 150 52 58 189 84 171 100 60 159 0 45
4 173 64 75 198 129 73 125 194 148 50 0 20
10 88 62 47 58 49 172 93 196 193 127 0 46
7 120 104 72 128 188 171 114 177 110 49 0 32
6 163 147 80 182 149 137 173 136 93 92 0 26
8 63 147 166 84 72 96 102 179 87 196 0 36
8 132 96 40 84 137 60 171 157 161 47 0 37
8 150 65 134 79 40 150 174 187 156 87 0 37
3 163 51 173 40 99 177 136 174 190 50 0 12
5 79 93 139 122 136 139 93 52 97 45 0 24
10 100 121 91 107 88 146 93 91 130 56 0 49
10 183 41 72 99 195 77 43 192 58 121 0 49
5 47 195 171 156 169 42 105 146 194 59 0 24
3 185 176 53 150 125 106 74 158 89 105 0 11
9 190 113 104 58 76 44 181 120 150 140 0 42
4 161 109 91 120 120 172 130 67 154 161 0 19
7 97 53 142 182 148 61 121 121 128 47 0 35
6 58 108 41 131 43 122 43 76 151 96 0 29
9 74 81 148 148 124 175 103 50 159 170 0 45
10 116 171 81 96 163 173 67 174 186 79 0 50
6 187 106 136 187 120 195 115 159 152 127 0 28
10 184 113 83 132 81 107 99 97 72 63 0 50
10 191 186 139 89 144 148 118 70 150 174 0 47
9 190 153 196 185 146 150 119 103 157 84 0 43
6 125 89 198 85 58 184 81 60 81 70 0 26
9 157 61 153 188 49 133 98 178 98 157 0 43
5 114 150 76 45 130 175 68 95 40 80 0 22
6 57 74 182 54 196 146 178 118 117 102 0 26
3 124 61 50 148 184 160 171 59 141 193 0 15
8 50 191 116 175 177 119 65 169 152 166 0 36
10 81 126 60 166 135 66 43 85 110 133 0 47
7 159 182 141 130 40 157 180 112 106 188 0 35
8 72 103 42 76 188 116 86 55 87 157 0 39
4 152 111 190 192 125 85 64 139 64 56 0 19
9 174 135 146 127 159 167 193 55 104 86 0 45
3 68 66 165 40 151 113 68 62 85 107 0 13
3 77 76 190 89 114 171 179 92 42 162 0 12
7 148 164 76 184 149 82 66 181 191 110 0 33
3 74 127 153 99 162 124 156 198 110 177 0 15
7 76 82 91 41 80 124 193 42 109 181 0 35
6 117 169 98 158 149 190 183 56 64 146 0 29
4 121 144 164 189 170 134 153 164 118 199 0 20
8 165 43 189 43 146 119 163 81 87 45 0 40
9 178 184 70 152 76 121 147 62 149 178 0 44
4 94 142 130 104 196 136 74 184 65 182 0 20
3 42 151 109 134 199 194 193 148 112 186 0 14
8 172 182 60 92 196 88 184 176 60 60 0 38
5 176 153 179 121 58 122 114 161 152 104 0 22
7 79 190 194 106 48 107 172 123 94 85 0 34
10 165 40 82 47 78 57 143 113 128 151 0 50
10 135 166 142 41 41 114 199 150 41 70 0 47
2 134 105 194 191 173 155 99 146 142 188 0 10
8 176 50 134 198 104 66 87 117 140 71 0 36
10 196 181 163 44 70 43 88 61 185 53 0 49
3 153 75 134 159 66 198 115 126 134 150 0 15
6 71 182 141 49 96 168 101 134 128 128 0 28
4 51 161 151 60 114 138 107 91 117 194 0 17
3 124 196 165 144 99 165 128 150 155 126 0 13
2 132 92 78 79 102 56 135 144 89 97 0 10
9 74 53 49 153 100 196 105 193 171 175 0 41
8 152 111 104 134 57 163 103 123 88 69 0 40
8 161 74 149 109 182 113 144 100 146 118 0 36
5 162 103 167 166 132 163 52 67 140 157 0 23
10 186 161 197 180 49 67 161 48 148 142 0 47
8 143 165 112 48 182 140 75 52 45 123 0 38
8 169 172 159 90 140 177 133 178 179 106 0 38
5 123 134 106 196 95 80 71 180 68 106 0 22
3 58 130 90 112 195 127 194 124 192 161 0 11
3 138 187 144 154 68 161 184 152 50 132 0 13
6 141 159 166 186 173 110 52 44 156 112 0 29
8 130 105 198 148 180 85 175 178 142 128 0 38
9 145 128 186 183 184 105 96 130 192 159 0 42
5 94 132 111 134 128 62 158 109 64 173 0 23
4 135 130 144 102 186 86 179 52 187 76 0 17
4 152 101 45 113 78 166 127 105 112 176 0 17
4 93 44 158 128 80 141 77 56 89 69 0 16
4 113 85 179 181 157 71 167 78 143 68 0 19
8 153 175 100 125 63 51 107 183 45 109 0 37
2 180 195 172 114 128 59 66 64 194 76 0 10
5 157 171 154 198 139 148 87 141 127 192 0 23
9 198 79 107 142 123 49 92 136 167 144 0 45
10 101 187 95 54 49 121 47 133 139 44 0 49
7 119 71 148 168 176 117 81 153 179 188 0 35
7 142 75 158 122 97 64 105 191 195 135 0 35
8 145 115 61 52 44 87 65 89 194 116 0 40
6 45 138 82 50 136 140 61 149 147 77 0 30
4 182 109 186 128 142 142 99 140 140 117 0 16
6 130 194 72 124 56 151 169 136 54 144 0 30
8 127 138 164 83 118 69 123 94 46 175 0 40
8 131 147 165 131 61 96 41 188 197 59 0 36
6 85 141 179 68 72 43 108 44 167 93 0 30
9 135 79 176 149 103 172 78 191 59 69 0 41
8 126 92 74 66 142 114 180 54 48 115 0 40
5 158 72 143 84 138 83 76 165 89 69 0 23
4 133 165 185 61 103 66 156 176 72 158 0 17
8 94 75 141 54 185 128 149 71 124 41 0 36
6 52 99 45 78 68 81 92 47 93 130 0 26
10 185 87 164 57 169 76 106 113 188 43 0 48
7 130 62 120 190 93 128 135 178 122 123 0 33
6 131 131 136 85 64 181 156 105 64 80 0 27
5 75 47 108 150 71 183 58 157 81 134 0 25
3 100 89 83 155 114 164 79 114 106 105 0 14
8 167 117 100 76 144 102 157 165 84 109 0 38
5 116 170 62 115 64 188 104 165 80 109 0 25
9 75 187 158 60 167 75 66 122 151 78 0 44
7 105 50 65 54 192 172 74 163 150 64 0 35
9 58 70 167 46 102 165 178 63 134 163 0 45
4 121 148 195 151 177 146 98 139 94 105 0 16
10 114 148 125 136 150 142 111 137 82 130 0 47
10 85 165 79 77 137 112 186 180 143 87 0 49
4 131 125 173 190 66 107 56 132 87 94 0 19
7 168 100 64 122 146 66 103 175 183 196 0 33
10 71 197 83 53 190 71 81 127 194 110 0 46
10 149 119 92 85 108 43 116 153 105 167 0 50
4 182 45 51 141 101 141 130 159 185 194 0 17
6 79 182 165 54 159 160 129 128 128 91 0 29
6 101 45 181 109 132 156 137 146 129 129 0 29
4 74 42 148 115 92 71 190 141 72 177 0 20
7 175 125 101 76 162 182 116 105 115 173 0 34
4 60 186 149 171 152 193 97 105 83 103 0 16
6 116 56 146 64 51 134 66 140 175 168 0 30
3 125 98 85 132 91 155 142 82 164 87 0 12
5 101 179 181 100 40 94 105 119 80 106 0 21
9 128 163 52 190 158 113 136 94 89 119 0 45
3 165 87 67 180 117 160 88 64 124 136 0 13
4 135 83 52 163 51 56 91 151 109 129 0 16
5 63 151 87 189 100 90 166 180 160 186 0 25
6 188 40 156 195 114 92 156 49 79 136 0 26
10 174 147 54 149 182 178 174 134 76 143 0 46
8 173 41 181 100 181 150 67 42 100 183 0 36
6 147 177 178 50 72 92 97 186 90 80 0 28
9 171 109 69 93 194 178 144 101 102 154 0 42
10 191 182 118 179 78 101 86 102 134 109 0 47
8 42 165 180 152 126 163 89 190 180 195 0 36
3 190 99 62 45 81 165 180 55 83 55 0 11
10 157 161 77 60 71 158 118 154 144 55 0 47
3 175 150 128 128 189 86 91 174 178 114 0 13
3 64 198 65 70 89 129 133 41 58 165 0 15
6 155 186 170 41 133 117 177 171 129 83 0 27
3 117 126 112 176 138 70 192 121 83 142 0 11
3 188 65 156 56 113 169 56 112 171 164 0 14
3 151 81 116 118 44 43 144 197 49 144 0 15
9 109 157 121 93 144 87 53 61 81 61 0 41
7 60 151 41 64 183 116 93 43 136 164 0 35
5 157 97 126 70 141 126 104 135 138 102 0 24
7 81 98 62 51 74 106 166 57 91 109 0 33
8 128 65 108 69 85 185 127 72 121 107 0 37
4 126 160 136 148 112 103 166 108 196 178 0 18
6 103 164 97 45 64 194 125 186 88 112 0 30
5 66 73 47 173 52 144 191 50 116 173 0 24
8 153 60 105 47 41 104 190 94 190 114 0 39
3 106 75 112 63 126 78 109 137 109 110 0 15
3 126 145 87 186 163 199 84 50 74 120 0 15
5 175 176 157 103 83 150 103 63 134 56 0 23
10 141 81 162 184 122 154 63 97 191 172 0 49
3 117 44 173 126 71 58 185 126 72 170 0 15
4 137 162 44 168 64 192 90 94 129 175 0 16
4 152 185 73 58 186 49 85 160 78 46 0 18
6 155 137 125 56 56 82 99 106 105 187 0 28
4 161 97 124 113 57 54 175 82 159 107 0 20
4 134 50 94 144 102 189 130 94 149 66 0 20
5 76 100 48 140 124 159 195 114 191 177 0 22
5 98 184 120 166 96 46 85 108 157 62 0 23
2 113 156 138 90 174 195 112 182 47 113 0 10
10 175 157 119 185 87 112 103 153 150 54 0 50
10 196 91 138 177 149 81 139 75 177 55 0 50
9 163 150 147 188 70 69 192 165 132 163 0 42
10 135 186 60 177 41 84 197 151 57 123 0 50
6 133 64 134 59 146 69 104 110 60 82 0 27
10 152 71 103 157 54 130 170 85 107 44 0 47
3 184 198 97 138 150 145 142 184 141 67 0 12
9 126 162 197 43 109 142 87 155 64 135 0 44
7 157 184 135 158 70 188 152 71 62 188 0 33
5 118 163 195 100 150 117 155 142 168 135 0 21
3 177 116 197 143 74 127 89 178 178 88 0 12
8 99 72 87 122 125 159 57 148 116 183 0 36
3 50 146 101 174 93 161 83 68 131 184 0 13
3 147 43 105 147 114 84 117 56 153 185 0 13
4 135 54 51 190 99 192 49 81 93 152 0 16
6 139 114 84 53 194 139 80 181 41 72 0 30
4 144 70 113 65 47 85 191 136 107 161 0 16
9 192 132 60 51 141 71 196 95 184 162 0 45
4 175 101 141 147 56 96 57 49 142 84 0 16
8 123 94 84 93 66 184 190 179 184 198 0 38
6 132 40 196 133 130 138 50 147 123 107 0 30
7 108 157 57 179 84 91 138 195 159 162 0 34
6 45 100 120 170 56 156 177 146 137 122 0 27
10 111 190 153 174 169 191 49 168 76 91 0 49
9 149 165 165 160 125 128 173 123 196 181 0 42
8 173 47 105 105 49 70 163 133 136 76 0 40
9 67 146 111 166 50 187 136 107 193 43 0 45
6 76 95 188 47 168 40 100 45 117 81 0 29
7 92 53 109 56 151 187 73 122 103 99 0 32
9 56 132 124 75 47 62 133 108 80 184 0 44
3 135 148 101 95 128 181 56 140 160 97 0 11
6 164 179 66 116 108 47 41 86 98 64 0 29
5 118 161 114 173 47 188 191 69 76 182 0 22
6 105 132 48 134 108 41 198 103 105 124 0 29
7 146 66 117 143 93 59 188 152 124 76 0 31
6 144 100 167 93 175 196 196 59 135 66 0 27
7 74 130 47 173 122 148 165 50 180 186 0 32
4 54 197 82 194 79 192 132 89 108 99 0 18
6 122 110 47 40 94 199 170 89 184 101 0 26
3 182 76 92 188 137 58 65 119 94 132 0 15
4 198 87 41 62 179 59 88 159 66 118 0 19
3 99 195 50 133 147 52 181 75 103 74 0 11
3 136 180 130 198 175 161 51 114 161 162 0 11
5 126 59 177 168 122 160 121 44 161 138 0 23
4 71 120 109 92 133 67 40 159 128 61 0 16
10 64 148 65 69 149 66 111 101 157 56 0 46
9 177 69 135 44 196 173 145 199 134 105 0 44
4 182 151 50 147 86 82 189 153 114 101 0 18
9 85 134 113 114 66 82 148 128 80 197 0 45
3 57 138 178 114 161 63 89 105 72 135 0 13
9 116 82 147 45 139 77 171 194 68 130 0 43
3 196 97 142 196 73 104 84 54 185 84 0 14
10 99 40 150 89 156 102 165 75 55 93 0 50
10 174 177 128 51 135 84 47 143 180 163 0 46
10 169 168 163 165 83 63 169 112 53 59 0 48
5 146 183 66 196 69 124 102 116 127 65 0 23
3 176 195 122 116 56 145 99 110 65 166 0 13
6 186 180 67 67 173 148 63 70 56 90 0 26
4 167 184 44 99 186 131 133 46 190 66 0 17
10 103 68 178 147 97 169 186 80 70 48 0 46
3 49 139 100 67 182 98 98 169 132 119 0 11
4 73 61 165 120 78 106 117 154 76 151 0 19
4 54 50 142 164 106 128 182 165 173 99 0 19
6 172 46 78 86 129 111 185 125 151 178 0 26
6 181 172 74 111 171 76 178 76 135 75 0 28
4 144 101 66 55 194 113 187 192 196 119 0 20
5 157 171 114 169 166 45 113 126 159 111 0 22
7 92 61 89 88 117 137 124 162 40 156 0 35
8 58 156 190 154 108 177 98 41 143 127 0 40
8 167 65 176 50 110 199 161 174 54 123 0 39
6 168 155 158 136 190 79 178 110 169 118 0 27
9 157 81 58 56 66 110 155 159 157 43 0 41
9 163 175 184 58 197 174 175 160 147 164 0 42
3 77 54 190 198 94 104 150 43 165 128 0 15
5 93 95 133 176 43 128 155 58 139 86 0 24
7 186 197 74 167 117 81 147 110 186 153 0 31
8 142 78 170 80 196 178 169 45 96 42 0 39
4 170 82 136 192 134 174 187 41 97 86 0 16
4 54 42 184 156 146 163 107 195 59 63 0 17
4 57 155 118 122 159 132 92 191 170 136 0 18
9 53 182 161 76 89 85 155 157 64 89 0 44
6 121 70 138 144 104 83 155 179 48 196 0 30
3 111 122 153 72 60 62 134 77 169 191 0 15
5 102 50 157 51 179 88 102 198 96 72 0 24
6 173 128 114 78 81 47 163 160 185 50 0 26
5 157 178 171 134 127 136 140 66 93 92 0 21
6 169 162 188 134 124 150 43 149 58 43 0 28
2 151 72 197 138 78 50 100 182 41 66 0 10
10 55 75 126 109 149 66 41 145 48 108 0 47
4 54 116 82 180 162 59 97 103 180 129 0 16
4 45 143 120 170 120 137 181 106 115 153 0 17
7 118 124 119 141 179 152 127 153 62 81 0 31
10 167 135 63 199 81 112 197 78 141 186 0 50
3 101 95 141 100 58 159 196 114 96 197 0 14
10 193 101 173 95 167 120 81 55 67 71 0 47
9 161 180 156 170 199 56 95 134 104 175 0 45
6 90 181 140 101 160 77 180 97 89 88 0 26
3 167 109 182 45 101 112 70 145 101 120 0 15
3 131 114 122 170 148 155 79 76 189 188 0 15
4 98 109 175 90 182 111 140 58 90 117 0 20
5 132 85 160 165 157 160 188 41 50 42 0 21
8 52 182 145 109 95 67 54 53 124 141 0 39
2 100 146 50 171 186 51 194 57 95 63 0 10
6 182 100 93 131 144 73 146 97 43 115 0 28
9 188 172 81 198 132 171 162 126 134 68 0 45
4 47 138 64 41 135 113 87 104 45 172 0 16
8 163 58 113 133 56 195 57 193 123 155 0 38
5 197 106 53 180 82 150 155 65 126 96 0 23
5 132 99 111 45 177 122 118 186 70 157 0 25
5 139 179 180 146 165 150 135 102 53 88 0 23
4 174 116 67 107 89 98 95 50 138 111 0 20
9 41 62 56 176 54 92 169 167 114 45 0 45
5 153 48 65 173 84 126 175 130 134 60 0 24
7 166 74 89 153 40 164 152 53 80 73 0 34
6 144 130 160 91 92 88 155 78 47 80 0 27
6 120 66 115 99 83 134 164 102 169 123 0 30
5 173 141 188 125 71 87 72 99 120 109 0 22
5 46 126 181 124 164 186 120 83 97 187 0 22
10 112 138 168 43 164 184 108 85 64 90 0 49
4 95 81 158 103 163 163 186 68 126 79 0 17
6 110 144 108 70 114 199 113 156 65 67 0 28
2 80 82 107 48 100 66 186 116 158 60 0 10
6 79 70 155 198 165 147 73 125 86 59 0 30
3 60 52 197 146 142 123 80 98 76 77 0 15
6 50 67 194 177 56 176 52 113 126 129 0 29
6 155 124 144 114 76 87 183 66 189 109 0 26
9 119 120 141 95 137 71 182 163 64 190 0 41
6 83 56 178 78 185 195 168 156 170 94 0 28
9 78 110 142 80 58 173 87 43 64 146 0 45
9 169 47 106 60 88 135 49 128 110 79 0 44
6 129 40 191 52 140 64 196 115 42 166 0 26
10 152 137 181 56 49 143 65 130 162 101 0 46
4 95 53 179 147 125 129 66 194 182 137 0 19
6 119 117 41 43 134 165 44 164 139 92 0 30
8 180 101 175 72 127 147 176 49 104 186 0 36
9 70 169 49 183 77 48 68 61 154 51 0 42
8 73 183 62 136 100 195 54 43 159 55 0 36
4 55 190 147 156 179 87 136 162 185 104 0 19
9 160 108 124 49 170 58 158 134 53 65 0 44
5 76 49 151 97 173 110 167 160 83 58 0 21
6 55 190 142 62 190 171 138 179 91 138 0 27
4 133 70 52 107 68 182 91 157 93 99 0 19
9 49 106 46 173 194 152 166 181 161 118 0 44
2 141 185 128 118 151 184 115 163 106 80 0 10
5 156 87 43 70 153 177 77 167 72 191 0 21
3 105 172 153 41 134 164 137 81 78 100 0 15
9 107 127 142 169 125 137 174 40 107 69 0 43
4 179 69 54 151 60 95 70 146 122 117 0 20
2 98 153 159 78 130 179 141 180 85 114 0 10
3 72 100 46 185 152 118 153 102 148 112 0 13
4 50 96 199 83 190 50 167 144 74 176 0 16
4 196 115 136 72 93 172 188 181 188 91 0 17
9 63 150 85 178 129 196 109 196 46 120 0 41
6 92 93 138 42 48 178 134 57 89 53 0 28
9 144 94 73 60 165 195 159 120 110 86 0 42
8 41 126 114 69 136 196 61 94 194 120 0 36
7 123 106 69 134 106 106 176 63 43 156 0 35
9 113 97 91 67 66 157 160 145 142 50 0 41
8 151 144 88 62 121 159 157 176 104 143 0 40
8 173 109 126 147 130 160 40 130 142 87 0 40
8 135 61 44 142 167 80 191 142 64 164 0 40
8 174 161 75 138 172 70 61 113 155 194 0 39
5 65 93 127 97 175 167 53 120 137 128 0 23
8 143 125 89 67 78 155 95 70 121 187 0 37
5 45 177 197 87 149 72 41 138 79 127 0 22
4 87 79 111 100 58 137 116 190 104 108 0 16
9 160 126 94 178 89 150 103 76 172 76 0 42
9 91 59 172 106 169 197 164 105 51 132 0 42
5 162 176 132 62 52 171 143 117 55 118 0 24
9 112 198 84 92 197 130 129 100 193 164 0 41
10 65 183 186 66 68 197 66 79 99 118 0 49
10 134 93 81 133 172 142 133 158 121 154 0 46
5 93 108 121 63 144 177 69 183 107 190 0 25
6 199 96 133 105 183 190 188 102 45 167 0 29
5 103 95 94 141 101 75 143 130 101 46 0 21
8 131 109 81 87 176 174 140 114 74 68 0 39
6 115 139 175 144 137 120 46 182 98 74 0 30
8 167 67 134 50 178 91 58 160 165 78 0 39
5 49 110 106 66 46 52 50 46 167 90 0 23
10 84 92 196 75 89 64 176 145 117 155 0 46
5 197 103 106 107 191 149 41 60 159 128 0 23
9 87 186 44 81 108 159 118 79 156 60 0 42
5 191 57 65 167 189 64 114 42 46 113 0 25
7 69 74 130 87 49 131 116 78 94 157 0 31
3 51 108 166 169 103 190 147 63 189 190 0 11
9 135 101 179 153 60 72 98 55 101 144 0 42
5 57 181 154 190 97 75 186 106 149 56 0 25
5 188 186 62 65 93 82 118 114 161 43 0 25
10 118 105 56 110 50 114 161 60 43 71 0 48
9 56 189 103 126 105 152 177 42 129 136 0 45
9 99 192 113 45 115 138 159 107 172 60 0 42
4 99 128 151 122 137 105 59 107 182 189 0 17
3 108 78 72 155 166 151 174 181 159 60 0 13
3 122 76 176 149 175 60 126 128 148 180 0 15
9 186 179 161 67 125 148 128 170 162 113 0 41
7 192 157 97 140 70 109 153 45 103 73 0 33
6 105 188 81 159 48 131 189 189 159 89 0 28
4 83 168 195 158 190 185 47 155 186 142 0 17
4 138 178 54 154 180 126 87 164 79 97 0 20
4 91 87 74 115 132 186 68 85 122 181 0 19
4 89 125 98 106 173 74 56 189 195 95 0 16
8 142 124 73 95 190 99 88 116 160 78 0 38
9 125 96 42 122 41 116 72 70 92 85 0 44
6 185 83 137 72 136 114 75 61 91 103 0 26
5 195 192 186 110 132 132 104 165 186 85 0 25
10 107 132 88 66 116 133 171 55 103 103 0 49
4 114 70 43 43 93 90 151 102 142 136 0 17
5 179 106 48 191 87 116 144 114 70 72 0 22
10 113 189 172 122 76 61 69 58 109 48 0 50
8 145 78 195 153 45 171 113 181 142 173 0 40
4 190 70 143 78 126 57 198 122 93 116 0 18
8 62 177 140 118 130 68 86 194 186 48 0 39
8 128 150 88 116 124 90 104 56 126 162 0 38
3 123 143 125 82 58 103 135 117 129 94 0 13
7 126 140 60 50 122 43 69 83 121 197 0 35
7 196 123 159 72 170 106 159 155 93 196 0 34
4 173 145 120 195 100 78 193 97 176 146 0 17
3 45 134 122 74 198 66 74 191 113 128 0 12
10 102 111 170 85 81 62 46 93 77 187 0 50
10 152 146 93 93 154 161 191 177 54 72 0 47
3 92 150 74 196 133 136 64 89 47 60 0 13
3 139 46 198 152 117 186 165 59 174 195 0 11
7 186 171 44 85 185 143 61 181 192 51 0 31
6 195 163 73 74 171 59 52 195 184 106 0 29
10 49 130 90 43 188 143 73 62 58 63 0 47
5 80 50 143 83 59 121 143 151 171 134 0 25
3 101 81 185 169 164 68 151 124 193 122 0 11
9 191 66 123 114 186 45 149 187 54 136 0 43
7 161 109 75 159 198 132 117 89 170 58 0 31
3 179 175 187 169 147 155 47 197 74 140 0 15
5 182 83 70 67 54 79 177 81 152 113 0 21
6 54 149 43 186 187 151 140 103 171 177 0 29
6 138 54 184 60 70 109 95 64 177 143 0 29
10 74 57 108 83 52 50 105 77 110 47 0 49
7 99 86 188 176 189 185 129 46 187 143 0 32
6 144 171 147 101 126 186 72 193 180 70 0 29
9 51 118 48 188 106 179 88 149 155 92 0 43
7 63 76 64 169 44 164 98 67 189 86 0 31
9 174 48 186 194 99 137 102 161 130 58 0 44
3 108 89 80 62 164 151 87 87 131 100 0 13
6 172 170 177 194 146 198 133 60 143 101 0 30
5 87 80 121 138 127 87 69 46 81 116 0 23
3 84 40 62 65 66 55 42 93 194 93 0 15
4 90 141 42 100 170 191 92 86 164 128 0 17
10 41 138 98 181 171 55 60 68 80 85 0 46
2 166 161 123 182 136 153 159 107 157 55 0 10
6 166 76 161 108 113 139 58 78 151 137 0 28
9 87 130 75 140 151 82 117 52 76 127 0 42
10 150 128 63 156 58 53 100 160 194 189 0 49
6 56 120 142 60 132 68 48 136 125 56 0 27
9 173 167 54 136 87 173 178 111 130 148 0 43
9 83 75 60 159 101 109 154 174 78 68 0 42
8 110 113 168 176 71 180 128 54 179 155 0 39
10 185 140 81 93 143 141 155 149 137 97 0 50
3 49 157 198 167 128 41 186 120 147 126 0 15
5 190 97 49 153 172 40 191 123 83 168 0 25
3 193 185 180 198 47 83 109 95 159 110 0 12
4 194 169 110 108 171 54 150 152 158 144 0 19
3 54 101 99 101 73 58 93 107 159 151 0 14
6 51 53 160 182 139 52 76 44 171 142 0 29
5 191 41 78 78 146 119 195 126 84 43 0 25
7 127 126 71 129 173 142 118 49 55 62 0 33
5 132 138 57 62 165 136 189 99 79 94 0 22
10 161 119 115 104 120 82 192 48 53 128 0 46
5 124 57 112 170 83 176 104 74 85 107 0 25
7 138 134 164 124 50 147 129 93 103 52 0 33
3 100 65 120 61 66 180 129 107 187 51 0 11
8 173 151 129 185 72 83 146 82 173 199 0 40
8 61 135 98 192 67 114 198 177 86 124 0 40
3 132 124 68 198 188 126 60 149 75 104 0 13
3 135 91 105 186 78 76 195 90 81 169 0 15
4 158 170 196 72 152 43 154 182 148 96 0 16
5 176 153 187 145 116 191 86 100 133 90 0 22
7 54 192 180 177 124 175 78 180 175 171 0 31
3 197 94 65 157 190 151 143 95 192 130 0 15
10 58 46 199 114 160 50 40 105 70 120 0 46
9 84 184 93 186 57 142 120 151 135 99 0 43
5 192 157 126 132 89 54 182 97 170 159 0 22
2 144 165 92 165 165 73 43 155 68 190 0 10
6 109 193 112 90 189 122 109 84 149 171 0 26
7 146 189 183 185 58 153 137 161 158 192 0 34
7 64 144 157 152 50 120 196 187 189 146 0 33
9 163 153 159 105 52 41 112 58 110 157 0 42
5 81 131 130 146 184 154 137 151 156 176 0 25
3 127 157 188 178 81 140 102 99 103 140 0 11
10 100 110 105 105 191 160 144 110 91 64 0 50
6 45 71 118 96 169 62 151 195 182 65 0 28
10 171 159 105 114 62 91 81 146 164 196 0 50
7 144 44 131 171 141 180 96 109 44 185 0 35
8 81 113 128 93 122 105 111 186 95 168 0 37
8 95 169 192 62 136 80 62 143 197 53 0 39
9 126 52 196 130 116 50 146 54 52 175 0 45
9 58 143 65 64 65 199 119 165 166 70 0 42
10 114 93 51 198 132 46 107 132 159 75 0 49
4 60 149 189 187 186 103 94 91 78 64 0 17
9 89 99 102 101 158 70 146 120 163 138 0 42
7 128 143 108 115 97 57 179 44 103 62 0 31
7 54 171 122 121 68 139 49 129 163 144 0 31
4 129 194 43 97 157 190 60 69 126 190 0 16
10 145 60 151 128 126 43 155 139 100 78 0 46
9 62 85 159 196 167 156 192 127 52 45 0 43
3 85 149 66 192 72 77 180 114 133 80 0 11
10 91 96 95 114 118 147 68 147 125 82 0 48
7 184 73 184 155 136 138 63 58 124 46 0 34
8 43 170 86 134 135 158 146 151 100 134 0 40
6 142 43 177 190 102 109 51 137 68 66 0 28
6 121 165 177 151 178 175 65 70 163 73 0 29
8 175 162 125 180 77 56 128 195 138 141 0 39
7 143 53 99 74 126 182 85 191 66 113 0 33
3 74 102 147 192 96 51 175 85 140 75 0 13
3 159 91 176 60 96 186 89 45 128 138 0 11
7 99 103 139 122 132 66 133 157 176 123 0 34
3 166 99 113 190 126 69 144 194 93 148 0 14
8 183 83 68 155 98 175 61 44 140 188 0 40
3 132 160 66 146 87 93 188 163 180 76 0 13
5 116 130 119 61 78 195 159 168 190 190 0 23
9 83 192 147 99 89 95 95 134 62 162 0 43
3 119 52 193 183 133 131 68 144 153 140 0 11
9 137 188 193 122 197 154 85 110 167 161 0 43
4 72 93 159 81 78 140 54 126 89 140 0 17
8 184 166 191 162 61 163 130 50 148 153 0 40
9 69 114 66 114 193 100 95 109 124 44 0 44
8 105 99 102 191 131 70 82 69 120 184 0 39
3 149 119 184 116 171 165 92 94 88 196 0 14
2 61 90 130 184 148 82 163 85 92 177 0 10
8 120 60 151 170 165 163 40 197 42 110 0 38
8 44 120 60 152 142 58 183 186 97 155 0 39
5 149 151 155 188 101 93 154 103 75 87 0 22
7 74 159 54 113 146 173 172 120 191 71 0 35
8 155 118 90 138 83 151 176 123 83 169 0 39
6 99 110 43 183 107 110 173 145 169 60 0 29
10 80 189 69 162 175 128 192 194 116 103 0 50
4 127 191 81 190 156 104 40 166 92 158 0 17
10 90 184 112 103 60 72 97 137 74 120 0 48
6 145 178 45 99 125 111 149 140 173 80 0 27
4 85 113 136 133 166 163 124 152 134 137 0 20
9 116 111 52 58 191 185 62 76 71 143 0 45
8 56 155 161 149 118 56 139 97 138 169 0 36
10 67 89 192 149 120 73 173 119 139 153 0 49
8 182 89 78 159 137 142 190 84 151 185 0 37
4 126 197 168 134 59 123 98 109 179 93 0 19
8 193 172 98 154 111 70 93 63 193 151 0 39
4 121 144 108 150 48 125 106 58 135 140 0 16
9 83 116 128 72 175 176 196 48 128 132 0 44
8 161 138 100 147 92 128 99 179 168 190 0 39
4 190 89 96 83 109 107 152 132 194 179 0 18
10 167 160 133 147 139 176 113 165 70 47 0 49
9 146 113 191 71 42 154 141 42 55 171 0 42
5 62 43 101 145 180 170 100 111 184 93 0 25
7 108 93 111 44 199 106 176 145 49 118 0 33
3 172 176 58 195 56 71 159 158 140 109 0 14
10 124 54 78 170 40 52 182 105 142 130 0 48
10 92 137 134 56 53 79 106 50 149 87 0 48
7 126 163 77 81 195 74 194 188 42 84 0 34
3 140 54 119 149 118 199 180 75 41 54 0 15
3 97 196 176 185 80 188 41 63 145 60 0 15
9 43 87 138 118 57 120 41 171 50 159 0 43
9 77 46 109 133 134 57 94 94 132 42 0 44
6 110 186 72 184 82 149 102 124 104 104 0 28
10 84 147 194 54 128 69 194 67 124 95 0 48
6 146 157 175 125 81 163 197 114 198 45 0 30
2 41 46 142 104 184 188 100 52 182 145 0 10
4 49 44 161 96 109 177 124 51 146 194 0 19
4 103 161 79 47 170 174 72 80 105 180 0 18
7 80 132 71 98 102 55 53 116 151 143 0 35
3 113 77 118 122 80 144 118 107 149 154 0 15
8 151 90 189 68 164 151 69 95 127 152 0 39
10 79 81 140 84 196 154 186 42 153 187 0 49
3 189 106 52 42 187 67 141 78 140 63 0 14
5 165 50 121 86 112 99 181 171 108 94 0 25
7 182 171 86 167 117 115 124 112 95 113 0 35
4 112 171 153 197 114 108 89 155 44 143 0 16
4 185 105 83 80 42 90 52 141 196 114 0 18
5 194 162 140 141 76 189 169 159 81 58 0 24
7 94 106 180 75 89 100 132 101 93 173 0 32
9 162 157 108 168 184 197 171 80 170 75 0 44
6 101 78 81 41 144 42 155 88 140 100 0 30
5 107 132 172 53 184 69 184 116 61 56 0 25
2 109 144 186 151 159 44 196 170 192 123 0 10
8 56 47 155 194 171 133 114 144 63 78 0 39
9 86 182 92 43 197 141 49 135 70 159 0 41
9 87 114 162 56 132 165 152 144 196 175 0 43
9 49 121 88 90 182 77 78 94 107 122 0 44
10 80 61 62 129 184 141 91 198 125 134 0 46
10 52 94 128 134 142 88 54 65 117 104 0 46
9 188 72 176 166 59 183 66 101 157 83 0 43
8 47 104 172 58 135 188 90 45 125 74 0 36
10 50 168 122 138 86 52 60 157 126 53 0 47
7 138 100 193 185 118 165 77 149 146 74 0 35
6 107 186 178 193 70 165 131 179 158 91 0 30
3 98 88 127 160 124 130 47 172 77 54 0 15
3 188 72 44 43 190 165 126 78 100 194 0 12
10 163 173 148 110 113 138 113 84 53 133 0 50
4 79 112 42 198 94 168 70 66 78 76 0 16
3 159 160 171 119 116 69 62 56 66 53 0 15
10 41 189 64 169 42 147 95 49 68 198 0 46
10 68 197 94 90 120 188 63 129 103 157 0 50
7 130 187 43 127 163 59 168 99 41 155 0 31
10 132 85 68 162 178 87 149 173 135 177 0 49
5 155 178 169 167 193 187 170 179 114 60 0 25
6 94 124 129 46 198 70 59 164 48 112 0 28
10 138 103 65 191 142 46 94 90 153 96 0 46
8 113 114 57 152 58 83 47 78 188 137 0 39
9 78 41 170 87 171 135 129 140 157 112 0 41
7 58 80 45 55 198 69 180 178 91 194 0 34
9 74 168 165 52 134 187 80 153 164 51 0 43
9 106 116 188 126 175 146 136 148 169 56 0 41
8 176 97 143 141 186 123 110 42 81 56 0 36
6 90 61 95 70 44 169 86 149 132 146 0 30
7 58 167 136 65 192 196 119 196 172 50 0 32
8 123 189 110 190 120 189 185 190 83 133 0 39
3 184 53 121 66 177 142 188 136 62 186 0 12
3 166 114 141 138 163 121 177 122 190 163 0 12
5 182 164 186 191 156 143 41 40 87 137 0 25
7 42 96 81 43 130 107 181 105 103 97 0 33
4 109 198 180 164 175 47 52 88 136 90 0 18
10 178 52 106 138 104 107 119 156 156 51 0 49
7 159 97 177 131 72 187 151 134 179 41 0 34
8 75 93 85 175 114 120 106 74 187 171 0 40
3 134 159 56 173 111 98 171 78 92 184 0 12
7 89 128 41 69 146 148 106 99 86 138 0 35
4 92 170 161 152 170 141 134 58 185 105 0 17
5 60 194 168 87 62 58 190 194 76 44 0 24
4 151 100 165 136 70 183 192 42 136 93 0 18
5 48 180 55 50 132 43 194 146 63 176 0 25
10 177 72 140 152 185 120 131 151 106 43 0 50
3 113 46 126 168 150 138 78 151 138 89 0 14
5 198 99 41 43 111 125 155 99 58 47 0 25
7 63 92 50 138 74 187 59 151 162 40 0 34
7 104 158 152 136 117 45 160 65 173 113 0 34
8 86 110 118 135 109 170 152 161 130 60 0 36
5 62 144 44 132 177 138 119 148 165 105 0 24
6 68 72 148 107 99 102 140 159 134 69 0 30
8 89 114 132 168 59 120 163 169 178 156 0 37
7 132 104 129 181 120 151 167 81 173 103 0 32
2 99 112 79 77 130 157 127 175 197 91 0 10
10 173 191 107 186 156 45 118 119 136 151 0 49
2 131 110 91 137 161 87 137 96 95 52 0 10
10 68 115 63 40 132 147 187 182 187 152 0 48
7 97 168 133 126 180 130 65 188 130 138 0 32
4 161 165 72 122 163 164 112 195 80 83 0 16
7 89 154 109 44 82 178 177 130 95 59 0 34
5 163 99 80 43 116 132 194 146 186 86 0 23
4 191 41 161 165 97 191 115 186 151 184 0 17
3 142 47 149 79 124 58 99 122 91 80 0 12
3 127 139 101 177 66 58 170 137 132 71 0 11
6 71 190 49 127 122 76 182 122 116 160 0 29
7 95 114 41 128 191 60 133 52 65 107 0 31
4 167 64 129 78 64 45 48 167 173 146 0 18
5 41 51 98 119 198 81 119 95 49 122 0 21
6 195 173 68 55 194 76 104 88 138 101 0 30
9 61 67 134 191 157 127 197 86 146 162 0 43
3 153 145 107 189 173 196 122 142 175 85 0 11
9 77 192 175 47 169 189 196 107 53 120 0 42
10 85 138 128 104 44 45 55 49 53 85 0 50
4 43 64 82 48 73 75 111 90 83 147 0 16
3 136 121 145 74 42 190 175 60 159 61 0 11
3 93 187 131 102 144 61 49 191 164 71 0 14
10 138 157 97 136 107 129 169 169 152 66 0 49
4 191 142 177 135 181 103 99 105 66 103 0 16
8 106 169 64 60 113 59 141 162 142 145 0 39
3 165 63 64 184 128 114 144 95 175 130 0 12
6 152 185 190 156 69 93 167 85 195 170 0 27
5 91 162 58 184 119 191 120 134 103 122 0 24
6 157 121 113 116 137 155 104 43 122 137 0 30
10 189 179 45 173 75 147 74 165 47 109 0 49
7 56 86 190 108 179 117 146 76 171 41 0 33
2 86 165 97 108 134 104 176 193 118 147 0 10
8 164 159 44 136 171 103 139 153 52 140 0 36
5 153 94 140 158 153 120 194 194 130 174 0 21
7 70 95 129 103 196 177 122 156 72 128 0 33
7 140 85 58 116 93 87 180 88 185 64 0 31
10 69 46 179 111 125 114 181 148 66 142 0 48
6 165 59 64 109 72 153 118 111 46 126 0 30
10 189 190 125 84 188 188 49 189 111 43 0 50
6 122 47 174 91 188 172 128 81 93 181 0 30
4 186 128 79 93 140 134 160 51 68 167 0 19
5 167 184 85 196 144 146 43 110 101 191 0 21
4 47 50 54 78 100 186 85 172 103 62 0 20
7 175 137 46 53 188 194 53 47 92 47 0 35
3 141 52 157 43 130 180 113 138 159 115 0 13
10 110 103 183 159 178 153 40 169 93 141 0 47
7 41 111 103 78 135 117 163 56 83 133 0 33
5 81 191 199 135 103 41 161 119 158 83 0 23
8 60 173 119 44 76 179 131 52 60 173 0 37
2 169 61 111 191 58 67 191 157 44 175 0 10
5 48 139 112 99 156 165 123 115 174 95 0 22
9 154 128 83 132 165 146 160 53 121 79 0 41
3 194 140 119 151 89 76 182 54 134 165 0 11
8 133 150 136 119 177 125 186 172 83 152 0 36
8 99 79 186 48 165 124 168 124 180 132 0 36
4 174 193 49 100 171 166 126 179 120 150 0 19
4 116 155 157 173 47 78 184 152 150 128 0 20
7 157 112 166 156 129 92 116 72 87 52 0 31
5 43 193 194 174 57 84 87 153 114 158 0 24
5 97 82 71 56 130 182 145 122 144 87 0 24
5 195 169 123 125 131 41 178 120 168 55 0 24
10 161 167 87 194 167 54 60 182 159 75 0 50
4 68 198 65 62 50 80 73 88 124 75 0 17
5 161 52 51 45 120 191 87 84 88 143 0 23
6 198 68 149 135 149 128 125 132 146 153 0 27
4 69 103 98 72 149 69 63 196 173 120 0 18
6 47 111 161 93 180 66 43 148 179 143 0 29
2 126 97 83 180 176 64 191 126 181 160 0 10
10 136 120 121 75 122 146 136 82 50 132 0 46
4 118 190 96 50 147 175 99 160 198 185 0 16
6 119 151 120 48 52 99 92 180 89 52 0 29
5 81 109 124 79 181 116 125 184 135 91 0 23
7 120 77 169 149 106 87 42 71 163 85 0 31
8 74 161 40 165 144 171 89 54 105 149 0 36
4 198 169 192 91 100 198 128 162 97 41 0 16
8 113 168 53 101 70 127 95 108 63 57 0 38
10 164 50 175 64 104 142 79 40 113 58 0 46
3 186 169 134 177 174 125 57 168 186 73 0 15
6 190 156 140 62 178 194 170 94 157 81 0 27
2 175 105 81 169 170 175 93 107 151 167 0 10
5 101 178 195 135 118 107 54 95 108 114 0 25
6 135 124 180 166 93 52 65 151 90 122 0 29
4 124 47 73 131 62 83 159 120 153 63 0 19
7 92 144 190 139 164 73 55 108 108 193 0 34
7 122 151 58 173 167 86 107 89 75 161 0 35
5 124 57 189 128 56 118 113 40 103 128 0 21
4 176 121 136 105 86 120 60 58 60 172 0 19
7 117 198 63 124 56 126 78 196 77 196 0 33
10 167 61 71 196 114 178 132 161 179 43 0 49
10 190 64 54 93 52 172 71 193 56 168 0 49
3 118 83 69 197 62 47 162 145 54 149 0 13
4 116 83 101 151 158 111 167 119 189 183 0 19
2 118 140 106 43 122 183 88 150 47 70 0 10
3 121 62 55 103 78 151 139 70 198 62 0 13
10 119 114 122 163 133 138 111 50 74 198 0 46
3 168 166 80 175 45 171 186 55 103 76 0 11
5 111 64 158 157 101 59 161 80 156 112 0 24
10 117 81 94 73 176 197 55 42 155 198 0 48
5 171 99 133 195 136 96 99 148 167 89 0 24
4 114 40 142 96 107 103 79 147 170 125 0 16
4 132 103 87 88 186 172 80 188 183 93 0 18
6 153 64 176 83 198 159 106 107 60 99 0 29
10 170 93 142 63 154 182 167 197 134 75 0 49
6 64 88 100 127 194 140 107 93 136 85 0 29
7 135 124 161 190 153 59 93 180 99 103 0 33
6 154 182 52 58 105 165 181 104 54 169 0 27
5 153 100 96 149 130 85 59 163 160 198 0 25
4 133 100 91 176 72 159 152 153 84 116 0 19
5 64 170 153 169 60 176 134 75 60 175 0 23
5 126 113 81 47 50 113 180 163 169 164 0 25
6 52 64 45 99 66 177 173 184 76 196 0 27
10 86 116 136 122 169 132 171 183 125 50 0 50
8 198 101 127 193 41 93 72 100 50 186 0 40
6 105 102 43 190 142 57 146 120 191 55 0 29
9 183 45 77 42 118 74 134 176 107 50 0 41
174 181 285 155 206
109 178 213 250 300
114 145 191 220 284
124 166 198 241 270
112 155 200 260 288
132 146 214 229 294
129 160 191 227 282
128 143 183 243 281
134 152 212 223 266
115 171 219 248 283
126 151 200 233 279
104 150 215 235 284
132 147 219 223 295
133 148 192 235 268
133 175 207 256 297
130 169 182 234 268
100 157 214 238 277
130 161 201 239 300
137 165 191 246 275
115 177 181 228 284
107 160 195 220 262
115 175 202 248 300
102 176 202 231 265
102 163 181 246 280
129 163 191 252 278
111 150 214 239 280
138 164 187 248 269
121 161 188 255 291
115 161 193 243 274
109 141 200 253 292
133 150 220 239 261
124 169 183 223 282
106 153 212 224 276
134 154 197 240 271
137 163 195 233 264
105 169 187 249 288
106 160 207 231 274
113 141 181 237 261
119 176 180 240 268
101 157 202 220 276
112 170 198 239 269
120 157 183 256 264
100 162 187 221 277
128 141 198 259 270
140 167 213 239 273
105 151 194 258 268
136 180 181 241 263
112 158 187 253 290
133 177 186 257 281
129 150 209 228 263
100 160 191 242 299
108 151 195 259 265
109 165 196 222 262
123 147 193 225 278
107 152 213 228 261
124 179 182 232 297
120 180 212 247 269
119 176 218 227 300
117 157 197 252 296
129 156 206 225 272
102 179 212 222 294
118 151 187 239 269
135 177 215 237 291
128 163 195 222 295
101 152 207 247 282
131 159 207 242 262
140 158 216 236 289
125 153 214 235 279
100 176 215 230 262
131 150 201 255 285
133 180 215 220 284
140 176 193 257 280
137 159 181 260 292
118 141 185 221 281
138 164 200 220 289
134 144 209 232 274
135 153 181 243 294
140 142 207 238 281
100 150 189 244 274
109 163 182 257 292
114 169 199 227 267
121 156 180 226 286
117 171 210 247 287
119 151 182 245 278
121 175 216 221 277
108 165 208 225 282
127 152 192 223 289
113 143 189 250 268
137 163 211 259 288
115 178 213 221 261
126 180 182 233 294
116 145 198 227 262
115 144 219 247 274
140 148 220 243 272
116 174 216 226 291
104 175 213 250 272
106 177 181 250 295
118 180 200 254 288
134 175 192 227 271
133 161 217 243 287
114 172 187 226 292
100 164 218 253 295
120 157 185 260 276
126 145 181 221 270
125 169 181 225 289
113 170 196 226 294
122 158 192 252 260
108 166 196 244 280
117 178 220 235 287
133 168 193 238 280
134 146 212 224 262
107 149 209 234 299
121 177 187 228 273
119 163 199 229 265
127 168 219 230 266
123 148 200 249 265
103 153 194 241 284
116 150 204 231 278
109 149 193 223 276
120 146 208 222 285
110 152 215 248 290
113 180 182 229 276
118 156 197 243 262
105 160 182 258 274
106 154 184 238 274
140 159 218 251 294
109 175 215 258 273
105 141 197 245 281
136 174 181 225 274
137 158 206 236 299
121 155 215 240 300
114 179 182 229 281
120 154 204 234 286
110 178 216 220 267
139 161 186 229 294
119 144 199 260 297
115 168 199 252 292
113 153 185 221 261
131 145 204 253 297
129 146 202 242 283
130 156 206 258 289
129 142 196 236 273
122 157 181 240 300
128 140 187 222 296
106 175 216 230 289
114 149 219 223 268
115 178 212 232 286
136 152 201 235 262
137 171 194 244 273
131 175 205 232 297
128 165 216 224 298
135 153 217 253 294
100 180 215 249 292
131 172 182 251 289
108 143 189 240 277
100 177 188 255 267
108 149 203 248 268
124 176 210 258 271
138 174 192 245 265
125 146 196 220 292
127 167 202 231 270
115 166 197 222 297
105 157 216 255 286
113 180 202 230 280
101 174 220 239 290
117 172 208 255 298
131 160 196 230 274
121 151 184 232 297
129 143 192 243 297
107 146 203 247 277
130 166 209 235 277
119 179 214 246 283
109 158 193 255 297
133 143 198 229 286
136 166 199 242 287
112 144 186 227 295
102 159 201 223 269
113 148 210 246 299
136 172 187 257 269
133 165 209 224 264
118 164 192 230 264
138 170 206 228 285
113 149 217 228 276
115 141 188 246 279
130 166 218 242 282
126 162 206 232 299
133 156 188 247 272
122 162 199 239 299
105 155 192 247 277
114 143 192 248 267
109 140 186 249 288
113 165 207 258 293
123 142 193 253 260
125 155 190 245 271
102 144 196 243 260
105 148 205 227 292
132 162 198 235 278
106 173 186 240 294
113 173 208 237 290
132 176 207 243 262
140 180 196 226 283
107 161 195 229 294
132 176 196 221 300
140 171 196 244 296
119 177 199 241 274
117 154 193 222 274
137 179 193 225 260
110 141 198 233 263
104 153 199 224 270
114 150 187 224 279
129 169 217 238 264
109 173 209 254 261
124 180 207 243 279
132 169 216 253 263
124 173 206 233 261
131 179 195 220 297
130 151 217 246 268
123 156 215 221 268
136 143 183 230 284
122 173 219 246 285
102 151 209 236 279
105 150 193 250 299
121 177 189 259 263
109 178 195 247 291
139 180 215 233 274
121 176 208 245 296
122 153 204 245 271
130 152 207 252 268
113 176 184 244 269
109 172 214 254 265
103 156 212 257 291
120 172 200 229 265
121 142 191 256 283
119 151 215 259 267
118 174 208 256 266
132 152 215 249 262
114 144 191 250 300
112 158 208 234 300
101 145 192 253 269
122 152 204 232 277
125 159 192 230 278
117 173 187 252 287
124 145 180 256 278
128 152 184 231 268
133 172 180 224 282
121 149 197 223 262
129 170 194 256 292
107 145 195 223 289
138 163 208 259 276
100 179 197 220 290
103 173 212 230 283
100 168 206 225 275
121 144 201 220 267
113 140 210 244 292
107 168 192 258 276
132 140 211 231 298
131 140 216 233 271
139 152 220 254 289
137 151 180 241 288
129 175 214 226 261
110 176 197 252 268
133 180 205 253 279
137 154 183 255 296
109 158 180 252 267
134 150 203 242 283
114 173 209 255 262
110 169 205 243 280
135 168 214 223 284
113 164 180 254 296
101 173 204 235 282
118 177 187 242 298
111 147 187 230 281
107 155 215 222 270
127 153 204 235 263
115 160 218 245 293
140 155 180 242 298
100 176 215 227 298
122 140 189 255 296
140 158 211 225 290
132 140 212 252 281
128 153 220 234 260
121 149 199 247 269
127 163 213 228 294
122 145 191 220 275
130 142 194 239 261
109 149 212 242 293
119 178 213 234 285
134 168 218 234 295
108 167 213 232 283
102 140 190 253 296
111 148 216 251 276
119 150 196 249 279
121 171 186 249 289
138 140 197 232 282
112 158 194 241 298
119 178 211 226 286
107 149 183 237 278
128 150 194 256 293
113 164 214 254 280
110 165 190 251 280
100 161 200 222 270
105 141 220 245 292
139 140 217 220 264
129 143 215 257 285
114 166 188 237 286
112 151 206 227 299
130 178 181 239 297
109 157 182 258 280
139 160 211 255 290
134 175 218 225 294
123 166 213 259 293
128 175 185 236 271
120 178 216 244 286
138 147 204 254 274
131 164 214 229 262
100 165 214 229 299
139 177 191 229 298
117 153 195 233 265
112 158 201 240 261
120 158 182 255 293
139 150 192 239 281
135 146 218 241 286
107 178 194 222 268
111 160 197 257 262
105 165 218 259 291
139 141 201 258 296
106 146 208 229 286
127 150 207 240 295
100 171 180 241 286
137 157 188 231 295
117 148 218 253 272
118 145 202 247 273
140 150 182 229 268
104 157 205 252 287
121 152 181 245 295
127 177 199 242 262
139 163 194 233 279
138 178 206 228 276
117 161 194 241 300
117 142 200 254 267
114 146 217 222 292
123 142 200 259 291
111 172 180 260 291
134 155 220 226 282
118 180 195 236 270
139 174 216 258 290
105 179 182 256 292
121 170 183 249 274
128 159 197 257 270
106 140 203 228 274
132 150 197 247 280
111 169 194 227 295
111 158 196 246 269
139 173 199 239 295
126 162 218 221 292
102 173 202 224 268
135 155 216 248 288
118 169 198 248 267
139 167 198 240 271
105 156 205 236 294
103 150 211 224 278
106 148 194 238 261
100 174 200 226 266
116 148 196 257 279
134 158 200 259 292
102 159 198 245 289
110 151 206 239 275
114 173 182 249 263
120 162 201 252 282
127 161 197 220 262
125 169 188 245 272
129 150 181 222 287
124 170 192 227 299
108 177 200 230 268
111 152 203 251 293
118 153 205 226 268
103 162 188 222 261
116 178 200 237 276
101 170 200 245 281
119 144 210 258 292
139 180 213 225 275
111 150 192 253 290
120 174 197 235 297
140 173 182 236 273
133 151 203 248 260
106 175 206 251 282
138 162 214 249 272
101 147 204 220 290
118 179 199 249 262
113 153 204 246 293
117 170 204 239 272
138 169 194 251 266
100 166 206 250 262
139 152 196 253 260
109 154 212 228 271
128 144 193 241 264
101 170 218 223 263
108 166 199 224 287
107 154 200 250 290
126 169 211 238 278
123 144 193 247 279
114 140 205 250 266
103 179 193 253 273
135 148 213 226 286
104 143 212 255 280
116 170 196 238 296
126 180 196 257 285
103 177 180 247 274
119 156 183 249 268
130 162 182 245 273
112 176 187 250 280
111 159 194 245 284
111 162 189 221 299
101 155 186 233 269
115 170 189 251 269
134 156 184 237 280
101 156 217 257 275
124 177 206 248 270
131 178 220 235 296
109 146 187 250 299
124 160 184 227 288
123 144 181 245 286
119 160 204 253 263
129 152 213 243 293
123 165 213 231 262
131 165 201 226 272
135 152 193 253 282
115 140 189 251 265
138 176 218 224 294
130 178 197 231 261
100 173 218 249 288
100 163 197 253 279
118 155 183 243 280
103 150 213 237 300
119 173 183 251 296
109 162 191 235 272
119 150 182 242 266
132 170 182 226 289
109 153 189 234 272
112 170 207 232 265
109 164 210 253 268
104 144 217 258 264
128 156 181 248 267
122 179 213 225 292
113 153 181 228 276
129 170 219 222 260
139 158 188 237 290
117 168 202 253 291
116 145 191 254 274
112 159 194 258 299
107 150 210 220 284
133 177 193 236 278
124 161 189 249 279
114 171 193 250 285
138 171 203 252 292
109 148 186 220 288
114 162 199 235 261
106 168 188 250 296
130 148 200 233 300
138 152 206 239 270
100 174 185 222 280
137 154 193 231 277
105 144 211 248 283
108 166 195 235 281
127 172 181 230 263
133 164 205 236 269
117 146 183 253 286
105 180 180 256 292
109 157 201 260 296
136 177 189 227 283
128 168 192 247 273
125 166 204 236 278
138 142 189 231 279
139 158 220 234 275
125 148 201 233 288
130 175 220 229 271
122 168 204 237 288
138 140 207 251 267
123 165 207 248 280
133 172 208 244 270
126 171 191 257 266
120 140 208 229 260
118 180 209 250 298
106 142 181 238 296
108 146 195 248 280
116 151 182 257 265
115 175 200 237 272
126 151 214 245 263
122 159 216 220 275
115 158 217 232 267
124 147 194 243 272
134 146 180 258 271
114 148 191 247 294
102 166 220 247 279
114 161 194 239 283
128 168 207 254 300
126 176 214 227 292
130 173 192 243 290
116 157 212 245 283
109 151 220 246 262
125 177 204 243 261
101 177 198 226 270
140 172 186 226 276
101 160 211 260 294
134 155 203 227 278
105 149 185 258 267
104 166 209 252 283
115 149 195 238 298
131 173 189 252 276
136 172 187 242 265
140 166 203 236 286
105 159 188 236 263
124 146 206 224 280
109 157 220 237 266
114 156 204 226 285
100 167 213 241 263
137 149 197 225 264
104 156 208 256 273
114 142 182 250 277
110 157 185 244 270
114 162 195 245 284
125 165 203 226 263
113 155 200 229 293
133 160 203 241 267
114 166 210 240 293
126 141 189 242 266
139 154 203 251 282
121 179 201 221 279
115 147 214 241 292
133 158 188 252 274
116 180 192 237 288
135 145 194 248 278
120 162 216 230 270
123 171 205 249 261
109 140 201 237 298
111 164 215 251 295
114 142 190 225 286
126 156 212 245 267
118 179 196 237 290
114 172 193 227 290
133 147 204 221 264
137 158 208 256 275
129 166 193 238 298
109 162 195 243 266
117 155 185 233 266
108 175 183 256 297
118 176 211 242 297
133 163 190 240 294
136 163 218 225 275
131 155 201 232 265
140 158 183 237 260
133 178 183 260 261
140 151 204 240 273
130 163 184 227 272
122 169 217 249 268
132 177 199 227 283
101 176 206 228 276
115 146 214 238 262
113 156 188 248 274
102 151 201 234 278
137 158 180 257 299
136 148 209 240 278
104 152 212 256 273
105 159 215 225 292
105 143 197 226 286
131 154 212 249 261
119 170 211 231 270
136 167 204 226 275
112 155 190 243 272
137 173 198 233 294
135 167 182 249 273
105 171 204 249 294
131 173 191 241 272
113 161 200 234 275
140 172 219 257 272
100 168 187 245 287
123 154 209 232 274
127 158 220 226 298
123 158 205 220 287
127 165 208 239 264
133 180 215 258 299
100 161 186 225 295
103 163 216 250 264
128 164 188 227 290
138 148 212 243 293
111 152 186 228 284
114 172 196 257 297
102 178 207 233 278
106 179 188 247 295
117 180 199 253 272
120 154 197 222 266
114 153 219 253 300
126 164 206 248 288
129 140 202 254 261
131 144 205 248 268
115 164 219 232 267
116 176 210 220 287
132 161 208 227 262
117 162 197 239 297
117 145 199 252 283
132 180 207 243 279
114 176 194 230 283
113 179 212 236 277
105 146 218 243 262
126 149 200 258 264
138 161 200 234 272
105 142 189 253 300
105 154 211 226 274
115 170 204 229 272
114 143 200 253 261
104 171 188 240 269
123 163 208 232 288
134 171 219 245 291
103 157 194 240 273
110 179 185 237 262
105 159 206 257 263
140 154 212 228 296
134 162 217 260 275
106 156 220 221 277
118 148 187 260 270
117 142 205 227 291
111 172 203 237 292
107 145 208 255 279
135 168 220 229 266
133 174 180 229 296
110 172 201 248 279
106 174 207 238 264
116 161 204 251 286
112 176 193 249 266
133 158 211 257 288
117 154 192 228 266
134 169 181 243 300
134 175 183 243 267
135 152 216 249 265
113 148 208 236 287
136 148 199 252 266
109 153 218 225 264
120 147 190 225 279
109 178 199 260 273
103 160 191 232 289
112 152 202 259 288
133 170 208 229 276
105 148 180 260 266
138 174 195 258 267
130 140 203 223 267
116 167 203 250 282
132 162 214 224 267
128 147 214 224 279
140 141 180 258 295
119 160 181 251 285
121 150 197 247 272
136 166 188 256 269
138 156 195 233 282
136 146 205 233 284
138 165 209 249 271
116 167 193 220 282
122 143 220 254 285
110 147 210 252 298
106 160 188 244 295
100 154 194 244 281
102 175 218 225 285
115 176 191 247 295
118 163 186 239 266
134 153 217 227 287
122 146 219 248 271
102 151 207 239 293
108 155 216 235 284
137 150 217 231 262
120 165 203 227 297
118 148 198 234 294
112 178 199 256 294
100 178 219 254 292
117 172 188 222 287
128 172 208 249 284
133 161 219 236 275
139 160 198 257 289
114 165 188 226 300
121 171 196 256 289
101 143 212 258 281
100 151 186 238 280
113 146 183 236 263
131 146 192 235 298
107 175 212 259 273
118 171 217 237 269
137 144 188 246 268
125 140 193 248 287
123 162 203 235 300
132 142 218 249 267
102 141 190 253 286
118 175 181 220 276
113 174 218 259 273
113 163 180 223 291
137 153 191 229 263
123 176 215 225 273
131 151 207 220 282
102 165 194 257 287
122 144 192 248 288
112 153 204 247 267
130 163 216 232 271
123 159 194 233 261
123 163 219 233 295
130 179 201 221 294
127 147 186 233 268
137 165 188 241 297
103 161 191 235 275
129 155 202 239 260
128 158 181 224 265
119 141 210 251 293
130 167 203 240 296
132 144 189 228 269
110 155 207 257 263
101 146 183 241 270
124 157 205 235 283
104 143 189 228 282
125 145 208 250 260
130 148 190 256 273
126 169 216 248 266
105 166 218 259 284
110 160 193 258 295
127 163 214 240 298
129 141 207 259 287
138 142 213 220 291
120 147 202 238 279
139 143 202 250 272
112 170 200 235 278
107 163 196 249 291
120 175 198 235 296
108 170 181 241 273
140 175 197 249 261
107 154 190 221 274
110 175 190 251 264
134 179 199 249 296
133 142 200 220 279
110 177 207 243 271
108 160 213 235 268
130 167 209 227 289
115 146 197 253 264
111 166 209 223 260
137 160 205 230 281
122 149 196 225 289
103 168 190 236 275
100 161 219 223 285
132 169 186 258 296
122 161 203 244 278
125 175 182 249 280
131 180 205 250 272
101 153 214 229 299
111 177 195 249 288
112 179 204 228 264
119 165 217 221 273
122 140 187 220 296
105 177 220 225 275
108 174 219 242 293
123 178 186 245 295
117 176 198 225 291
114 177 189 247 264
106 166 188 250 276
119 148 188 259 280
107 143 216 239 262
140 151 220 258 298
110 175 195 236 280
120 161 218 233 281
104 156 187 235 294
100 174 184 246 287
108 145 210 257 267
125 159 189 234 292
138 152 193 244 284
140 167 198 236 299
116 166 192 260 298
130 160 184 221 264
126 169 190 246 298
133 177 210 225 261
105 158 182 227 284
129 140 205 257 289
133 180 183 237 279
140 177 206 238 274
108 140 180 227 299
131 157 208 260 261
111 179 202 252 267
119 168 196 230 263
112 173 195 224 292
119 155 188 251 263
105 178 189 236 293
100 161 193 238 261
128 175 191 239 292
115 174 183 241 296
137 156 184 225 260
139 162 197 250 291
136 173 194 225 292
107 160 205 240 264
140 154 219 237 286
130 155 214 249 299
121 175 220 259 278
133 177 180 252 297
127 150 207 255 283
103 168 194 223 260
108 153 198 247 267
132 158 208 239 292
111 171 190 258 278
110 177 201 230 260
116 140 188 260 287
126 142 214 242 278
117 161 184 234 277
111 180 186 226 271
126 167 195 225 294
119 163 201 255 291
136 163 213 224 267
109 175 215 247 283
123 169 216 253 272
131 156 204 228 278
106 177 197 221 271
109 155 180 260 276
128 158 184 237 269
110 143 190 220 292
108 162 189 248 274
129 171 196 237 298
114 158 217 222 264
131 142 212 234 266
132 170 217 239 288
113 163 204 259 263
120 177 217 249 293
116 156 183 232 264
130 161 202 233 274
125 148 217 254 285
124 153 198 230 294
132 178 210 232 270
115 156 190 232 300
122 177 209 245 281
109 148 211 221 274
113 174 212 235 290
130 148 209 232 266
122 143 192 223 280
110 150 196 257 281
138 141 184 225 274
112 152 207 247 262
114 143 207 225 287
119 168 195 244 281
102 144 207 226 270
103 151 214 239 293
133 172 191 228 281
133 179 202 234 274
121 141 213 228 295
128 160 203 235 281
117 153 195 240 288
116 146 207 260 268
129 170 192 223 288
136 161 212 230 292
125 170 193 225 276
116 175 194 233 261
115 158 217 221 286
120 174 210 238 275
118 165 215 238 295
115 160 220 245 288
129 173 184 235 291
139 178 215 233 300
138 175 204 244 299
103 177 194 256 270
100 155 208 247 275
130 160 214 255 273
119 145 199 250 261
108 166 181 239 299
124 164 205 248 261
114 179 204 237 297
140 146 219 256 293
100 141 210 221 297
136 161 184 223 270
134 141 200 259 288
133 167 205 255 300
138 144 181 241 287
138 170 215 243 290
108 157 189 223 274
108 151 208 225 280
115 143 191 256 269
116 170 188 258 295
106 156 210 245 281
115 142 201 242 295
129 172 182 241 276
124 175 191 242 286
102 141 197 255 300
108 159 211 249 296
103 179 213 227 296
121 156 188 226 269
134 146 194 250 283
132 173 213 237 283
116 143 213 224 267
120 180 214 229 260
104 149 218 225 272
140 159 213 240 283
110 157 181 232 294
108 146 182 227 296
115 155 211 239 265
119 154 213 236 277
123 165 212 224 270
121 158 209 227 295
138 168 194 260 288
124 168 187 237 273
110 148 210 248 292
115 150 208 234 269
135 142 213 222 283
127 166 220 259 297
106 180 206 230 281
138 167 220 242 278
131 147 185 229 264
101 170 192 254 279
138 144 194 237 265
100 169 208 228 275
111 163 192 240 290
125 153 197 224 283
108 165 189 222 267
120 154 196 237 273
121 176 206 257 273
139 179 202 259 270
120 143 181 228 285
122 176 211 250 286
134 148 182 251 277
123 152 182 234 287
116 142 201 243 299
110 142 183 255 275
115 157 206 246 279
103 163 192 240 267
125 165 220 251 273
128 140 211 238 278
113 164 193 223 268
110 141 183 224 290
105 156 204 244 271
115 159 199 234 291
130 166 220 236 288
135 176 206 239 273
101 160 185 254 266
111 150 186 220 279
104 146 204 230 274
131 156 196 241 273
121 149 200 237 279
115 158 212 250 274
129 179 190 243 262
139 170 196 220 277
137 143 210 246 300
108 176 183 237 275
113 165 195 230 281
129 140 192 229 294
113 164 191 225 292
106 141 198 253 277
110 153 202 251 277
108 175 202 248 269
133 147 193 226 283
111 168 213 228 290
126 151 191 250 270
133 165 183 243 263
140 149 196 259 270
135 143 181 243 285
116 179 212 245 291
118 155 181 252 269
121 154 198 237 290
103 152 214 257 266
138 180 196 239 290
111 157 193 221 292
100 141 185 241 299
107 149 202 251 265
108 173 212 245 275
121 159 197 234 300
134 164 207 248 294
112 173 182 251 285
135 158 207 234 277
136 177 203 223 286
111 148 207 220 295
103 140 216 240 272
107 159 207 226 288
110 164 207 236 275
101 144 187 245 273
127 148 211 222 277
133 157 201 241 283
125 152 203 225 264
100 166 204 239 272
140 148 216 249 288
109 143 219 251 276
136 172 216 222 267
108 163 183 242 295
122 168 205 239 290
119 155 191 221 273
100 173 208 245 270
121 172 206 260 267
125 175 182 260 279
120 166 205 221 269
127 180 199 259 297
111 163 208 236 266
103 168 191 253 295
121 177 213 255 296
129 149 217 237 286
113 156 220 252 268
123 174 196 225 264
129 140 215 227 267
113 146 207 231 268
128 176 215 246 262
136 163 210 255 286
111 180 197 247 274
124 180 218 234 267
117 177 181 221 298
118 174 191 228 298
135 169 201 254 295
131 177 199 247 270
102 143 217 232 295
1641 2678 3204 3759 4510
5707 7258 9559 11010 14211
4099 5486 6543 7963 8920
1127 1558 2009 2610 2890
5419 5994 8783 9398 12065
2329 2888 3447 4096 5087
5895 6586 8427 11188 12937
4429 5024 7005 7369 8788
2767 4112 5265 5962 6802
5173 6199 8209 9563 11450
4479 6458 9254 10115 12223
1723 1919 2856 2908 3846
4929 5484 7113 8705 9926
1470 1933 2286 2825 3277
4947 6430 6925 8902 10194
2007 3148 4289 4770 5551
1567 1940 2421 2877 3610
3295 3968 4593 5914 6610
5182 7974 8154 10270 12791
2254 3368 4104 4630 5513
2422 3683 4251 5218 6310
2557 4409 5059 5785 6635
3781 6039 6706 9112 10371
1684 2127 2492 3286 3624
5224 7058 10067 11243 13171
5251 6240 7115 9434 10232
1580 2101 2453 3325 3793
5297 7414 8887 11188 12614
4476 5789 8209 10383 11983
6657 7508 11009 11960 13060
2859 3895 4218 5139 6497
1279 1844 2553 2698 3323
4027 4628 5919 7210 8140
2063 2453 2934 3505 3970
1057 1698 1879 2500 2891
1067 1608 2079 2320 2751
3736 4661 5982 7831 8624
5362 7929 8109 10810 12070
3441 5346 6877 7490 9395
4935 7488 8721 10526 11846
3127 4090 4767 6666 6874
1107 1790 2066 2441 3058
5639 6212 8721 11406 11890
3647 4350 5547 6223 7108
2842 4085 5247 6976 7246
2183 2888 2904 3866 4218
3591 5064 5993 8106 9291
6258 8327 8750 12089 13217
6328 7358 10250 11182 12897
5006 8008 9559 12110 14961
1195 1669 2154 2859 2925
2841 4299 5105 5782 6823
3328 3977 5220 6085 7517
1184 1680 2353 2518 2882
1867 2693 2738 3489 4466
2407 3608 4249 4950 5390
1673 2472 3061 3187 4210
5506 7387 9268 11854 13923
2071 2504 3305 3610 4362
2556 4483 5309 5559 7361
3429 4387 5432 6941 7812
4327 5672 6889 7593 9322
3335 4246 5079 5781 7681
2633 3960 5391 6432 7343
6295 7640 9945 11626 12586
3367 3800 5193 5673 6946
3382 4139 5787 6355 7543
3007 5289 6459 6910 7870
3020 3458 4632 5875 6565
5061 6848 8179 8369 10802
2807 3528 3868 5150 5610
3706 4301 4895 7030 7894
5435 6494 8519 10176 12937
4699 5584 6809 7489 9837
4831 5192 7533 8362 9874
4597 5210 6162 8272 10007
6307 6398 9324 10720 12655
1007 1508 1899 2450 2751
4258 6365 7107 10033 11399
1147 1698 1999 2280 2680
1217 1568 1809 2270 2871
2932 4283 5259 6185 7185
5838 7407 8927 12015 13633
2306 3333 4113 4208 5273
2923 4463 5625 6085 7625
4706 5632 7113 8261 10704
3171 4012 5301 7010 7515
3295 3920 5073 6226 6922
1157 1789 2139 2219 2620
3661 5228 5286 6766 8537
3255 4068 5553 6366 7347
1732 2168 3294 3715 4120
6867 7260 10789 11917 13338
4415 6620 8217 8597 11068
3438 5783 7038 8260 8986
1915 3194 3266 4510 5321
2957 4508 5009 6360 7210
2151 2808 3081 3641 4346
4529 5482 7387 8271 9768
3313 4996 5432 6564 8479
1106 1812 2407 2793 3255
4207 5503 6484 9110 9670
4040 4648 5801 7082 8651
1632 2205 2362 2935 3768
1363 2048 2361 2721 3539
2813 3642 4425 5806 5990
3571 5486 6477 8062 9251
3751 5704 7049 7529 9194
2800 3536 4062 5008 5890
5636 6140 8913 9418 11014
5036 7011 9832 11008 14064
3879 5673 5993 7306 8746
1673 2290 2795 3216 3720
5341 7064 9207 9669 11182
5911 7112 9609 11962 12730
2788 4139 5247 6517 7679
4531 5858 7965 9019 10853
2405 3286 4255 4916 6083
1447 1760 2505 2674 3431
1877 2592 3664 4226 4940
1476 2349 2375 2987 3599
2957 3908 4934 6085 6560
2632 4008 4559 6460 6861
1279 1856 2217 2866 3299
1967 2234 3061 3523 4126
4694 7533 9254 11104 11749
1792 2405 3358 4175 4788
2456 3140 3267 4060 4942
4254 4906 6395 7325 9279
1822 2333 3234 3609 4510
2059 3231 3285 4132 5069
1327 1702 2253 2584 3157
3747 6061 7353 7489 9088
5706 6609 7635 9398 12065
4410 5336 7372 9630 11000
5642 8240 9760 12358 14318
3397 4598 5559 6640 7841
5509 6097 8577 10636 12484
2071 2344 3241 3882 4538
2347 2816 3717 4654 5212
2845 3132 4321 5202 6017
1959 2520 2905 3850 4811
1287 1408 1879 2230 2971
4883 8058 9945 10589 13304
1375 1796 2638 2686 3227
3802 5882 7005 7665 9448
2320 2592 3426 4005 4464
1377 1718 1949 2450 2740
1448 1933 2264 2561 3277
4615 5948 7785 8073 10738
6622 7504 10642 12406 14416
1606 2888 3449 3994 4682
1710 2244 2374 3273 3767
2923 3869 5112 6490 7490
2807 4965 5273 7150 7486
1735 2392 3257 3978 4298
3355 4760 5679 6976 7327
2215 2792 3081 3930 4250
4507 5264 7065 7930 10523
2674 3515 4251 4861 5680
4607 6648 7889 8889 11891
3261 4875 6705 7915 8876
1928 3068 3443 3919 4770
3238 5576 7049 7657 9290
3634 5340 6457 7915 9248
2103 2568 3145 3690 4394
2669 3330 4057 5114 6545
3619 4012 5385 6814 8327
4929 6724 9347 11372 12753
3517 4490 5652 6354 7489
3339 5020 6001 6897 7934
3168 4590 5606 7405 8624
4662 5013 6939 8025 10021
5039 6150 7372 8963 10629
3927 5048 6519 7955 10336
3067 4778 6039 6700 8081
2832 3708 5259 6160 7486
5855 7404 8049 11061 11577
5726 7103 8996 9641 11362
4019 5584 6537 7830 8986
5389 6638 8043 8901 11125
1702 2243 3264 3430 4151
2882 3533 4709 6160 6986
6507 8308 10909 12109 14110
5929 7622 9691 10913 14064
3598 4220 5085 6679 7354
2691 3572 4387 5268 6589
3997 5898 7305 9396 10537
3655 4584 6153 7946 8555
5239 6728 8937 11962 13835
2041 2978 3735 4654 5284
4558 5262 7150 9371 9630
2632 3263 3999 5155 5701
1333 1880 2557 3169 3391
4522 6372 8824 9771 12567
3439 4220 5157 6120 7238
3293 5371 5775 7450 9125
4640 7101 8537 9726 11900
2119 2824 3321 3898 4202
2527 3248 3537 4077 5104
4180 6287 7614 8941 11477
2383 3176 3537 3987 5411
6027 7361 8436 10501 12738
4172 6203 6974 8445 9600
5857 7708 9659 11110 13711
4118 5379 5799 6759 7810
5287 6776 9513 11194 12635
1879 2762 3591 4042 4871
2971 3908 4871 5834 7265
3748 4909 6302 6912 7666
1751 2776 3353 4074 4186
4719 6848 7875 9243 10612
5683 7275 9297 10889 11319
2611 3641 4335 4903 5491
4723 6452 7029 7929 10703
2477 2877 4132 4684 5102
1360 1724 2374 2440 2958
2592 2725 3486 4380 5407
3057 4333 5484 6159 7135
1639 2424 3353 3786 4475
3262 4658 5992 7760 9280
4484 6557 7002 9593 9741
4476 7306 8004 10137 11941
4594 5948 7104 7698 9052
1459 2120 2505 2949 3562
4155 5210 6945 8340 9224
4037 4720 6426 7822 8318
2493 3881 4057 5378 5928
2623 4136 5145 6106 6370
3817 5780 7853 9519 10777
6007 8608 10009 11460 13260
1943 2280 3065 4106 4539
1435 1820 2589 3118 3214
2013 2966 3545 4362 4532
2647 3048 4309 4990 5250
5593 7064 9368 12260 14711
5271 7434 9785 11007 14111
2027 2908 3849 5070 5391
5985 7456 10005 11378 13584
5257 6686 8073 9670 11687
2815 4160 4497 6058 6898
3107 3633 4509 6410 6961
3463 4112 4977 6247 7247
6524 8436 8829 10985 13829
2911 3584 4737 5362 6299
3490 4598 5246 6922 7894
1612 2183 2934 3355 4346
3733 4409 5625 7003 7462
3907 6990 7692 8589 11321
3612 6063 7429 8060 9915
4207 7064 8661 9460 11561
1338 1592 2220 2430 2948
5544 6868 10299 11966 14319
3431 5384 6153 8266 8842
3307 3507 5284 5784 7461
4985 5328 8217 8864 10308
6818 7455 10789 12455 14171
2473 2726 3249 4348 5195
5812 7883 9639 10179 11755
3967 6344 7101 9082 9658
4263 5768 6569 8106 8938
6446 7246 8609 11995 13922
5348 7750 8829 12358 13094
4161 4658 6302 7512 8783
3769 5717 6906 8425 8656
2537 3895 4724 5599 6450
6622 8240 10495 10936 13926
1815 2632 2888 4074 4747
1118 1911 2253 2595 3113
4963 7442 7862 10174 12527
4558 6035 7676 9440 11532
2468 3573 4955 5116 6221
5341 6434 8577 9880 11056
4607 6408 8729 9810 11730
6307 6983 8108 10900 13421
2706 4760 5814 6138 8057
3179 3648 4923 6640 7707
4347 4906 6550 6984 9000
2251 2387 3613 4294 4787
4487 5363 7709 8200 9110
1338 1647 2198 2727 2969
5976 7669 10020 10725 13828
5619 6678 8795 10130 12661
4168 4552 6217 7658 8362
2732 3733 5309 6060 7336
5362 8018 9594 10539 12835
2687 3368 4369 4689 5910
4975 7690 9807 10682 13028
3271 4488 6089 8106 9483
2893 3856 5625 6536 7186
4291 5408 7065 8974 10055
4484 6335 6890 9223 10703
5114 5188 7298 8594 10445
1351 1904 2337 2902 3587
2863 4280 5073 5433 6874
5250 7309 8976 11623 13633
6279 7358 9515 12554 14367
2719 3944 5145 6106 6730
1217 1823 2099 2771 3090
4207 6770 8409 9334 11351
2002 2687 4189 4665 5559
4873 4908 7604 7710 9250
3748 4154 6244 7463 8275
5137 7478 8469 10675 12881
5607 7558 10309 11360 14961
3647 4992 5076 6701 8327
5457 7858 9109 12910 14011
6540 7528 9926 11995 13640
5769 7533 9383 9684 12652
3205 4324 5547 6744 7628
5511 7533 7964 10158 11663
2647 3924 4761 5377 6302
3595 3830 5313 6614 7134
1972 2468 3219 3445 3940
3606 5948 7713 8253 10775
6540 8327 8985 10772 14016
4102 5363 6834 8165 9286
4375 6170 7848 9370 10189
2287 3010 3466 4855 5578
6263 6758 8649 10765 12655
1762 1906 2843 3143 3728
1291 2145 2337 2674 3227
3670 5288 6510 8491 8656
1581 2483 3279 3895 4375
4872 4942 7044 9040 10370
3081 4242 6041 6651 8305
2547 3008 4149 4810 5911
4007 6848 7209 9650 11451
6035 6916 8281 10173 12991
2347 2968 4369 5070 5450
1659 2038 2837 3468 3832
5328 5708 6925 8712 10195
2295 3462 4519 5554 6325
4121 5176 6163 8340 10041
6357 8858 9959 12110 13110
6540 7669 9127 10961 13123
1387 1788 2069 2289 2770
4219 5804 6993 8686 10811
5740 6966 9809 12456 13093
1717 2198 3264 3339 4391
3451 3983 5609 7262 8158
1894 2932 3068 4430 4958
1749 2023 2869 2947 3676
1187 1808 1959 2370 2710
5706 7142 8865 10587 11900
4207 7168 7288 10250 11691
4363 6128 6597 8974 9874
2951 3665 4540 5921 6220
4989 6588 9550 10726 12889
5023 5708 7495 9396 10650
4225 6430 7381 8636 11221
2449 3484 4321 5422 5928
1536 1911 2198 2638 3255
1645 2114 2843 2882 3806
2965 5026 5867 6506 7783
5137 5898 8217 9433 10954
4963 7106 8325 10426 11224
3204 3849 4563 5530 6243
1792 2660 3494 4022 5009
1758 2558 3596 3818 4737
1703 2376 3113 3818 4187
1907 3315 3809 4304 5065
4299 5484 7261 9519 10333
1347 1588 2009 2600 2930
2353 3665 4563 5645 6658
4957 6803 9279 10765 12386
5593 8485 8927 12211 12897
4207 5678 7044 8830 9880
4452 5643 6904 7710 9180
5007 6768 7529 9810 10890
3877 4508 5439 6670 8621
1991 2728 3081 3641 4795
3247 5319 6009 6910 8050
4447 6088 8129 10050 11731
4255 5516 7389 8146 9659
3097 4869 5649 6670 7841
4763 7306 8209 9727 11326
4046 6808 8009 9810 11251
2744 3319 4839 5944 6726
2370 3068 3630 3834 4685
4003 5408 6921 9118 10451
3127 4532 5131 6119 7733
6728 8312 8744 11338 13114
4396 4991 6708 8194 8590
2869 4733 5571 6787 7624
3457 4058 5359 6235 6810
1421 2066 2865 3090 4071
4491 6810 7571 9472 9966
2832 3833 5109 6160 7336
5155 7488 8985 10526 11978
4837 5923 6799 8795 9320
4507 7478 9279 11260 11800
2232 2440 3145 4058 4170
5130 7246 9973 10726 12748
6279 7064 9466 11819 12946
1926 3238 4152 4247 5007
3571 5486 6576 7402 9482
4929 7092 9209 11510 13351
6307 8458 10559 11909 13910
2098 2456 3290 4209 4754
3313 4068 5954 7260 7724
2994 5199 5606 7347 7927
2707 2968 4269 4529 5730
3543 4870 7217 8680 9531
1863 2728 3145 3818 4747
3787 5408 5888 7720 8560
1243 2133 2169 2974 3299
2506 3284 3852 5239 5638
5857 7298 8199 11035 12295
1463 2296 2440 3260 3650
1783 2552 3113 3930 4555
2782 4058 4734 5535 7486
2633 4038 4845 6068 7005
5297 7828 8703 11556 12384
4831 5624 6633 8542 10091
2834 4376 6085 7206 7710
5215 7442 8661 10426 11350
6164 8374 10349 11054 13922
3931 5264 6741 9010 10775
1371 1768 2033 2507 3179
5788 6776 8516 11525 13453
1554 2088 2661 3299 3429
1942 2288 3204 3655 4405
3328 4463 5760 6247 7084
1448 1823 2220 2495 3002
1897 2136 2711 3552 3958
1732 2108 2844 3775 3986
5665 7224 8947 9193 12064
4557 6238 6904 8095 9145
2406 4160 5241 5986 6922
3306 5387 6510 8359 9218
4373 5743 6780 9001 10371
1861 2708 3843 4276 5411
3577 5198 5498 7540 8891
2623 3896 4593 5650 6539
4648 5858 7107 9448 10385
1987 2558 2739 3399 4346
1642 2303 2844 3520 4091
2583 3918 4770 5346 6105
5348 8044 10299 12407 13142
1567 2168 3264 3880 3970
2055 2504 2905 3978 4282
2203 3230 3843 4059 5266
3171 4292 5077 6394 7739
2587 3408 4389 4449 5210
2787 3168 3769 4750 5811
2581 3704 4453 5576 6412
2675 3343 4402 5852 6313
1127 1598 1949 2590 3001
5357 7508 10509 11010 14211
6657 8858 9659 11809 13910
5215 6770 7947 10468 11728
5707 8558 9659 12510 14260
3733 4625 5490 6813 7894
5130 6964 8751 10350 13547
1375 1952 2397 2830 3142
4671 7400 8281 11010 13035
4297 4892 6609 7698 9911
2905 3200 4335 5029 5680
1207 2097 2229 2674 3371
4940 5552 6957 8326 9982
1372 1880 2752 3234 3690
1411 2166 2544 3065 3664
2039 2761 2905 3690 4218
3997 4928 6159 7090 8080
1879 2344 2937 4058 4587
4732 8108 8108 11530 13151
1751 2520 3225 4170 4747
5175 6734 7191 8635 10764
3847 5048 5769 7420 8200
4257 5652 6945 8034 9462
3734 3842 5112 6247 7544
6818 7750 10789 11475 13485
5257 6224 8451 9796 12107
5207 7008 8809 9169 10850
5497 7568 9189 10674 12970
4009 4068 6012 7289 7753
3943 5288 6633 7946 8970
5859 7576 9161 10746 11890
1393 1889 2110 2837 2936
3487 4068 6041 6651 7551
2603 3968 4607 5509 6566
3081 4126 5258 6912 8595
3355 4534 6054 7698 8691
3139 4085 4923 6949 7165
3687 5608 6409 7594 8714
2275 2726 3861 4420 4744
3179 4142 5625 5729 7160
1732 2378 3264 3490 4015
2363 2801 3695 4627 5179
1481 1614 1989 2848 2991
1261 1636 2110 2727 3245
2352 3826 5069 5691 6427
1831 2584 3113 3834 4539
5895 7736 9531 11693 13810
5551 7752 9425 9997 12858
2347 3122 3465 4384 5230
5227 7073 9549 11035 12745
1424 1971 2869 3208 3416
5382 7619 8781 10459 11233
1421 2487 2781 3174 3791
7008 8608 9309 11309 13810
4652 7368 9715 11970 13534
6439 7448 9753 10905 13354
2422 3435 4264 5944 6152
1358 2166 2726 3286 3689
2997 3882 5079 6198 7759
2234 2949 3222 4294 4702
6263 7920 8611 11142 12200
1547 1834 2242 2605 3156
2002 3029 3581 4494 5008
2363 2782 3923 4266 5331
2841 4090 5729 6172 6926
3199 4376 5721 6338 7991
2007 3348 4269 4830 5270
3022 3286 4343 4960 5818
3647 5468 7289 8970 9565
4567 5688 7289 10010 11091
4297 6131 7224 9526 10541
3085 4382 5274 6625 7679
5132 6773 8332 9276 10793
4753 6518 8409 9628 12317
2002 2408 3054 3625 4015
2743 3992 5049 5770 7042
3913 4379 5868 7512 8257
5428 6014 7926 9799 11008
1943 2872 3225 3545 4474
1962 2507 3647 4107 4975
2401 2852 3393 4546 4942
5111 7928 8457 10438 12682
4057 4358 5829 7450 8350
1807 2438 3249 3460 4060
2959 4112 4929 5986 6274
2841 3648 5235 6172 7759
2338 3452 4524 5281 6205
3199 3984 5329 6310 8019
1267 1568 2129 2460 2680
5553 8421 9221 11148 13640
1831 2760 3097 3642 4651
2269 2507 3477 3767 4498
4254 4906 6457 7946 8535
6457 8308 9659 11909 14911
1533 2276 2739 3412 3734
5506 7293 8704 10961 12513
4867 7883 8243 11530 13376
3075 4584 5495 6301 7732
2002 2453 2859 3610 4421
2047 2453 3279 3384 4135
2627 3108 4029 4650 5310
2948 3326 3852 4987 5470
5194 6950 7145 10150 10189
1407 1518 2049 2410 2740
3647 4572 5161 6366 7627
5497 7613 9774 11215 12070
2119 2840 3193 3641 4538
3845 6696 7837 8674 10499
2652 3366 4931 5484 6036
2832 3908 4709 6210 6861
2353 3481 4632 5392 6405
2747 3168 3608 5150 5990
6127 6668 9414 10810 12520
2503 3656 5097 6154 6562
3577 5414 7319 7659 9939
2842 3869 5328 6112 7733
3937 4628 6369 7480 7840
2625 3748 4651 5092 5950
2999 3682 4497 4981 6060
5495 7603 9319 11917 13339
2336 2949 3375 3970 5008
3787 4684 5104 6982 7654
1056 1718 2049 2500 2950
3937 5198 5739 7240 8170
1702 2423 3009 3520 4136
4067 4996 6360 7462 7898
2607 4376 4871 6380 7473
5050 6322 8578 9522 11244
3563 4432 6169 6337 8354
5542 7118 9234 9909 12926
5595 7268 9161 10526 11626
3465 4688 5599 6717 7784
4607 7414 8565 10360 13581
1964 3105 4113 4760 5026
3847 4928 5649 6819 8711
4975 5336 7641 8757 10558
4669 6392 7821 9586 11939
4111 6200 7065 9262 10702
1945 3390 3942 4437 5292
4671 7884 8281 10878 12991
2464 3788 4188 5323 5722
3247 4166 5328 6004 7193
2173 2915 4170 4817 5710
5551 7224 9073 10922 12682
1297 1408 2029 2550 2620
2758 3032 4314 5218 5638
1732 2468 3294 3490 4015
4995 7576 9039 9469 12351
2647 3228 4169 4550 5250
1177 1628 1979 2400 2981
1528 1893 2596 3286 3690
2119 2888 3321 3897 4474
1945 3000 3307 3920 4822
4640 7347 8701 9685 11367
2947 4096 6114 6814 7346
5299 6266 8409 10846 11098
4975 5804 7209 8434 9802
3682 4978 6624 8865 10511
4312 6322 8660 9276 11245
4607 6808 8169 9170 10890
4567 5728 8009 10130 10450
4167 6849 7529 9610 10771
4804 6365 8121 9057 11242
3089 3941 5046 5644 6703
3818 5817 7187 8890 10112
2427 3947 4079 5224 5774
1687 2552 3305 4122 4218
5887 6476 8913 9585 12442
5635 6812 9123 10930 11560
2551 3752 5290 5314 6659
4845 6076 7676 10670 11080
5740 6966 10054 11133 14270
5113 7920 9347 10912 13443
2682 3633 5209 6385 6985
3922 4880 6389 6650 7724
2800 3662 3788 4818 6227
4297 6716 7848 9682 10891
3187 5228 6219 7150 7930
4531 6287 7965 9799 11164
2583 4056 4448 5737 6128
6125 7276 9715 11832 13258
2698 3550 4425 5254 6129
5635 7106 7610 10216 12611
3357 4383 4584 6085 6685
4192 4720 6705 7729 8225
1250 1636 2297 2606 3168
5719 6224 8367 10594 11182
2732 3833 5460 5635 6610
3007 3683 4759 5635 6986
5239 8552 9561 12490 13114
4642 7208 8604 10450 13016
4711 6392 8493 10888 12106
2268 2898 3545 3902 4702
1372 1932 2349 3391 3469
2077 2618 2934 3880 4015
5338 5748 8332 9153 10958
3835 5519 6708 8260 9316
3703 4544 6001 6281 7486
2183 2507 3647 3817 4754
2807 2827 3608 5170 5911
2268 3048 3448 4779 5426
1943 2408 3161 3962 4362
5175 6316 7153 9738 10232
6079 6872 8589 10262 12418
3543 3804 5339 6068 7394
3457 4133 5234 6235 6785
5691 8191 9466 10790 13829
2081 2438 3749 4328 4855
2427 3242 4629 5554 6567
5307 8008 9409 12210 14761
4007 6168 7769 9770 11251
1842 3158 3933 4059 5140
4492 6872 7458 9643 11515
4491 6202 7077 9092 10118
1749 1997 2830 2960 3741
4277 5118 7674 8690 9495
3475 5142 7047 8136 9973
1843 2643 3681 4005 4839
1651 1808 2613 2782 3154
6007 8258 10159 11359 14861
5553 6964 9315 11008 13829
1463 2322 2596 3338 3832
1106 1966 2418 2804 3222
3634 5340 5837 6891 8908
3719 4996 6041 7231 8246
6258 7575 10302 11101 12935
3482 4008 4959 6435 7235
1261 1823 2077 2496 3311
5210 7361 8437 11018 12437
3138 4441 6581 8008 8722
1507 2273 2799 3580 4211
2380 3074 3852 4966 5534
3806 4242 5577 6825 8653
3109 5083 6157 7521 7927
5789 8387 10642 11623 13191
4392 4616 6025 7882 8586
3632 4068 5606 7202 8334
5296 6974 8738 10114 12911
4099 4410 6767 7729 8287
4495 6212 8369 11142 12595
1541 2284 2362 2870 3599
3397 5228 6549 7780 8200
2606 3757 4149 5139 6704
2063 2303 2874 3445 3955
2098 3000 3664 3834 4651
6033 6954 9531 10129 12983
1026 1658 1949 2580 2881
3423 4040 5385 6954 8075
4711 6434 8577 10384 11224
6377 7995 10593 11377 13289
3328 4301 5247 6301 7057
5296 7017 9426 10028 12695
5467 7526 8451 9291 12358
4960 5741 7263 9097 10463
6857 8258 9408 12059 14860
1552 2423 2874 3535 4136
3232 3883 5059 5985 6510
1544 1904 2181 2698 3191
2268 2686 3999 4779 5578
1827 2346 2851 3369 4154
3836 4184 5490 6622 7812
2757 3883 5184 6435 6585
3340 4826 6048 7963 8921
2735 3462 4519 5180 6236
4791 6586 8703 10498 12983
3132 3633 5209 6260 6510
4297 4892 6279 8458 9019
1393 1867 2385 2738 2936
4206 6648 8729 10370 11370
4407 6408 7729 10330 11811
1658 2127 2791 3129 3884
1942 2122 3114 3895 4315
2215 2280 3417 3529 4667
2647 3242 4453 5246 6149
4316 4441 6271 7760 8442
1687 2558 3009 3535 4180
4929 7506 9025 11464 13397
5167 7533 8523 10114 12738
2383 3748 3991 5312 6017
1407 1758 1979 2500 2620
2789 4012 4949 5756 7135
3747 5958 6469 8544 8986
4429 5915 6575 8226 9778
5594 5972 8409 9250 11729
2757 4433 5184 6085 6785
1195 1768 2352 2595 2958
6507 8358 10459 11359 14460
3227 4096 5525 7094 7402
5557 8308 10459 11160 13010
4802 5608 7184 8059 9845
4521 5521 7261 8335 10704
4024 6560 7419 9214 10736
4507 7253 9864 10044 12836
5551 7106 7820 10846 12442
5985 7897 9956 11966 13632
2132 2983 3102 4243 4770
5509 7568 8619 10510 11434
3138 4751 6643 7109 9280
3448 5495 6054 7729 8938
1799 2873 3273 3658 4234
5481 7598 9991 10175 12568
5253 6028 8050 9470 12739
1162 1955 2429 2484 3035
5190 8360 10521 11625 14074
4189 6060 6332 8340 10040
4687 7048 7929 9009 11651
3199 4964 5301 6926 7402
3081 4822 5461 7260 8015
4648 5780 7341 10111 10931
3538 4727 7138 7897 8656
1827 1970 2869 3363 3884
1217 1933 2154 2606 3090
4087 5482 7421 7931 9564
1463 2192 2627 3300 4127
4007 6968 7369 9850 11491
1411 1893 2739 3351 3481
2882 3665 4356 5392 6727
5941 6544 8308 10502 12222
1547 1845 2187 2605 3299
4995 7146 8264 11190 12824
2218 2728 3137 3767 4499
5047 6768 7608 9850 11930
5859 7796 9249 9909 11494
4102 6170 7107 8863 11087
1813 1967 2879 3608 4056
1337 1808 1838 2380 2800
5327 6734 7837 9053 10422
4219 5468 7029 8863 11672
2889 3462 4585 5730 5752
3892 6273 7079 8830 9355
4648 6560 7653 8980 10267
3255 5025 5664 6505 8479
5957 7758 9409 12560 13160
1792 3034 3222 4022 4992
4807 7736 9273 11434 12539
3463 4733 5166 6462 7894
2307 3488 3668 4830 5931
6173 7028 8289 10135 11710
5011 5840 7101 9010 10486
6671 8485 9515 11034 14318
3966 5928 7594 8890 9778
2667 2934 4170 4512 5444
5077 6053 8355 9720 11671
1943 2808 3529 4154 4458
5859 7796 7928 11098 13078
4960 5858 8082 9955 11047
1861 3033 3501 4024 4691
5299 7505 9711 12113 13093
5551 6644 8745 10047 12274
2782 4283 4759 6460 6960
3637 5850 6642 7600 8590
1631 1968 2641 3650 4029
6055 6824 10281 11626 13354
5623 7736 8841 11242 13307
3781 6129 6333 7694 9225
1897 2513 2934 3384 4421
1792 2453 3024 3835 4375
5855 7017 9168 9641 11491
4803 7708 9469 10878 12462
3451 4740 6057 7094 7626
6295 7496 9801 10954 13354
3187 5319 5919 6640 8141
1097 1558 1809 2610 2771
2439 3010 3505 4513 5121
1987 2582 3429 3970 5267
3787 5678 6624 8690 9601
1942 2573 2949 3564 4480
4453 6170 8472 8668 10306
6426 6966 10397 11476 13044
1855 2388 3047 3355 4042
2832 4083 5109 6485 6585
4207 6203 7604 8724 10265
1863 2504 2937 3722 4235
2347 2906 3645 4204 4942
3007 3560 5217 6106 6850
3975 4904 6345 7370 9419
5815 7840 9249 10217 11890
3457 4688 5709 6970 9011
3057 4433 5234 6135 7035
1097 1488 2119 2220 2751
4414 6794 8277 9174 11320
5337 6076 8578 9522 10916
5253 6157 8265 9599 12051
4847 6608 8633 11318 12375
6356 6494 8473 10360 12615
5159 7000 9531 11372 12062
4909 6157 8910 9685 12352
4291 6056 7029 8794 10126
4801 6776 9739 10632 12701
3612 5293 7499 8375 10266
3997 5168 5739 6849 8440
2002 2693 3039 3519 4120
1459 1700 2565 2746 3551
6407 8008 10159 11760 14060
1879 2456 3129 3850 4619
1747 2198 3114 3910 4030
5941 7828 8841 10267 13259
6807 8058 10609 11509 14610
3882 5278 5992 6985 8566
5691 8584 9515 11427 12799
2882 3958 5434 5534 7161
3367 4880 5889 6674 7710
5435 7598 9899 10957 13580
4492 6248 8589 9565 11242
5296 7101 7552 9645 11942
4733 6060 7319 7931 10210
5941 7533 8781 10501 12867
4230 7265 7963 10506 11080
3607 5588 7497 8902 9911
3907 4808 6429 7660 8200
3815 4648 6377 8010 8362
4219 6482 7068 9331 11672
1495 1976 2469 2986 3142
1375 2156 2457 2853 3574
3507 3657 5484 6410 7335
3307 4661 6939 7303 9812
2456 2906 3321 4024 4871
6573 6916 9809 12701 14122
4529 5686 6979 8679 10210
5528 5768 7249 9650 11491
1663 2048 2589 2925 3490
3787 5503 6624 7815 9601
1843 2575 3545 3835 4771
2767 3440 4593 6154 6467
2095 3068 3392 4654 5320
2657 3908 5259 6135 7035
5757 7108 10059 12110 14761
1813 2416 2557 3384 3874
3107 4383 4784 6060 7160
3475 4802 6707 8680 10211
3679 5414 7183 8476 10075
3714 6452 7677 8181 10667
2911 3752 4521 5434 6467
4027 4388 5829 7510 8500
4891 6409 7890 8778 10481
3719 4584 6826 7178 8555
1207 1808 2149 2299 2610
5103 7309 10692 11035 13339
1407 1598 2139 2409 2840
5287 7544 8697 11146 14123
3463 4680 5833 7274 9483
1847 2488 3385 3834 4250
4053 5244 7251 8034 9428
2836 3803 4885 5161 6220
2064 2694 3562 3868 5026
1663 2024 2336 3130 3466
1371 1856 2066 2617 3013
3197 4300 6099 7202 8479
3572 4658 6457 7264 8349
2437 2564 3843 4005 5105
2674 3494 4629 5448 6247
3187 5408 6189 6909 8440
5941 7189 9469 10415 11964
1449 1625 2044 2529 2915
4249 7148 8073 10678 11728
6908 7208 9709 11860 13260
1607 2712 3337 3658 4411
1228 1801 2121 2650 3201
1757 2150 2767 3146 3973
5299 8094 9270 10888 13094
1927 2472 3145 3802 4379
4726 6872 8043 10033 10657
1675 2156 2433 3118 3250
3247 3869 4896 6166 7706
2935 4232 5073 6010 6874
4027 4448 5469 7540 8320
6034 7456 8927 11476 14074
3835 4694 6642 8029 9878
1107 1428 1839 2560 2761
4147 5660 7425 8866 10054
2170 3431 4041 5050 5618
4132 5453 7269 8293 9019
3975 4348 6550 7388 8628
5431 7880 9273 10714 12875
3307 4238 5499 6730 8711
5257 7808 10209 12210 13560
3457 4778 5979 7030 8741
2477 3162 4189 4493 5482
2842 3704 4335 5028 5743
2027 3208 3709 5090 5331
3892 5258 6519 7710 9776
1359 1906 2661 3000 3573
6164 7340 9221 11337 12841
4000 4925 6609 7831 9218
2652 3642 4885 5760 6312
4780 6631 7039 9001 9704
1398 1708 1969 2209 2780
3021 3153 4629 5422 6610
4435 7225 7512 9727 11286
1250 1823 2154 2540 3102
4651 5048 6921 8254 10595
4075 5912 6885 8110 10523
2021 2687 3771 4817 5274
2207 3068 4049 5030 5550
3355 5433 6271 7698 8349
3199 3536 4641 5434 6803
2671 4040 5121 5481 6971
3031 3632 4593 6010 6490
6657 8258 9159 12160 13160
2387 2541 3341 4413 4600
3113 3297 4172 5599 6566
3139 4841 5733 6624 7867
2131 2798 3267 4546 4853
3516 4474 5751 6883 8421
1037 1528 2149 2580 2670
6355 8288 9024 11003 13350
1783 2520 3097 3546 4683
2907 4097 5374 6999 8682
2468 3435 4655 5783 6105
3355 5371 6581 7605 8535
4363 5732 7101 8434 10811
2151 2632 3321 3977 4714
4263 6582 6925 9548 10841
6217 7276 9531 10774 12752
2047 2663 3054 3354 4300
3004 4004 5598 5949 7976
1037 1408 2170 2410 2731
2682 3983 5184 5660 7211
3197 4764 6012 6854 7985
1926 2744 3562 4665 5198
4325 5040 7183 7558 9429
4662 5503 7044 8445 9915
2632 3200 4272 4735 5554
1907 3162 3885 4551 5179
4627 4891 7137 8227 9514
5348 7015 10740 12309 13534
6671 8436 10593 10887 13093
1411 2127 2388 3156 3846
2325 3200 3904 4550 5520
1197 1558 1919 2220 2741
1306 2257 2713 3195 3520
5573 7920 9485 11970 12292
1382 1933 2010 2870 3079
2887 3992 4929 5314 6466
6103 8648 9560 12442 14266
2671 3920 5001 5674 6394
1654 2696 3065 4058 4731
2185 3194 3843 4599 5338
3748 4329 6302 6882 8304
5544 7652 10789 12358 13142
3574 5054 5693 6535 7666
4264 4628 7104 7501 8821
3058 3950 5598 6247 7247
3207 4408 5384 6160 6560
2591 3105 3999 4855 5444
2560 4148 4540 5691 6312
3107 4508 5459 5859 6685
3166 4787 4896 5976 8057
5907 8708 9559 11409 14911
5407 6768 8049 10169 11810
3806 5141 5780 7173 7840
4189 5871 8906 9522 12106
