1000 10 5
5 98 62 32 51 78 92 69 40 92 25 0 24
9 49 44 56 51 91 96 82 22 71 82 0 41
7 40 49 25 55 47 48 82 88 69 53 0 33
6 50 55 65 39 90 75 78 21 25 22 0 28
5 32 93 67 34 33 89 88 78 95 71 0 23
4 42 57 34 46 58 53 76 74 94 83 0 16
6 66 77 62 60 38 86 88 41 46 90 0 29
5 66 26 58 22 49 80 33 51 71 51 0 24
7 93 93 24 47 62 96 41 73 66 55 0 31
4 28 55 20 25 67 88 34 43 79 73 0 20
5 51 89 55 37 78 99 73 48 82 80 0 21
8 57 59 36 27 52 68 31 53 75 88 0 39
3 42 38 64 57 52 35 27 52 98 72 0 11
4 21 28 27 40 25 31 28 54 24 61 0 19
5 23 42 95 36 99 100 62 35 48 44 0 25
6 94 97 56 65 74 47 43 63 34 78 0 29
4 96 64 32 49 37 48 95 21 74 21 0 20
9 81 25 43 61 47 81 72 92 79 41 0 42
9 61 46 81 82 79 74 93 88 90 84 0 44
7 45 38 70 42 27 65 50 93 58 89 0 32
5 73 56 86 67 71 21 93 97 36 67 0 25
6 25 76 53 85 85 94 58 66 76 35 0 29
8 68 82 98 49 28 78 56 30 88 61 0 37
4 32 93 81 83 76 42 71 25 59 51 0 18
3 78 99 55 43 47 54 92 63 88 93 0 15
7 32 22 32 96 78 96 36 75 74 28 0 31
10 74 91 100 35 60 79 59 24 80 93 0 49
9 62 66 96 30 47 91 28 78 33 90 0 42
8 50 85 31 27 80 57 90 63 98 76 0 39
6 94 85 31 31 65 52 76 37 81 74 0 29
4 69 99 80 51 46 45 31 26 51 73 0 20
7 75 43 43 56 21 61 78 28 82 44 0 34
9 23 42 66 81 71 60 46 48 34 30 0 45
3 66 55 74 30 92 29 24 34 44 23 0 15
8 49 59 66 77 22 67 38 41 46 56 0 36
5 90 89 58 25 69 31 99 100 83 70 0 25
4 99 72 42 87 66 57 93 71 36 57 0 20
4 48 83 28 75 40 90 79 76 86 26 0 18
9 46 69 77 56 74 51 63 39 87 90 0 43
3 50 99 38 71 85 35 28 22 80 44 0 13
7 20 89 94 82 97 71 29 99 50 97 0 32
8 26 34 44 90 49 59 37 31 63 94 0 36
5 94 85 94 41 25 30 61 90 36 53 0 23
7 53 87 66 51 25 34 97 89 97 69 0 35
5 47 85 34 40 92 69 81 42 66 90 0 23
8 82 68 80 39 58 35 71 89 47 75 0 37
3 38 94 46 49 39 88 26 94 48 67 0 15
7 76 53 21 65 83 40 68 78 56 36 0 31
4 71 78 61 79 88 28 54 57 74 86 0 16
8 66 44 92 70 94 21 73 83 93 97 0 40
6 65 45 91 29 97 27 97 96 33 40 0 27
6 91 64 54 43 21 93 89 52 75 96 0 29
5 38 76 86 24 41 83 32 23 88 50 0 25
7 70 30 25 51 44 61 43 90 37 65 0 32
7 36 40 49 29 73 66 37 68 79 46 0 34
5 95 77 38 60 86 91 59 85 73 88 0 23
5 33 82 50 74 23 56 20 40 42 21 0 24
10 50 84 30 90 70 93 26 82 43 39 0 49
7 90 74 49 77 69 50 22 92 36 40 0 32
3 41 22 68 40 33 45 43 71 41 64 0 15
7 79 37 65 79 86 75 72 40 57 44 0 33
4 37 99 42 93 42 27 56 29 43 29 0 16
3 72 58 29 45 45 69 53 84 67 96 0 15
5 71 40 73 73 91 82 75 91 44 21 0 21
7 93 40 27 52 29 64 32 69 82 59 0 32
3 52 62 94 21 61 95 88 22 22 46 0 14
7 92 70 53 31 91 38 62 33 91 49 0 35
3 95 98 61 40 60 54 76 34 34 50 0 15
10 40 64 89 26 56 87 99 71 89 69 0 49
5 48 37 80 21 71 76 21 67 89 79 0 21
9 45 23 44 51 20 63 58 66 25 50 0 45
10 23 76 98 66 57 72 86 95 94 30 0 46
7 41 49 59 57 52 36 57 79 66 84 0 31
9 90 59 62 32 80 93 30 42 30 96 0 42
4 87 51 63 46 67 78 42 95 52 55 0 20
5 78 81 29 77 98 67 57 48 52 43 0 23
3 53 37 75 65 81 59 99 99 50 57 0 15
8 66 59 26 25 65 84 69 44 66 64 0 38
8 94 92 91 88 77 72 80 91 49 98 0 40
4 59 55 86 53 95 66 63 49 79 21 0 17
3 50 37 54 88 83 96 76 66 39 89 0 15
7 26 93 69 37 52 91 85 50 47 40 0 32
6 75 85 91 84 65 23 29 61 95 83 0 27
8 81 45 44 93 59 22 43 68 44 62 0 36
10 48 28 38 31 79 57 84 62 31 23 0 49
9 28 21 78 73 33 72 95 85 50 58 0 45
7 34 35 40 53 79 54 31 98 42 98 0 34
9 46 68 61 62 64 47 42 89 23 22 0 42
5 49 71 45 24 46 47 40 51 91 40 0 21
5 56 25 68 53 87 56 74 82 41 64 0 22
10 56 100 79 59 62 54 85 70 75 31 0 49
3 41 93 45 60 53 45 89 73 73 40 0 15
4 36 98 80 58 93 22 44 46 99 49 0 18
5 52 60 20 98 64 52 64 31 45 78 0 25
3 20 98 67 43 33 76 62 81 48 72 0 15
6 73 58 98 62 93 66 47 51 62 74 0 29
4 63 38 67 72 61 81 21 24 34 98 0 20
10 71 68 26 33 88 77 21 67 97 93 0 49
8 45 92 48 44 46 23 77 22 66 86 0 38
10 20 25 65 47 50 98 63 38 58 94 0 46
5 52 90 96 83 50 53 22 93 96 69 0 24
8 81 26 92 27 100 33 24 69 96 32 0 37
8 39 100 97 57 24 94 30 89 78 91 0 38
5 32 58 36 99 86 45 43 23 71 60 0 22
9 56 47 35 66 48 66 26 80 87 62 0 42
10 72 46 77 23 39 70 80 29 99 59 0 48
4 82 92 63 66 88 99 73 63 82 42 0 17
5 76 66 30 49 97 79 90 89 75 43 0 22
5 77 94 42 28 94 25 37 41 63 79 0 25
7 47 39 60 71 76 75 24 48 40 67 0 32
9 54 54 96 80 96 21 82 84 84 34 0 41
6 80 95 52 91 50 21 88 65 30 32 0 27
8 44 30 21 97 46 40 47 56 82 76 0 36
5 28 52 83 77 35 26 51 44 93 45 0 22
4 63 32 92 20 45 65 94 96 52 77 0 20
9 29 46 29 43 98 90 29 59 48 94 0 42
7 30 84 39 55 25 98 99 80 68 43 0 33
7 83 30 57 98 78 53 20 57 23 57 0 35
10 23 56 92 66 22 66 51 48 40 57 0 50
7 36 60 80 62 94 54 34 97 50 62 0 35
7 52 23 20 37 59 79 91 27 33 68 0 31
7 61 61 76 28 80 37 33 25 59 73 0 31
7 60 77 22 88 76 42 75 36 86 75 0 35
3 93 40 44 69 99 43 36 54 88 86 0 15
3 68 31 24 22 51 55 21 67 42 83 0 15
8 48 53 47 82 43 40 40 89 82 93 0 38
10 23 40 92 24 26 70 96 52 55 51 0 50
3 81 71 43 89 48 33 65 75 75 35 0 13
9 85 50 21 34 88 39 45 44 40 93 0 42
6 83 100 42 68 79 60 53 22 68 33 0 30
5 25 83 82 46 80 80 66 33 22 58 0 23
4 69 93 47 25 99 45 72 41 80 57 0 20
5 73 63 24 95 25 43 88 31 41 74 0 23
9 27 62 75 81 86 63 95 38 48 95 0 41
2 52 92 38 79 97 24 99 86 22 34 0 10
10 63 64 35 49 90 28 23 98 80 35 0 48
9 27 25 26 60 34 51 31 57 73 74 0 43
4 26 86 45 99 46 21 74 79 74 46 0 19
3 30 77 23 48 90 45 99 23 64 99 0 13
5 36 60 47 90 74 78 79 34 93 59 0 21
8 46 86 87 76 85 25 27 63 88 99 0 36
6 82 77 76 39 99 88 33 63 95 86 0 27
6 48 72 45 78 37 20 97 87 74 58 0 27
9 95 57 92 61 94 32 97 67 73 66 0 44
5 20 83 79 62 75 75 42 46 76 21 0 22
8 79 37 29 40 42 46 84 22 57 55 0 40
3 87 50 53 57 97 67 94 26 24 99 0 14
9 86 93 48 87 84 24 97 48 20 51 0 41
8 58 35 27 61 59 75 62 84 90 98 0 40
3 63 30 93 72 66 44 85 80 95 65 0 12
4 83 62 52 47 84 59 60 24 75 70 0 20
10 87 24 93 55 70 21 37 65 61 51 0 46
8 60 34 24 73 97 85 73 57 85 63 0 38
3 44 48 91 33 36 73 95 70 57 68 0 12
10 72 62 61 50 76 20 61 75 24 72 0 46
4 79 56 63 89 98 41 45 52 55 99 0 16
7 76 20 66 51 59 69 34 68 25 50 0 31
3 25 54 69 24 72 65 65 76 29 93 0 15
3 35 82 90 66 73 48 83 44 90 62 0 14
10 72 21 21 39 97 36 42 97 78 93 0 50
7 67 66 22 70 69 28 91 90 83 78 0 34
8 23 95 37 100 58 39 55 85 94 26 0 38
8 33 71 41 58 54 47 28 77 48 42 0 38
8 86 67 23 77 47 40 80 40 68 38 0 37
10 53 70 69 20 56 61 27 64 51 94 0 46
8 79 56 64 62 78 89 22 100 43 95 0 37
5 62 70 59 50 92 64 38 22 32 34 0 23
4 87 47 93 32 80 75 53 31 50 40 0 19
3 68 84 39 86 26 69 50 88 42 26 0 15
8 73 42 27 76 62 64 76 79 73 83 0 36
10 53 45 52 89 88 56 87 36 51 66 0 48
9 87 75 35 22 57 74 40 92 97 75 0 44
4 59 20 89 58 32 37 85 47 26 62 0 19
7 24 83 28 87 94 68 98 34 27 68 0 34
9 29 54 31 81 75 39 95 66 27 87 0 45
8 87 99 60 77 90 55 77 49 56 37 0 37
7 66 55 49 82 58 38 49 39 22 48 0 31
8 34 50 28 70 59 36 57 89 38 78 0 37
6 29 93 27 29 29 53 26 58 51 72 0 26
4 31 54 53 50 53 82 49 65 33 74 0 20
6 48 23 66 34 48 85 44 43 47 40 0 30
8 67 33 42 39 31 39 48 56 80 26 0 39
5 27 37 86 33 90 32 86 59 89 67 0 22
6 60 54 60 87 59 23 39 56 65 26 0 26
9 55 59 70 63 40 61 77 22 28 56 0 44
5 92 76 77 79 92 38 97 51 58 100 0 21
7 98 91 69 69 28 52 91 42 63 83 0 32
9 87 64 65 68 52 87 53 26 56 85 0 44
8 54 46 40 68 38 38 44 90 56 90 0 39
6 24 71 29 61 21 52 80 26 97 36 0 30
10 20 31 40 46 56 91 79 75 79 32 0 47
10 46 82 66 93 67 92 97 88 85 88 0 47
4 81 32 60 31 50 21 22 48 64 90 0 18
10 31 38 76 88 49 28 51 79 38 61 0 46
4 72 31 81 27 55 47 86 70 93 44 0 19
9 86 59 24 40 51 90 38 90 26 80 0 42
8 44 93 99 31 58 36 83 81 24 26 0 39
3 52 61 73 30 34 51 100 41 28 73 0 14
5 70 25 86 72 25 68 84 46 20 71 0 23
9 72 82 95 100 81 52 40 50 84 71 0 42
8 56 60 96 47 95 85 84 69 93 61 0 40
6 43 66 82 54 61 50 42 79 58 81 0 29
5 94 91 73 56 100 64 78 40 23 86 0 24
4 42 67 86 72 61 64 80 59 70 25 0 19
4 57 45 72 76 90 61 31 38 81 71 0 17
9 79 82 72 43 46 73 83 82 47 73 0 41
6 72 73 99 54 46 87 69 40 69 20 0 30
10 42 58 77 45 20 21 90 31 42 86 0 50
3 64 20 78 63 55 30 42 41 93 27 0 11
4 48 51 66 32 88 61 50 69 21 23 0 18
9 54 48 81 62 79 28 54 44 90 28 0 42
5 92 36 21 63 59 46 52 92 95 55 0 22
5 41 91 38 77 95 25 73 43 45 81 0 22
6 39 88 60 60 32 44 45 64 72 23 0 26
7 57 89 22 70 73 22 35 27 47 51 0 32
8 47 26 25 80 27 61 72 42 39 49 0 36
3 28 24 23 82 61 65 42 58 65 90 0 15
5 84 61 70 73 56 89 91 82 83 68 0 22
9 64 26 41 80 94 50 49 90 35 33 0 43
10 21 33 93 81 40 98 64 51 54 25 0 46
10 92 91 59 54 98 55 28 89 78 93 0 49
7 62 31 42 81 70 45 82 98 54 88 0 34
7 49 99 72 86 69 34 59 70 86 32 0 34
3 69 59 43 22 51 56 68 48 25 82 0 11
6 45 92 45 43 60 31 92 76 27 40 0 28
2 48 97 85 37 91 93 90 71 72 50 0 10
7 51 88 89 92 78 64 51 37 89 40 0 31
6 22 68 38 79 45 26 70 52 59 29 0 27
5 94 51 29 87 52 89 90 73 49 64 0 23
8 46 99 55 27 65 51 33 80 45 92 0 36
3 29 61 33 52 92 88 29 27 82 54 0 13
9 36 27 59 99 87 22 25 44 93 57 0 41
8 94 54 60 43 91 42 80 50 37 47 0 39
10 43 52 55 72 54 92 66 89 65 71 0 50
4 42 86 39 54 71 78 77 40 68 25 0 20
7 91 21 40 38 40 63 90 91 62 97 0 34
6 94 56 35 37 37 85 91 74 85 48 0 28
3 48 33 52 82 76 21 82 47 42 34 0 12
3 63 25 76 35 94 81 75 68 90 74 0 13
5 22 29 65 86 26 60 85 36 36 89 0 25
5 90 85 83 53 87 78 50 30 88 94 0 22
7 95 43 46 38 69 86 83 73 68 92 0 34
8 23 61 82 64 63 84 29 75 57 34 0 38
9 27 94 79 70 43 30 23 66 85 30 0 42
6 42 62 42 22 78 91 32 31 68 97 0 29
4 39 53 98 51 44 52 89 83 76 83 0 17
3 46 80 42 59 43 89 93 98 29 34 0 13
10 75 84 44 52 81 97 81 82 52 95 0 48
10 47 94 63 31 54 92 61 96 88 63 0 47
4 83 90 84 43 72 31 59 74 40 84 0 20
4 97 57 91 53 21 81 66 48 62 80 0 16
3 34 56 94 25 45 59 28 94 43 83 0 12
9 64 95 61 52 52 20 63 39 87 99 0 41
4 22 51 79 64 50 79 50 41 86 71 0 17
7 47 68 80 65 53 30 100 88 58 89 0 35
3 73 88 50 72 43 34 24 36 75 68 0 13
4 79 93 76 63 90 69 84 32 69 77 0 19
8 30 99 91 73 31 89 53 74 34 80 0 40
10 25 46 79 42 63 33 96 95 27 55 0 49
3 69 33 61 52 99 75 55 30 80 47 0 14
3 70 63 50 98 39 47 70 82 82 34 0 11
10 94 41 46 66 28 98 93 62 52 65 0 46
3 41 96 81 73 64 55 62 96 35 77 0 11
8 26 45 45 65 58 86 80 68 84 92 0 38
4 85 34 69 58 58 55 32 50 25 82 0 20
3 88 80 67 64 45 67 97 65 48 42 0 12
5 22 91 45 44 37 77 74 74 42 83 0 25
4 93 74 54 77 80 51 43 28 98 27 0 17
10 42 34 30 99 52 95 79 97 91 53 0 48
8 45 41 47 50 24 94 35 56 73 72 0 38
9 64 41 47 70 40 38 79 84 34 30 0 43
9 56 32 74 54 36 87 76 75 25 52 0 42
8 90 55 38 52 45 52 34 36 33 25 0 39
8 28 22 87 27 27 45 60 74 45 41 0 40
10 42 38 78 44 20 91 41 62 51 54 0 49
10 68 67 27 71 81 85 84 68 33 93 0 47
4 41 75 78 80 61 47 84 32 58 47 0 16
2 60 24 26 62 63 51 82 44 55 63 0 10
5 21 40 54 50 51 37 89 87 46 67 0 24
9 58 59 44 36 29 76 48 20 80 93 0 43
3 91 46 92 90 98 82 34 48 42 52 0 11
3 72 21 34 100 84 46 25 39 82 80 0 14
9 63 68 64 56 99 48 63 24 69 36 0 44
5 78 37 63 48 81 27 61 30 67 91 0 22
6 81 93 74 56 68 57 60 67 25 63 0 28
9 65 98 75 71 65 51 22 81 72 54 0 44
5 39 52 35 59 79 92 30 96 78 85 0 22
6 63 49 21 83 49 95 50 45 55 68 0 29
4 98 92 66 36 70 25 58 61 86 70 0 18
10 53 84 37 58 41 85 56 87 28 65 0 48
7 95 50 67 34 100 28 58 58 88 84 0 32
8 39 40 88 90 75 46 50 59 95 20 0 37
8 69 24 61 50 26 72 70 37 55 25 0 36
10 28 92 45 90 37 50 42 100 99 56 0 46
3 30 40 90 82 84 47 42 81 50 33 0 12
9 38 65 71 25 25 89 42 68 70 44 0 41
6 40 98 52 67 91 76 74 30 87 52 0 26
6 47 84 68 49 25 41 65 36 34 28 0 30
4 22 21 56 74 72 99 26 26 92 78 0 19
3 89 51 45 96 29 41 27 41 85 21 0 12
6 35 36 53 58 44 99 58 31 68 65 0 28
3 74 67 40 51 84 31 74 69 40 54 0 14
10 98 56 92 54 40 70 43 33 70 90 0 50
8 72 24 51 72 98 46 62 47 97 31 0 39
8 92 34 42 84 47 98 72 59 65 68 0 39
5 82 72 50 84 94 28 86 68 52 63 0 23
4 93 40 98 38 76 29 74 49 97 96 0 16
9 93 45 98 70 84 67 44 75 24 70 0 43
10 38 96 90 96 93 59 75 57 29 83 0 49
7 91 55 69 87 69 65 35 87 26 85 0 32
3 42 49 82 66 97 40 36 75 99 29 0 15
8 92 76 65 52 41 37 53 99 34 91 0 37
10 83 56 51 51 88 83 29 52 64 75 0 48
3 65 75 38 28 47 50 77 37 23 94 0 13
7 98 56 63 47 54 62 72 98 23 69 0 34
8 92 52 24 59 83 33 66 42 62 56 0 36
3 64 27 87 59 93 92 24 34 34 62 0 11
5 33 96 96 94 45 72 56 98 89 22 0 23
9 24 76 91 59 40 93 20 65 98 87 0 41
3 61 50 22 96 24 81 38 44 53 72 0 15
5 26 46 47 24 76 86 72 66 60 39 0 25
4 79 39 48 42 66 70 63 99 63 89 0 19
6 28 41 83 27 55 54 86 98 93 22 0 28
10 50 73 96 34 79 60 39 73 58 96 0 49
10 77 72 52 53 34 81 36 53 89 95 0 47
6 61 54 96 81 66 46 21 46 87 39 0 28
9 27 82 52 58 65 84 70 85 36 78 0 42
5 37 69 35 35 71 54 71 75 42 26 0 21
4 41 72 69 41 80 91 38 23 97 77 0 17
3 91 87 96 94 62 25 21 91 99 83 0 14
6 98 91 71 54 67 94 51 65 33 36 0 27
9 90 73 45 38 73 68 88 51 25 53 0 44
5 99 65 89 98 78 37 45 32 81 32 0 24
7 75 65 77 53 21 52 63 74 55 37 0 34
6 81 70 21 61 47 71 82 66 21 100 0 30
9 41 79 95 22 71 33 51 52 46 50 0 41
10 76 39 94 57 72 75 86 92 20 41 0 49
6 44 37 66 78 47 64 70 74 88 60 0 29
7 54 29 78 99 94 28 48 90 96 55 0 32
4 28 48 63 34 24 58 36 31 86 28 0 16
10 71 23 81 48 55 92 28 57 93 32 0 50
9 77 85 82 56 44 75 28 74 90 95 0 41
10 90 79 43 36 47 24 40 81 86 98 0 49
7 58 33 52 33 85 42 94 76 33 78 0 32
6 52 63 52 57 78 90 50 86 36 35 0 30
10 71 33 59 84 59 53 97 55 43 76 0 49
9 47 80 90 29 61 23 59 66 65 94 0 43
10 80 43 82 85 35 35 43 85 27 43 0 47
3 61 69 64 75 49 68 48 39 29 94 0 12
3 36 64 42 63 38 41 33 91 44 41 0 15
7 29 28 20 55 97 86 36 32 55 74 0 31
10 30 63 51 91 85 74 39 78 98 63 0 47
6 38 36 37 76 24 51 69 59 73 85 0 26
6 68 36 41 90 82 70 23 52 77 51 0 30
8 63 60 88 54 74 30 58 80 46 63 0 40
9 43 93 57 74 54 57 66 39 21 81 0 43
8 63 77 48 32 92 95 55 29 27 21 0 39
6 85 77 63 91 27 91 72 95 25 68 0 26
9 82 51 48 25 79 94 37 89 84 79 0 43
5 63 24 29 44 36 63 87 54 67 55 0 25
6 51 88 87 40 59 49 96 80 24 21 0 28
9 86 90 63 36 48 29 47 20 76 30 0 41
5 65 93 27 94 44 86 78 72 61 46 0 25
4 78 27 70 75 73 29 81 94 28 25 0 16
8 24 33 86 60 78 65 44 80 96 41 0 37
5 40 28 95 49 93 84 70 68 87 29 0 23
6 60 31 66 51 25 90 44 35 47 49 0 28
9 56 26 39 93 49 69 49 77 50 80 0 43
10 28 31 86 52 67 48 87 38 27 83 0 49
9 96 31 39 96 43 40 77 40 37 99 0 45
3 90 47 52 22 88 91 24 64 55 37 0 11
10 26 51 29 26 53 76 35 39 67 32 0 48
3 55 37 65 37 56 77 61 31 74 69 0 15
10 23 62 47 63 88 88 21 75 86 62 0 48
7 26 79 85 60 49 21 64 48 63 95 0 35
7 47 34 22 38 30 47 75 97 97 64 0 33
6 50 29 74 21 77 47 45 68 37 63 0 26
9 44 99 42 83 97 85 69 54 93 66 0 42
3 43 29 83 70 80 39 42 30 32 92 0 11
10 73 91 91 79 40 56 37 50 33 58 0 48
6 72 25 47 29 29 63 28 44 97 81 0 28
9 94 22 70 48 92 51 65 40 89 82 0 44
4 34 97 55 27 46 28 68 34 69 33 0 19
7 87 92 23 81 45 39 78 80 85 69 0 31
9 91 28 23 57 39 79 88 70 72 32 0 41
8 28 62 54 60 28 74 46 46 34 22 0 37
6 79 78 25 48 22 73 52 46 64 73 0 26
9 75 28 72 89 89 42 43 30 95 40 0 43
9 80 95 52 91 95 54 42 58 72 36 0 44
9 55 92 34 79 66 64 34 83 80 30 0 44
4 57 53 43 71 31 40 86 41 75 48 0 19
8 37 25 58 78 85 83 86 34 56 95 0 39
3 49 46 68 33 35 69 25 63 28 98 0 13
6 92 57 38 98 67 83 32 51 46 38 0 29
2 37 22 88 52 56 61 58 94 48 45 0 10
5 99 34 72 48 89 85 80 94 59 84 0 24
7 54 72 81 28 71 34 86 34 95 50 0 32
8 45 77 69 94 66 60 65 23 24 80 0 40
5 54 90 47 77 63 50 65 50 63 45 0 21
4 37 53 27 59 23 34 80 53 68 31 0 18
9 61 30 52 85 38 81 56 59 86 49 0 41
6 27 21 51 75 53 21 67 30 71 59 0 29
4 65 36 36 60 33 69 27 72 30 64 0 17
3 35 50 68 91 78 35 31 90 69 36 0 11
8 31 93 25 65 78 27 94 97 53 70 0 40
6 72 65 58 25 30 62 88 25 20 46 0 30
7 88 29 37 90 35 45 33 74 58 90 0 32
5 73 54 77 64 54 52 50 67 21 27 0 22
3 83 48 64 69 66 83 52 27 70 42 0 14
6 32 59 46 93 75 30 65 46 88 37 0 27
6 80 89 37 50 88 38 45 81 99 31 0 28
9 91 41 91 32 21 44 39 73 69 56 0 45
9 61 27 61 69 41 61 65 51 43 53 0 41
8 84 22 69 31 86 59 49 43 93 32 0 39
3 43 52 37 81 47 85 27 50 35 66 0 11
9 33 71 55 58 65 42 51 57 27 77 0 44
7 35 63 33 43 82 80 38 28 74 44 0 34
4 24 94 51 21 92 40 97 62 73 36 0 17
10 96 24 96 58 83 51 36 69 24 29 0 48
4 39 37 81 51 71 59 59 71 32 66 0 19
9 78 62 48 96 21 76 86 65 88 49 0 43
4 96 72 70 71 35 95 64 91 61 71 0 17
4 49 97 44 68 22 28 86 76 88 53 0 17
8 72 46 90 73 36 84 70 82 85 35 0 36
5 65 23 89 35 35 92 47 40 65 63 0 25
7 50 35 69 95 53 41 38 42 94 52 0 35
10 31 58 62 37 44 84 95 56 97 20 0 50
10 54 43 29 80 59 75 27 66 87 97 0 48
8 41 37 78 80 22 93 61 100 28 71 0 39
5 31 38 47 22 78 23 21 86 54 94 0 22
5 53 21 54 44 61 45 81 37 76 82 0 24
10 35 37 92 86 95 85 68 57 55 88 0 49
6 62 37 56 34 88 97 59 99 79 87 0 28
3 42 65 68 65 83 57 29 89 95 92 0 12
6 21 66 62 77 69 40 84 41 78 78 0 28
6 78 61 34 75 70 47 93 21 88 49 0 26
9 22 77 48 65 23 48 43 84 38 34 0 45
9 36 72 50 28 66 88 92 94 27 92 0 42
10 52 53 88 31 76 88 51 87 44 82 0 49
8 82 94 26 58 71 77 83 43 93 98 0 40
8 45 43 74 86 87 81 50 24 100 49 0 40
5 48 67 86 94 59 76 76 71 72 35 0 24
5 63 40 78 66 83 61 88 56 38 36 0 21
4 39 64 38 60 36 24 30 38 45 34 0 19
8 89 41 70 90 91 56 45 94 53 37 0 38
4 62 36 88 37 36 53 71 94 63 54 0 20
7 20 55 93 59 69 62 84 69 20 54 0 32
6 49 83 74 75 83 34 32 37 41 28 0 28
2 58 51 36 41 28 40 33 50 49 52 0 10
9 21 96 62 44 97 24 53 58 81 53 0 43
5 41 65 80 26 62 100 75 70 95 58 0 22
5 73 84 98 23 32 92 83 38 98 35 0 22
5 21 76 52 24 43 51 87 90 22 24 0 24
6 79 32 44 84 77 71 21 84 24 76 0 26
7 27 41 80 30 54 47 63 89 87 92 0 31
7 46 89 56 35 62 87 75 60 20 21 0 33
9 34 54 21 35 34 36 39 28 83 37 0 43
5 89 60 57 69 48 28 77 62 30 35 0 24
3 30 27 86 89 53 41 74 64 57 99 0 13
3 59 76 60 100 40 40 84 42 82 24 0 11
5 37 90 91 38 30 30 83 67 76 34 0 25
10 37 70 72 22 37 68 95 37 89 73 0 49
8 26 36 23 46 61 47 30 97 33 29 0 40
5 83 98 82 62 65 23 42 72 98 80 0 21
10 29 72 99 73 62 57 86 91 82 40 0 48
8 29 97 34 70 20 32 72 34 87 88 0 40
6 69 26 41 65 67 72 42 59 24 65 0 27
2 67 38 53 32 50 46 87 42 99 34 0 10
6 29 32 68 29 56 21 66 42 30 97 0 26
9 41 42 65 88 50 89 50 30 56 28 0 42
9 33 22 63 69 48 32 79 81 70 96 0 44
5 99 63 33 57 79 73 88 57 63 54 0 21
7 81 57 41 63 47 52 85 88 58 86 0 35
10 62 99 73 31 46 75 50 73 95 21 0 49
7 99 89 60 33 87 40 72 58 89 50 0 34
8 66 24 44 76 30 90 49 42 84 66 0 37
6 87 93 50 97 47 86 89 85 87 46 0 28
3 33 29 84 51 87 95 37 86 27 89 0 14
5 28 78 70 81 33 53 62 89 70 77 0 25
6 93 65 59 59 77 40 53 86 41 43 0 30
8 73 32 20 67 36 59 63 84 82 43 0 38
5 58 96 47 92 92 26 60 31 42 80 0 23
4 73 73 99 88 30 47 60 31 69 46 0 18
3 51 47 95 93 70 72 75 76 82 69 0 13
2 74 67 95 98 89 66 32 31 51 23 0 10
6 74 74 27 34 25 66 95 65 71 57 0 29
4 54 86 39 66 99 80 42 60 50 29 0 16
6 30 89 30 78 33 21 69 61 69 28 0 30
6 50 83 90 82 92 61 60 98 81 91 0 27
7 60 85 98 47 23 23 40 35 77 50 0 33
6 72 74 88 84 87 89 26 38 48 74 0 28
7 58 86 93 38 88 46 83 50 51 56 0 31
8 58 45 94 34 45 81 83 23 95 42 0 39
3 51 70 63 87 90 57 47 90 88 74 0 14
8 91 40 31 21 22 43 73 86 27 52 0 40
7 31 83 39 87 34 84 61 55 35 91 0 31
9 67 92 24 34 78 27 86 40 53 95 0 41
3 82 73 95 100 75 52 64 57 49 79 0 12
4 78 46 76 62 54 74 82 62 29 88 0 17
6 46 73 81 69 56 60 92 40 36 61 0 27
6 45 50 77 47 68 94 21 26 76 45 0 27
3 27 74 26 64 97 92 57 94 65 89 0 15
5 78 55 26 38 90 61 89 62 47 40 0 24
3 29 29 62 25 36 69 87 23 77 60 0 13
6 64 50 43 82 64 71 90 88 59 39 0 27
4 31 45 65 78 74 93 44 73 33 85 0 20
3 24 78 36 77 82 92 77 26 94 99 0 15
5 45 80 65 93 65 33 50 50 96 26 0 22
8 25 76 21 29 38 95 43 39 28 24 0 36
9 55 71 79 75 61 95 95 63 97 36 0 43
3 100 29 40 87 66 21 69 83 91 99 0 14
3 50 66 69 29 69 58 86 52 85 27 0 12
10 42 79 62 68 77 45 64 60 22 47 0 47
10 57 44 50 38 56 94 38 84 85 25 0 47
8 51 93 63 61 83 29 35 80 26 35 0 39
10 99 65 61 53 66 96 87 28 86 89 0 46
9 95 82 74 74 94 100 34 76 34 62 0 44
5 61 60 91 31 35 93 61 33 42 53 0 24
10 61 84 61 81 81 42 27 79 23 69 0 47
9 95 68 84 49 36 33 96 22 91 97 0 45
3 32 86 56 30 87 99 53 40 70 27 0 15
7 58 73 63 75 57 73 66 74 31 61 0 32
8 96 100 90 54 48 70 48 55 87 34 0 38
9 84 46 94 40 50 31 90 52 57 100 0 41
2 45 54 63 62 62 93 55 77 20 77 0 10
2 73 56 99 43 44 41 33 58 49 54 0 10
6 62 74 40 67 42 28 96 95 58 29 0 27
6 82 33 94 60 84 82 100 75 94 84 0 27
9 26 48 49 79 82 66 24 35 54 33 0 41
9 40 83 47 58 67 78 46 67 86 100 0 42
7 77 23 57 55 96 71 23 74 92 86 0 31
6 77 44 28 56 78 80 84 35 57 83 0 28
4 98 71 39 95 64 65 77 49 60 23 0 20
7 20 83 45 93 99 72 38 38 59 66 0 33
10 31 41 47 53 30 51 70 81 48 54 0 46
9 38 33 73 29 98 56 91 41 50 62 0 43
6 90 77 72 91 76 24 78 89 45 95 0 29
6 38 32 30 84 85 76 47 22 86 90 0 29
9 35 27 97 72 98 29 46 53 97 71 0 43
2 82 33 44 78 55 78 47 24 25 72 0 10
8 74 64 86 60 82 48 51 57 80 92 0 36
7 54 59 31 57 35 50 67 65 38 99 0 33
7 96 30 44 49 94 75 50 26 42 94 0 32
7 91 96 25 66 27 37 24 35 88 77 0 31
9 71 21 74 53 30 61 60 68 56 62 0 44
3 81 72 28 67 96 81 92 95 83 86 0 11
5 40 30 47 96 95 32 51 50 56 21 0 24
7 67 77 63 71 26 74 37 35 66 54 0 33
4 66 55 44 96 80 29 79 25 28 99 0 19
8 89 72 55 93 40 74 32 61 67 33 0 38
8 97 68 66 33 94 40 50 57 36 40 0 39
9 65 25 92 45 87 71 29 81 61 71 0 44
2 65 85 36 32 33 49 48 21 79 43 0 10
8 58 37 60 51 49 90 27 50 63 43 0 38
8 90 55 73 29 85 45 82 47 93 20 0 39
7 56 83 78 34 57 63 66 33 49 37 0 35
3 38 22 96 100 28 77 65 47 22 83 0 12
10 51 36 87 88 70 20 85 39 32 48 0 47
4 32 97 39 31 38 65 50 79 48 33 0 16
4 59 97 56 20 78 94 20 51 53 73 0 17
3 44 58 40 25 76 86 76 58 81 49 0 13
7 96 88 95 98 22 99 30 20 100 59 0 35
8 81 59 48 50 87 92 68 78 84 72 0 36
10 88 67 85 49 94 86 58 33 60 21 0 50
10 78 94 52 46 77 82 76 25 49 40 0 49
2 51 82 22 52 42 74 20 48 80 30 0 10
5 56 98 73 78 85 66 68 43 31 86 0 24
8 21 25 77 95 80 65 63 26 28 78 0 40
5 87 20 74 49 95 86 81 64 47 67 0 21
5 83 36 73 29 34 64 48 58 26 47 0 22
4 32 97 44 95 91 74 82 51 96 75 0 17
8 20 69 66 45 88 55 31 68 54 95 0 39
8 53 64 97 73 69 76 42 44 54 50 0 37
10 80 43 39 44 99 50 43 74 23 64 0 46
8 30 68 94 90 52 90 60 93 36 56 0 38
4 47 97 62 87 90 69 67 56 31 26 0 19
8 64 43 42 81 84 92 21 31 44 97 0 40
5 71 93 26 28 62 96 31 90 23 93 0 25
6 90 78 77 72 51 97 30 90 73 94 0 27
7 41 37 99 95 29 78 41 43 54 85 0 35
3 75 24 53 51 89 54 95 52 41 96 0 14
10 90 33 40 68 92 31 35 32 64 86 0 50
7 43 50 41 45 59 48 56 85 60 38 0 32
4 35 95 97 90 54 98 66 94 46 89 0 19
7 31 31 88 89 79 84 30 36 77 30 0 32
6 41 23 26 90 38 25 67 74 31 39 0 30
5 23 35 68 92 54 31 54 59 61 27 0 24
4 79 86 37 40 29 90 47 25 85 97 0 18
6 36 40 51 38 54 60 28 98 86 38 0 29
9 88 99 37 41 47 83 89 34 60 62 0 43
9 95 81 41 48 85 35 62 51 65 85 0 42
9 36 63 94 25 43 30 29 75 27 79 0 45
5 86 92 40 85 23 76 48 47 42 70 0 23
6 76 72 96 94 60 88 78 64 55 79 0 27
7 31 85 72 82 81 80 28 56 56 72 0 32
3 63 94 39 68 61 25 29 39 20 49 0 13
10 94 60 65 45 34 52 38 65 84 54 0 48
4 82 61 38 84 87 79 31 70 95 38 0 17
10 91 57 62 85 99 91 92 34 30 66 0 46
10 77 61 68 37 22 95 44 68 21 96 0 48
6 33 81 25 76 20 56 27 31 38 53 0 26
6 51 52 78 51 33 42 30 35 54 69 0 26
9 23 32 32 59 73 98 93 100 21 80 0 44
7 72 62 80 69 80 33 91 62 86 50 0 32
5 45 80 54 96 46 22 23 45 84 64 0 22
7 22 27 94 68 27 91 70 80 93 73 0 31
9 93 55 91 55 46 100 24 36 53 52 0 45
10 87 82 29 67 77 34 93 47 27 62 0 46
5 41 33 93 20 66 84 79 78 78 98 0 21
4 71 82 98 20 21 61 77 24 78 34 0 19
8 84 56 84 33 98 95 22 67 95 63 0 40
9 52 29 39 95 61 63 85 45 58 42 0 41
10 37 24 37 21 44 99 51 59 48 24 0 50
5 88 30 20 20 47 77 59 49 30 98 0 23
4 45 87 58 98 28 78 36 67 51 40 0 16
2 88 33 77 37 25 85 62 82 78 94 0 10
3 51 33 37 26 25 63 58 51 82 82 0 13
6 96 80 59 27 91 73 84 83 70 54 0 28
8 22 82 97 90 83 96 29 56 59 27 0 37
2 28 70 64 90 93 51 54 69 24 20 0 10
9 88 89 82 71 28 97 37 87 39 21 0 44
2 67 59 58 50 39 97 48 27 49 23 0 10
7 71 89 83 69 52 99 97 49 64 84 0 31
7 80 81 32 84 93 45 27 98 49 81 0 33
7 85 52 30 40 28 44 50 45 36 99 0 31
6 93 88 68 34 96 41 27 91 27 42 0 29
5 56 21 23 53 80 39 83 67 76 90 0 24
5 75 49 34 81 93 80 26 69 57 29 0 24
6 29 36 75 43 59 39 75 21 31 74 0 29
6 47 43 24 85 58 53 92 85 95 35 0 30
8 25 31 70 40 24 29 58 25 40 26 0 39
8 32 53 36 81 94 81 57 49 47 65 0 38
10 35 40 59 88 71 36 73 61 62 38 0 46
4 66 27 65 80 23 86 94 86 59 40 0 17
7 91 73 50 70 78 99 81 41 52 81 0 31
4 29 68 51 28 35 30 65 49 82 98 0 17
5 84 82 52 91 62 86 40 65 42 91 0 23
5 73 24 72 22 67 69 42 63 35 57 0 22
3 25 85 37 33 99 46 27 87 90 41 0 14
3 63 85 32 58 42 67 30 62 65 64 0 14
9 76 56 27 96 31 55 67 100 95 82 0 45
10 36 40 96 47 87 48 21 32 55 51 0 50
7 85 56 28 40 41 65 56 94 90 77 0 31
4 95 95 74 45 81 75 72 23 95 31 0 18
8 70 65 74 90 99 53 43 72 20 97 0 40
5 87 74 83 41 67 40 93 93 28 96 0 25
5 66 71 43 34 42 42 29 69 36 38 0 25
10 41 53 86 70 83 80 82 22 76 47 0 50
7 74 67 20 88 80 40 34 96 72 75 0 34
4 92 73 66 40 44 72 94 49 68 86 0 19
8 29 72 61 44 74 80 87 52 90 26 0 38
3 44 28 35 27 78 38 85 50 30 67 0 11
8 91 28 37 83 23 91 35 76 38 99 0 37
3 45 55 97 71 64 75 49 58 99 57 0 12
7 94 39 100 94 33 74 27 30 25 76 0 33
6 56 46 85 40 73 67 55 86 70 67 0 28
10 54 63 75 93 26 73 84 62 34 82 0 49
5 84 21 76 94 79 44 36 99 78 79 0 24
10 91 37 69 58 34 36 54 53 90 58 0 49
4 77 26 60 28 80 35 22 94 83 60 0 16
4 65 78 21 64 82 80 36 32 56 29 0 17
9 35 92 39 42 84 63 37 20 90 86 0 45
7 39 44 100 41 39 97 97 46 69 63 0 34
2 84 58 87 42 34 36 35 27 62 90 0 10
2 25 96 42 97 42 55 36 97 25 83 0 10
3 88 54 83 34 83 52 60 85 22 45 0 14
9 61 69 100 39 67 54 94 45 98 40 0 45
10 48 72 44 57 65 65 50 55 64 89 0 47
10 55 39 31 56 72 72 86 21 61 81 0 48
6 38 29 85 63 49 42 26 64 82 44 0 29
8 48 43 84 80 44 41 24 23 79 67 0 40
9 55 48 76 73 35 55 87 79 88 49 0 41
4 34 79 29 50 46 34 50 29 32 93 0 16
3 96 47 100 45 27 55 26 74 40 68 0 13
7 54 94 60 36 74 76 70 67 49 88 0 35
9 27 44 90 74 34 53 46 32 31 91 0 42
4 52 78 49 79 39 23 48 40 98 97 0 19
5 98 30 22 47 44 55 89 40 34 67 0 22
9 29 46 75 56 30 30 87 85 40 72 0 44
7 39 92 30 20 63 50 41 52 30 44 0 34
7 73 68 60 40 25 96 78 28 33 60 0 35
8 59 41 51 74 78 98 58 21 99 67 0 38
3 27 27 27 30 32 51 22 91 81 30 0 14
7 49 77 45 94 43 74 74 40 62 88 0 32
3 75 88 68 43 97 95 50 95 56 24 0 11
2 67 95 58 29 32 28 23 98 85 94 0 10
8 89 62 25 50 36 30 46 31 99 72 0 40
4 39 51 81 77 70 92 56 51 37 77 0 20
3 39 32 58 26 50 88 66 77 98 80 0 15
8 96 63 57 52 60 54 56 47 21 67 0 39
7 94 64 53 26 44 66 89 50 90 73 0 33
2 32 76 64 79 63 87 58 69 71 38 0 10
4 99 43 28 73 60 71 47 83 84 92 0 20
6 23 40 23 59 49 84 29 82 79 76 0 28
8 50 31 74 23 73 41 55 80 60 91 0 37
4 78 44 86 30 36 58 30 98 38 59 0 17
4 35 98 30 34 34 95 42 67 95 56 0 20
10 59 52 35 68 77 54 28 41 28 24 0 48
6 61 79 62 33 78 49 74 25 38 84 0 27
9 36 57 64 58 43 26 36 36 40 65 0 45
7 87 66 54 83 30 56 22 59 83 45 0 33
8 51 59 34 82 72 45 73 81 65 35 0 40
9 53 45 67 74 54 96 52 98 31 24 0 45
9 76 66 60 85 87 79 23 50 34 60 0 41
5 81 35 61 52 92 32 35 92 84 67 0 21
10 30 64 85 62 67 63 42 50 60 99 0 47
9 79 70 49 49 21 31 53 48 98 97 0 43
6 20 98 24 24 77 76 80 68 27 35 0 30
10 97 81 97 35 31 71 87 97 41 35 0 47
8 47 78 79 52 21 60 99 21 64 59 0 39
8 90 41 22 62 22 68 52 60 86 29 0 36
7 66 61 83 26 80 74 82 95 25 29 0 32
10 63 46 67 28 32 97 89 70 27 49 0 48
2 80 92 39 53 31 47 69 51 90 71 0 10
6 70 81 98 80 85 89 51 82 88 97 0 29
3 92 24 92 29 91 48 24 66 36 44 0 12
4 92 86 89 54 27 27 85 100 68 38 0 20
10 36 23 82 61 35 25 41 90 21 20 0 47
10 43 81 38 86 78 32 29 43 84 40 0 46
3 60 43 64 87 34 47 37 46 84 28 0 14
9 48 36 26 25 73 44 87 38 25 65 0 45
7 47 80 73 99 65 81 98 63 21 59 0 35
3 25 93 41 54 83 97 85 84 62 39 0 15
3 76 39 59 83 80 88 58 37 94 70 0 14
3 33 24 28 30 55 58 68 49 49 96 0 13
7 25 28 82 71 34 26 53 30 25 34 0 34
10 85 54 87 24 31 39 55 68 97 55 0 49
3 57 62 21 31 42 42 81 68 94 34 0 13
5 51 87 52 89 99 61 67 82 49 47 0 21
5 57 75 84 33 30 68 47 28 61 24 0 25
5 40 76 51 44 82 32 84 40 54 64 0 21
7 46 65 21 56 22 50 96 37 30 35 0 32
8 32 45 43 27 86 45 43 64 85 80 0 37
10 94 89 52 88 28 41 54 51 85 74 0 50
9 40 37 37 45 70 55 81 71 22 35 0 41
4 47 95 63 49 51 67 47 47 25 27 0 18
4 72 69 72 93 82 60 40 37 49 63 0 16
6 21 35 82 98 77 31 75 34 56 60 0 27
7 91 50 90 44 95 50 81 70 68 60 0 31
10 24 62 58 22 92 50 98 79 45 100 0 47
9 93 27 86 28 90 25 47 80 44 44 0 43
3 93 34 37 67 20 71 89 22 60 74 0 11
6 25 30 57 62 21 42 82 53 90 20 0 28
5 54 73 84 56 38 53 97 75 83 99 0 23
10 22 60 56 50 46 42 21 77 88 93 0 48
3 90 79 53 44 78 64 48 80 31 82 0 14
4 84 40 61 75 94 61 89 49 26 74 0 16
9 73 52 54 58 56 76 93 76 80 69 0 43
4 35 44 67 31 63 56 50 73 56 99 0 16
4 89 69 94 63 85 97 24 73 87 79 0 18
5 56 83 88 30 80 58 50 57 50 74 0 25
10 88 39 91 78 27 69 29 36 83 42 0 47
6 80 61 73 93 21 77 93 57 47 98 0 28
4 53 71 63 71 77 53 73 35 22 78 0 16
6 78 97 59 93 67 48 94 44 87 69 0 30
6 58 85 93 43 49 76 82 55 89 64 0 26
3 35 91 98 84 91 95 67 50 77 69 0 15
10 94 34 37 32 71 49 42 37 72 21 0 50
5 94 22 76 80 31 81 76 28 84 25 0 21
4 40 24 75 97 85 62 37 20 31 21 0 18
4 34 40 36 70 82 83 71 81 33 91 0 20
6 30 86 20 36 33 36 99 54 24 53 0 26
2 95 42 66 81 34 76 69 80 63 23 0 10
8 39 80 65 44 73 41 99 81 40 82 0 40
9 79 26 50 37 99 62 94 52 63 65 0 44
5 98 61 96 77 64 60 81 49 30 70 0 24
3 91 60 96 69 28 21 27 83 34 48 0 12
10 35 97 70 54 33 94 66 49 76 67 0 47
3 62 28 53 44 76 97 82 67 84 48 0 15
10 51 87 81 91 74 100 72 85 75 50 0 50
10 38 93 30 38 66 83 25 32 68 51 0 46
10 26 88 47 67 58 85 53 81 33 57 0 49
10 37 64 62 41 63 75 100 74 60 42 0 49
8 78 31 31 97 40 98 48 73 45 33 0 40
8 71 65 65 89 77 69 29 72 55 84 0 37
4 26 40 70 92 88 55 42 76 22 47 0 20
9 49 93 57 95 97 69 45 22 65 76 0 45
9 85 82 70 29 34 70 27 72 84 53 0 45
6 88 47 64 42 26 92 49 68 95 38 0 29
6 66 50 63 20 96 45 71 39 80 68 0 29
8 47 23 96 59 70 41 39 80 68 26 0 38
9 24 41 64 77 41 24 69 63 74 71 0 42
7 51 93 27 27 21 95 26 56 36 74 0 33
5 71 34 26 66 99 94 71 42 36 70 0 25
10 59 94 26 94 68 58 68 87 84 77 0 47
5 82 55 30 63 23 70 60 77 40 62 0 24
7 58 84 22 40 67 65 36 89 37 63 0 32
5 37 65 36 89 76 61 42 71 25 53 0 24
10 81 97 27 74 32 90 91 94 77 68 0 48
4 69 67 78 100 36 48 59 56 43 53 0 18
7 76 87 79 28 34 99 44 30 79 54 0 35
8 47 80 26 27 82 49 44 93 56 25 0 37
8 66 56 22 45 78 99 64 38 58 47 0 38
5 38 83 49 99 83 87 29 96 67 93 0 23
3 25 38 49 32 36 43 39 70 71 50 0 12
7 71 91 76 49 45 99 53 61 23 64 0 35
5 83 76 89 85 24 83 57 85 76 35 0 24
6 41 100 78 24 54 39 80 54 39 94 0 26
7 24 64 57 42 64 75 23 57 42 37 0 34
9 58 62 59 24 100 68 88 43 94 76 0 42
3 75 98 63 23 27 24 56 68 79 95 0 12
9 22 57 90 74 51 76 79 48 35 76 0 43
8 86 86 59 89 75 97 47 60 34 31 0 37
5 52 49 56 92 43 94 49 84 54 45 0 24
4 35 79 95 85 71 91 90 68 83 95 0 19
8 35 63 60 90 97 27 28 90 24 24 0 40
7 66 40 52 39 64 59 70 90 49 83 0 35
7 64 98 39 36 36 97 31 55 49 40 0 33
8 76 51 95 36 61 35 28 93 92 42 0 37
6 67 85 35 98 92 40 69 55 92 45 0 26
10 80 54 94 66 66 54 39 92 89 96 0 49
4 83 96 56 92 40 78 61 33 66 60 0 16
4 45 97 52 56 97 82 84 29 63 55 0 20
6 63 90 89 41 79 94 67 84 86 92 0 29
6 80 79 31 55 66 37 22 28 89 62 0 30
5 72 47 63 56 25 42 64 39 29 49 0 24
9 53 62 78 35 97 68 92 68 74 79 0 42
9 59 95 97 55 83 49 96 90 22 97 0 43
10 61 88 87 88 99 97 94 48 60 99 0 49
8 27 38 31 52 85 78 87 88 39 35 0 40
3 25 41 41 62 58 97 68 45 60 91 0 15
9 25 97 43 92 24 64 80 68 86 83 0 42
3 39 37 62 45 39 99 75 86 56 31 0 15
8 70 86 42 98 65 70 37 41 25 29 0 36
7 33 33 27 98 50 55 59 37 75 97 0 34
8 39 96 20 71 27 53 96 34 81 81 0 40
5 50 29 75 58 87 74 65 69 95 34 0 22
5 89 47 95 29 87 62 46 25 40 76 0 22
6 43 67 81 42 92 50 56 66 41 78 0 27
6 85 73 63 74 21 21 61 40 46 43 0 28
8 81 37 24 50 87 55 65 98 88 48 0 38
10 85 56 32 81 76 73 31 71 48 47 0 48
9 88 51 47 55 86 87 45 35 78 98 0 44
6 71 75 77 51 37 86 25 86 54 22 0 29
6 42 73 88 55 62 30 70 64 77 36 0 26
3 23 49 75 50 29 67 100 94 29 38 0 14
6 47 31 32 35 62 54 76 67 95 50 0 27
6 51 76 77 35 80 59 72 21 64 79 0 29
7 56 70 63 59 100 72 49 54 36 66 0 32
3 34 94 37 51 73 76 65 29 60 20 0 15
5 94 33 80 99 42 54 94 41 74 65 0 22
6 85 87 95 80 26 97 23 32 48 66 0 30
2 28 99 55 56 56 73 95 44 23 62 0 10
4 58 86 52 24 25 95 38 50 94 61 0 19
3 49 95 41 79 37 36 94 75 94 80 0 15
4 60 54 42 28 35 44 79 22 83 28 0 20
8 77 37 49 64 29 91 58 83 56 34 0 38
10 89 73 93 46 63 32 26 45 58 80 0 48
10 58 41 82 23 22 60 37 33 70 42 0 47
3 82 85 90 25 73 43 96 62 59 25 0 14
9 86 70 82 90 25 99 80 49 51 40 0 44
8 67 20 20 74 57 56 86 86 59 37 0 36
5 41 69 86 39 38 47 46 29 43 62 0 21
10 32 43 27 39 45 53 70 21 75 100 0 46
3 76 76 37 69 34 28 63 90 79 88 0 14
2 61 64 88 49 34 62 95 37 32 74 0 10
3 60 38 25 56 92 92 93 39 32 73 0 15
4 37 27 31 28 77 82 26 60 62 85 0 19
8 20 78 52 65 79 26 74 87 22 36 0 36
6 89 31 45 69 26 64 59 73 66 86 0 27
10 83 62 44 50 25 70 21 81 42 42 0 48
9 24 57 20 42 92 62 68 48 87 37 0 42
10 77 31 95 62 55 36 26 41 33 37 0 50
7 37 98 60 26 42 67 33 35 51 28 0 32
8 41 66 55 65 42 84 44 82 91 34 0 39
3 42 49 74 80 32 78 59 95 81 97 0 15
3 44 50 28 57 95 98 41 33 28 34 0 12
10 45 57 27 64 82 64 44 73 89 73 0 48
7 61 39 44 55 64 85 21 85 98 91 0 31
2 87 51 36 68 43 94 52 98 73 85 0 10
5 98 33 41 43 56 39 60 93 43 25 0 22
4 76 93 37 41 28 29 27 67 30 72 0 17
9 41 84 99 48 92 80 79 42 37 51 0 42
9 80 75 49 26 54 48 98 31 39 36 0 45
6 50 73 67 62 93 61 96 32 62 23 0 27
5 25 64 31 61 35 34 82 83 74 81 0 21
7 97 86 29 54 34 48 81 86 81 33 0 35
10 37 41 61 47 76 59 84 78 40 70 0 48
5 77 36 93 39 39 92 97 40 47 66 0 25
4 62 27 76 92 67 48 70 85 77 92 0 20
4 34 55 62 98 87 45 72 72 87 74 0 19
8 26 64 100 25 60 91 64 45 36 80 0 39
7 54 66 41 27 94 93 80 23 60 76 0 35
4 76 76 96 70 27 46 64 54 46 51 0 18
3 65 98 51 28 32 74 61 23 67 50 0 15
10 75 86 72 47 27 24 37 28 39 91 0 49
7 68 73 55 26 49 70 39 49 67 89 0 31
10 28 91 36 92 42 83 76 80 82 57 0 50
7 48 63 56 64 97 51 76 69 73 39 0 33
8 75 22 25 45 28 32 22 47 30 22 0 39
6 59 35 78 90 25 85 37 51 32 53 0 29
4 78 80 60 76 66 91 66 48 92 41 0 20
9 68 72 63 32 73 79 94 48 63 96 0 44
10 57 87 26 94 50 42 38 94 63 26 0 49
3 33 89 67 55 81 44 59 78 28 43 0 15
5 88 25 23 69 94 72 39 35 96 76 0 24
2 97 78 66 85 96 34 64 98 77 26 0 10
3 32 64 95 70 75 55 92 57 41 83 0 11
6 88 95 83 97 99 23 88 22 74 32 0 30
3 41 91 29 29 91 40 66 73 50 99 0 12
7 82 60 46 74 21 72 92 80 94 71 0 31
8 91 27 59 88 81 54 74 37 33 75 0 37
10 50 23 90 20 22 73 36 41 64 30 0 47
5 98 37 31 49 29 73 72 44 55 80 0 22
8 22 40 85 53 26 75 62 83 80 36 0 37
9 40 64 82 88 84 90 93 99 74 73 0 41
2 39 94 65 21 97 98 60 50 72 77 0 10
7 44 70 38 58 40 42 92 72 45 62 0 32
6 84 49 94 76 34 62 82 21 51 26 0 28
8 83 67 95 27 61 69 25 22 26 52 0 40
3 69 57 95 91 91 90 52 99 69 63 0 14
6 32 21 28 28 69 39 90 79 49 27 0 27
10 71 52 92 40 85 25 83 82 31 56 0 50
5 66 75 66 40 92 76 68 34 82 92 0 24
7 24 61 25 22 22 49 58 50 75 24 0 33
6 78 65 96 52 87 49 65 64 94 42 0 29
8 97 53 31 85 61 22 33 55 59 95 0 38
9 54 50 82 99 58 58 27 22 83 92 0 43
10 81 55 42 74 20 58 45 66 56 45 0 50
7 98 45 41 59 22 79 39 30 86 36 0 33
5 82 58 74 28 45 90 77 29 54 71 0 22
5 44 30 71 86 63 24 41 39 49 53 0 23
4 36 82 31 54 41 77 58 67 50 71 0 17
2 68 33 54 60 55 26 34 85 33 24 0 10
4 60 55 54 85 99 92 44 95 53 55 0 19
9 57 28 80 35 49 33 28 47 69 48 0 44
4 82 91 34 98 62 28 21 65 39 92 0 17
6 96 33 72 91 31 56 40 40 78 33 0 27
10 52 28 46 37 77 34 33 68 35 36 0 48
6 54 87 83 78 30 20 34 85 59 22 0 27
4 62 90 67 22 91 61 89 70 99 35 0 16
10 72 39 52 31 64 93 75 41 66 68 0 50
9 77 82 30 58 47 44 52 47 73 87 0 45
6 35 32 28 92 78 74 30 21 69 23 0 27
3 100 41 54 74 88 74 49 96 41 45 0 13
8 38 59 86 21 39 66 83 36 85 53 0 36
4 46 26 41 51 26 55 30 77 95 20 0 20
8 52 66 35 77 40 70 72 38 98 40 0 36
7 27 36 26 94 21 45 59 37 95 72 0 33
7 35 62 32 44 37 31 31 97 41 65 0 31
6 68 26 64 23 43 65 31 59 20 67 0 30
4 60 21 91 59 32 80 43 78 65 22 0 19
7 78 79 28 70 92 59 20 43 80 38 0 33
3 99 48 58 51 84 78 95 77 63 35 0 11
9 50 85 28 31 40 44 64 94 59 49 0 45
9 25 92 56 99 71 85 100 58 67 37 0 42
6 74 70 68 24 49 90 59 67 70 82 0 29
8 46 36 35 96 52 92 70 31 71 97 0 40
4 33 76 84 74 50 23 60 87 83 37 0 16
3 95 53 29 69 52 39 21 56 49 74 0 15
5 97 50 64 55 25 39 83 58 63 100 0 23
8 57 38 87 72 27 89 51 28 61 65 0 40
7 45 77 35 43 59 32 30 98 43 80 0 31
4 76 94 39 71 39 96 23 20 55 82 0 19
3 98 92 55 99 23 52 95 70 22 100 0 15
9 40 69 97 57 56 98 48 61 65 42 0 45
5 29 47 64 80 64 79 23 41 77 90 0 22
3 20 99 76 61 66 90 95 65 60 57 0 15
4 46 24 68 52 24 58 28 29 37 60 0 18
10 80 74 26 64 24 88 46 63 53 80 0 46
10 32 40 62 88 95 24 48 21 45 48 0 46
3 70 73 99 90 39 46 37 63 27 70 0 11
10 46 56 91 48 92 66 34 80 50 100 0 50
5 21 82 50 43 77 87 95 84 57 27 0 23
3 75 28 77 67 71 90 76 33 33 51 0 13
3 84 26 76 51 67 31 74 88 54 88 0 12
7 64 46 68 44 41 59 24 73 44 87 0 35
2 30 29 27 85 42 33 49 75 51 75 0 10
9 86 87 51 40 74 100 84 58 26 24 0 41
5 29 20 56 94 95 59 43 54 38 40 0 21
10 39 88 36 36 23 34 25 34 37 38 0 46
9 73 65 72 84 68 66 31 21 69 74 0 43
10 46 73 20 59 54 88 22 67 48 56 0 47
10 79 92 48 73 57 24 31 24 68 73 0 46
5 36 60 83 73 87 52 73 46 38 86 0 25
3 22 47 27 65 42 82 27 43 96 80 0 12
9 32 38 74 98 84 39 87 80 85 36 0 43
9 45 67 34 37 54 46 25 50 26 26 0 43
6 50 89 86 93 85 78 85 61 61 54 0 27
3 26 20 87 79 64 70 41 79 52 97 0 13
8 51 66 44 84 89 97 96 92 72 46 0 38
6 73 94 42 75 76 69 44 51 32 25 0 27
5 36 24 25 72 38 33 90 91 42 67 0 25
4 65 43 92 86 64 55 76 42 27 82 0 16
9 71 96 30 42 64 69 36 62 85 50 0 43
4 82 91 66 63 30 45 86 92 61 87 0 17
4 22 38 64 32 24 20 80 67 89 49 0 18
8 46 36 48 78 66 75 50 73 62 84 0 38
7 86 82 44 57 53 35 26 88 78 62 0 32
2 84 97 84 58 39 89 30 94 85 63 0 10
3 22 62 51 79 68 83 92 41 62 74 0 12
7 37 65 49 54 39 43 24 73 67 31 0 32
3 32 52 52 49 79 22 45 54 92 67 0 12
3 88 74 25 60 41 38 78 25 76 31 0 14
7 47 81 78 76 28 57 20 70 87 41 0 35
10 57 67 22 37 68 59 74 27 89 57 0 49
6 40 86 40 33 29 25 32 39 60 44 0 27
4 78 39 44 91 85 30 71 84 77 69 0 17
3 27 78 47 21 32 34 58 31 39 86 0 11
7 66 25 71 75 51 88 90 86 83 43 0 34
173 226 208 182 211
127 177 182 252 262
117 145 185 243 285
124 156 199 240 288
106 148 186 240 296
116 178 205 253 295
137 175 182 253 266
118 157 201 229 295
103 141 195 246 275
124 174 208 244 281
112 162 192 231 286
115 168 192 253 281
119 175 211 253 266
120 180 212 225 280
122 153 204 236 260
104 158 219 239 300
111 163 198 233 288
111 180 215 230 289
121 173 183 236 271
136 172 205 252 277
136 160 188 235 296
133 166 196 256 264
118 163 202 222 270
107 176 201 236 281
133 178 205 255 273
104 155 206 226 273
121 154 199 236 294
127 148 192 232 292
132 155 220 223 291
119 140 187 240 261
133 164 183 248 292
133 170 182 243 297
140 152 212 255 295
120 166 203 226 269
124 173 192 249 286
111 173 190 254 300
126 176 216 252 266
125 180 213 245 268
115 140 210 258 283
120 166 180 257 276
112 142 201 242 296
115 166 201 255 290
135 161 219 225 290
130 163 189 233 270
103 147 185 247 299
123 167 184 238 291
124 171 186 228 276
104 164 190 234 292
110 173 203 222 271
135 140 188 240 289
131 172 188 223 280
112 168 189 229 271
109 141 217 260 271
110 140 203 259 292
114 144 198 228 292
131 147 196 236 295
130 160 215 222 290
122 143 198 249 299
105 169 208 259 285
129 145 199 233 287
132 178 204 233 288
118 179 208 250 272
120 149 214 238 273
115 179 195 226 295
122 159 213 244 292
128 175 220 245 272
123 180 217 260 291
135 147 193 245 282
105 153 202 254 292
118 147 209 260 291
105 143 208 249 281
103 168 203 220 292
136 145 187 243 284
100 151 188 255 275
101 142 209 237 282
117 171 219 241 279
130 164 206 237 300
105 144 190 229 269
103 173 216 241 293
127 177 183 222 296
111 161 208 223 291
139 155 187 251 285
114 161 217 222 299
130 157 220 223 267
117 144 190 229 261
124 148 189 255 264
138 159 212 233 273
102 179 181 235 273
100 146 186 242 292
123 149 209 229 278
125 152 184 224 300
137 153 217 250 267
120 168 187 236 270
130 145 181 230 291
103 165 181 220 299
102 158 189 246 290
106 157 193 260 276
120 146 219 254 291
106 148 201 239 265
135 173 189 231 283
129 154 202 234 290
119 146 218 254 277
139 148 213 229 289
134 148 190 255 278
127 160 180 243 291
103 154 185 221 285
133 164 193 247 299
108 169 190 221 271
105 174 193 234 288
120 151 211 244 268
129 179 200 230 270
104 146 209 255 292
101 178 217 234 270
126 173 193 230 279
103 143 182 238 264
101 164 212 257 299
129 167 215 255 276
129 176 200 225 271
104 155 214 245 284
112 175 210 225 263
119 151 195 227 277
126 145 200 240 266
121 143 190 224 283
125 156 180 226 260
120 162 200 221 285
100 175 192 225 260
109 150 210 253 289
113 148 183 224 291
135 149 212 229 288
110 156 210 253 276
136 151 184 235 265
116 155 196 232 268
120 140 192 247 280
112 154 220 236 277
105 159 204 223 279
111 153 203 260 287
138 175 213 248 287
107 143 180 245 261
126 157 216 226 276
137 143 180 236 296
135 161 188 248 261
105 158 195 239 282
139 174 199 234 286
130 154 198 247 263
118 147 181 221 286
128 147 188 227 274
104 159 194 258 281
116 163 204 232 299
123 152 217 239 273
117 176 216 254 267
124 162 203 251 292
135 177 215 244 297
128 144 204 233 298
137 176 201 221 271
105 162 191 227 279
116 179 195 239 264
124 147 187 248 283
106 173 216 227 293
135 144 214 227 299
118 155 196 233 280
131 163 209 235 271
107 166 212 247 280
119 143 190 253 268
102 171 202 254 292
112 176 189 227 265
120 176 181 236 297
109 145 186 220 268
101 149 194 242 262
122 140 181 237 288
102 172 183 252 275
139 163 219 226 266
137 158 204 238 266
125 176 194 232 290
127 162 193 259 278
107 173 199 226 264
136 150 195 255 278
140 180 183 229 263
130 175 215 240 274
118 173 214 249 296
111 142 208 246 296
138 177 196 230 271
100 147 211 241 276
136 179 220 250 283
120 171 213 257 300
138 145 217 224 280
110 170 194 253 289
134 169 205 247 261
132 142 202 222 297
124 161 188 257 276
101 148 197 242 270
103 169 193 255 282
118 173 188 226 299
109 154 209 255 276
106 140 188 223 273
111 168 182 233 282
127 148 209 247 275
140 162 184 241 262
117 177 186 233 296
125 150 199 254 296
121 174 195 237 280
116 145 198 220 290
119 170 182 244 262
101 180 213 238 300
117 146 211 220 260
128 162 206 234 278
138 144 215 251 283
102 177 208 228 296
118 178 219 247 281
136 176 200 257 283
124 159 199 227 276
137 164 207 228 262
118 176 204 230 290
124 175 186 249 279
114 152 188 246 263
127 151 204 259 294
104 173 197 255 272
135 176 199 241 278
107 170 206 234 274
111 142 181 255 279
117 164 202 251 285
113 163 197 251 272
114 165 200 252 283
140 156 189 227 269
117 156 188 224 283
121 144 203 245 272
101 172 193 245 271
135 150 195 232 298
102 158 204 238 296
102 166 183 247 286
128 148 182 230 297
122 168 210 259 267
100 167 191 225 290
113 176 219 260 279
128 174 188 231 275
105 140 206 251 292
108 148 183 246 270
113 156 218 257 277
117 148 205 228 263
133 164 207 253 278
101 156 187 242 284
108 162 181 222 282
124 168 218 250 270
113 153 201 251 265
138 149 215 222 292
118 149 196 257 276
111 168 219 245 292
119 162 218 246 263
112 163 205 241 285
105 164 196 260 279
129 167 218 236 269
124 159 195 225 285
105 172 195 225 299
105 148 192 247 290
136 156 211 260 286
112 151 189 243 284
116 180 190 253 284
107 171 198 226 270
116 165 181 257 279
126 143 209 225 283
131 156 211 253 295
132 150 197 242 277
128 152 192 222 293
112 162 214 237 264
130 177 209 260 267
137 179 194 234 262
112 161 212 221 264
129 155 209 238 298
138 152 203 243 268
103 173 218 249 268
113 147 184 245 273
134 180 198 221 264
106 177 189 222 273
120 160 182 252 265
125 161 191 245 280
125 180 219 257 296
136 180 190 221 292
135 150 187 226 289
121 151 212 256 288
129 149 188 226 278
100 165 181 222 266
127 166 186 224 298
128 148 196 249 265
124 141 184 222 266
136 174 200 257 294
101 140 217 255 296
115 174 195 247 289
107 152 211 234 300
127 162 212 244 281
102 166 190 248 300
115 159 205 257 261
110 178 203 227 296
127 176 182 224 277
111 158 208 244 268
106 150 186 222 283
140 168 184 242 277
105 179 219 224 266
116 171 217 252 274
122 171 186 224 288
138 152 195 240 270
137 151 215 258 272
112 171 208 231 261
133 157 186 223 299
120 167 206 254 272
107 166 188 251 275
122 167 205 246 276
133 157 183 249 283
137 140 215 224 295
133 178 188 226 282
110 153 192 227 265
123 175 200 245 281
101 160 209 250 291
118 160 207 256 282
113 148 199 228 276
129 155 204 249 265
133 178 206 242 289
132 143 184 231 297
137 155 182 258 276
115 153 193 224 260
118 159 188 247 263
104 149 216 237 271
119 167 211 243 284
139 166 196 250 276
125 154 180 233 260
128 149 198 220 262
129 164 205 235 290
106 143 194 230 281
131 161 200 231 275
125 160 214 258 296
109 154 217 238 262
139 152 186 232 295
123 140 180 220 292
135 163 185 255 263
120 156 185 225 297
107 151 216 231 298
110 142 185 254 276
115 148 183 251 292
106 157 217 247 277
110 168 185 229 269
137 144 181 258 266
140 152 195 233 262
116 177 192 222 263
123 149 218 226 296
136 142 201 226 275
104 175 204 227 287
110 149 200 228 270
103 167 218 252 282
132 169 198 233 279
133 174 188 237 271
110 178 203 254 268
115 143 190 238 297
137 154 197 258 292
135 148 183 240 283
135 157 191 256 278
129 174 202 220 275
117 166 182 226 284
112 169 197 238 283
115 159 210 233 293
114 151 215 229 265
100 147 188 242 279
135 172 183 225 295
140 168 185 250 280
110 175 187 241 278
117 164 207 227 263
104 148 213 258 263
132 162 218 227 286
107 169 217 248 289
110 142 193 246 282
139 176 194 250 272
135 173 205 231 289
105 164 197 260 264
101 165 210 245 286
128 175 181 242 275
118 174 191 229 285
123 156 219 231 282
134 155 207 257 271
139 172 182 224 292
117 149 209 248 276
103 171 189 245 275
127 144 189 239 285
138 142 182 249 265
135 179 198 232 281
138 174 187 260 264
123 157 183 239 292
114 159 194 221 294
113 145 218 246 297
133 167 196 225 282
101 144 180 260 294
125 141 202 255 275
121 164 199 257 265
103 164 206 229 294
139 145 220 232 266
131 141 212 222 289
139 142 180 242 280
135 171 203 243 284
108 159 203 242 268
132 153 198 222 293
140 161 181 250 278
121 146 216 251 265
131 161 197 257 277
130 167 208 223 288
131 175 214 242 275
139 159 202 244 266
140 153 206 251 294
100 142 206 253 267
130 164 212 246 273
112 146 213 223 263
100 157 220 242 265
125 175 201 222 270
113 140 196 253 295
105 171 190 232 286
104 159 185 229 263
103 170 216 230 264
135 159 201 223 273
113 160 198 256 274
120 162 212 244 271
116 141 180 225 285
110 156 186 254 262
122 159 193 252 263
114 156 203 245 293
119 140 185 255 289
138 156 189 243 297
100 152 205 222 290
110 150 208 255 279
112 149 187 230 289
134 180 186 250 263
107 146 195 232 289
115 170 197 229 287
104 173 195 233 276
104 141 195 224 264
106 159 212 230 274
105 174 213 224 274
139 177 217 245 297
121 150 204 234 266
113 155 220 248 292
131 166 218 234 296
102 141 211 246 300
110 157 207 252 294
127 144 196 245 282
118 143 195 229 293
109 170 196 230 272
111 148 212 246 291
138 148 193 228 281
109 169 196 258 293
131 164 218 253 262
117 175 201 237 282
108 143 200 242 292
105 148 212 235 297
126 148 202 232 282
115 176 213 255 279
125 146 199 249 271
138 149 184 222 300
127 141 206 239 294
112 162 201 249 291
136 154 185 248 260
132 179 186 233 282
140 142 219 244 284
128 149 211 234 275
123 147 195 221 263
109 179 180 249 265
133 142 193 224 283
112 179 192 223 262
119 172 192 224 295
125 154 190 259 268
135 176 181 253 296
129 167 212 221 282
109 158 215 242 297
116 146 205 258 286
102 166 212 227 283
100 147 198 227 289
115 160 207 244 291
126 157 210 249 273
131 144 188 257 300
107 140 208 220 283
133 144 205 227 278
115 169 204 234 297
124 170 181 254 297
123 158 191 228 267
117 169 195 236 295
120 168 193 238 269
121 180 196 244 262
114 161 182 226 268
111 163 195 257 290
127 152 187 233 284
132 144 184 224 262
134 151 218 235 296
127 174 180 226 289
140 169 195 228 264
112 157 200 242 264
102 147 185 258 290
110 175 193 225 272
125 171 211 228 278
137 165 211 227 269
106 170 220 258 277
116 175 216 238 268
131 159 198 244 296
116 142 217 236 282
113 178 192 249 288
120 158 197 231 263
129 180 187 227 267
131 142 199 249 262
105 168 208 232 297
134 142 210 236 283
123 151 181 244 286
139 166 208 230 288
138 174 198 236 284
138 174 196 246 288
103 166 205 228 268
121 156 182 255 275
140 171 194 242 293
102 160 205 224 262
124 160 205 248 271
119 172 198 232 293
104 180 182 221 271
105 141 194 252 270
114 175 209 256 280
129 159 190 250 291
133 146 216 244 277
105 150 204 238 284
116 155 184 241 294
108 154 207 250 283
112 173 199 235 269
139 153 216 258 280
133 142 212 259 261
108 145 183 252 299
110 161 200 260 280
120 177 211 252 282
123 146 195 222 300
121 173 205 256 270
108 172 187 221 286
123 143 217 229 296
127 167 193 254 300
133 171 181 245 291
105 171 197 248 296
133 173 184 233 280
109 149 219 234 266
122 140 195 260 272
130 147 200 245 289
138 143 219 222 261
102 169 193 255 290
129 143 189 228 292
110 167 191 225 283
114 157 182 233 284
120 171 195 243 299
129 140 202 242 271
120 155 185 240 283
107 154 190 235 281
139 144 204 222 287
132 140 201 228 278
114 143 199 232 274
116 143 220 250 279
101 159 196 259 267
138 158 216 256 289
132 155 189 237 268
119 173 192 252 283
139 144 204 228 279
111 160 212 239 299
118 167 217 247 260
132 156 180 231 294
110 141 219 222 280
101 172 184 221 276
139 166 186 223 277
111 151 180 228 260
122 143 185 246 287
137 149 196 229 267
136 169 206 257 282
101 177 219 235 294
110 174 203 251 298
106 144 185 230 263
115 155 196 241 266
136 179 194 230 277
120 151 196 245 271
134 173 218 230 282
114 168 220 230 264
129 148 184 224 295
102 156 199 225 272
113 148 195 235 298
111 168 182 237 295
102 158 188 229 274
103 171 214 240 261
118 159 218 250 270
110 167 206 248 283
131 151 183 260 262
113 157 183 252 286
117 157 188 235 285
106 176 180 259 296
107 177 189 258 280
132 176 195 243 284
112 142 193 221 288
126 178 203 237 274
126 145 197 254 276
106 157 187 252 264
130 174 210 231 261
106 156 210 259 285
132 157 185 228 294
136 152 197 237 296
132 169 200 243 295
106 173 216 236 267
139 142 186 248 266
120 145 189 223 292
131 141 201 237 283
133 177 209 236 262
107 177 194 235 279
114 169 214 234 266
104 180 219 248 288
124 146 215 234 272
134 157 216 260 294
137 140 213 240 292
102 173 196 227 292
138 143 216 258 277
103 159 212 239 282
100 160 201 236 297
134 171 195 250 276
132 140 220 231 292
111 147 198 244 270
110 151 185 250 299
129 154 215 223 274
110 165 187 250 286
112 160 190 257 263
104 157 188 247 295
103 177 214 231 265
110 166 215 228 265
124 163 220 225 297
127 180 205 236 263
113 173 190 232 281
119 165 182 245 270
109 159 194 224 291
111 142 186 230 272
114 180 207 235 300
107 179 199 253 295
122 161 214 245 293
128 171 185 257 295
125 146 204 246 269
104 158 219 253 272
140 163 185 245 263
111 148 186 247 273
137 160 192 231 278
135 178 184 257 300
112 175 188 227 283
121 161 184 253 271
134 177 210 249 265
136 140 196 229 270
106 177 201 245 266
122 146 192 237 260
125 163 197 255 269
131 160 205 220 297
113 160 196 247 284
137 155 193 254 296
114 156 217 228 285
111 146 199 253 297
114 150 190 233 261
128 153 190 244 276
111 141 189 255 280
120 145 182 229 294
120 175 204 243 299
105 162 196 230 283
126 162 216 235 293
108 144 206 221 293
126 153 207 241 273
111 151 190 232 292
115 158 188 230 280
127 160 211 255 300
122 148 216 248 281
136 140 195 260 272
140 156 211 235 262
124 173 214 252 289
131 146 209 247 285
136 162 212 220 285
139 163 214 260 296
118 159 187 236 260
111 173 182 221 286
102 148 189 234 287
116 143 195 249 293
112 145 182 236 281
110 173 181 259 287
109 167 181 236 282
107 172 198 241 297
109 151 188 229 262
120 174 209 258 294
100 169 206 228 281
134 150 203 234 260
107 141 215 239 272
127 153 188 236 261
105 151 219 243 294
117 142 203 241 287
138 154 187 243 283
135 145 190 245 294
112 153 212 251 286
129 155 198 233 295
109 174 201 253 271
130 150 202 259 282
118 163 180 238 276
101 154 217 224 273
134 176 208 252 286
127 163 212 246 296
125 167 212 244 274
109 175 206 260 291
108 141 191 236 296
138 179 220 232 294
100 170 207 251 267
113 146 211 240 263
131 171 192 230 289
119 145 208 256 295
113 180 212 247 292
104 162 189 240 279
139 165 185 260 284
120 144 187 258 293
114 180 200 227 288
115 156 195 230 298
106 161 203 237 268
135 180 185 254 275
108 163 213 246 281
110 170 182 240 290
112 161 187 220 261
129 173 205 226 300
112 150 203 242 283
124 141 209 252 269
135 142 186 231 286
128 142 185 244 279
132 150 218 229 262
117 168 196 250 264
118 168 192 234 261
123 162 206 246 282
104 141 218 239 297
104 143 214 232 275
108 155 181 238 263
123 165 200 258 279
133 141 190 246 271
118 172 192 239 286
116 167 200 227 260
130 162 190 251 296
107 167 198 244 285
129 162 192 244 260
113 165 212 249 292
121 172 196 240 267
109 169 206 252 269
140 174 187 259 260
103 143 188 232 285
104 149 196 260 268
118 151 181 238 300
117 178 219 225 270
129 152 188 258 280
131 141 210 239 298
103 170 206 247 264
140 175 214 243 280
109 167 183 234 261
114 158 206 233 263
116 158 201 233 277
103 148 203 237 271
128 158 202 228 295
115 153 204 254 268
129 152 216 230 288
109 165 218 231 268
105 169 186 222 263
115 174 182 251 268
108 172 213 249 262
139 152 220 232 278
108 160 190 230 271
126 168 180 256 282
120 162 203 238 267
123 169 203 246 293
107 179 211 252 276
132 164 202 232 300
105 164 196 258 261
119 145 205 220 294
138 141 219 227 279
125 160 206 225 298
122 168 208 220 283
133 156 191 255 268
112 145 182 224 287
121 176 201 235 282
110 176 189 248 289
138 180 218 258 286
115 157 220 242 264
121 147 218 246 269
109 152 187 251 266
100 169 198 246 283
131 176 187 230 280
106 180 210 226 300
112 141 205 257 287
140 147 183 238 291
135 161 201 227 275
115 160 218 248 264
114 154 213 233 286
103 157 214 238 264
119 178 190 238 288
109 146 214 251 281
104 154 218 235 268
121 152 190 234 275
127 162 182 260 295
123 173 180 220 295
112 172 198 245 288
100 163 210 231 286
118 169 190 249 293
111 140 192 243 296
137 141 214 226 295
107 179 208 241 289
122 167 184 259 261
132 154 182 249 279
126 177 197 242 282
122 173 196 244 299
121 158 181 247 287
136 176 191 252 283
113 147 198 242 267
133 174 199 246 273
119 159 180 248 295
118 162 200 232 290
137 155 181 246 275
106 176 205 249 274
135 163 195 244 263
112 164 203 232 265
130 162 212 224 283
113 166 213 235 268
111 166 186 241 265
138 152 184 240 288
108 151 218 253 274
105 168 195 226 285
112 146 181 260 295
107 141 193 240 282
113 180 220 260 275
131 171 187 243 291
109 154 201 228 265
127 149 205 254 282
113 171 192 221 287
110 145 217 250 283
105 152 193 255 293
102 155 187 220 264
119 161 187 230 275
111 157 214 251 268
119 150 194 221 284
134 170 192 222 268
124 155 200 245 294
112 155 213 242 280
127 172 183 257 264
126 149 184 249 298
101 178 181 237 283
124 180 206 253 284
122 143 183 221 299
105 148 203 233 298
119 175 206 234 298
129 147 187 222 295
128 160 200 259 281
104 176 204 222 287
102 172 215 247 267
121 166 188 243 285
131 144 212 256 279
140 142 204 220 269
107 176 195 245 295
101 141 198 228 278
115 146 184 257 287
132 156 187 226 274
122 153 188 223 294
113 154 213 258 262
125 175 213 227 274
135 156 218 253 262
122 161 188 242 282
115 175 213 221 287
112 154 218 230 300
107 168 181 221 295
132 141 208 255 292
106 169 188 254 287
117 143 188 241 299
111 174 204 227 265
111 149 182 251 281
102 149 188 245 291
102 140 196 254 284
130 144 186 226 293
104 157 204 228 282
109 170 208 246 286
117 150 212 256 300
127 158 214 240 282
129 140 217 251 268
135 154 188 260 290
118 164 215 256 261
118 157 194 250 274
139 156 185 233 287
103 158 188 248 266
114 156 213 222 279
124 174 203 235 283
130 142 216 258 270
117 176 202 245 275
104 178 180 245 299
117 160 214 242 268
109 167 198 235 274
134 155 202 238 269
107 171 190 243 279
127 154 195 236 279
106 162 210 238 295
108 180 187 248 285
108 151 219 222 289
132 143 198 223 276
138 147 210 221 270
135 173 202 233 299
115 153 194 239 294
107 153 198 234 275
132 141 220 224 282
106 175 181 258 278
123 172 195 223 283
122 152 186 259 288
127 177 191 228 277
138 146 188 249 265
113 164 199 259 292
130 155 204 243 291
104 172 217 244 260
117 160 203 248 265
107 153 209 260 262
109 162 205 250 291
119 153 200 259 273
118 154 183 248 281
107 144 211 236 288
115 150 204 256 279
132 166 180 221 266
138 158 217 228 296
107 176 180 232 273
123 173 204 220 291
137 145 220 227 267
113 176 203 251 278
134 179 212 260 269
120 159 184 222 265
134 150 204 249 279
130 165 192 239 282
115 152 215 235 268
130 150 200 241 270
111 154 200 223 263
123 155 181 254 287
134 172 212 236 279
132 164 201 252 291
129 151 181 252 297
115 175 202 252 267
107 153 219 224 289
123 170 189 243 276
104 155 214 220 290
117 161 204 255 271
115 164 214 225 283
109 146 191 226 290
131 175 198 255 261
121 152 188 227 294
129 176 201 235 287
123 148 192 224 281
101 163 197 227 263
107 176 211 253 270
136 171 190 237 263
100 143 193 234 289
107 152 198 236 269
125 148 192 242 276
117 154 201 225 293
131 159 194 256 274
104 155 204 257 271
116 155 202 258 295
132 169 205 243 274
109 140 206 249 270
101 162 210 227 264
122 158 220 221 274
106 152 187 246 261
104 168 202 255 271
101 167 184 241 276
111 143 192 221 262
134 174 208 230 282
132 158 197 222 284
106 173 211 255 298
135 140 205 250 271
113 161 195 259 274
105 153 194 220 296
105 178 212 249 289
110 150 201 240 297
118 143 197 238 276
107 168 186 260 300
108 179 183 234 261
107 162 180 258 282
104 158 207 237 276
111 152 212 257 280
127 143 196 230 287
107 144 218 235 297
130 158 190 228 284
116 173 189 220 278
121 172 189 246 286
130 152 181 245 278
127 156 199 229 290
113 176 198 229 260
111 172 184 246 268
129 146 215 231 297
132 165 194 225 282
125 150 208 244 290
135 148 194 239 286
102 176 193 251 298
111 167 199 251 294
138 162 207 239 280
110 179 185 222 287
136 170 217 239 267
102 158 208 260 280
124 175 203 245 281
126 160 186 260 271
139 152 202 236 273
128 151 197 242 277
101 142 216 250 266
119 170 191 229 275
104 171 183 252 293
139 144 208 239 266
123 155 181 253 264
124 163 197 260 267
138 156 216 227 263
139 146 218 255 298
3050 4250 4370 6050 6290
4799 5947 7587 9965 11687
4094 5150 6569 7922 9506
2970 4146 5210 6722 8290
2670 4096 4717 5821 6787
2194 2802 2914 4050 4258
3424 4555 5831 6643 8557
2474 3386 4682 5906 6602
3846 5396 6450 7566 8713
2242 3242 3842 4622 5722
2417 3530 4034 5315 5903
4643 6827 8231 9869 10376
1322 1982 2334 2477 3082
2320 2909 3878 4486 4942
2602 3952 5477 5977 7502
3221 4729 5744 6759 8354
2222 3602 4302 4602 5782
5084 7268 7688 9914 11384
5986 7570 9022 11090 12190
4354 5122 6018 7522 9474
3327 4152 4902 6402 6602
3424 4729 5860 6440 7832
3961 6514 7439 8734 10399
2396 3206 3692 4592 4916
1562 2327 3092 3392 4097
3753 4776 6171 7318 9116
6225 7254 9410 11370 14310
5546 6512 9242 9368 12224
4643 5462 7295 9362 10181
3859 4758 5309 7194 8470
2662 3402 3642 4862 5942
4762 5170 7210 8672 10032
5402 7472 9137 10172 12107
1862 2597 2882 3737 4292
3998 6230 6842 9146 10802
3152 4402 5402 6302 6652
2502 3602 4262 4902 5362
2072 2522 3782 4646 5096
5162 7140 7742 11053 11870
1458 1848 2615 3148 3850
3682 5314 6434 8162 9282
4862 5798 7886 8102 10442
2992 3751 4349 5361 6212
3607 5147 6477 8647 10467
2831 3843 4234 5476 6695
4590 6329 6884 8438 10214
1562 2462 2852 3512 4382
3412 5365 6295 6884 8403
2162 2242 3010 3842 4626
5242 6882 7522 8922 11202
3026 4538 5105 6185 7319
3163 4091 6295 7542 7861
2752 3502 5077 6477 7302
3650 4610 6338 7298 9346
4456 5000 6666 8026 10032
2992 3682 4947 5108 6672
2930 3434 4754 5978 7178
5147 8283 10194 12693 13967
4130 4642 6370 7458 9186
1982 2672 3062 3497 4322
3896 5909 6866 8252 8978
1922 2386 3426 3810 4370
1727 2687 2927 3392 4427
2564 3341 4475 5126 6134
4098 5602 7042 7842 8706
1724 2522 3040 3642 4076
4727 5147 6757 8577 9872
1577 2297 3032 3812 4382
5784 7205 10243 12742 14261
2207 3005 4370 5231 5903
4637 7562 9137 9902 13142
6258 6672 8604 11180 13066
3102 4683 5830 7907 8527
4244 5966 8780 9956 11846
2342 3422 4382 4822 5582
2992 3774 4740 5453 6902
1577 2162 2852 3437 4037
3916 6576 8210 9160 11136
5082 7082 7322 8882 11842
1889 2739 3538 3793 4949
2087 2327 2807 3767 4277
3650 5154 6946 7106 9570
3512 4241 5942 6023 7211
4214 5186 6842 8246 9398
6078 7254 9263 12497 12938
6212 7157 9542 10487 12287
3470 6088 6156 7992 9284
4202 6134 7814 10166 12266
2585 3131 4391 4811 5840
2752 3346 4050 4930 6602
6715 7499 10635 12252 13085
1802 2522 2807 3542 4052
2342 2612 3260 4142 5240
2577 4127 4527 5502 7477
1532 2372 2837 3692 4352
3076 4555 5599 7542 8006
2402 2922 4382 5082 5822
5196 7254 9851 11713 12987
5132 6576 7184 8780 10756
5936 7086 9294 10766 13342
2858 3506 5234 6098 6650
5145 5478 7883 8475 10695
5094 5626 7222 9692 10566
2796 3522 3962 5348 6404
4328 6470 7772 9284 11972
6386 7874 9266 11858 14354
1838 2875 3232 3759 4609
2312 3830 4248 5150 6338
3002 3777 5277 6102 6702
4130 5730 6402 7362 8642
4266 5988 8571 10457 11974
2729 4808 5861 6320 7292
4538 6230 6950 8282 10046
2268 3148 4006 5238 5810
2022 3282 4242 5142 5982
5420 7016 9032 10712 11594
4259 5810 6602 7427 8945
3642 5427 7492 8577 9942
5602 8752 10502 11252 13152
4167 5287 6827 7947 9697
3908 4497 6202 7442 8248
3753 4435 5892 6946 8775
4377 5462 6302 7912 9102
1802 2432 3002 3317 4277
1502 2627 2882 3377 3902
4144 5702 7982 9616 10984
5652 7402 9152 11202 14552
1757 1939 2758 2979 3746
4622 6554 8822 10628 11594
4082 4532 5522 7052 7952
2670 3567 4510 5338 6166
2402 2802 3842 4942 5602
2578 3544 5062 5430 6373
4307 6521 8366 9145 11441
1112 1532 2032 2602 2872
6626 8402 10226 11906 13778
4603 6151 7742 10537 11225
2396 2985 4106 4296 5246
1783 1861 2342 3070 3850
2837 3383 3950 5210 5483
3782 5690 7022 8606 10154
3755 4700 5375 6320 7724
3512 4160 5348 6671 7103
5194 6470 7966 9726 12586
2818 3236 4138 4996 6030
4162 6362 7762 10322 11242
1626 2284 2858 3250 4188
5045 6234 8899 9801 11195
4682 7042 8642 10162 10682
1490 1946 2438 3014 3506
2702 3542 4302 4882 5942
5890 6626 9386 10720 13710
5208 6690 7640 8400 10300
1262 1946 2294 2726 3350
5338 8236 8972 10996 12146
1986 2354 2994 3970 4530
3288 5365 6698 7039 9085
2027 2162 3212 3407 4487
1654 2172 2746 3264 3922
6552 8152 10452 11752 13552
3640 5646 7210 8400 9522
4524 5436 7222 9616 10186
3878 6500 7678 9654 11098
4146 6514 6995 8401 9807
5522 8098 8328 10858 13664
4035 5367 6884 8142 9918
2325 3429 4464 5568 6028
2320 2662 3441 4505 5474
1532 2582 2747 3782 4127
5006 5870 7886 8138 9578
6578 7586 9794 11426 12770
5502 7746 8538 10210 12762
2415 3080 3669 4923 5284
3640 5884 6768 7686 8978
6122 6752 8777 11477 12512
5182 6662 6773 8475 9733
4032 5427 6667 7442 8496
4368 6403 7920 9215 10954
2888 3694 5410 6398 7698
2762 3542 3922 4602 5422
3002 4412 6332 7232 8282
5306 6983 8582 9752 11039
2642 3764 4688 5656 6602
3590 3772 5644 5826 7282
4842 7482 8538 11134 12718
2816 3551 4307 5189 5483
4226 4546 6466 7106 9506
5458 7086 8274 11310 12146
3941 5774 7685 9440 10532
3092 5072 5792 7652 8462
5548 8133 8838 10624 14055
5125 7240 9825 11987 12974
1910 2522 3386 4016 4916
5108 7730 8374 10720 12974
2415 2814 3973 4695 5227
5882 6806 7730 10124 11006
4565 6905 7256 9089 11546
1752 2102 2788 3558 4146
2785 4004 4487 5453 6442
4874 6092 8318 9242 12182
4762 6802 7282 9762 10482
2931 5222 6179 6904 8702
2810 3506 5066 5282 6242
2434 3080 3916 4448 5284
2348 2450 3657 4269 4813
4184 7259 8530 9350 12138
3542 5342 6572 7412 8432
6802 8802 10002 12852 14152
1366 1751 2191 2499 3038
2468 2954 3728 4106 4718
4958 7394 8570 9662 12182
2730 3852 4094 5480 6140
2510 3346 4138 5414 5788
3304 3928 5306 6736 7646
3330 5538 6306 8162 8706
4862 6338 7166 8678 10010
1607 2552 3092 3512 4112
2444 3126 3984 5612 6140
5033 7054 8688 10795 12257
5200 7500 9064 11548 12514
5588 8087 9802 12350 13869
4762 5306 6428 7720 9148
3980 5306 6394 7618 9624
1333 1586 2235 2697 2994
2830 4818 5406 6862 7590
1352 1502 1952 2322 2982
3164 4900 6326 7380 9178
2756 4484 4943 6671 7724
2946 3406 4188 5292 6833
4394 6050 7562 9326 9614
1302 2173 2485 2927 3772
4635 7218 8981 10662 11441
4994 6788 7334 9011 10727
5252 7002 10302 12552 14602
2162 2962 3662 4922 5402
3844 5306 7414 8740 9420
3278 4146 5742 6386 7366
1598 1970 2486 3038 3338
1315 2030 2433 3148 3694
2702 4052 4527 5552 7052
2730 3698 4798 5502 5942
3844 5204 6836 8536 9012
5246 5664 8172 8438 11098
4958 6260 8234 10796 11594
3221 4874 6353 7107 8470
2025 2756 3708 4184 4473
1458 2121 2667 3135 3707
5042 7874 9410 12482 13394
6065 7851 10248 11094 12645
2482 3182 3902 4502 5702
1682 2754 3122 3602 4786
1262 1778 2306 2966 3482
5578 6398 8653 10662 11728
1906 2569 3215 4133 4830
4062 6302 6652 8857 9942
1393 2225 2576 2940 3512
2206 3137 3441 4885 5303
5042 5722 8362 9002 11322
6421 7646 10341 12399 14457
1850 2102 2760 3390 3880
1410 1674 2114 2444 3225
5154 7454 9846 10904 12146
1432 1949 2301 2862 2939
5208 6804 7374 8894 9958
2242 3222 4242 4422 5282
1550 1862 2510 2858 3578
3452 3802 5077 6077 6702
1753 2943 3708 4235 4558
5426 7058 8834 11762 13106
5094 6842 7526 8400 10034
4560 7613 8129 9548 11741
5042 6722 7646 10586 11132
4877 6281 7451 9557 10922
5002 7202 8762 10282 11842
6666 8822 9312 10831 14310
6347 7052 8791 10624 13585
1938 2418 3394 4098 4610
1292 1492 1882 2262 2782
2402 3962 4346 5330 6386
5463 7140 8000 9634 12816
1410 1630 2158 2741 2917
1738 1976 2578 3110 3726
5986 7658 8802 11310 12938
2224 3082 4776 5612 6514
3222 4874 5462 6918 8094
4710 6690 9286 10298 13202
2796 3566 4666 5370 6184
2960 4816 5512 7194 8702
2072 2864 3692 4628 4700
5282 8546 9746 10898 14210
4066 5634 5826 7170 8866
4109 5848 7698 9030 9918
3818 5402 6698 7994 10190
6442 7730 8466 11134 12744
1262 2150 2630 2690 3194
4758 7013 8899 10334 11236
3174 4448 4838 5826 7490
4142 4562 5852 7202 8102
2605 2871 4087 4904 5170
1346 2054 2498 2774 3134
3726 4398 5210 6246 8374
1682 2340 2886 3558 3810
5352 8302 9402 12552 13752
4760 6515 7997 9596 10766
5189 6125 7139 9713 11039
3153 3222 4947 5154 6787
2130 2850 3010 3618 4514
4732 6581 8258 9763 11397
6029 8577 9802 12007 13771
3234 5122 6690 8002 9314
1772 2402 3107 3842 4232
4183 5478 7365 8438 10214
6194 7442 9794 11954 12722
1731 2316 2680 3148 3759
4490 4864 6258 7856 10100
4934 5582 6554 9290 9938
1267 1685 2125 2466 2862
2716 3659 4326 5683 6051
4266 6111 8858 9719 11113
1787 2507 3167 3647 4262
3477 4152 4902 6252 6902
2377 2928 3422 4429 4942
3586 4174 5546 6162 7338
6323 8038 10047 11517 14212
4984 6723 9120 10812 13209
3670 4510 5602 6470 7702
5252 6722 8990 10838 12434
2291 3236 4559 5000 5504
2365 2586 3164 3946 5017
1724 1962 2522 3082 4090
3647 4403 4997 6887 7103
5282 6866 8142 9902 13070
2570 3626 5186 5546 7154
3742 4830 6292 8638 9386
3452 4442 5492 7532 8762
4348 6439 8899 10129 11359
5392 8234 9067 11223 13183
3975 4178 5251 7484 7716
4482 4866 6242 7458 8386
1858 2834 3074 3554 4210
6152 7452 10902 11302 14802
5578 5824 8243 9268 11277
5098 8577 9998 11125 14065
3522 4770 6402 7298 8642
3092 5012 6542 7562 8462
6470 8283 9704 11419 13673
5721 7484 8086 10193 11655
5172 8368 9543 11940 12598
1382 1718 2282 2858 3566
2057 2312 2957 3872 4382
4187 4590 5675 7442 8775
6347 7381 8979 12034 13068
3356 4526 5254 5722 7152
3512 4982 5462 6782 8522
4482 6762 7882 9522 11322
4947 6839 9032 10021 12601
4448 5891 8387 8933 10337
2602 3824 4890 6294 7256
5807 7398 7871 9677 12687
3502 4202 4627 6252 7002
3082 4902 5238 6750 7786
4799 6726 8489 9309 10785
2602 3702 5327 6452 6577
2114 2594 3490 3634 4578
3961 6255 8031 9178 10695
2532 3268 4441 5660 6488
3894 4930 5434 7002 7618
5807 7441 8817 9935 12429
5147 8038 9655 12742 12938
4547 7427 9452 11027 12872
1410 1927 1993 2664 3027
5666 8354 9170 10994 13682
1847 2342 3287 3467 4232
6434 7442 9938 12338 13010
4867 6022 6372 7842 10222
3863 4919 6899 8186 9110
2680 4448 4916 6372 7152
5336 6050 7940 10040 11972
1520 1564 2004 2741 2917
6482 8594 9506 11138 13490
3866 4874 5238 7282 7394
5414 6910 8054 10518 12850
2168 3023 3688 4201 5588
3505 4497 6760 7628 9209
5455 6849 8038 9227 11564
3739 5330 6662 9622 10880
3252 3668 5254 6632 7152
5205 7054 8559 11053 11397
4534 7218 9066 10078 12938
6118 6382 9682 10210 11706
2491 2681 4030 4220 5493
5423 5540 7022 9440 10922
1757 2225 2641 3161 3694
3134 4613 5889 7020 7774
1322 1532 1982 2222 2932
3362 3866 4346 6002 6674
3874 4674 6914 8034 8482
5242 6442 7882 10282 11082
2732 3509 4370 4685 6050
2360 3152 3854 4358 4952
5701 6521 8284 10006 10908
4062 4439 5976 7281 8528
1702 2416 3504 4303 4541
1432 1806 2334 2708 3005
4482 5842 8522 8922 10522
3002 4712 6602 7262 7952
4002 5602 6434 7106 8642
2488 3082 4314 5568 6492
1472 2396 2662 3250 4006
2810 4295 4997 6185 7103
2886 4762 6050 6442 7394
6077 7157 9047 10037 12287
4635 6562 8120 10498 11236
4682 6320 8270 9518 10571
1278 1553 1982 2477 3137
4842 6866 8186 11178 11530
4150 5408 6564 8570 8944
1940 2654 3453 4167 4983
5714 6722 8882 12242 13874
2624 2966 3593 4619 5645
4302 6538 8817 9548 12472
1872 2552 3538 4337 4745
1906 2535 3181 3912 4915
4826 6482 6698 9002 9470
2677 3652 4877 5802 7227
4027 5952 6897 8017 10047
5202 8652 9752 11652 13802
4994 6770 9362 10754 12674
4136 6203 8270 8972 10688
2312 3830 4688 4930 6030
3338 4250 5210 5882 7130
5931 7352 9998 11468 13036
3166 4342 6162 6946 8178
1574 1994 2618 2810 3554
2858 3950 5910 6890 8402
2862 4084 5384 6554 7646
5717 6482 8822 11027 12692
4958 6008 8192 9620 12308
5343 8332 9606 11272 13330
4442 5922 8482 9842 11642
5522 5922 7722 9122 11242
2618 4058 4706 6194 7034
2753 3446 4580 5315 5504
2225 3327 3821 4505 5360
4106 5436 7602 9198 11098
2102 2962 4242 4702 5942
4034 4738 6466 7426 9026
3222 4930 5966 7142 7814
1252 1462 1992 2492 2712
5936 6409 7914 9548 12902
2796 3104 4534 5260 6470
2466 3566 4424 5480 6404
3266 3698 4442 5954 6242
3434 4656 4838 6060 7334
4342 4404 6791 7566 8806
4226 4919 6965 7724 9077
5291 6323 8387 9505 11311
2618 4298 4322 5978 6362
1731 1848 2511 2914 3681
1234 1971 2114 2455 2884
2977 4302 4802 5602 7377
6127 7548 9312 12693 13134
5402 7042 7242 10122 11842
2711 3509 4454 4643 5924
5234 7586 10322 11618 14258
4642 5842 8202 10322 11442
2756 4484 5726 6131 7643
1002 1472 1982 2272 2892
2992 4162 5384 6346 7568
5294 6596 8822 10460 11468
5766 6338 8274 11310 13202
2249 2942 4370 4622 5945
4657 5042 7177 7947 9732
5637 8283 9998 11468 14555
4218 5782 6156 8638 10100
4553 5848 7069 8438 9881
3278 4734 5462 6610 8262
1682 2354 2704 3334 3768
3027 4502 4902 6102 6552
3422 4832 5462 6782 8042
4220 6196 7412 9768 11022
2923 3498 4303 5361 6534
2378 2594 3314 4034 4718
1744 1965 2836 3057 3850
1272 1742 1802 2262 2892
4062 4903 5657 6614 7658
1794 2514 3202 3874 4226
3062 4412 5552 7742 8702
2972 4727 5213 6077 7346
4127 5645 6965 7526 9176
3838 4622 5910 6358 7534
3288 5272 6822 8000 8589
4526 6827 8426 9284 10454
1836 2228 2774 3418 4146
4642 5682 8682 9442 11282
3505 5520 5954 7721 8930
4922 6480 8079 9473 10785
1550 2162 2246 2726 3206
2229 2416 3385 4235 4456
2837 4538 5618 6266 8021
3620 3836 5672 6374 7643
1847 2267 2717 3662 4292
3338 3986 4994 5522 6914
1796 2264 2576 3070 3694
3728 4700 5294 6644 7778
2062 3322 4102 4562 5362
1817 2342 2732 3827 4127
3082 3764 4270 5326 6448
3674 5762 7382 8066 9434
5334 6882 8817 10666 11655
1668 2410 2774 3250 4104
1250 2162 2186 2654 3254
4937 6629 9120 11846 12692
5360 8227 9825 12034 13162
5033 6203 7412 9752 11351
6120 6718 9938 11226 12744
4622 6602 8978 10474 12498
2786 3722 4418 5786 7058
5078 7240 9731 11752 13303
5042 7787 8957 10577 12107
2087 2297 3242 3872 4202
4258 4546 6786 8290 8354
4106 5512 6956 9578 11364
4512 6603 8202 10662 11482
1202 1772 2112 2522 2822
1232 1462 1952 2222 3002
3269 4673 5537 6914 7292
2918 4646 5051 5969 7724
5045 5865 8899 9391 12138
5336 7016 8108 10670 12602
4125 5303 5613 7597 9023
2942 4790 5518 6946 8290
2662 3462 3682 4662 5602
3599 4919 7229 7724 8780
5614 6442 8972 11962 12514
5592 6323 8602 10537 12429
4004 4149 6353 6440 7571
2960 4903 5599 7397 8412
5549 6151 8129 9806 12558
1102 1672 1912 2252 2832
4106 5654 6554 8390 10226
3962 5645 6437 8021 9869
4130 4482 6466 7746 8674
3722 4807 5737 7442 8775
4710 6778 8362 10342 12366
1531 1586 2246 2444 3159
3170 3362 4826 5474 6674
3764 4721 6569 7658 9044
2206 2719 4182 4752 5303
3840 6044 7450 9844 10148
5384 6164 8426 9986 11273
5810 6822 8318 10430 11794
1192 1732 1922 2522 2832
5284 5474 7754 8666 10604
4331 6242 8270 9323 11663
4132 5847 7597 8647 9102
1586 1874 2162 2774 3530
5172 6629 10295 10436 13162
1618 2754 2946 3538 4418
2365 2824 3164 3793 4711
1445 1965 2342 2966 3382
4272 5007 6477 8612 10047
4934 5366 7058 8246 9614
6802 8452 10302 12852 14102
4951 8675 10733 11517 14408
1102 1742 2032 2512 2982
2546 3458 4442 5522 6314
4602 6202 7842 9642 10642
2858 3761 4076 4832 5819
2642 3324 4314 5392 5964
2280 2943 3708 3912 4796
4448 6554 8582 8972 10298
4775 5478 6810 8290 10917
4694 7178 9156 10352 12514
4296 5626 7412 8932 11326
2111 3194 3460 4505 5607
4082 6322 7522 9162 10962
2577 4277 5352 6002 6527
3188 4295 5888 6752 7292
3852 5847 7212 8682 9907
1836 2116 2564 3642 3670
5652 7852 9152 12602 14302
3746 5026 6018 7522 9122
2016 3346 3422 4923 5626
3426 5666 6050 8258 8962
3962 5282 5852 7292 8522
2690 3410 4634 5306 6914
2270 3206 3656 4268 4934
3656 4207 5715 7368 8006
4560 6753 8043 10838 11354
5462 7310 8822 9704 10964
4772 7022 9452 11657 12827
3038 3613 4257 5246 6764
3674 4106 5321 6401 7994
4226 5410 6402 7778 9442
1380 2251 2810 3070 3473
6674 6818 8930 11906 12770
2042 2467 3215 3793 4966
6028 6488 9248 10904 13020
6386 8498 10034 11330 12578
2784 4604 5046 6112 7256
2966 4396 5566 6086 6918
4578 7922 9638 10914 12674
3970 4674 6882 7490 8706
2950 3456 4754 5722 6470
4249 4342 6605 7442 9054
4592 7787 8822 10217 13142
6350 6580 9938 11870 12744
2165 3341 4454 5021 5924
1902 3042 3821 4486 5645
5362 6842 7802 10002 11042
5414 5742 9022 9473 11974
5552 7352 9902 12202 13502
2532 3475 4257 5752 6879
2066 2466 3442 3570 4386
1102 1652 1872 2502 2862
1458 2082 2472 3343 3421
2914 4398 5266 6918 8262
3813 6551 7920 8549 9807
1102 1662 2152 2282 2652
5458 7174 9682 9902 13070
1272 1802 2052 2362 2632
3505 5365 5892 7194 8713
3929 5447 6008 8087 8912
3381 4931 6016 6946 9023
3221 4120 5396 6672 7890
2738 4322 4970 5642 7202
2570 4298 4778 6074 7082
3540 4671 6208 7107 8499
3842 5132 5552 7712 8852
4877 5696 7958 9596 10493
3954 6006 8324 9616 10338
6442 7500 8512 11272 12100
1889 2518 3164 4201 4643
4249 4962 5954 7163 8620
2297 3028 3130 4371 5102
2578 4027 4326 5223 6511
2664 3544 4050 5568 5964
1878 2480 2942 3488 3712
1906 1962 2746 3208 3782
4772 7967 9047 11027 11972
6102 7302 9602 11852 13002
3877 5055 6109 7907 8341
2360 2882 3692 3962 5348
4522 6402 7842 9882 11362
3427 3877 4827 6352 7402
2852 3902 5427 5702 7127
5552 7302 9952 12652 14852
3878 5102 6462 7924 8876
2434 2909 3612 4638 5246
4220 5360 7184 9692 10642
1322 1597 2004 2521 3236
4442 6477 7550 8993 11065
1262 1946 2354 2762 3398
4160 5348 7130 7757 9671
3026 4034 5770 6190 8206
6176 7499 10145 11811 13379
2666 3626 4562 5570 7010
5637 7744 9214 11272 13722
2034 2562 3378 4082 4802
2076 2518 3674 4218 4779
6122 6302 8777 11702 12242
4762 5306 7176 7992 8910
1242 1732 2142 2522 2892
1312 1462 2092 2472 2852
1906 2270 2970 3082 3992
6257 7337 9632 11702 13322
5548 7475 8791 11094 12222
5330 8306 8738 10610 13730
2960 4294 5483 6788 8325
4642 5722 7802 9962 11722
4594 5947 7464 9678 11523
1762 2770 2898 4146 4594
1419 2173 2355 3070 3668
3747 6022 6932 8437 10397
4580 6344 7898 9620 11006
2282 3308 3973 4904 5588
2202 3720 4534 5018 6184
5898 6602 8934 10298 11442
3640 4796 7312 8128 9250
4447 5357 6582 8262 9137
3992 5740 8324 9236 11174
1640 1990 2844 3376 4020
4418 4930 5986 7778 9058
1487 1597 2092 2697 3236
1122 1532 2122 2512 2862
5162 6202 7922 9322 11802
2182 3482 4022 5062 5422
1952 2252 3032 3887 4232
4604 6359 7022 9284 10766
3335 5084 7163 7394 9011
1342 1762 2082 2522 2862
2542 3262 4242 4922 5922
3502 4678 5938 6834 7674
4035 6477 7624 9622 10769
1838 2399 3249 4014 5034
2762 3582 4402 4642 5882
4802 8162 9938 12050 12818
3053 3944 5699 6482 7103
5897 7697 8642 10352 13007
3929 4787 6866 8450 9737
4522 7202 8482 9882 11682
4682 7292 8507 10802 12557
5701 6767 7587 10662 11646
2522 3026 3929 5420 6155
5360 8462 9402 10671 13538
4947 6710 8387 9892 12816
3182 4832 6092 7112 8042
6347 8462 8697 11940 12927
4214 6359 8309 9596 10961
3962 6122 6554 8642 10442
3586 5154 5986 7042 8354
6194 8306 9842 10850 14402
1122 1502 2032 2422 2832
3598 4091 6063 7310 7803
1622 1706 2234 2774 3434
2562 2842 3702 4882 5582
6206 7052 10248 10765 12316
5384 7730 9018 11502 12146
1654 2354 2690 3278 3656
5537 7292 9272 11072 12692
3642 4937 7632 8367 10397
1562 2147 3212 3482 4127
1514 2172 2536 3334 3684
1601 2147 2602 3356 3629
4524 4796 6462 8366 9216
5784 8430 9410 11713 14016
1510 2173 2602 2953 3382
2732 3404 3992 5273 6218
2677 4177 4952 6102 7127
2711 3404 4034 5126 5462
3618 5282 6786 7970 9346
4479 6366 7254 8882 9881
5452 8452 10302 12602 13452
5742 7136 7669 10621 10662
1856 2576 3386 4178 5132
1666 2386 3138 4162 4290
3188 4079 4889 6428 8102
3629 5520 6791 6977 8372
6065 7146 8838 12128 13162
5635 6065 9032 10279 12816
1135 1872 2268 2719 2906
3922 4902 5994 6806 7842
2509 3843 4211 5384 6005
5474 7586 9890 11186 12626
1626 2214 2816 3264 3880
1650 2370 3250 3794 4338
5506 6796 8688 9806 12687
1842 2450 3266 4066 4290
2324 2738 3890 4142 5186
2727 4127 5452 5777 6702
4937 7945 8744 10436 12363
3222 4874 5098 7030 7506
1730 2754 3410 3986 4194
4172 4562 6602 6962 8342
2810 4162 4942 5982 7048
1892 2522 2702 3842 4232
6002 8102 10152 11902 13352
2585 3551 4265 5168 6155
1928 3224 3800 4538 4970
2642 3282 4042 4642 6002
2732 4266 5098 6710 6788
1192 1452 2052 2202 2942
5522 5642 8762 9082 11162
5502 7042 9066 9902 13114
2930 4034 4994 5282 6794
1598 1874 2294 3062 3218
5266 6817 8556 10530 13491
1817 2642 3017 3527 4232
5502 8802 9452 12402 14452
6350 8282 10030 11870 13158
5637 7695 10782 11860 12938
5931 7205 10684 12056 13183
4362 6082 7482 10042 10642
3702 6255 7328 9104 10473
2622 3522 3742 4602 5602
4772 8102 9452 10172 13502
5042 6347 9227 11567 12917
4062 4265 5309 6904 8441
3917 4671 5831 6585 7977
4372 6082 8286 9426 10034
4790 6470 8948 9788 12014
3401 5183 7064 7856 8714
2977 4452 4752 5952 7202
5125 6864 10060 11799 13209
2498 3698 5234 5642 6434
3874 4866 6082 7490 8802
3050 3890 4370 6242 7082
5906 8306 8642 10562 14162
2018 3098 3566 4412 5186
3502 5707 7352 8087 10012
4368 6255 7032 9215 10843
4220 5322 7298 9236 11250
3153 3245 4924 5200 6787
1286 2150 2498 2894 3470
4272 5847 6442 9067 9137
3170 3698 4370 5978 6698
3278 4604 5124 6294 7334
4150 5884 6666 8298 10168
5084 6638 7604 10376 12056
1634 2114 2294 3026 3398
4861 6323 8516 10408 11483
4923 6440 7365 9104 10103
2858 3818 4322 5954 7082
2244 3080 3802 4410 5512
5482 6202 7242 9842 11002
3712 6162 7177 8717 9592
4457 5381 6437 8054 8681
4146 6070 7513 8586 9807
3382 4214 5514 5826 7360
5539 8136 10439 11517 13134
1778 2658 2978 3858 4242
2762 3042 3682 4802 5762
3134 4381 6324 7339 7948
3152 5042 5852 6782 8552
2690 3506 4346 6242 7082
4496 5924 8108 10082 11846
4861 7742 9462 11182 11827
6421 8381 9165 11909 14261
4362 6162 8042 9122 10602
1907 2237 3077 3812 4232
4748 7184 8066 9284 12056
1652 2177 3257 3752 4247
3782 5474 6950 9182 10550
3470 5272 6360 7482 8978
4762 6442 7482 9202 11002
2444 3456 4710 5524 5898
2620 3302 4270 4864 6250
3620 4592 5186 5996 7238
3474 4342 5602 6862 8234
4258 5892 8096 9198 10642
6098 8258 8786 12338 12674
5546 6558 8098 10958 13114
2931 5164 5251 6875 8209
3226 4682 5358 6580 7386
1710 2004 2564 3096 4188
2837 3998 5483 6293 8048
3453 5077 5976 6788 8644
4130 4706 5986 7106 9442
1922 2402 3002 3887 4217
2290 3874 4490 4886 6316
3062 5162 6452 7412 8012
1212 1662 1882 2432 2852
2491 2738 4030 4866 5303
2102 2132 3062 3302 4037
2142 3522 3902 4902 5902
3840 5360 7526 8666 10566
5522 7010 8834 12338 13778
6206 7334 8791 10624 12880
1710 2144 2634 3124 4118
4974 6778 9374 11354 11530
4502 6302 7670 8174 9866
2837 3278 4580 5315 5504
5614 7408 8650 11134 12974
1612 2452 2984 3096 4020
1122 1542 2182 2302 3002
1607 2522 2717 3317 4427
2510 2681 3954 4847 5550
3818 6086 6770 9146 10334
3161 3863 5078 6509 8075
5330 8354 9794 10898 12722
4664 6260 7646 10544 11804
5102 7452 9402 12252 14552
3266 4482 6274 8130 9090
5072 5618 7256 8816 11429
1562 2357 3062 3422 4232
1310 2042 2498 2954 3434
5618 7202 10178 12290 14402
3939 4900 6636 7442 8744
1292 1402 2172 2512 2682
2972 3390 4138 5722 6382
2008 2790 3657 4354 4439
4958 6596 8150 10502 11510
6257 7022 8327 10487 12917
2783 4268 5078 6698 7184
2396 3278 4475 4664 5861
4342 6092 7107 8227 9907
6242 6818 10370 12386 12962
2927 4402 5052 6127 6877
2082 3562 3602 4902 5982
2225 3042 4068 4600 5094
4253 6515 7724 9167 10688
4692 5427 7072 8332 9417
1928 3080 3422 4376 5024
1907 2312 2927 3542 4187
5196 7940 10292 11664 14457
3350 5582 5799 7690 8837
5402 7552 10952 11102 14452
4358 4721 6536 7361 9110
5384 5735 8192 8621 10532
3917 5019 5860 6759 8673
2302 3062 3882 4782 5882
4710 6734 8714 10298 12102
6470 6911 10782 10978 13820
1592 2627 2717 3872 4172
2954 4130 4682 5354 6794
1222 1522 1862 2592 2882
1399 1949 2103 2510 3049
4142 4382 5642 7472 7952
1358 1970 2390 3110 3506
4032 4807 6326 7535 9023
3850 6366 8031 9030 9622
5501 7522 9543 11658 12457
2356 3368 4600 5722 5766
4035 5996 7587 9252 10769
4881 6275 8202 10621 11195
1182 1542 1832 2482 2812
3426 4610 6754 7554 9218
3222 4202 5714 7170 7814
5282 6642 7202 8842 10642
1934 2214 3040 3194 4146
2891 4754 4862 6266 7373
6152 8652 10202 11002 14552
3290 3482 5282 5450 6410
3731 5810 6701 8285 9176
3888 5193 6150 7542 7803
4562 6044 6994 8438 10072
5764 6452 8774 10709 11999
6502 8252 9602 11952 14102
3797 5018 7097 7757 8846
2862 3302 4402 5304 5942
2555 3544 4602 5131 6051
2093 2637 3079 4320 4881
1342 1722 2122 2362 2792
2510 3118 3821 4790 5531
5678 6646 7966 11090 13070
1957 2977 3436 4286 4541
2891 4133 5915 6050 7805
5906 8162 9074 11666 13250
2810 4187 5780 5942 7832
1874 2578 3266 4082 4338
5752 8202 10702 11252 14152
4907 6572 8597 10172 13052
3539 4727 5348 6887 7049
1575 1978 2446 2953 3824
4646 6338 7238 8462 10334
2462 2962 3842 4482 5622
3638 5870 7094 8174 9470
3533 5810 6965 8351 8912
4218 5303 5892 7349 8155
3002 4292 5792 7022 8672
2035 2890 3764 4486 5113
4127 4886 6338 7988 9110
1289 1696 2213 2477 3225
5897 7157 8732 11522 12332
4370 6512 8570 10796 11384
3366 4497 5860 7484 8557
5282 6762 8202 9722 10962
1746 2242 3298 3986 4322
1517 2432 3152 3407 3962
2808 3636 5062 5085 6304
4242 6082 7482 9842 10442
3226 5210 6264 7907 8403
1921 3175 3498 4581 5246
1667 2147 2882 3317 3932
6032 7832 9362 10352 12692
2906 3478 4336 4886 6250
1592 2597 3167 3827 4472
2432 2522 3692 4502 4880
5200 7408 8972 11916 12606
4832 7040 8926 10122 13618
1157 1960 2334 2741 3181
5502 7502 10052 12002 14852
2716 3291 4533 5476 6350
1393 2186 2420 3382 3902
1298 2150 2198 2810 3134
3747 5672 6302 9032 9872
1042 1582 2072 2372 2762
4553 6234 8694 10539 11482
2669 3005 4118 4832 6029
4924 6626 10030 10812 13664
5592 6796 8172 9806 12214
5454 8133 8885 10342 13068
5568 7914 8696 11318 13158
3252 3802 4527 6127 6952
1526 1874 2390 2750 3482
4861 7570 8516 9849 11182
4775 7398 7914 10580 11526
3485 3944 5807 6239 8021
1718 2147 2524 2927 3668
4752 5702 7906 9274 11022
3647 3998 5240 6455 7724
2552 4402 4827 6277 7452
1778 2674 3186 4018 4706
5936 6968 8903 10279 12042
1872 3045 3147 3776 4881
2450 3062 3908 4304 4808
3878 6006 7906 9882 10642
3970 5602 6498 7842 8994
1262 1602 1862 2602 2712
1670 1826 2426 2834 3278
4098 4834 6306 7746 8866
1214 1706 2594 3002 3194
1668 2382 2676 3208 3852
3642 5987 6407 8822 10257
6813 7058 10194 11713 13036
3323 4187 4889 6833 7130
2110 2773 3351 4422 4541
1520 1718 2378 2499 2895
4728 4966 7414 8672 10134
