1000 10 5
7 127 151 151 103 197 47 91 66 103 181 0 34
5 71 46 183 179 113 53 172 89 134 43 0 24
9 66 102 179 197 183 44 92 189 95 66 0 44
9 151 163 121 133 147 182 117 109 133 117 0 43
6 143 103 170 191 85 167 160 195 61 157 0 29
6 142 92 115 71 99 132 83 78 183 173 0 27
4 135 56 66 68 106 179 168 70 196 89 0 18
3 167 165 117 131 169 137 171 86 87 76 0 13
8 133 193 199 149 145 149 68 60 79 150 0 36
4 113 151 197 200 139 129 89 124 74 197 0 16
10 49 91 171 55 68 85 75 127 42 197 0 48
9 183 189 198 64 77 90 125 172 82 95 0 45
9 87 160 168 169 161 86 119 128 89 179 0 43
3 110 63 173 126 189 133 137 56 103 48 0 12
3 73 48 48 85 182 130 192 99 65 191 0 12
7 163 81 167 127 171 134 120 138 189 44 0 31
10 195 70 103 74 135 199 117 110 196 157 0 50
6 156 175 135 164 81 73 172 197 72 117 0 27
10 91 192 45 78 159 150 95 172 98 65 0 49
10 126 156 49 88 134 158 141 74 80 79 0 47
6 97 146 77 112 174 162 135 195 184 181 0 29
7 193 113 197 184 126 77 149 165 198 178 0 35
7 169 135 107 77 138 172 94 88 159 136 0 32
7 51 90 197 173 183 171 115 188 187 91 0 35
2 99 102 139 120 167 113 94 41 131 145 0 10
6 46 129 104 41 199 115 127 181 58 103 0 28
4 41 172 192 185 175 58 92 172 56 177 0 16
6 153 125 55 103 41 127 154 121 121 80 0 26
3 52 187 83 178 186 41 52 134 196 194 0 15
9 84 166 57 83 51 72 125 87 123 85 0 41
4 153 155 164 143 163 133 50 150 147 99 0 18
6 52 114 175 155 152 144 178 127 167 167 0 27
9 188 71 132 150 50 132 44 181 46 68 0 41
9 60 97 119 145 121 72 74 76 193 133 0 44
9 130 114 80 173 197 75 166 187 137 63 0 43
4 90 83 74 160 173 143 95 97 40 98 0 17
3 197 109 67 44 125 94 169 90 186 146 0 11
9 100 95 183 153 121 161 50 50 173 153 0 44
6 78 172 62 85 151 41 177 91 56 99 0 29
10 173 96 188 179 58 188 193 46 189 89 0 50
10 191 197 103 98 169 137 87 149 57 166 0 46
5 80 127 86 88 128 199 167 95 176 86 0 25
6 125 198 157 109 112 102 81 72 159 123 0 27
6 64 126 143 135 183 116 47 135 74 154 0 27
9 82 118 169 176 123 66 135 160 193 89 0 42
9 99 159 60 190 148 54 80 58 158 115 0 43
8 116 76 200 193 100 136 120 192 149 115 0 37
6 173 89 171 156 147 132 156 81 56 113 0 27
7 113 145 100 104 157 106 186 147 67 145 0 33
5 60 111 119 110 151 139 154 162 133 108 0 23
5 81 73 133 192 58 199 119 78 148 129 0 21
5 140 79 171 115 88 121 60 107 67 173 0 23
5 53 56 161 87 185 78 141 125 157 66 0 23
6 189 171 187 197 106 159 189 64 131 157 0 30
6 55 164 147 104 44 167 181 47 152 97 0 27
6 117 111 162 40 87 153 161 148 85 161 0 28
5 47 109 46 42 153 78 139 91 146 55 0 22
7 151 119 144 198 48 61 121 95 68 153 0 35
10 60 88 97 40 63 52 84 139 69 94 0 49
7 179 100 193 111 59 101 129 42 42 129 0 34
5 141 153 129 165 70 99 122 100 165 131 0 21
4 163 89 79 182 108 129 129 70 50 74 0 18
9 140 187 80 164 63 182 194 133 54 118 0 42
7 44 70 114 114 183 163 171 168 118 133 0 32
10 97 112 47 97 155 62 97 173 140 173 0 46
3 47 159 57 197 75 91 44 48 102 41 0 12
9 113 60 184 163 196 91 175 98 59 192 0 44
8 158 89 52 184 66 170 126 134 110 162 0 37
10 147 110 46 116 78 161 110 180 127 160 0 48
6 67 95 58 88 142 150 62 151 79 79 0 26
3 75 159 145 146 93 112 104 135 165 46 0 15
5 152 107 54 43 99 41 82 188 195 109 0 21
4 60 89 113 48 55 189 110 198 159 54 0 16
3 190 180 70 83 189 110 112 180 115 50 0 13
4 144 119 160 164 42 99 140 188 42 199 0 16
3 191 142 161 119 92 81 174 120 197 183 0 11
3 41 43 193 177 177 55 133 132 145 106 0 12
8 200 127 55 145 41 199 117 162 65 137 0 40
6 125 82 180 69 133 129 95 185 115 173 0 29
3 130 75 47 153 137 54 158 122 76 80 0 14
10 113 87 62 95 52 74 74 115 139 188 0 47
7 69 101 77 125 79 171 66 159 46 162 0 33
10 117 59 108 42 193 50 151 99 144 158 0 46
8 72 107 159 191 57 159 143 56 198 150 0 40
9 55 112 102 86 163 94 192 189 118 120 0 44
8 195 121 145 87 101 183 62 113 167 115 0 38
7 95 62 125 92 121 190 176 136 154 55 0 31
8 145 113 131 96 41 140 73 58 175 48 0 37
10 68 175 139 179 183 98 193 194 196 69 0 48
7 191 43 58 47 107 194 60 184 107 74 0 34
4 179 124 187 46 43 51 150 169 67 56 0 19
10 180 85 168 42 41 125 130 177 64 44 0 48
7 153 90 167 164 75 106 105 60 163 74 0 34
7 52 93 90 163 79 47 76 125 84 108 0 32
4 179 69 96 105 111 91 107 134 192 154 0 16
6 56 96 176 102 105 109 82 164 200 109 0 29
3 101 187 166 133 158 46 173 101 159 194 0 12
10 137 85 117 151 142 100 50 68 107 80 0 48
8 119 193 164 97 54 173 156 83 190 76 0 39
10 53 52 172 97 69 89 172 94 142 125 0 49
8 113 71 44 192 109 52 199 62 193 117 0 37
8 64 41 115 113 141 87 185 183 151 187 0 36
10 124 52 44 92 138 183 148 191 105 42 0 47
10 108 142 170 65 45 185 49 111 129 79 0 47
5 155 54 67 169 128 139 59 180 46 173 0 23
5 149 73 152 130 154 84 117 188 126 76 0 21
7 199 76 182 61 150 125 95 139 140 40 0 31
8 146 46 97 108 195 176 131 127 58 195 0 39
5 106 117 111 50 56 115 91 87 87 128 0 24
8 122 71 143 197 73 55 190 93 46 57 0 36
8 180 191 119 161 40 191 86 76 62 122 0 40
7 46 187 55 185 129 161 153 67 116 188 0 33
9 154 148 149 129 89 111 97 163 175 185 0 43
7 97 52 79 85 58 161 70 139 80 102 0 35
9 84 99 88 109 94 47 195 89 173 44 0 45
7 79 126 114 66 159 80 107 188 115 198 0 31
8 163 64 138 133 107 79 90 114 62 195 0 38
5 71 162 143 103 111 88 124 82 176 56 0 25
5 104 176 82 186 82 88 134 51 170 40 0 23
5 104 139 95 159 80 71 175 42 96 181 0 22
6 93 197 98 159 95 128 173 167 67 41 0 29
8 101 193 157 55 101 100 151 41 199 165 0 37
10 116 82 67 49 183 92 78 88 115 98 0 46
5 126 47 180 67 154 193 195 140 160 125 0 24
6 169 95 119 49 99 64 87 71 109 93 0 27
10 148 88 129 106 182 69 55 139 126 129 0 48
3 179 80 74 109 129 97 165 188 90 129 0 13
8 89 81 129 132 170 44 117 108 66 143 0 39
8 183 188 83 176 136 87 137 157 130 199 0 40
9 98 85 72 61 59 54 178 185 145 111 0 45
10 164 142 82 109 145 128 40 147 182 156 0 46
7 70 98 44 87 53 153 109 198 195 198 0 32
3 165 46 77 91 122 135 182 80 97 195 0 11
3 199 80 191 168 105 46 40 87 128 58 0 15
4 110 102 175 188 58 90 181 62 148 183 0 20
4 194 199 150 80 171 65 105 75 133 195 0 19
10 98 135 67 49 145 69 52 130 184 79 0 46
8 152 81 100 174 77 174 72 74 64 181 0 36
9 50 55 79 145 121 89 80 138 167 53 0 44
8 106 148 86 167 133 84 149 177 136 125 0 37
4 72 71 47 79 145 192 191 108 83 191 0 17
3 97 83 86 88 115 146 91 63 43 164 0 14
3 62 50 107 101 145 66 45 121 167 89 0 14
7 196 75 145 131 64 93 78 143 44 49 0 34
7 44 169 162 113 136 75 67 141 50 42 0 34
8 151 53 68 70 187 155 61 143 107 141 0 39
4 189 187 113 96 167 96 189 62 137 68 0 20
7 52 64 114 56 67 60 124 116 149 113 0 34
10 131 117 185 178 141 118 83 125 135 50 0 46
5 187 79 40 183 140 131 121 152 54 183 0 23
3 159 134 155 125 176 160 153 195 54 127 0 15
2 71 84 114 161 129 75 170 162 197 183 0 10
9 64 105 171 137 62 125 144 153 170 175 0 44
3 119 162 106 87 74 121 129 79 104 117 0 15
9 158 42 79 170 52 132 147 118 112 87 0 44
4 49 67 100 83 111 43 95 47 140 131 0 20
4 165 191 141 191 55 161 138 52 171 137 0 18
10 83 157 58 139 55 90 181 110 99 102 0 50
9 132 177 150 143 123 63 194 70 153 186 0 44
10 79 188 48 72 124 123 165 168 43 166 0 48
9 44 101 196 198 169 54 137 51 65 113 0 43
6 127 81 141 70 76 118 68 159 42 130 0 27
7 97 155 51 122 113 88 113 164 79 41 0 35
8 151 181 125 142 192 184 179 147 50 107 0 39
6 63 136 115 83 43 48 144 189 87 185 0 26
8 152 159 80 147 182 105 193 196 49 145 0 40
4 86 72 82 133 179 106 173 177 113 93 0 16
3 99 143 144 57 58 195 83 105 140 121 0 11
3 148 117 147 51 71 140 52 64 186 150 0 11
6 89 153 87 58 71 149 163 159 108 159 0 29
8 159 186 109 83 85 133 145 121 139 195 0 40
5 153 83 189 105 83 198 167 126 167 61 0 24
7 165 125 96 97 108 183 99 127 69 135 0 34
4 171 75 102 105 93 175 89 105 96 195 0 18
5 54 128 60 178 110 42 192 175 170 113 0 24
7 125 83 114 135 174 140 55 192 103 169 0 35
9 140 57 121 186 46 61 96 131 56 164 0 43
2 108 103 187 46 74 52 146 69 185 183 0 10
7 58 155 51 68 140 79 113 54 198 111 0 34
3 49 156 46 80 75 129 83 191 159 175 0 12
4 60 48 81 89 65 157 45 85 108 167 0 19
6 146 72 159 119 147 43 127 78 70 68 0 29
4 157 183 171 167 123 116 46 128 79 196 0 16
6 117 177 161 170 50 142 57 54 44 139 0 27
3 192 93 134 112 75 152 116 151 136 84 0 14
4 127 63 83 115 183 153 87 66 125 130 0 18
5 113 175 78 169 105 65 170 140 103 140 0 25
10 175 124 187 89 70 174 89 131 140 112 0 49
8 76 65 197 77 107 129 90 179 110 167 0 39
4 79 56 179 97 189 175 84 118 59 102 0 17
3 74 103 44 118 195 101 180 112 191 85 0 14
10 120 79 188 185 151 68 170 174 179 174 0 46
9 60 79 66 50 83 130 57 167 137 169 0 43
4 129 70 169 134 141 66 151 96 171 115 0 20
10 184 109 165 157 190 102 179 156 109 98 0 46
5 89 95 61 117 48 189 78 47 190 116 0 21
7 180 162 87 76 139 165 123 83 155 145 0 35
6 69 193 160 188 185 92 65 128 107 159 0 30
9 193 139 109 160 74 185 135 197 163 101 0 43
10 92 167 118 57 124 144 101 189 147 149 0 47
5 70 78 151 183 115 73 102 101 71 83 0 23
5 45 152 188 66 150 42 151 84 112 69 0 23
4 160 193 127 85 54 193 91 67 142 160 0 19
6 70 123 176 52 133 158 133 93 197 84 0 30
4 142 195 85 187 118 119 89 150 103 143 0 18
8 155 42 50 197 149 159 116 44 96 147 0 39
4 69 170 64 199 64 187 123 163 126 64 0 17
7 150 49 131 58 80 185 191 97 129 140 0 34
4 82 95 149 154 146 143 177 200 171 41 0 17
9 109 160 43 184 102 81 109 56 108 167 0 41
8 49 77 167 130 151 152 77 47 67 89 0 38
2 110 178 165 166 70 147 51 133 129 124 0 10
7 172 197 95 162 141 118 89 178 55 99 0 33
5 175 98 68 79 96 169 49 161 90 70 0 22
4 169 196 69 128 120 111 62 111 74 175 0 20
7 94 121 115 191 141 112 76 82 97 111 0 34
9 157 101 76 103 108 121 62 98 140 54 0 45
4 166 62 119 170 143 189 129 41 109 118 0 20
7 103 145 95 53 129 91 107 114 141 189 0 31
4 42 68 51 53 158 114 103 170 84 185 0 19
9 84 78 163 186 178 60 147 175 81 70 0 45
6 192 85 100 61 121 103 189 145 85 142 0 27
5 174 125 162 172 80 155 168 139 192 131 0 24
8 181 51 194 41 187 101 149 178 72 113 0 40
5 145 100 138 86 81 48 93 165 44 104 0 23
10 122 72 46 175 147 106 76 42 41 164 0 48
10 135 52 60 113 100 76 100 119 171 197 0 48
5 107 106 106 48 151 94 161 101 102 153 0 23
6 128 48 117 158 43 55 67 46 92 149 0 27
9 140 171 123 145 49 133 122 182 141 135 0 42
5 114 116 175 42 67 91 159 114 109 87 0 21
4 147 152 137 156 71 106 129 79 113 87 0 20
9 66 133 109 171 47 163 191 108 135 197 0 44
3 72 197 154 156 54 129 69 135 77 95 0 11
6 91 137 78 63 104 164 189 149 124 165 0 28
3 93 58 56 171 59 43 81 44 144 92 0 15
9 97 113 146 177 181 105 58 108 148 177 0 43
9 134 146 79 155 68 145 86 193 118 127 0 44
10 83 46 62 118 155 54 43 133 113 51 0 50
9 187 133 70 164 153 160 180 87 84 149 0 42
4 68 193 62 160 185 157 128 99 141 160 0 19
10 101 58 148 144 169 44 195 49 46 193 0 48
8 47 154 195 70 80 135 92 185 96 157 0 37
3 141 180 105 134 62 164 42 197 115 139 0 14
7 154 88 52 175 139 100 105 74 130 90 0 32
6 152 179 60 114 108 153 172 63 82 180 0 30
9 196 179 166 110 109 141 195 195 194 96 0 45
4 105 152 197 81 124 164 198 105 128 141 0 16
3 72 63 69 134 179 47 138 76 188 89 0 13
7 69 178 175 101 47 58 155 70 159 165 0 35
5 42 179 60 117 121 107 188 81 158 113 0 25
10 196 167 159 64 168 188 145 88 87 106 0 50
9 46 55 199 147 72 119 200 136 170 57 0 43
10 124 81 103 157 107 125 133 131 56 75 0 46
3 81 115 71 129 134 200 168 103 192 178 0 12
7 125 87 185 119 56 189 63 114 96 151 0 31
10 120 170 44 74 196 111 85 48 126 171 0 49
7 122 79 119 155 76 179 153 104 139 141 0 34
9 99 48 156 79 92 67 171 106 42 74 0 41
8 186 70 97 184 180 76 173 51 138 62 0 37
8 136 100 161 192 187 131 195 127 67 170 0 37
4 50 164 96 155 43 71 96 98 100 40 0 20
10 53 193 43 183 56 170 181 60 113 119 0 49
9 162 169 105 175 155 172 50 52 61 62 0 45
3 145 132 141 149 121 125 165 103 154 173 0 13
5 191 131 179 159 156 97 162 158 42 140 0 22
5 162 44 130 133 79 80 143 139 71 190 0 25
8 193 162 185 108 182 129 107 181 48 70 0 36
5 48 198 76 197 81 85 93 151 122 151 0 23
4 157 80 49 109 113 90 74 103 100 95 0 18
5 41 184 62 161 124 172 79 155 159 181 0 22
4 157 86 68 87 121 199 41 109 50 163 0 20
3 53 122 120 178 131 190 56 88 143 163 0 12
3 62 71 175 121 164 154 158 173 90 144 0 12
4 129 46 125 78 46 144 194 125 46 48 0 18
4 71 49 113 160 161 93 69 66 143 158 0 20
5 148 160 64 107 131 199 80 185 68 193 0 22
10 189 58 120 109 173 128 196 144 135 103 0 49
3 60 141 50 188 109 151 58 171 169 180 0 13
6 113 135 141 40 164 101 193 149 69 90 0 28
5 115 106 129 42 53 86 149 101 43 158 0 25
8 96 89 87 50 103 123 157 115 165 70 0 37
4 46 84 185 47 113 141 50 58 138 187 0 18
6 185 76 75 91 103 59 106 94 161 58 0 27
5 47 62 117 99 49 121 183 70 166 97 0 23
2 41 164 191 73 47 78 171 176 112 119 0 10
10 72 159 87 124 157 132 152 80 179 181 0 48
7 185 135 117 127 86 171 176 109 165 149 0 31
9 185 196 103 181 43 120 141 165 97 43 0 45
3 133 162 193 157 136 130 153 111 139 121 0 15
3 83 196 75 139 192 165 71 171 173 40 0 15
9 185 80 111 149 107 162 95 189 138 144 0 41
7 98 44 189 128 95 164 48 185 103 129 0 34
7 78 138 76 120 92 115 123 191 175 54 0 31
4 89 163 60 79 165 72 73 153 154 68 0 18
5 97 175 167 115 125 152 129 101 53 146 0 21
8 48 132 109 199 40 167 111 74 87 110 0 36
10 125 131 157 93 76 119 87 185 60 109 0 50
8 75 109 192 189 158 190 199 119 143 170 0 37
2 60 99 80 143 144 94 169 113 111 175 0 10
10 96 112 159 76 48 60 97 49 191 139 0 46
8 131 67 80 140 166 59 115 83 171 189 0 40
8 197 170 135 54 93 128 163 179 70 100 0 39
10 81 176 179 114 71 89 148 105 75 41 0 47
10 164 77 109 42 168 149 168 76 176 87 0 48
10 86 115 91 40 175 86 66 181 47 167 0 46
6 96 190 83 47 147 196 97 141 141 85 0 28
9 160 127 111 91 45 192 64 178 99 105 0 41
3 119 70 85 103 97 64 180 64 61 131 0 12
10 73 177 75 111 133 127 129 197 187 158 0 46
7 158 154 79 164 150 166 157 194 178 104 0 31
10 64 161 141 104 92 151 65 171 167 185 0 50
7 143 74 78 184 159 129 90 65 97 63 0 32
4 192 81 143 54 143 51 189 194 117 60 0 19
3 117 83 55 101 144 49 48 193 101 56 0 14
9 123 68 89 60 150 41 127 157 117 68 0 45
8 119 42 122 135 72 112 183 72 86 191 0 39
5 180 116 153 44 193 194 64 126 199 98 0 24
5 67 155 197 194 111 125 71 137 172 131 0 23
9 124 67 130 175 58 105 46 116 71 180 0 43
3 131 155 121 64 170 151 58 166 171 61 0 15
10 130 186 197 132 53 119 152 175 145 107 0 47
3 121 149 58 121 111 178 193 128 155 180 0 13
4 139 111 42 194 199 88 51 162 157 181 0 17
10 91 101 175 138 165 87 121 162 158 182 0 47
3 194 103 99 119 122 139 189 177 142 182 0 11
5 197 116 148 137 113 172 181 88 63 118 0 21
5 83 104 129 65 163 132 72 81 48 135 0 21
10 175 121 121 79 91 118 150 159 41 169 0 50
6 149 58 42 103 76 58 177 131 111 87 0 28
10 102 177 103 83 146 131 81 133 46 64 0 46
3 90 139 169 45 143 185 178 183 169 68 0 12
7 174 139 50 189 85 199 129 159 175 72 0 32
9 52 124 148 109 60 121 106 125 102 156 0 45
4 153 50 182 133 78 98 176 64 65 95 0 20
4 180 96 79 113 174 170 193 180 65 60 0 19
6 109 172 49 84 190 194 175 126 135 74 0 28
3 61 146 131 168 135 165 123 163 197 103 0 12
5 143 190 180 110 177 89 170 133 91 143 0 22
8 111 75 153 165 160 138 84 67 77 198 0 40
6 145 45 85 175 66 93 181 40 185 74 0 30
8 175 67 156 133 147 123 100 87 175 102 0 37
7 110 169 98 148 191 125 105 186 109 142 0 35
4 86 42 66 178 57 175 115 157 168 82 0 16
7 89 43 147 172 148 56 162 189 54 70 0 31
3 65 173 82 145 103 188 189 110 159 135 0 13
7 171 191 174 67 73 164 46 112 130 169 0 35
9 72 175 96 187 83 88 77 197 184 175 0 42
10 69 88 59 178 136 157 157 106 74 161 0 48
10 101 195 101 63 115 58 169 159 99 155 0 48
8 107 104 196 193 76 77 159 88 94 117 0 39
8 127 188 167 155 141 191 113 189 133 85 0 40
8 90 86 181 90 162 73 181 149 171 185 0 40
5 115 97 179 149 64 106 117 156 193 165 0 21
10 196 88 133 120 145 58 137 91 175 125 0 49
9 159 55 179 92 60 137 104 162 120 188 0 45
10 90 107 136 40 42 186 98 110 149 54 0 46
5 56 101 157 105 101 164 112 195 115 179 0 25
7 197 176 150 113 187 78 199 52 120 118 0 35
2 156 72 56 52 196 196 149 123 185 106 0 10
10 59 62 161 76 100 163 184 163 50 169 0 47
4 56 167 108 117 61 157 189 51 73 142 0 20
6 145 81 103 91 58 85 78 74 109 41 0 26
8 92 70 118 91 108 58 160 108 57 51 0 38
3 50 63 137 193 176 70 68 134 85 95 0 14
7 94 128 106 47 59 183 54 91 117 167 0 34
7 70 88 81 123 94 145 164 52 185 171 0 31
6 141 197 170 71 186 43 72 152 74 78 0 28
4 109 167 91 136 197 112 174 130 77 139 0 17
3 162 114 89 154 62 191 127 167 163 81 0 14
9 51 129 143 152 159 58 102 142 115 193 0 45
4 157 183 165 94 79 166 43 162 111 119 0 17
9 110 76 152 54 165 90 72 120 75 191 0 44
9 144 117 75 48 143 40 94 108 161 151 0 42
4 199 124 196 137 174 160 171 182 134 168 0 19
4 183 163 177 44 109 177 181 186 87 151 0 19
5 115 145 99 53 123 101 175 148 83 103 0 23
9 105 54 150 177 121 185 188 65 42 125 0 43
7 48 82 87 84 72 195 79 186 73 114 0 32
9 72 64 92 82 161 155 86 127 128 194 0 42
5 159 52 109 163 190 185 111 105 167 152 0 21
7 167 85 133 145 72 117 46 139 177 102 0 31
5 102 64 103 194 199 198 143 118 97 160 0 22
9 46 51 153 136 140 164 56 179 111 83 0 41
4 103 66 59 123 80 138 156 91 58 192 0 16
10 161 153 75 106 122 179 53 51 75 52 0 46
10 72 150 183 59 76 177 127 81 99 146 0 47
10 129 68 177 41 120 165 171 133 119 101 0 46
7 82 121 122 175 80 200 54 150 103 41 0 35
7 141 122 131 43 69 109 50 125 43 131 0 34
5 138 175 192 178 51 91 192 44 145 170 0 21
6 136 59 42 127 114 115 163 79 101 111 0 29
5 107 128 149 120 175 59 53 121 101 103 0 21
10 179 135 44 82 181 183 115 120 185 120 0 47
10 197 114 137 114 48 195 157 47 103 82 0 49
6 100 193 42 162 177 49 101 86 179 196 0 29
8 159 93 104 89 68 199 78 165 85 161 0 36
4 192 156 180 125 159 46 164 54 108 102 0 16
7 65 194 82 91 71 108 152 194 154 96 0 35
8 127 114 51 170 49 85 199 154 47 193 0 39
7 182 67 198 117 85 160 171 134 192 56 0 34
8 63 89 48 58 122 118 85 188 146 44 0 37
9 42 171 145 62 142 64 161 174 141 196 0 43
4 99 85 143 138 113 61 89 188 163 198 0 18
4 138 117 123 96 162 198 90 169 176 92 0 17
10 56 58 63 189 149 137 135 72 187 89 0 46
6 91 155 176 131 85 127 108 122 162 85 0 27
10 102 47 191 99 129 148 170 154 58 92 0 48
10 156 147 113 174 164 120 151 68 100 175 0 46
10 177 68 177 74 177 121 107 184 96 106 0 46
4 187 141 96 52 197 111 120 124 68 145 0 18
4 168 131 63 179 102 133 52 192 178 177 0 16
6 107 109 139 56 160 172 198 133 63 168 0 30
4 197 44 147 68 193 116 51 123 131 74 0 20
7 138 102 159 89 67 54 114 116 191 137 0 34
5 86 162 197 135 131 62 122 155 117 103 0 25
10 45 147 198 143 53 192 64 89 136 90 0 50
5 53 60 41 55 181 184 169 85 195 102 0 24
5 64 120 50 153 151 118 125 79 49 146 0 24
8 177 175 79 54 114 120 115 99 123 77 0 38
9 127 118 183 54 83 150 119 191 182 99 0 45
4 188 155 127 125 86 88 61 180 129 108 0 19
3 135 191 106 103 44 51 130 66 83 109 0 12
5 137 56 153 199 121 149 152 138 199 46 0 21
8 153 93 183 144 130 169 111 51 168 167 0 39
3 81 136 179 65 140 127 168 150 141 195 0 15
10 92 128 191 122 185 96 89 74 191 122 0 49
4 105 189 53 93 181 121 83 91 92 107 0 18
10 99 93 101 191 81 141 64 188 197 173 0 47
7 183 120 45 51 51 163 155 165 68 167 0 35
3 140 199 45 54 115 73 146 125 85 42 0 12
8 200 134 143 141 157 90 145 81 117 73 0 38
10 81 62 134 49 89 121 119 190 78 143 0 49
3 119 169 165 155 194 125 118 119 140 192 0 12
6 191 123 181 165 57 123 135 79 50 59 0 28
5 83 92 193 138 133 135 149 104 173 129 0 24
7 91 131 61 46 50 172 109 153 107 187 0 32
9 187 70 119 56 186 42 172 136 84 104 0 41
6 159 117 95 59 41 66 135 129 57 60 0 30
4 87 62 157 189 146 157 103 181 50 161 0 19
5 125 147 105 117 52 176 73 141 111 115 0 23
3 116 117 122 189 68 119 117 66 172 80 0 11
7 96 177 155 193 44 187 96 80 157 173 0 34
5 152 86 135 56 103 152 110 67 97 83 0 23
10 142 160 95 79 195 198 115 134 153 180 0 46
10 145 156 94 181 75 76 156 115 110 195 0 48
8 97 48 60 55 148 76 58 163 168 162 0 39
8 183 175 116 59 151 82 56 192 160 69 0 38
5 158 126 166 102 192 200 44 95 198 193 0 21
8 110 53 84 103 111 62 121 48 188 46 0 36
10 129 66 141 130 129 172 189 175 43 125 0 48
9 77 147 93 134 111 91 193 68 97 99 0 44
3 158 80 72 118 131 56 99 56 194 199 0 15
6 116 125 122 74 139 142 62 104 83 58 0 29
7 163 128 166 154 145 154 55 123 42 45 0 33
7 178 142 75 163 45 116 91 80 42 180 0 33
7 95 74 65 164 120 152 100 165 87 168 0 35
6 164 66 135 153 154 112 111 120 42 50 0 26
4 112 193 137 151 83 176 70 139 150 189 0 18
9 194 152 64 185 145 104 99 114 150 130 0 45
2 126 149 137 198 123 155 188 142 91 67 0 10
5 89 116 171 84 141 60 130 151 66 92 0 24
3 145 112 110 175 88 114 167 186 105 90 0 14
9 122 187 55 48 61 137 185 71 98 200 0 45
3 173 70 47 95 189 70 102 52 129 128 0 11
6 83 117 85 100 136 54 78 183 149 170 0 26
10 55 84 83 113 189 49 153 72 110 159 0 49
4 58 84 58 76 97 74 98 190 98 103 0 19
6 165 193 42 41 176 63 115 91 86 104 0 29
3 119 115 191 180 129 75 199 77 172 60 0 12
6 64 155 178 130 106 65 61 129 141 81 0 28
8 42 166 79 167 116 161 149 177 125 193 0 40
10 67 172 123 191 60 91 134 156 133 181 0 47
8 123 197 129 132 165 155 161 79 143 89 0 38
8 86 192 95 153 156 118 107 177 44 72 0 36
6 189 174 97 110 156 132 70 178 85 139 0 30
5 107 50 137 70 97 177 145 185 152 143 0 25
8 44 180 170 125 78 179 153 44 199 91 0 38
5 148 52 168 50 142 139 48 44 47 54 0 21
9 105 197 177 88 105 131 96 143 105 175 0 45
9 165 119 183 114 166 184 186 148 189 126 0 44
8 155 52 68 90 110 81 87 167 64 190 0 36
7 44 99 106 78 84 48 93 143 181 45 0 34
2 199 155 165 162 50 193 155 52 193 149 0 10
5 108 74 170 184 45 99 95 177 41 130 0 21
7 119 188 165 67 165 159 104 78 185 113 0 34
2 195 99 174 100 72 104 137 123 97 48 0 10
3 44 164 113 129 76 142 113 157 183 108 0 12
8 93 196 49 76 47 71 42 90 138 135 0 39
10 192 55 76 162 93 153 121 163 193 145 0 47
5 121 160 114 151 117 65 197 136 106 54 0 25
10 113 72 162 93 65 51 171 116 64 104 0 46
8 186 177 113 135 63 180 195 84 157 179 0 40
8 185 87 52 58 107 168 166 153 85 152 0 38
5 92 164 125 188 81 124 174 105 164 166 0 22
4 94 47 149 132 129 94 104 119 160 151 0 19
9 129 160 99 129 158 99 81 68 193 107 0 43
7 97 144 151 191 170 112 44 52 110 140 0 34
8 70 184 62 60 132 84 120 86 94 61 0 40
3 153 65 95 59 148 83 41 87 56 198 0 13
8 154 43 115 108 177 172 104 127 91 99 0 40
3 171 181 171 78 199 173 116 75 125 133 0 13
5 187 155 55 161 189 105 199 175 157 158 0 23
7 69 85 96 179 101 156 114 66 126 81 0 33
3 125 129 122 95 111 74 44 68 168 135 0 15
3 182 79 54 191 76 117 161 53 110 65 0 12
3 107 154 139 55 196 117 79 112 96 197 0 11
4 131 57 95 185 193 188 116 75 85 135 0 19
7 179 120 105 78 85 93 94 131 94 164 0 31
2 49 103 80 110 180 107 119 144 137 41 0 10
4 147 126 187 51 113 189 54 76 172 53 0 20
6 81 54 144 145 133 99 137 195 78 112 0 30
5 127 70 156 65 111 126 87 109 98 133 0 25
6 67 187 91 173 141 190 85 107 76 166 0 26
6 60 138 112 112 183 73 99 120 119 188 0 26
10 48 162 80 125 114 123 40 60 91 88 0 46
2 160 105 78 115 42 45 78 60 132 68 0 10
9 112 175 89 64 177 81 157 149 181 172 0 43
8 163 49 190 107 184 59 166 43 58 165 0 36
9 51 190 78 198 138 77 129 52 115 184 0 43
7 130 99 177 76 171 96 50 121 50 122 0 33
8 107 142 93 50 195 163 138 91 46 138 0 38
9 45 155 179 72 66 61 167 168 185 64 0 42
7 55 153 126 101 120 82 76 101 69 92 0 33
10 101 111 79 143 53 96 164 101 132 197 0 48
3 155 71 153 187 113 168 97 143 112 93 0 13
8 89 97 165 181 110 75 174 155 69 43 0 37
8 153 138 175 111 48 131 157 163 138 73 0 38
4 106 116 109 71 74 140 40 132 185 40 0 16
3 164 141 188 107 117 50 87 159 173 73 0 12
5 199 82 194 148 79 73 109 97 107 151 0 25
4 72 183 53 115 102 115 195 168 167 159 0 16
7 51 78 63 64 45 121 102 133 189 91 0 32
5 67 52 157 173 174 102 197 64 113 47 0 22
6 48 138 183 156 145 180 66 130 49 177 0 30
8 62 86 117 129 61 54 46 85 61 127 0 39
9 169 83 108 192 43 58 126 55 145 147 0 45
5 110 64 87 163 106 167 56 185 115 177 0 21
6 59 155 65 184 185 132 44 180 99 167 0 29
9 42 90 183 126 118 74 167 199 80 79 0 44
10 178 147 43 148 81 183 69 100 72 70 0 47
5 125 188 56 81 67 42 196 148 199 99 0 22
10 125 78 116 86 95 59 114 185 164 82 0 50
6 113 85 139 156 90 79 195 145 75 151 0 27
7 123 158 165 94 145 115 163 103 105 171 0 31
4 93 60 200 85 124 116 41 181 75 91 0 16
3 48 109 44 83 79 47 106 189 125 163 0 15
3 151 125 113 130 111 95 72 110 93 119 0 13
9 91 142 145 78 161 155 183 165 117 142 0 42
7 123 66 120 117 136 153 95 163 123 181 0 34
5 168 62 100 87 83 140 46 87 172 95 0 21
3 182 146 44 54 197 174 141 190 66 188 0 14
2 157 95 114 84 50 199 90 76 184 150 0 10
9 123 139 46 69 111 150 93 176 151 144 0 43
8 123 193 101 161 196 52 175 193 139 156 0 37
9 42 134 68 66 188 151 174 167 72 107 0 44
7 160 111 123 129 112 66 112 151 167 79 0 32
9 177 96 48 153 138 144 139 199 111 159 0 44
7 166 124 72 181 132 159 53 49 167 161 0 32
5 164 119 139 58 45 53 54 112 87 141 0 22
2 199 96 125 78 102 49 155 68 142 53 0 10
7 166 89 127 188 184 93 89 46 160 130 0 33
8 152 69 147 41 129 111 55 141 87 196 0 39
10 113 44 85 86 80 98 87 103 129 150 0 49
9 64 99 140 111 167 140 158 70 184 84 0 42
4 125 117 72 99 164 120 96 161 71 97 0 16
9 181 43 150 97 58 166 95 41 142 40 0 43
10 160 99 144 72 157 66 99 191 181 95 0 48
4 115 165 181 101 52 47 119 131 161 64 0 17
9 193 191 191 153 186 131 145 112 135 139 0 41
10 153 66 107 180 73 130 188 197 152 170 0 49
4 187 158 121 130 46 133 177 172 52 168 0 16
3 98 45 158 84 131 177 75 197 198 176 0 15
9 167 117 163 143 45 117 182 136 84 126 0 42
7 155 74 165 50 197 121 124 189 173 161 0 34
9 127 60 174 152 145 177 132 107 130 123 0 42
4 180 120 169 192 129 51 145 168 89 123 0 18
6 59 52 104 76 141 184 125 60 193 170 0 27
9 89 132 43 152 55 191 120 90 84 175 0 43
4 132 181 163 78 44 119 87 68 153 164 0 18
8 185 129 70 128 85 115 163 86 159 53 0 40
3 113 145 56 162 66 154 176 62 107 193 0 15
6 154 141 85 186 45 143 146 119 162 174 0 28
8 145 43 170 114 55 196 44 41 99 151 0 39
7 161 178 113 184 187 187 57 117 89 62 0 31
10 122 143 40 165 133 195 89 153 130 158 0 46
10 44 140 155 117 62 137 190 135 53 134 0 49
6 63 167 130 46 103 66 66 157 144 171 0 29
8 181 187 143 98 55 57 67 192 49 136 0 39
3 133 74 93 189 195 196 148 197 122 64 0 11
7 187 167 67 97 46 139 41 57 187 56 0 32
4 132 137 72 62 46 96 189 169 193 123 0 17
4 179 87 119 88 58 157 94 189 155 128 0 20
4 56 151 121 163 67 121 186 150 46 155 0 18
9 134 119 47 61 73 75 52 147 185 131 0 42
10 169 171 129 171 157 117 179 95 195 64 0 49
10 109 132 127 82 90 103 133 179 139 80 0 48
5 160 192 107 179 162 65 141 171 48 50 0 21
8 160 167 193 166 52 47 67 163 69 86 0 40
8 159 41 131 73 175 179 130 136 88 187 0 36
2 147 124 122 135 117 197 67 42 45 159 0 10
4 158 166 89 197 49 53 107 155 47 46 0 20
3 42 88 145 69 96 84 150 90 157 116 0 14
10 59 150 113 157 60 44 100 176 77 192 0 49
8 136 78 96 40 165 46 156 149 197 155 0 38
6 70 194 159 41 108 157 185 173 74 145 0 28
4 102 145 54 91 192 119 136 163 183 60 0 16
4 78 134 128 185 137 165 100 63 175 91 0 18
9 183 46 60 99 102 45 66 79 157 173 0 45
6 169 176 188 160 151 97 164 174 123 79 0 26
10 93 162 151 82 129 77 159 153 191 72 0 50
8 119 99 71 119 140 55 181 197 67 51 0 39
9 85 198 45 142 46 160 141 187 144 183 0 44
6 64 59 194 90 119 117 93 70 149 125 0 28
7 42 122 72 51 50 198 160 60 119 111 0 34
6 142 124 114 103 179 117 115 107 79 175 0 26
3 44 65 83 56 90 181 44 110 78 129 0 12
3 187 93 66 117 138 75 167 165 76 153 0 12
4 127 120 65 91 180 129 89 47 92 75 0 17
7 197 64 193 83 46 147 81 143 163 123 0 33
4 51 174 180 66 51 92 149 176 169 131 0 18
3 113 135 132 132 105 176 56 58 119 99 0 13
7 97 186 78 127 164 166 147 195 165 167 0 35
6 177 111 97 194 56 127 134 122 159 176 0 28
8 149 45 170 199 40 103 181 105 129 81 0 36
4 155 179 169 143 133 63 42 101 171 199 0 17
10 126 149 173 49 139 135 105 160 197 103 0 48
8 69 134 145 80 86 177 103 97 153 72 0 39
6 167 72 49 189 165 173 152 44 115 178 0 27
3 173 165 191 188 64 132 188 146 138 107 0 13
5 83 193 64 149 157 100 182 181 87 178 0 23
7 143 190 135 81 40 169 81 151 144 154 0 33
9 159 109 60 191 199 167 154 72 77 178 0 42
6 66 122 46 60 103 191 47 139 121 47 0 28
7 134 145 195 73 189 188 111 101 131 56 0 33
10 90 101 134 87 199 175 103 117 175 117 0 48
4 41 145 48 173 172 182 133 40 136 46 0 16
5 83 59 112 143 183 121 145 62 90 191 0 22
3 85 76 66 143 105 112 45 51 100 138 0 12
6 101 189 182 179 109 99 133 182 160 110 0 30
9 100 133 173 120 140 125 179 50 46 187 0 45
9 129 156 65 186 108 96 76 47 179 175 0 44
6 143 86 44 64 81 174 57 135 196 42 0 26
8 68 85 105 68 184 112 154 167 71 198 0 40
3 192 53 53 46 194 81 54 175 199 103 0 12
2 162 187 62 95 73 97 148 116 64 199 0 10
9 79 65 118 110 73 136 85 197 140 55 0 45
4 110 162 89 44 58 99 141 143 159 145 0 17
7 171 102 137 197 173 157 99 64 106 179 0 32
10 50 196 84 172 64 44 139 143 118 184 0 49
5 43 152 151 95 175 50 162 66 146 149 0 25
5 124 101 163 94 106 66 129 74 81 169 0 23
4 163 163 181 162 188 154 148 185 76 198 0 18
6 188 92 143 185 64 193 111 127 195 94 0 27
6 163 179 51 168 182 169 173 139 184 200 0 27
5 123 194 42 189 101 144 142 173 187 62 0 22
6 144 113 147 85 179 58 123 74 175 185 0 29
10 63 42 186 132 155 184 197 88 114 93 0 46
9 184 137 195 184 103 106 52 194 143 162 0 43
4 83 160 46 164 139 198 198 93 54 54 0 17
4 58 107 40 165 123 110 114 148 114 120 0 20
5 172 143 46 68 124 102 78 187 90 126 0 23
4 176 80 92 179 179 132 168 134 94 104 0 16
10 48 89 172 148 79 84 60 140 95 58 0 50
5 85 176 46 89 106 113 135 58 144 105 0 23
6 140 181 129 187 178 102 165 120 141 106 0 30
2 52 121 41 77 41 124 57 138 164 63 0 10
6 143 70 99 56 61 92 46 99 60 159 0 28
10 165 58 98 130 133 67 105 89 153 183 0 50
10 92 132 59 86 139 88 165 177 128 116 0 49
10 133 138 72 193 117 200 198 124 85 162 0 46
10 70 70 43 119 197 180 93 41 56 195 0 48
8 51 40 54 49 97 126 154 152 192 139 0 38
8 122 114 192 138 191 72 142 160 161 52 0 36
9 181 190 103 121 72 70 83 115 193 167 0 43
6 136 48 106 79 70 165 89 71 169 46 0 26
3 119 86 61 56 155 135 177 68 48 77 0 13
8 49 137 69 49 137 47 132 81 76 124 0 40
8 138 159 121 75 108 80 165 83 71 42 0 40
10 102 200 79 180 154 189 52 192 108 159 0 47
7 172 173 124 114 72 181 147 179 93 194 0 33
7 132 73 76 188 46 68 73 142 101 162 0 35
9 160 110 177 79 68 60 70 161 43 56 0 45
7 113 128 163 51 121 161 89 89 91 169 0 31
7 162 146 69 40 158 102 121 78 123 178 0 35
8 80 110 165 51 83 90 115 150 128 76 0 37
5 104 169 75 119 78 90 124 173 175 71 0 25
7 96 155 76 65 143 90 130 163 136 144 0 31
10 145 66 134 125 102 156 175 66 133 117 0 50
9 125 46 80 164 80 191 100 84 83 53 0 41
5 48 164 106 178 54 181 128 165 129 161 0 22
7 187 101 129 99 58 169 91 97 77 116 0 35
6 98 170 189 157 57 77 76 140 141 87 0 27
4 58 60 87 46 140 136 67 48 71 137 0 18
4 118 53 52 82 87 71 114 185 157 196 0 20
6 93 54 148 43 62 152 43 143 69 191 0 28
8 106 98 161 153 173 96 169 124 85 184 0 40
4 125 41 188 41 125 42 183 127 132 111 0 19
8 94 165 169 190 107 114 70 137 148 41 0 40
5 180 113 135 129 101 76 173 185 196 95 0 23
4 150 96 145 169 66 195 191 193 63 48 0 19
9 115 193 101 68 146 42 176 66 93 148 0 44
9 179 81 85 115 61 48 107 123 66 46 0 42
6 117 155 137 65 74 86 186 149 177 132 0 27
3 59 72 128 41 144 127 164 125 137 198 0 11
9 192 109 157 77 124 154 52 136 187 135 0 42
3 47 92 68 153 137 178 61 141 185 59 0 11
4 131 66 128 143 73 78 139 44 157 169 0 19
10 141 181 196 115 149 197 109 47 48 117 0 48
4 146 121 183 169 188 152 170 52 146 111 0 16
7 105 136 189 45 52 156 91 136 194 180 0 34
7 184 145 143 96 76 127 104 141 125 95 0 32
2 93 65 132 121 124 122 190 116 59 142 0 10
10 58 71 60 155 165 93 137 154 81 93 0 49
4 168 97 161 69 156 101 82 90 154 46 0 16
10 78 41 107 50 54 181 194 105 66 197 0 48
10 144 168 89 195 118 154 147 118 185 168 0 49
9 165 75 133 179 109 50 191 157 197 129 0 43
5 133 134 78 172 98 63 155 60 103 166 0 21
10 165 147 84 115 113 90 110 159 179 109 0 48
4 130 53 175 83 129 81 110 147 128 200 0 18
10 59 132 181 101 42 69 196 143 61 165 0 47
6 112 145 94 135 43 185 62 89 44 195 0 26
6 94 115 109 51 113 158 170 58 55 66 0 26
4 144 104 143 154 143 123 73 52 92 131 0 16
3 89 161 114 95 119 60 177 150 114 144 0 14
7 181 105 177 90 79 56 165 178 175 113 0 31
5 185 173 118 78 171 123 63 86 174 159 0 22
7 176 45 78 105 126 102 83 159 59 146 0 35
7 128 103 161 128 46 127 164 102 123 111 0 35
9 57 48 91 62 189 48 167 112 117 115 0 43
4 193 141 129 162 86 67 193 105 44 63 0 16
8 94 183 191 167 191 148 84 156 87 127 0 40
4 44 111 99 142 124 112 99 76 168 54 0 20
4 163 91 171 52 79 116 154 102 95 157 0 19
10 191 97 191 187 98 117 62 165 155 147 0 47
3 160 40 151 59 171 146 154 51 69 41 0 13
9 92 182 123 164 197 59 169 44 110 46 0 45
7 79 91 199 130 68 102 127 187 145 154 0 31
8 187 165 85 135 150 82 77 94 190 67 0 36
7 54 177 101 82 76 79 77 116 165 46 0 31
9 183 157 185 166 56 106 196 68 58 54 0 42
10 80 89 45 92 175 169 53 99 55 153 0 47
6 183 155 128 87 99 172 150 54 146 84 0 26
4 147 168 114 131 175 194 167 160 46 176 0 19
7 100 197 76 124 149 47 172 60 173 138 0 32
10 173 173 140 68 109 44 126 146 103 45 0 50
4 89 141 117 80 55 135 141 107 64 92 0 17
7 159 127 191 139 195 136 195 151 85 51 0 35
4 126 81 138 106 109 171 167 174 158 65 0 17
5 98 169 110 194 89 146 193 193 44 127 0 22
3 40 126 47 135 81 151 55 119 44 121 0 12
3 101 68 109 153 145 136 58 169 167 129 0 13
10 81 79 181 130 155 77 156 107 181 65 0 47
7 165 189 113 169 190 119 62 61 140 188 0 35
3 190 130 199 40 87 200 192 84 186 125 0 13
8 48 132 144 64 68 171 75 176 84 172 0 37
2 176 89 44 178 113 103 123 117 49 197 0 10
8 92 197 93 199 103 40 170 112 129 85 0 39
7 199 53 42 69 46 197 57 75 181 130 0 31
6 176 183 58 123 171 137 193 86 47 178 0 27
9 149 69 87 106 125 163 84 191 190 45 0 44
9 149 180 186 91 176 45 126 44 41 51 0 41
6 71 156 91 196 135 177 187 174 132 104 0 26
8 151 78 197 48 134 139 73 188 97 75 0 36
3 150 196 126 50 197 89 185 42 111 44 0 12
3 68 110 42 80 68 101 40 190 198 139 0 15
4 190 112 191 157 128 184 60 145 195 88 0 19
8 110 159 74 111 142 62 187 144 74 184 0 36
7 186 88 177 127 161 94 40 52 101 115 0 35
3 139 71 64 153 64 145 109 79 172 68 0 14
9 77 65 56 53 138 42 187 113 179 80 0 44
6 58 79 137 130 196 188 176 153 195 82 0 29
9 59 56 107 44 130 53 51 176 125 114 0 43
9 87 141 123 187 106 159 147 139 67 66 0 44
4 169 157 44 155 145 113 145 104 159 129 0 17
9 61 90 109 99 123 129 143 124 176 46 0 44
4 40 55 179 42 78 167 165 194 107 95 0 17
4 48 61 116 146 191 165 181 105 108 88 0 19
7 100 139 117 197 174 148 131 143 115 144 0 31
7 62 58 111 161 153 47 44 194 149 113 0 35
4 77 162 79 89 176 173 42 122 126 191 0 18
3 164 174 68 123 85 170 54 40 56 143 0 15
10 49 97 110 111 106 198 66 52 66 129 0 46
5 182 99 48 178 77 197 62 60 169 87 0 22
9 70 141 40 59 94 174 169 42 86 56 0 45
7 113 150 89 179 116 196 133 166 90 185 0 34
10 174 157 108 168 81 76 133 60 145 107 0 47
4 175 166 78 161 57 69 56 195 178 171 0 20
3 171 135 199 161 83 83 138 154 58 118 0 12
8 195 138 96 111 107 111 186 101 175 119 0 40
10 50 159 115 113 43 169 59 80 93 180 0 47
3 44 56 72 46 135 88 168 96 116 154 0 11
7 186 107 50 126 49 120 130 131 125 91 0 33
3 97 158 168 45 147 44 158 180 131 75 0 12
8 60 159 189 74 197 62 83 45 154 92 0 37
7 73 75 64 194 85 89 99 105 189 141 0 31
7 68 83 159 76 178 187 105 116 115 178 0 33
7 197 100 67 181 83 114 80 58 131 44 0 33
3 124 93 156 125 113 200 46 173 146 99 0 14
4 87 108 79 192 66 95 81 128 80 176 0 18
6 137 134 83 199 99 44 173 80 173 149 0 27
10 52 103 162 179 173 164 131 121 192 67 0 48
3 75 155 87 190 182 190 117 100 114 181 0 13
4 96 46 106 179 183 57 137 164 51 79 0 19
5 56 80 115 90 155 84 172 149 169 75 0 23
5 63 100 95 84 168 157 168 158 163 66 0 25
10 161 195 110 121 164 171 199 163 144 142 0 47
5 88 102 157 133 184 142 70 178 193 165 0 25
9 197 93 163 68 45 147 119 131 93 192 0 43
4 199 199 102 60 65 93 127 173 49 46 0 17
7 146 136 42 137 64 83 163 179 185 133 0 34
8 181 166 88 192 158 131 120 145 119 49 0 40
4 49 118 143 91 57 91 75 187 136 165 0 19
7 145 111 61 139 171 87 160 105 128 117 0 34
6 118 166 163 109 102 85 75 99 88 153 0 27
5 194 117 88 58 147 73 190 191 105 161 0 23
5 166 99 116 84 200 167 129 78 141 40 0 22
8 190 81 93 85 149 65 148 101 117 53 0 36
6 170 55 183 119 106 72 167 108 179 197 0 27
5 166 99 162 133 188 162 141 196 46 133 0 21
7 66 49 75 199 70 121 195 147 101 188 0 32
7 69 182 177 93 46 126 176 82 157 58 0 33
10 91 131 194 139 104 82 187 63 149 156 0 50
3 138 40 112 145 70 89 129 103 79 71 0 14
3 145 191 56 86 77 54 147 117 192 166 0 13
3 40 122 84 177 175 108 165 173 40 74 0 14
4 121 124 182 52 41 126 87 171 65 165 0 19
4 111 83 194 189 83 199 140 70 40 102 0 16
6 62 147 97 71 183 120 147 93 74 76 0 30
7 195 82 87 49 124 43 115 121 161 88 0 33
8 117 197 136 53 49 41 176 40 47 185 0 38
2 193 180 130 192 113 87 44 196 119 83 0 10
5 117 197 147 117 60 153 106 168 114 192 0 23
8 152 43 56 120 102 159 95 162 54 74 0 37
6 98 191 44 54 43 111 130 70 197 145 0 29
9 58 101 119 87 172 179 104 127 53 144 0 45
10 171 142 189 49 60 167 79 121 57 163 0 49
8 167 119 55 119 59 66 143 127 200 143 0 38
6 80 181 109 196 75 149 42 73 133 142 0 28
10 62 139 54 54 102 109 154 54 158 111 0 49
5 159 172 63 71 51 88 109 131 79 54 0 25
6 48 165 191 172 54 70 160 48 196 163 0 28
10 63 55 111 138 152 115 150 81 171 108 0 50
8 150 119 42 70 102 97 193 87 74 74 0 38
3 137 104 196 154 45 70 44 169 115 69 0 15
6 85 117 110 186 105 199 90 194 136 128 0 26
9 107 176 111 164 60 91 183 182 106 40 0 41
10 115 160 63 175 105 113 56 79 66 152 0 50
6 49 86 76 44 114 137 44 117 172 63 0 29
5 133 93 99 68 161 76 141 86 70 126 0 24
6 121 165 166 53 40 82 125 73 115 108 0 28
9 169 151 137 49 155 106 43 88 106 137 0 44
9 78 157 111 70 146 175 138 76 157 95 0 44
8 148 197 74 143 119 63 145 117 53 164 0 40
4 105 187 167 150 128 78 88 140 109 175 0 16
3 95 179 95 137 68 58 143 90 174 198 0 12
10 163 151 150 156 169 62 151 110 131 111 0 48
7 146 156 184 59 168 172 173 50 93 72 0 34
8 132 78 95 140 172 109 132 172 46 49 0 37
8 101 181 200 131 140 131 198 189 121 66 0 36
5 140 156 94 176 56 188 141 115 87 152 0 25
9 157 142 198 172 121 184 70 83 139 169 0 42
9 44 79 192 103 164 113 86 59 103 133 0 42
7 155 98 179 56 88 87 170 199 164 199 0 34
3 70 164 123 186 125 178 168 139 123 185 0 14
8 63 151 164 89 169 191 118 73 98 99 0 37
4 54 143 161 109 163 58 167 151 54 133 0 18
10 95 113 76 177 54 138 56 55 101 48 0 47
3 105 46 63 43 170 189 187 178 74 114 0 12
3 137 74 96 115 139 148 183 166 136 121 0 11
3 108 163 46 191 149 76 67 187 92 158 0 11
7 54 143 161 136 123 42 91 161 109 175 0 31
6 111 102 96 126 121 128 181 105 80 187 0 28
7 116 173 177 147 174 68 189 185 178 198 0 35
7 40 153 143 118 178 135 71 75 117 187 0 32
3 79 133 70 97 44 51 95 126 53 58 0 15
3 55 68 71 135 123 47 164 123 158 40 0 11
7 86 140 84 68 114 196 79 94 195 128 0 35
5 159 120 95 115 184 194 44 121 133 167 0 23
6 176 87 133 97 70 55 161 107 189 135 0 29
10 46 187 91 50 155 92 60 173 137 70 0 50
8 194 153 189 86 58 60 117 117 60 110 0 37
9 74 84 103 65 43 151 113 123 195 103 0 44
4 167 72 54 200 90 89 157 184 127 175 0 19
6 145 173 111 190 134 91 91 49 134 153 0 30
6 50 156 92 131 167 143 171 146 125 78 0 26
7 109 185 120 153 109 67 80 141 123 146 0 31
3 194 65 139 193 95 108 82 198 109 54 0 11
10 42 139 51 122 113 59 136 152 174 54 0 46
10 185 97 64 70 95 58 172 133 164 154 0 47
5 110 77 64 118 104 163 67 148 128 178 0 21
4 111 45 64 78 53 123 125 73 193 42 0 20
3 157 183 124 159 143 61 79 42 80 156 0 11
7 92 167 157 180 64 142 158 66 103 76 0 31
4 197 113 180 78 74 134 123 188 47 144 0 19
5 127 129 48 94 67 142 143 176 117 182 0 21
2 71 95 117 157 164 105 143 148 146 141 0 10
9 190 143 80 43 199 117 177 136 54 115 0 45
7 119 125 94 192 49 156 156 96 146 152 0 32
7 187 169 198 137 171 134 72 56 58 133 0 33
3 177 108 114 104 106 166 67 64 127 144 0 15
6 49 76 49 94 63 91 74 195 145 180 0 29
8 173 177 69 120 59 111 101 60 57 82 0 39
5 99 81 151 146 143 88 199 79 151 121 0 24
8 72 124 104 132 174 179 125 179 81 149 0 38
8 61 102 179 199 169 105 112 68 179 40 0 37
4 127 151 101 196 99 88 52 129 155 82 0 19
5 81 51 153 76 78 95 159 183 54 188 0 23
10 71 78 162 87 180 129 126 197 117 113 0 48
9 180 135 143 40 168 155 91 98 181 103 0 42
8 182 150 158 74 181 194 113 91 166 146 0 37
5 170 132 46 109 141 58 103 124 191 118 0 23
10 69 60 83 180 81 168 131 100 42 115 0 50
10 114 79 141 137 71 133 65 98 43 87 0 50
10 66 90 150 145 62 194 60 197 76 53 0 49
3 111 102 122 110 115 139 107 135 145 147 0 13
8 69 125 113 118 147 138 193 73 151 133 0 38
4 182 61 165 189 101 163 120 63 63 115 0 18
4 125 76 129 199 173 169 146 188 77 190 0 19
3 82 145 169 48 115 139 58 48 74 170 0 15
3 157 138 121 145 149 54 48 156 53 197 0 14
9 133 130 111 171 95 131 73 156 176 186 0 43
10 102 185 109 58 175 99 150 44 122 60 0 48
10 137 63 56 131 82 79 72 105 187 44 0 48
4 97 126 43 180 72 193 56 176 97 190 0 20
10 91 165 145 119 90 78 109 179 159 143 0 50
5 101 81 127 101 197 160 89 120 48 111 0 25
5 99 97 149 191 57 112 168 163 122 91 0 23
5 122 115 47 104 185 47 70 83 180 190 0 22
3 73 142 101 129 60 63 146 200 112 74 0 12
4 122 150 44 146 73 67 132 114 94 101 0 18
7 182 193 116 181 63 131 126 113 142 117 0 33
7 76 159 167 179 169 119 54 47 133 115 0 34
8 56 83 47 84 184 122 131 157 128 189 0 37
4 189 67 160 169 150 121 174 78 74 59 0 17
5 165 163 76 117 70 197 163 151 84 41 0 23
6 47 128 161 98 130 136 151 52 45 184 0 27
7 159 191 81 70 54 49 97 59 81 85 0 32
5 101 167 131 196 183 57 103 166 99 190 0 23
10 74 80 109 173 132 48 166 144 66 158 0 50
4 69 110 113 122 171 46 101 94 133 89 0 18
4 68 162 156 167 48 127 174 85 151 179 0 19
6 87 167 101 112 163 173 83 83 186 161 0 27
8 157 165 58 129 136 50 198 138 168 113 0 39
3 189 157 187 172 74 100 105 159 193 173 0 12
5 151 167 76 84 54 92 182 166 97 71 0 25
9 83 89 40 74 129 106 163 163 64 182 0 43
8 88 145 64 141 174 199 161 192 155 178 0 40
4 61 129 125 178 165 135 50 129 98 100 0 19
3 186 137 180 114 168 194 139 188 184 128 0 13
10 56 101 166 126 78 47 175 119 134 104 0 50
4 169 68 158 75 95 68 193 101 167 56 0 18
9 127 44 48 117 85 51 119 54 108 155 0 43
9 103 145 67 40 81 131 115 184 170 43 0 44
6 192 56 67 185 129 159 64 155 173 116 0 29
10 140 150 177 171 119 58 167 162 40 98 0 48
3 44 132 119 161 155 127 172 189 187 86 0 11
8 107 71 63 66 166 153 163 176 45 120 0 38
10 91 40 119 197 103 104 83 102 185 52 0 47
4 74 193 133 158 189 174 179 50 132 45 0 16
10 152 187 133 93 117 56 85 137 164 51 0 50
8 81 148 160 115 178 105 137 81 163 63 0 38
9 96 195 77 114 62 179 169 50 41 46 0 43
6 80 187 115 57 50 155 60 79 183 62 0 29
7 128 53 160 52 122 105 90 165 90 79 0 35
4 52 166 107 59 52 70 140 107 96 69 0 19
5 112 133 99 128 105 62 132 154 99 139 0 22
7 197 76 151 156 82 184 79 72 163 54 0 34
9 87 185 105 124 145 60 56 125 181 91 0 41
5 79 197 105 135 163 120 175 107 153 43 0 22
8 135 73 61 128 151 64 121 43 121 156 0 37
4 72 125 164 57 77 170 45 175 122 136 0 20
7 58 77 46 124 131 78 82 128 170 169 0 34
3 48 68 72 104 64 59 43 66 185 59 0 12
5 165 198 83 139 56 119 160 92 66 104 0 21
4 168 47 132 130 80 159 82 65 56 179 0 17
9 110 84 59 100 157 62 176 131 111 144 0 43
3 103 42 155 93 70 86 162 189 58 88 0 15
7 114 60 131 42 183 151 74 173 125 139 0 31
10 120 199 172 191 164 64 162 121 74 168 0 47
4 107 116 99 192 189 147 183 146 50 40 0 16
7 53 135 197 151 79 169 81 61 87 56 0 33
7 119 159 48 46 161 72 185 123 126 89 0 34
3 169 146 99 153 167 89 183 198 75 155 0 15
7 167 76 50 77 190 59 131 181 78 122 0 32
6 44 87 136 113 137 158 101 188 63 155 0 30
4 71 157 152 128 112 118 81 79 184 75 0 19
4 163 149 131 106 94 171 183 132 177 72 0 20
7 40 74 171 145 123 105 152 63 121 82 0 33
4 173 131 168 105 110 185 75 117 97 44 0 17
5 83 173 171 114 194 100 161 63 198 89 0 22
8 80 101 155 113 147 148 111 99 125 54 0 39
8 63 74 154 97 78 87 72 115 188 60 0 40
6 139 166 55 70 54 136 61 87 51 128 0 27
5 107 141 73 78 113 111 153 51 68 165 0 21
3 43 65 109 84 133 132 141 79 106 166 0 11
9 89 160 49 54 85 81 140 84 128 137 0 45
8 60 81 46 60 67 121 92 168 156 173 0 37
9 177 115 136 139 43 166 179 147 60 89 0 45
233 186 154 214 213
113 159 184 234 297
126 149 188 242 285
114 172 191 259 266
119 175 207 255 289
135 171 217 228 299
135 168 218 228 285
123 170 216 222 274
131 166 204 248 293
136 145 217 224 275
129 175 198 236 281
108 149 198 224 281
123 172 183 255 267
110 144 208 259 265
127 174 200 237 291
140 154 197 232 296
118 147 203 244 268
127 170 184 225 271
128 160 211 231 265
106 170 211 256 266
114 163 195 252 275
123 160 183 221 273
138 157 183 259 297
101 160 194 259 266
103 154 199 241 271
133 168 210 244 298
118 154 215 249 270
124 157 208 242 284
110 166 199 237 297
101 177 210 231 290
134 145 212 233 272
116 153 212 252 264
103 142 219 228 275
131 153 197 228 263
101 163 183 257 275
101 171 191 238 278
111 141 194 257 297
114 150 201 250 262
114 146 207 254 291
121 159 211 224 286
112 143 200 235 263
140 158 209 226 294
102 140 214 222 295
139 158 181 238 262
109 160 191 246 272
113 141 206 224 287
134 151 220 224 294
105 142 200 250 268
140 141 210 222 261
101 148 219 251 279
100 161 202 256 263
121 164 203 221 297
128 179 215 257 270
104 176 198 231 300
127 157 190 231 299
133 166 195 258 278
116 179 202 226 298
103 164 208 258 260
125 153 208 226 264
102 164 209 246 286
139 155 182 232 281
118 158 189 259 299
106 168 201 257 285
113 144 185 247 270
139 151 189 244 290
112 142 182 234 298
136 180 194 242 296
131 179 202 235 270
102 164 208 248 267
130 175 193 246 296
110 157 212 239 278
121 165 196 232 292
137 158 202 241 280
107 143 209 222 298
127 173 195 253 292
107 153 204 236 262
118 156 190 253 261
137 161 186 250 266
126 163 204 234 275
119 146 189 236 276
112 171 219 226 290
140 159 202 245 282
111 168 200 237 300
119 140 214 244 299
131 169 204 226 274
137 175 191 223 288
126 146 183 243 268
111 165 204 240 281
103 158 205 253 277
104 140 180 232 270
112 158 198 223 267
104 170 217 256 261
106 175 196 251 277
114 175 202 232 271
138 179 218 241 296
110 142 188 232 261
138 176 202 228 261
105 147 198 247 288
100 157 194 225 285
133 172 184 226 297
107 173 191 254 275
136 157 197 243 277
128 173 187 254 295
101 148 187 221 298
130 172 219 255 284
125 179 217 246 273
116 154 206 220 278
111 180 190 248 291
123 142 204 258 289
103 177 213 225 283
135 172 209 239 270
108 169 219 221 287
133 160 213 240 264
104 157 185 251 294
127 169 220 228 274
134 172 186 235 260
106 145 203 221 283
108 144 185 255 299
123 142 184 223 276
123 165 214 243 299
131 147 201 257 289
100 178 186 228 273
112 175 181 237 280
134 176 192 222 275
119 144 208 226 260
134 165 204 227 276
133 157 199 222 300
139 161 189 233 296
126 169 185 258 282
110 144 180 242 280
103 151 203 239 264
128 140 185 223 298
105 156 197 238 277
100 147 190 242 271
132 170 190 255 266
124 169 209 255 281
117 144 195 239 299
134 157 189 257 299
102 157 188 229 284
118 141 201 223 276
117 156 181 242 267
140 168 202 225 288
140 177 208 230 286
114 152 188 242 284
125 152 180 254 263
113 156 193 249 299
108 151 191 230 283
124 166 181 227 267
136 171 206 229 277
135 177 216 220 285
113 175 194 244 261
135 164 211 246 300
107 159 190 246 275
133 170 182 235 281
114 152 199 233 264
111 158 204 248 299
130 160 198 253 276
117 159 202 245 261
116 164 182 243 261
115 177 193 245 298
130 168 205 258 284
137 147 211 258 288
124 180 187 245 268
123 168 192 246 299
125 178 195 249 261
135 166 203 253 289
120 151 180 226 274
108 158 212 258 261
115 146 209 238 273
124 155 205 260 275
111 162 198 220 283
112 143 205 252 296
108 163 219 260 274
103 170 189 224 271
114 143 200 247 262
121 174 188 224 272
133 155 211 229 290
129 177 193 250 280
112 155 182 228 260
108 155 183 249 262
136 178 218 237 279
117 150 199 251 294
130 172 198 224 295
104 170 198 247 270
135 177 203 240 287
139 151 188 257 289
109 175 198 240 281
116 175 219 231 273
101 140 197 238 277
113 176 211 223 279
122 166 182 245 300
103 157 190 254 261
120 147 202 237 270
126 152 198 220 298
137 178 182 239 298
117 178 196 230 294
118 170 199 250 264
134 171 182 246 295
119 157 193 227 285
120 148 218 256 296
100 166 217 245 264
101 149 197 252 300
109 173 188 259 268
130 147 199 242 279
112 155 214 220 284
105 161 191 248 274
131 177 180 234 283
109 142 213 222 266
122 147 207 235 275
132 179 186 258 269
122 145 208 233 283
128 141 195 255 274
126 168 200 230 266
114 178 215 224 287
131 180 218 248 265
116 173 217 236 270
118 157 207 238 266
114 158 199 232 279
125 144 193 220 296
124 154 181 242 268
102 163 220 230 299
101 154 194 249 261
106 176 183 260 283
126 168 200 238 266
130 150 202 229 274
114 173 201 246 265
103 147 190 229 279
123 166 198 228 286
104 159 182 244 278
114 156 212 220 291
103 178 184 230 286
127 144 204 224 265
122 163 199 257 262
106 152 181 226 298
121 170 211 246 300
117 166 198 238 296
137 180 202 242 270
115 177 190 226 294
107 169 197 229 278
107 158 187 247 283
138 176 220 256 268
119 152 216 224 294
103 151 215 236 276
134 145 197 247 283
100 168 215 232 264
112 145 194 260 273
128 173 216 232 287
135 151 204 251 269
130 148 212 251 280
113 142 212 224 266
102 155 219 240 267
105 173 198 233 276
104 147 189 242 300
116 157 186 224 274
123 164 194 246 267
135 144 201 242 289
105 180 189 253 286
111 157 200 235 264
138 169 218 235 283
105 148 200 227 283
112 147 188 235 284
126 169 196 248 299
106 162 212 239 277
119 166 196 235 297
139 175 214 259 268
100 172 216 251 275
117 172 185 248 290
117 154 216 258 285
107 162 196 249 274
127 178 211 234 289
104 177 199 226 281
104 159 197 221 277
115 173 220 244 295
139 159 213 237 262
102 174 180 253 271
112 148 213 259 276
135 167 220 230 296
101 145 217 247 263
103 140 212 252 267
109 151 187 252 299
106 178 209 251 299
115 162 214 258 274
134 171 201 235 283
109 169 192 259 267
103 157 183 258 282
111 145 206 230 272
133 171 186 240 285
107 158 209 253 261
105 179 191 252 269
121 152 203 248 292
111 146 214 237 261
105 146 193 255 293
122 158 197 260 265
112 179 210 240 294
100 155 202 220 266
106 178 201 247 290
118 141 208 227 297
119 140 190 227 260
115 160 219 237 281
112 146 183 253 279
136 146 188 229 290
112 175 209 241 290
127 178 183 227 262
123 143 195 251 294
117 175 198 228 294
126 151 211 222 269
115 142 198 221 290
111 152 213 234 266
108 143 188 251 262
119 148 203 260 275
131 159 190 252 291
134 163 212 248 279
134 167 188 259 286
109 156 212 234 278
135 174 187 225 271
118 152 197 221 263
119 174 201 231 294
129 174 210 230 298
129 165 219 236 294
100 161 210 227 275
134 174 202 257 267
101 155 193 241 261
114 154 218 252 289
129 140 188 232 299
109 156 190 254 300
129 178 186 257 297
138 160 193 237 298
132 141 180 231 284
112 171 219 223 287
128 148 206 241 290
110 178 207 228 286
135 176 204 234 283
131 166 200 256 271
109 146 183 235 267
112 145 211 257 272
136 167 208 220 280
139 159 210 247 290
104 180 202 241 297
132 148 211 252 294
131 144 208 240 261
126 164 198 229 284
108 169 202 260 283
105 143 196 238 288
137 155 196 241 287
138 143 204 246 267
107 141 190 235 300
139 153 211 242 264
129 168 190 246 280
111 175 180 255 284
110 148 217 247 270
114 167 184 238 275
112 178 195 221 270
110 145 210 230 296
108 178 186 222 288
136 177 184 232 261
104 152 211 225 285
104 164 181 237 285
138 174 216 247 282
116 161 210 223 262
122 160 188 260 288
120 160 207 235 274
130 148 192 253 274
132 156 197 234 296
108 162 188 259 260
133 140 219 232 279
106 175 208 256 266
131 161 216 238 290
133 155 198 247 279
119 180 192 249 263
111 149 200 233 260
139 167 191 247 299
134 166 207 259 264
130 150 203 251 273
130 160 218 239 279
117 159 196 232 285
102 180 197 251 276
115 142 201 256 299
124 173 219 243 290
112 170 187 228 269
126 142 215 250 285
118 177 180 257 273
116 171 187 220 282
110 170 192 245 284
111 147 206 222 286
119 166 208 260 265
130 154 187 257 292
136 168 197 222 292
138 179 214 244 299
133 157 199 254 264
132 149 216 247 264
128 152 185 257 274
138 159 218 236 300
140 144 185 238 283
103 171 217 248 275
108 163 209 231 290
105 147 198 222 284
128 143 184 237 285
100 168 182 245 288
138 161 204 257 299
120 148 185 222 285
118 167 181 239 299
121 160 192 228 268
104 149 215 254 260
115 165 208 260 296
135 177 195 225 294
109 166 220 236 299
125 153 197 242 280
132 167 192 260 267
139 169 181 234 279
112 150 185 227 293
124 166 197 253 278
137 150 211 255 281
131 175 207 242 288
127 176 210 251 286
128 171 210 238 261
138 164 218 245 280
113 158 194 226 298
125 148 193 227 299
133 178 187 222 288
106 171 199 255 286
109 148 207 223 297
100 154 202 256 267
126 143 209 240 278
132 166 220 247 260
129 154 198 246 276
109 161 200 253 273
134 167 181 250 279
132 164 208 222 265
102 159 184 259 261
100 163 203 254 260
121 161 208 246 283
134 165 184 252 266
103 172 196 242 261
100 143 215 250 290
113 168 183 250 296
130 175 184 258 268
127 141 204 258 268
108 176 207 242 266
117 149 210 258 266
105 143 193 255 285
126 150 187 224 281
117 155 194 228 299
118 149 218 257 293
122 152 190 240 291
131 157 216 226 286
139 142 201 241 292
105 179 206 252 295
100 148 208 232 288
119 178 181 227 286
125 150 193 221 264
129 175 190 239 284
110 170 214 251 266
127 142 193 236 284
101 166 187 248 299
107 168 188 241 266
119 179 188 249 276
109 144 214 232 300
112 166 213 248 284
100 153 215 240 299
140 159 215 229 270
130 165 182 255 292
120 148 208 258 287
107 161 180 247 280
128 144 212 224 267
120 161 214 228 299
107 177 214 229 275
122 154 197 232 279
120 145 212 252 296
137 165 204 220 298
131 176 199 254 262
124 166 206 251 265
124 170 197 246 272
140 154 202 248 272
135 144 184 223 300
133 169 207 254 260
105 164 200 233 279
111 174 191 235 300
136 151 206 246 288
106 166 200 244 286
132 177 206 221 277
115 148 204 241 272
131 178 188 232 272
120 179 181 254 300
120 151 195 248 299
107 153 215 233 268
123 165 181 241 297
140 140 194 238 279
124 173 217 220 286
122 164 212 243 269
132 154 219 243 286
116 175 202 242 269
122 167 194 238 278
123 160 195 257 269
102 178 211 256 263
126 172 180 255 261
129 142 201 223 276
107 143 185 252 265
102 146 184 235 300
129 151 206 220 293
113 148 180 228 280
108 145 202 242 265
127 146 203 242 265
107 155 181 225 264
121 164 204 222 262
121 158 195 252 268
132 174 219 233 291
133 176 196 226 266
135 154 207 228 267
137 176 214 259 268
133 150 186 227 266
100 154 185 243 260
121 165 181 223 291
112 161 186 236 287
132 144 191 225 287
108 143 183 226 298
129 176 215 244 293
105 162 195 257 269
134 142 214 257 262
126 153 195 249 286
122 157 194 225 277
124 165 216 250 275
134 164 185 231 270
126 164 181 258 281
111 153 210 247 262
101 143 209 233 268
118 152 195 240 264
100 161 205 249 276
112 148 211 243 272
114 179 199 244 293
138 159 213 223 288
109 180 183 226 291
138 146 217 223 260
105 140 193 250 273
128 149 202 220 290
104 146 200 235 277
118 140 207 252 291
105 178 206 231 291
110 158 202 259 276
101 152 211 225 286
130 160 191 251 268
101 169 192 241 284
113 148 200 242 295
137 159 200 226 298
117 150 200 249 260
106 150 214 255 292
132 153 200 260 271
116 169 188 242 292
140 150 191 240 265
115 174 211 255 262
134 149 183 243 284
135 169 219 235 300
108 167 199 259 265
109 177 193 247 273
123 143 184 244 288
132 141 195 221 295
122 177 205 255 285
100 145 204 227 285
134 146 208 258 275
129 144 180 237 272
101 146 201 258 299
124 168 189 229 268
124 163 210 253 275
122 151 217 238 273
138 169 187 257 283
115 161 191 239 275
103 145 195 224 281
131 161 190 236 261
125 179 183 225 297
108 143 204 222 292
128 173 209 250 281
135 155 204 239 287
102 152 216 257 286
110 171 199 235 260
108 140 215 229 287
113 162 206 225 300
108 160 203 231 277
109 159 199 225 295
126 150 205 222 289
123 173 192 260 290
137 168 200 225 294
124 142 196 229 279
136 161 211 249 270
124 143 201 251 265
116 152 213 238 280
102 167 213 238 268
114 177 218 239 265
119 161 216 250 262
136 180 211 232 280
100 151 188 223 277
112 174 181 243 273
135 161 181 258 276
122 161 186 255 292
131 150 187 255 287
111 148 212 222 290
102 144 197 244 296
115 144 217 241 267
125 178 203 259 294
127 174 209 222 280
132 168 189 241 265
116 174 201 225 267
123 177 219 247 290
118 178 205 227 297
106 167 204 246 277
120 171 196 231 282
134 178 214 241 275
112 160 200 242 262
118 149 217 225 270
125 156 203 259 269
129 150 186 228 263
128 154 209 226 263
130 154 216 234 266
139 157 181 231 261
116 170 184 221 266
111 163 198 230 272
112 142 206 228 289
106 142 219 222 298
110 143 211 225 266
128 144 219 260 265
119 170 181 256 266
124 160 193 250 268
124 155 201 238 294
132 157 181 255 265
128 146 187 254 272
119 151 184 253 275
126 161 188 246 279
116 165 208 228 271
140 150 182 248 294
108 168 181 235 293
121 145 207 227 298
106 151 185 242 286
120 144 210 232 290
105 172 186 246 280
115 154 212 238 284
110 170 205 256 289
125 164 194 254 275
136 162 209 225 265
103 176 204 224 270
119 144 210 221 277
103 157 192 250 299
101 173 209 257 260
137 148 212 239 270
123 166 216 249 297
138 160 189 256 300
121 163 205 246 274
101 147 211 249 278
118 151 211 220 290
128 173 187 255 262
112 174 182 259 267
134 178 190 241 279
112 168 180 229 272
131 156 212 253 265
140 140 205 241 285
126 162 214 224 278
130 154 210 250 270
127 143 198 229 264
108 175 190 239 295
121 143 211 243 293
140 149 187 221 279
137 146 217 243 269
114 144 205 256 297
107 180 201 259 286
117 140 189 259 299
106 169 220 235 276
123 149 188 228 300
103 147 203 226 293
136 142 192 250 266
100 177 219 225 279
124 170 208 239 275
122 141 186 237 298
119 164 194 256 290
112 153 211 221 290
114 161 201 220 260
130 145 199 230 280
104 164 180 235 276
108 176 192 239 291
139 161 195 233 261
100 159 198 227 281
134 159 204 253 262
103 156 183 225 280
110 166 182 258 287
108 173 188 232 281
135 172 199 253 270
111 168 187 240 297
101 178 185 233 299
140 174 206 239 295
105 171 202 260 277
138 170 216 226 267
112 148 213 242 265
113 179 203 229 270
128 164 199 253 296
105 179 196 260 295
113 161 193 256 262
105 147 214 237 280
127 161 180 240 297
112 172 189 248 281
139 163 208 244 300
104 174 215 253 267
101 155 199 232 295
124 140 218 238 272
139 167 211 230 271
100 166 201 259 293
125 159 219 231 283
116 156 206 242 260
100 149 192 257 267
109 178 190 251 297
106 180 199 225 264
138 153 218 227 295
123 179 185 236 292
112 169 210 232 268
106 180 210 228 267
107 140 215 235 283
125 162 196 222 293
136 162 193 225 284
140 140 182 253 299
132 162 208 246 296
114 140 205 241 270
125 179 184 230 292
121 161 192 258 273
100 147 199 244 288
115 143 216 252 295
102 145 206 234 271
117 177 194 253 271
118 149 193 227 279
125 180 202 257 279
121 176 200 253 294
121 177 180 260 279
119 178 181 234 275
138 162 198 227 261
127 179 189 250 279
140 180 209 231 293
105 167 180 236 283
105 162 188 259 281
113 169 183 246 278
108 175 215 244 273
120 170 181 256 284
101 172 180 236 294
102 141 213 221 270
109 169 195 230 274
124 151 189 258 285
104 148 209 229 272
136 171 216 248 274
138 145 218 231 269
105 167 186 238 261
109 176 199 250 285
102 172 187 248 293
131 165 212 252 283
114 172 220 236 281
101 161 200 252 283
114 159 180 247 264
122 153 208 222 287
137 168 204 234 273
117 151 194 222 290
102 162 218 234 276
115 180 188 245 268
113 165 200 247 267
125 179 218 243 278
104 159 188 247 271
120 161 189 253 285
102 141 200 249 271
103 150 202 228 275
128 154 186 255 264
128 171 194 243 284
115 180 192 244 264
106 153 183 233 263
126 172 199 239 285
112 141 189 246 266
124 177 182 259 271
130 144 209 240 284
138 164 216 227 283
118 148 188 233 279
100 180 207 259 291
138 151 187 225 282
124 168 204 257 270
120 173 189 229 297
112 151 192 229 292
121 165 198 254 278
121 166 204 223 260
111 167 202 257 297
101 140 201 221 292
105 151 203 232 272
134 177 199 242 297
136 173 218 259 277
105 145 213 225 279
122 155 194 243 284
103 147 220 244 283
106 175 201 239 262
126 149 206 244 282
126 161 189 221 273
127 148 183 258 275
100 159 190 231 298
109 149 212 245 276
101 145 203 240 298
101 140 212 231 261
124 180 216 231 269
111 142 194 220 261
100 159 199 249 284
103 142 204 249 262
100 140 196 255 284
122 156 196 222 277
106 176 203 250 297
120 173 185 240 280
115 164 207 220 264
103 141 195 228 273
112 142 203 242 277
106 159 199 245 274
117 162 204 252 279
101 143 204 233 263
137 167 193 228 267
116 159 214 237 276
135 173 204 230 279
107 145 211 227 266
110 163 184 240 284
132 151 209 260 290
125 180 212 235 280
115 175 199 239 271
124 158 187 256 280
105 143 180 237 260
106 154 209 258 299
128 147 201 227 261
138 147 212 226 280
107 163 190 246 280
127 162 192 256 285
118 169 212 236 275
119 143 183 252 298
134 169 183 258 286
105 174 196 220 267
106 172 206 237 260
104 171 213 257 276
107 167 206 238 300
128 157 188 241 275
113 177 190 236 299
110 150 211 222 261
104 157 212 223 272
132 140 211 224 266
112 156 220 234 283
132 160 188 240 271
123 172 206 242 264
107 180 190 240 298
138 151 209 231 292
139 153 182 248 262
126 144 186 242 262
118 170 201 220 295
118 148 181 254 298
113 160 184 223 300
110 161 214 231 271
112 174 184 256 282
115 151 207 231 268
129 180 209 220 261
108 152 192 248 282
114 151 210 222 300
104 167 197 255 284
134 148 201 238 274
105 169 213 242 270
116 154 210 240 266
103 175 210 231 260
126 161 197 226 267
114 144 199 238 278
105 145 195 227 284
109 147 186 247 291
121 168 187 234 285
125 177 216 240 287
114 173 217 254 267
109 143 200 225 286
112 141 196 223 294
110 154 186 256 269
110 140 211 238 292
123 154 197 225 279
121 159 194 221 267
128 140 195 233 287
109 146 191 255 291
125 167 198 232 280
126 174 200 247 261
117 177 197 234 263
125 175 208 227 288
114 142 219 239 288
103 171 207 258 265
110 160 187 249 273
112 158 202 246 261
120 160 213 230 260
123 180 181 260 267
113 169 186 253 269
133 146 215 235 299
140 159 184 223 281
104 149 197 249 273
105 161 193 258 296
102 177 200 258 297
132 148 189 259 299
108 143 208 224 299
127 152 220 225 289
122 167 192 247 266
126 173 184 244 284
115 145 184 252 261
108 140 191 220 260
116 157 214 241 298
119 173 198 225 270
100 147 186 252 298
102 165 189 253 275
123 168 220 260 260
113 159 210 224 298
114 146 212 227 298
131 157 199 259 270
111 173 214 257 300
118 164 218 238 285
132 157 201 249 297
100 151 202 229 291
107 176 214 240 284
136 145 180 220 291
104 161 198 229 269
116 144 209 246 280
105 149 192 248 263
128 174 189 238 261
107 145 216 241 289
113 151 180 238 300
112 180 204 248 267
103 177 182 220 287
101 168 218 243 300
115 149 182 243 283
137 157 198 229 280
106 160 202 221 280
134 170 192 237 270
130 161 181 260 290
109 163 180 243 294
106 167 192 234 278
108 177 206 256 295
136 174 209 252 299
115 175 199 240 261
131 177 182 244 277
104 147 204 234 286
136 166 216 257 264
106 144 204 252 286
132 154 197 256 278
133 142 209 244 296
121 151 217 243 274
103 140 200 260 275
121 144 194 221 272
118 170 188 246 289
129 166 213 258 273
108 174 205 228 283
136 155 182 240 272
118 156 195 247 291
139 160 216 246 266
103 150 203 226 286
111 145 212 225 263
134 162 207 229 281
125 160 199 220 298
140 147 218 228 290
121 174 198 257 279
130 178 195 251 275
136 175 207 228 280
109 174 220 242 293
133 164 210 225 284
126 141 198 257 291
123 180 198 254 286
131 176 200 247 293
107 170 180 231 274
137 153 205 248 280
103 158 218 221 294
102 174 202 247 277
113 180 203 244 263
120 167 203 251 279
129 157 181 229 271
130 171 190 238 263
104 180 197 248 295
120 160 206 226 276
124 149 209 241 275
104 169 194 233 293
124 147 181 233 263
137 178 193 245 281
109 149 201 246 297
124 154 180 223 291
112 168 189 237 260
136 179 194 252 300
102 160 191 236 297
133 168 195 224 290
120 169 188 248 296
130 177 196 251 281
136 167 190 251 280
100 155 195 231 288
118 145 195 255 284
120 174 212 240 287
103 179 212 230 284
130 170 180 228 272
102 159 180 226 275
106 175 213 252 297
121 151 186 233 287
137 175 212 258 272
128 144 182 242 273
110 172 218 238 272
126 146 203 232 298
123 172 206 239 287
105 164 193 223 293
114 173 200 257 297
139 179 201 245 297
119 168 216 224 265
113 160 215 232 295
123 163 218 235 267
117 147 197 235 279
110 152 195 222 265
113 169 197 248 285
108 140 220 250 264
130 146 216 222 261
3849 5414 6264 7965 10109
3031 3584 4521 5818 6850
5023 7576 8412 11406 11714
5124 7533 8909 10974 12437
3922 4967 6302 6621 8681
3652 4544 5895 6165 7705
2221 3068 3897 4005 4942
1710 2166 2660 3233 3819
4903 5228 7821 8073 9910
2071 2808 3177 3785 4506
5191 7160 9513 10762 13499
5542 7748 8243 11485 12025
4737 6200 8953 11147 11405
1531 2096 2408 2853 3502
1687 1856 2372 2793 3562
3665 4565 6302 7574 8318
6357 8508 9209 11259 13560
3463 4328 5706 6246 7165
5200 8338 10348 12554 13044
5365 7669 9174 11854 12935
3574 4648 5316 6418 7927
4837 5503 6413 9075 10405
3238 5128 6217 8298 8522
3612 5398 6974 8445 9495
1337 1688 2108 2449 2990
3311 4320 6029 6982 7570
1991 2520 3337 3881 4554
2867 4324 5183 6171 7732
1521 2663 3159 3474 4360
5501 5953 8701 9562 11162
2095 2762 3825 4546 4762
2788 3842 5922 6166 7435
5378 6281 8086 9358 10793
4450 7180 8061 11318 12110
4349 7361 8222 10244 11964
1894 2404 3307 4379 5059
1261 1658 2220 2760 2892
5023 6431 9117 11186 12814
3516 4619 6128 6505 8304
5607 7158 10009 11760 13160
6447 7276 9623 10405 13534
2557 3508 5359 5559 7386
3760 4274 4895 6436 7084
2950 4328 5166 6652 7354
4753 5930 8661 9417 12065
5769 6500 9469 9641 12652
3892 5262 7409 9260 9926
3788 3815 5679 6003 7057
3339 4892 7236 8293 9217
2306 3711 4655 5898 6059
2548 3452 4272 4650 6247
2951 4125 4954 5920 6220
2398 4056 4563 5322 6910
3817 4718 5708 6939 8980
3598 4490 5273 6976 7516
3255 5020 5665 6337 8354
2272 3616 4585 5686 5730
4382 5363 7289 7919 9250
5004 8044 10250 12064 14024
4733 5278 6196 7897 9564
2485 3326 3977 5449 6289
1914 3032 3627 4636 5140
4753 6056 7779 10384 11350
4455 4840 6056 7817 9290
5159 6540 8381 10774 13719
1639 2168 2336 2913 3562
5771 7884 8897 10349 11890
3780 6076 7705 9186 9889
6247 8408 9272 11817 14218
2867 4090 5521 6224 7238
1822 2483 2949 3489 4390
2884 3326 4251 5070 5890
1719 2296 3353 3561 4779
1658 2257 2543 3298 3806
1719 2456 3273 3786 4202
1305 1724 2099 2793 2881
1651 1940 2240 3010 3202
5047 6528 8169 9369 11010
3458 4242 5490 6854 8014
1575 2402 3075 3173 4070
6587 7481 9503 11524 13264
3670 5552 6609 7830 9910
5481 6447 9853 11233 13764
5247 6768 8169 9049 10970
6035 7708 8412 9821 12682
4795 5556 6963 9244 10194
3448 5123 6333 7449 8721
3817 5854 7594 9371 10259
4999 6728 8649 11146 12971
3815 5380 6741 7592 9088
1982 3238 4132 4874 4969
5094 8408 9417 12058 13306
3883 5958 6877 7897 9224
4423 5736 6984 7721 9482
1767 2280 3017 3722 4187
4009 5112 5867 6621 7579
1267 1772 2385 2974 3466
4807 7544 9321 10810 13691
5194 6716 7184 8823 11593
5249 8485 9368 12456 13485
5039 5817 7298 9000 10259
4615 6236 6740 9153 10630
4754 6964 8798 10397 14017
6117 8092 10302 11994 13358
2882 4125 5000 5667 6289
2443 3242 4335 4629 5848
3447 5588 5898 7697 9031
4804 5545 7965 10072 11281
2478 4256 5121 5409 6802
4867 6200 7533 8613 9730
4327 6768 8769 8849 11490
4396 5288 7038 7929 8722
4478 6759 7963 10803 12653
4452 5923 7709 7989 9600
6037 7748 8379 10585 11710
3293 4503 6302 6861 8784
4111 5480 7038 9700 11373
3082 3558 4609 5585 6911
2836 3803 4931 5598 6887
2889 3241 4431 5664 6368
2907 5171 5403 6622 7927
4151 6483 6705 8779 10370
6171 8104 8841 10221 12660
2863 3464 5001 5434 6250
3625 4463 5517 6138 7462
6391 7544 9561 10665 14410
1814 2101 2465 3038 3858
4921 6599 7223 10072 11008
4407 5768 7209 9690 11211
4642 6803 9144 10765 11890
5895 6448 8519 10267 13719
3367 5000 6313 7626 8874
1107 1625 2099 2672 2992
1987 2558 2858 3835 4000
2487 3388 4189 5109 5630
2230 2744 3714 4551 5692
6171 7230 8702 11831 13764
3679 5660 6777 8254 10235
5199 6212 8853 9822 12155
4336 5780 6706 8964 9889
2387 2864 3443 3834 4906
1967 2486 2921 3229 4014
1603 2136 2641 3398 3986
4257 5176 6128 8646 8952
3849 5312 6570 8476 10176
4219 5897 7458 8980 11048
2487 3328 3629 4550 5350
4631 5822 7013 7795 9428
6217 8150 9945 10129 13120
2606 4033 4471 5622 6013
2032 2468 3173 3699 4510
1077 1598 1909 2470 2760
5859 7488 8016 10349 12374
1717 2288 2994 3505 3970
4890 6960 8985 10921 13166
2607 3208 3969 5070 5530
2113 2870 3645 4420 4708
5807 8208 9109 12160 13060
5067 7796 8500 10789 13122
6247 8072 9848 12393 13642
5898 6328 9082 11103 12394
3355 4868 5057 6625 7246
4312 5888 6728 8619 10475
4882 6950 7614 9721 10189
3517 4324 5286 6587 7524
4807 6048 7209 9050 10971
1735 2536 3401 4138 4186
1272 1614 2308 2628 3013
1371 1713 2264 2870 3035
3226 4706 5751 6389 8218
4487 5727 8209 10090 11850
2598 3920 5265 6250 6586
3509 5788 6435 7626 9224
2059 2582 3609 4456 4726
2911 4184 4521 5385 6538
4662 5433 7394 8024 10160
5554 7619 8307 10759 12050
1127 1558 1829 2290 2610
3679 5278 6231 8476 8918
1639 2144 2625 2853 3358
2230 2858 3790 4779 5596
3777 4996 5751 6505 8565
1670 2728 3177 3962 4330
3652 4787 5489 6489 7759
1953 2121 2640 3608 4056
1969 3158 3573 4329 5068
2907 4383 5484 5784 6835
4956 6868 9662 11672 13584
4414 6872 8238 8706 10891
2081 2830 3102 4174 5110
1449 2206 2669 3566 3664
5527 6770 9301 10912 12430
5425 6544 8523 9469 12825
2747 3568 3648 4789 5970
5389 8196 9024 10589 13534
2485 3578 4188 5260 5554
4697 5993 6378 8619 10335
3577 4718 5799 6819 8560
5167 6371 9383 11017 12738
4706 7810 10208 11525 12418
2329 3435 4540 5806 6911
2514 3987 4332 5967 6174
2477 2801 3790 4608 5311
3367 4658 6429 6609 8530
1897 2906 3447 4474 4942
5116 6911 7028 9135 11047
1860 2422 3630 3784 4532
4155 5006 7047 8000 9360
2251 3051 3170 4396 4583
5009 5953 8537 9562 11613
4871 5365 7419 9700 10422
1267 1688 2009 2309 2670
3769 5882 7104 7401 9481
2889 3968 4805 5465 5840
2327 3468 4349 4729 5410
4019 5346 7047 8102 9054
5137 7118 8964 10449 12565
2507 2888 3869 4409 5931
3851 4782 5620 7512 8318
1944 3105 4189 4379 5691
4552 6938 8739 11215 11755
2868 4760 4949 7030 7651
3031 4040 4809 5721 6394
5207 6008 8089 9169 10970
2629 3987 4632 5668 6105
4951 7064 9129 11002 13403
5911 7976 9513 10953 13738
2399 3665 4195 5622 6405
3085 4220 5733 5949 7867
4333 7484 7737 9669 12022
2674 3032 4293 4714 5575
2447 3268 3989 5150 5250
4671 6696 7973 9954 13123
1338 1878 2330 2715 3310
3283 4656 5553 6673 8298
2062 2708 3038 3639 4060
4952 7619 8178 9727 12652
4715 7444 8677 10085 12242
5357 7908 9359 12360 14160
5803 7400 9249 10761 11265
2268 2896 4113 4265 5596
4951 7256 10329 11338 13258
4965 5372 7298 9149 10481
1406 2360 3019 3258 3706
3591 4648 6217 8330 8746
3847 5198 6489 6969 8620
6082 6803 9189 11305 12115
2087 2375 3401 4025 4490
1476 1854 2765 2922 3468
3576 5433 7674 8410 9355
2632 4333 4959 5834 6910
5207 7358 9459 12110 15011
4995 6759 8007 9642 11793
5665 7552 8933 11326 12292
1627 1735 2421 2913 3478
3261 5588 5867 7853 8876
5446 7701 9809 11525 12946
4699 5754 7421 7999 9632
4312 6076 8209 9317 11614
4151 5447 6965 8705 10519
4669 6261 7260 9185 11073
2126 3248 4249 4790 5550
5838 8142 9613 11524 14563
6262 7883 9639 11664 12070
1306 2244 2817 3273 3585
2581 3792 4078 5466 6390
2932 3857 5409 6460 7135
3859 5840 7065 8974 9874
2928 4102 4862 5391 6657
1878 3194 3591 4077 5068
2295 3506 4343 4872 6105
2306 3468 4409 4889 5910
1675 1916 2565 2853 3154
1230 2096 2168 3046 3262
2023 2672 3843 4672 4978
2707 3348 4409 4609 5930
2228 3198 4783 5444 5796
5054 6868 10397 12358 13093
1424 1971 2439 3286 3898
2974 4992 5861 7037 8382
2882 4058 5359 6460 6860
4965 6335 7446 8704 10481
1969 3050 3465 4672 4816
2787 4247 4949 6976 7624
2560 3343 4747 5300 6266
1337 1718 1868 2409 2860
5143 7592 10041 12154 12538
3261 5557 5930 7822 8349
5452 6848 9144 11169 13150
1672 2198 3219 3565 3925
1581 2198 2904 3835 4406
5009 6486 8086 10670 10875
3814 6094 7149 8169 10006
3107 4813 6271 6830 8257
1914 3212 3627 4455 5230
2485 2968 4377 4776 6248
4291 5048 6849 8182 9370
5757 8008 10959 11859 14060
4151 5410 6780 9371 10333
1367 1468 1889 2299 2910
5158 8058 9623 11095 13350
5087 7128 7329 9089 10490
4804 5584 7614 9799 11476
5506 8233 9315 10725 13828
6055 7256 10137 10665 12922
5297 6540 9117 10175 13351
3115 4264 5973 6562 7458
4435 5871 7717 10301 10752
1435 1784 2445 3130 3310
6033 7322 8748 11602 13396
4161 5061 6581 7697 8659
6707 8358 9408 12960 14310
3495 5000 6793 7497 8906
2572 3314 3561 4284 5159
1659 2136 2767 3104 3692
5362 7838 9054 10404 13240
5038 6794 8199 8979 11632
3103 3968 5265 5673 7066
2306 3711 4839 5230 6335
5769 7490 8694 11060 11491
1522 2333 2904 3625 3925
5365 7246 10255 11853 13593
1684 1827 2453 3025 3898
1860 2660 3238 4328 5110
6070 8374 8750 12088 13969
1525 1768 2131 2616 3288
2779 2969 3789 4861 5975
2359 3599 4608 4692 6037
6407 7407 10309 12059 14510
3087 4992 5805 6393 8018
6217 8104 9393 10773 13028
1579 2000 2409 3082 3262
3495 4680 5865 7530 8555
5047 6533 9504 11575 12250
2727 3348 4169 4409 5610
2648 3028 3999 4702 5520
2918 5048 5665 6757 8326
1591 1783 2541 3033 3538
2889 3176 4585 5290 5752
5047 6568 7929 9169 11370
3246 5078 6069 7810 8500
3892 5299 7261 8816 10667
4802 5433 6868 8444 10055
2215 2295 3273 3946 4282
3324 4379 5899 7295 9311
1814 1997 2752 3155 3442
4522 5888 6658 8619 9810
4669 7358 7568 10720 11938
5287 7112 10425 11866 12970
5479 8024 8841 11434 13210
4375 6950 7614 8628 10540
4407 5808 8409 9209 11851
4327 7128 7449 8889 11531
2863 3725 3872 4881 5491
5103 7456 10348 11034 13976
4687 7388 8154 10675 12836
6355 8012 9945 11371 12982
2907 4033 5259 5584 6560
4277 5608 6588 9110 10090
1207 1608 2079 2359 2750
6117 6964 9033 11901 12888
2647 3128 3949 4689 5930
2815 4220 4897 6744 6770
5061 5327 8331 8825 10612
1490 2458 2921 3594 3734
4461 5482 7353 8101 9870
4130 4813 6147 7667 8659
3339 5048 5385 6982 7374
1894 2541 3409 3971 4430
1953 2346 2682 3467 4196
6037 7478 9324 11665 11890
2217 2558 3460 4277 4651
5727 7048 9601 10525 12286
4921 6686 8241 9753 11980
1944 3428 3752 4779 5254
2192 2705 3828 4874 5691
2859 3987 5046 5598 6680
4823 7318 8050 9814 11577
4039 4551 6889 8010 9130
4963 7442 7568 10804 11476
2443 3599 3936 4629 5932
3417 5278 5961 7605 8814
2449 3242 4541 4893 6303
4886 6814 8537 10670 10875
2087 2472 3000 4122 4682
6263 7736 9071 10221 13442
6493 8421 10066 11477 14063
6125 7230 9163 11694 12154
4627 5223 7569 8655 9250
4359 5176 6298 8748 9326
2905 3346 4587 4965 6310
4067 4184 5373 6912 8217
2169 3599 4566 5218 5785
5083 7669 9832 10866 13640
5152 7211 9711 10888 13927
3719 4155 5345 6883 8276
3606 6056 6560 8830 10379
2215 2583 3272 4121 4794
4207 5188 6484 7780 9986
4609 6521 7067 9330 11671
4121 5448 6537 7762 9122
3855 5521 7964 9408 9630
4951 7103 8953 11189 12738
2437 3194 3518 4059 5302
1859 2830 3749 4021 5093
5757 7046 9071 11142 12890
3571 4517 5192 7030 7219
6679 8120 8696 11241 13402
5159 6908 8519 10452 13489
5711 7644 9070 11648 12798
2473 2707 3807 4599 5068
2103 2808 3321 3881 4618
3817 5288 6309 7539 8590
2567 3428 4209 4769 5230
4699 5584 7421 8339 9530
2832 3958 4859 5659 7461
6257 7408 9659 11359 14961
3199 4280 4496 5337 6922
2550 4112 4785 6130 6874
4149 5632 7875 8483 11297
4506 6938 9099 11530 12025
2401 2724 3980 4570 5292
1591 2000 2649 2973 3130
2716 3242 4167 5176 5806
4258 6287 7809 9877 10657
2017 2513 2723 3760 4195
6475 8044 10201 10887 12995
1843 2870 3321 4672 4708
4706 7669 9550 11948 12230
4242 5643 7289 8619 9915
1615 1988 2216 3034 3202
3921 6544 7457 9206 9928
4906 7014 10544 12260 14220
1363 2024 2204 3010 3562
3647 4908 5160 7234 7514
3055 3391 4905 6202 6442
3463 5640 6633 7754 8522
4804 6117 8619 10588 10916
3157 4298 5799 7660 8560
2401 2858 3562 4265 5350
2698 3573 4471 5253 6888
1305 1646 2407 2836 3233
4155 5176 6469 8170 9904
3020 3619 4977 5207 6588
6401 6539 9255 11095 13442
5046 8600 9897 12105 14170
3906 5780 8121 9058 11243
4529 6772 6886 8635 10878
2632 3158 4062 4651 5554
4651 6308 6848 8613 10234
5287 8168 10281 12058 12778
5595 6256 8501 10394 12506
1521 2498 2813 3730 4496
3110 4880 5461 6999 7724
3934 5915 6212 8227 9118
3604 4759 7071 7665 9911
3927 5818 7464 8689 9950
2606 3986 5599 6249 7784
2527 2870 3879 4131 4870
5857 7433 8198 11485 13150
1207 1487 2089 2590 2880
2575 3872 4328 5938 6730
1799 2024 2977 3145 3748
5407 7253 9639 10269 13465
1183 1955 2363 2528 3035
3179 4012 5131 6041 7264
5887 7112 10397 12357 14514
2610 3143 3885 4189 5672
3806 5112 5780 7376 7608
1495 2000 2481 3022 3190
3479 4768 5525 6898 7626
5607 6168 8089 9929 10890
6352 6776 8656 10490 14111
5061 6430 7875 9662 9890
3787 5912 7209 8398 10054
3337 5228 5738 7059 9010
3407 3782 5159 6159 7210
4034 6316 7609 9282 10878
2779 3725 4335 4650 5827
5182 6668 9189 10855 12250
5771 7840 8280 10217 11978
4327 6452 6524 9153 10810
4087 5142 6638 8442 10176
1077 1538 2159 2340 2690
2590 3473 3809 5070 6247
4767 4767 6605 8102 9496
1247 1738 2179 2209 2870
1471 1976 2553 2925 3238
5155 6013 8550 9486 11164
5459 8233 9503 11383 12653
3057 4183 4859 5959 6960
5665 7368 8979 11832 12384
4086 7128 8449 10250 10530
4795 6544 6848 9700 9928
2845 3132 4431 4915 6082
2040 2725 3524 4798 5045
4393 6286 7921 10115 12911
4393 5142 7013 7489 9972
4527 5928 7209 9130 11211
1411 1893 2635 3156 3455
5087 5848 8129 9690 10610
1398 2023 2362 2935 3443
2790 3780 4701 5115 6036
4000 5222 6444 8326 8854
1987 2618 3294 3504 4375
1603 2120 2361 2721 3202
1492 1702 2286 2517 2947
2610 3352 4075 4930 5102
4130 4658 5775 7047 8256
1007 1548 1859 2440 2610
2427 3308 3628 4469 5831
3367 4838 5589 7090 8621
3307 3608 4784 5634 7186
2815 3726 4767 5886 7759
3361 4584 5599 6353 7628
4837 7460 8979 11832 12384
1347 1427 2149 2580 2630
5425 6587 8394 10717 12308
4399 5660 6993 8109 9982
5339 7103 9297 10759 11835
4429 5420 6114 7632 8920
4795 6240 6886 9814 10688
4669 6434 8829 10384 11014
3340 4727 6906 7699 8854
5671 7304 9369 11530 12682
1306 2101 2674 3247 3598
4151 5484 7816 9001 10074
4339 6810 7570 9281 11144
2215 2552 3417 3577 4618
1315 2168 2204 2721 3503
3457 3658 5434 5584 6510
1687 2248 3097 4010 4378
4103 4776 6473 7049 9290
2295 3220 4409 5180 6105
3547 4207 6219 7570 8740
4101 6950 8043 9018 11359
4957 7118 9099 11665 12430
2127 3200 4440 4734 6017
3777 4648 5548 7289 7782
4450 7444 8457 10614 12506
5318 6964 9409 11384 13875
3021 3506 4409 4981 6566
5857 7508 10009 12460 13010
2868 4057 5787 6895 7894
4099 4751 6209 8070 8411
1863 2712 3016 3881 4682
2107 2258 2874 3610 3985
1502 2270 2752 3325 3416
5635 6266 7694 10216 11938
4597 5754 7455 7999 10210
2275 3515 4188 5449 5575
1533 2486 2711 3468 3832
1237 1438 1849 2450 2891
5683 6070 8394 9512 12696
4521 6557 7593 9444 10555
4407 6388 8985 9998 12551
4295 4679 6665 8266 8810
5683 6344 7929 10438 11978
3238 4679 6441 8266 9578
2735 3704 4167 5047 5906
1247 1638 2109 2540 2760
4033 4991 7170 7863 9019
5389 6599 7301 10032 11047
5642 7897 9368 11721 13485
4333 6098 8199 9418 11813
2103 2584 3049 3786 4186
5382 7705 7877 9684 12781
5191 6872 9801 10665 14027
2183 2949 3562 4259 4787
5542 6363 8373 9808 11777
5004 7456 10593 12603 14024
1767 2744 3193 3770 4170
1627 2108 3234 3444 4316
4753 6812 8661 9459 12610
3679 5448 6911 7864 9428
4585 6686 8367 9459 12401
2275 2708 3699 4005 5212
3328 4679 5192 7030 7840
5898 7232 8609 9684 12652
2239 2564 3537 4132 5032
5447 6448 8449 9969 10810
1867 2153 3024 3775 3985
3255 4264 5973 6673 7850
3984 6521 8316 9292 10462
3541 5495 6767 7418 8225
5481 7414 9945 11510 12062
6671 8828 10348 11377 13730
2907 4387 5461 6477 8044
4375 6794 7067 9487 10657
1492 1779 1999 2848 3046
3911 5160 5960 8170 9354
2234 2558 3187 4345 4889
2227 2968 4249 4449 5811
1842 2600 3555 4402 5339
4837 6056 9123 10132 11224
6132 8730 9955 12700 14416
6103 8360 10041 10665 13450
2779 3536 3978 5071 5575
4647 6968 8049 9009 10690
4435 6380 7893 8901 10450
1187 1788 2059 2279 2980
2126 3348 4089 4930 5550
1687 2402 2753 3243 3958
6573 8730 10495 11818 13485
4263 6088 7609 9206 9966
3311 4180 6085 6309 7570
2007 2504 3257 4154 4314
2329 2708 3357 4114 4744
5767 6938 9414 10179 11845
3387 4012 5625 6093 6926
6958 7858 9059 11560 13060
4531 6638 7185 8629 10384
4891 7180 8721 10130 11978
3143 3984 5777 6393 8103
3611 4836 7455 7557 10143
2867 3726 5495 5860 6926
1543 1735 2637 3130 3190
1435 2048 2180 3082 3202
2115 2728 3290 4260 4566
4099 5123 6642 7863 9712
2383 2834 3266 4600 4780
1671 1906 2440 3312 3546
4172 5293 6449 8865 9635
3535 4516 5272 6898 7822
4183 5948 7497 8217 9766
2387 2558 3102 4226 5008
5191 8072 8696 11290 14075
4726 5662 8082 8862 11633
2869 4085 5004 6544 7733
1567 1879 2739 3025 3780
2422 3964 4286 5668 6450
3802 5090 7005 7863 9382
4626 7148 8619 10762 12148
3507 4600 5440 7122 7710
4495 5354 6906 7434 8755
4951 8456 9801 10761 12970
1911 2312 3369 3545 4442
2272 3462 4233 5510 6589
1218 2084 2517 3094 3130
4117 4448 6369 7179 8110
5542 7478 9729 11214 13375
6079 7048 8324 11273 13210
3153 4246 5339 6406 7134
4046 5888 8449 9970 11130
1423 1820 2541 2649 3490
1287 1738 1878 2560 2630
5047 7838 8198 11665 12025
2285 3034 3238 4106 4753
3591 5384 5769 7338 8714
6426 7652 10397 12407 12995
3507 3507 5134 6034 7135
2905 3734 4931 5161 6404
2347 2780 3789 4510 4870
3436 3869 5355 6193 7138
2922 4733 5138 6462 7975
2669 3153 4651 5355 6456
4068 4329 5432 6418 8101
6309 6723 9991 11187 12384
4909 6199 8824 11018 12781
1825 3068 3425 4413 4872
2347 2807 3788 5190 5990
2444 3895 5069 5414 6358
1975 2392 3017 3657 4811
5157 7358 10159 11309 14661
3135 3274 4425 5760 6128
3006 5318 6579 6759 8380
1247 1708 2089 2399 2760
3423 3955 5217 6646 8355
5957 8208 9708 12810 14510
5495 7505 10348 10838 14221
5251 7414 9255 10129 11970
6247 6968 9561 11049 13450
3959 6240 6849 8940 10499
3894 6344 6920 8613 10486
5984 6931 8394 10028 11233
2607 4142 5157 5912 7317
1749 2075 2661 3299 3416
4127 6248 7329 9010 11211
4407 6648 7288 10330 11490
5083 8139 8845 10913 13217
4462 5684 6575 8358 8920
3892 5888 6553 8409 10405
4551 8018 8333 10494 13466
4347 5402 6394 7418 9155
3681 5993 7079 9110 9705
5113 6298 8001 8371 9889
2807 3708 5334 6060 6635
3510 5557 6302 7108 8380
6407 8208 9958 12659 14810
4311 7347 8044 10670 12105
2493 3550 4255 5642 5774
3682 5153 7499 8305 9810
3436 4355 4868 6489 8029
2023 3104 3410 4474 5068
2787 3268 4168 4889 6010
2918 4880 6029 7094 7486
4046 6208 7969 9289 11811
2363 2667 4151 4532 5178
5567 6688 8449 9209 10850
2306 3826 4632 5967 6749
2382 3029 4170 4398 5387
5111 6872 9073 10658 11450
4207 6266 8073 10804 11224
2949 4814 5138 6786 8029
1173 1988 2198 2484 2914
5803 6433 9165 9543 12400
1360 1977 2043 2605 3222
2135 3219 3999 4417 5102
5095 8648 10089 10953 12826
1719 2248 3449 3770 4538
4257 5516 6673 7557 9972
4359 5192 6185 7209 9098
1407 1407 1828 2540 3000
6475 7946 10201 12063 14514
1831 2248 3289 3866 4330
6007 8600 8840 11049 14026
5936 7897 9416 12652 13387
4306 6329 8566 10502 12395
2422 3010 4545 5302 6205
4903 6968 9897 11242 13018
2113 3194 3500 4564 4888
5553 7011 9080 10679 13124
3257 4688 5260 6691 7264
3153 4584 5208 6587 7654
1943 2840 2888 4170 4474
1673 2500 2542 3285 3860
4285 5030 6147 7046 8101
2801 3946 4166 5509 6148
4907 6308 7323 8094 10265
3682 5853 6309 8270 9916
4521 6974 8092 11147 12093
1815 2712 2936 3946 4458
4326 7008 8609 9769 10930
2407 3408 3628 5130 5690
1925 3276 3428 4494 5597
4801 6635 10020 10397 12701
1424 2205 2544 3000 3572
5587 6803 8513 11620 12835
3231 4596 6488 7109 8442
4903 6164 7785 8937 9874
4285 4502 6767 7170 8349
4417 7022 7821 10006 10972
5129 8280 9362 11759 13405
2658 4480 4870 6458 7628
2496 3143 4037 4797 5387
3655 5512 7049 7561 9002
5056 8058 10009 12610 14160
1945 2711 3069 4209 4498
4277 5363 7289 7779 10055
2336 2864 3477 3987 4651
2581 3330 4277 4893 6391
1230 1952 2625 2817 3322
1502 2348 2452 3195 3494
5318 7763 9409 11619 12559
4382 6273 7639 8514 9740
1359 2075 2453 3221 3533
4447 5965 7001 9371 10555
1027 1418 2009 2500 2720
4024 5858 7887 8902 10736
3975 4782 5775 7915 8194
3463 4625 5246 6570 7678
5067 7928 8457 10746 11626
4353 6281 7512 9563 10794
3283 4480 5183 6223 7420
4039 5084 6813 8866 9586
1495 2132 2192 3118 3262
1957 2167 3144 3609 4270
2629 3124 4113 4322 5387
4255 5336 6777 8398 10055
3506 6308 7254 9075 10195
1939 2122 2627 3159 3958
5463 7400 8985 11318 11890
3487 5025 5489 6650 8623
4823 6501 8265 9856 12567
5331 7268 8721 11186 12242
2064 2830 3477 3800 4430
4890 7356 8896 11317 13078
1724 2388 3426 3767 4975
2002 2877 3866 4418 5178
4161 5495 6177 7511 9217
4767 6063 7639 9074 9705
1897 2618 3843 4059 5033
1837 2333 2919 3655 4270
4744 6770 10129 11234 13028
2339 3858 4431 5268 5774
5677 6713 9279 10989 12700
4291 5482 6435 7523 9292
5976 6964 8609 12136 12935
2006 3188 3809 4630 5971
1315 1796 2553 2950 3322
4046 5808 8129 9610 11931
4754 6588 9973 10867 12277
1371 1988 2385 2550 2969
3670 4694 6411 7270 8624
1206 1916 2397 2998 3418
3818 5262 7557 9223 9704
3106 4348 6085 7915 8815
4033 5156 6477 7335 9151
3504 5816 6708 8259 9811
1687 2430 2598 3370 3930
2077 2960 3735 3969 4762
2788 3815 5274 6166 7382
5383 6824 9753 11626 13306
1385 2075 2596 3195 3572
2230 3086 3885 4798 5311
2330 3297 4701 5369 6059
3432 4183 4834 5709 6685
5459 7481 10067 11148 12982
3382 4333 5109 5759 6985
4608 6243 9082 9771 11448
1877 2779 3137 4090 4838
4495 5141 7115 8849 9870
5007 7208 8489 9409 11210
2192 3333 3790 4550 5159
4223 5380 6366 8714 9530
2842 3869 4869 6409 7031
2444 3550 4816 5944 6887
2823 3242 4431 5004 5752
4975 5300 7641 8145 10090
2896 4409 5139 6652 7570
2674 3410 4040 5386 5995
3783 5416 6793 7561 8810
3934 4726 6047 8326 9845
6707 8458 9158 12910 14310
1477 2444 2753 3089 3748
1385 2244 2687 3091 3390
1462 2402 2991 3608 3874
2039 3181 3923 4531 5710
2055 2520 3017 3866 4410
3397 5318 5708 7089 8980
3637 4958 6972 7336 8623
3959 5974 8065 8483 10346
1327 1408 2119 2249 2670
2583 3596 5069 5391 6519
4891 5928 6965 8890 10037
3574 4996 5983 7027 7666
4821 8108 8558 10809 13420
6769 7406 10250 11328 14318
5289 5822 6924 9434 9966
3535 4040 5217 6786 7346
5789 8338 9858 10789 14465
2957 3708 4533 6360 7461
3171 4488 5161 6253 8411
5507 8058 10709 11559 13560
4263 6620 7000 9738 10726
1732 2273 3114 3475 4030
3361 4688 5443 5729 6796
4435 6240 7881 10178 11572
5707 7558 10509 11109 15011
3022 4851 5722 7405 8246
3223 3560 4833 5721 6586
2946 4740 5973 6786 7570
5111 6784 9249 10570 11714
4539 7708 9249 10174 11450
5047 6448 7889 9049 10690
1831 2312 3193 3818 4458
1267 1748 2349 2734 3419
5239 7064 8937 11866 13979
4121 5720 6366 7965 9700
4632 6557 8001 8889 10629
4111 6236 7821 9154 9622
2732 3583 5009 5635 7161
4711 5930 8241 9375 12359
4627 6476 7821 10762 11308
3747 4767 7183 8102 9939
1729 2164 2767 3159 3916
4484 5891 7187 8186 9889
2311 2527 3519 4204 5176
5130 6870 8986 11995 13687
1507 2012 2385 2793 3370
1393 1922 2209 2727 2881
1294 1955 2176 2583 2903
3882 5433 6457 7046 8938
3199 3983 6141 6701 8074
3611 5993 7254 9040 9285
3527 5128 5993 7978 8746
1687 2378 3039 3700 3925
1327 1768 2352 2539 2870
4312 6308 6343 9110 9355
2606 3895 4286 5829 6197
3864 4241 6244 6824 8681
7007 7958 9208 11159 14060
3855 5521 7298 9223 10111
4626 7092 8500 11362 13034
1944 3371 3808 4912 5653
3967 4447 5678 7780 8980
2815 3726 5417 5833 7785
3944 4720 6829 6984 8969
1349 1845 2121 2727 2936
5803 7966 8472 11233 13074
5412 6823 8657 11854 12277
2275 2948 4020 4630 5471
2327 3148 4289 4829 5970
1316 1911 2187 2484 2980
3106 4565 5775 7822 9249
1944 3143 3600 4817 5235
2590 3536 4629 5470 5470
1137 1598 2109 2249 2990
5137 6578 9549 10224 13421
4199 5032 6377 8298 8650
3669 5717 7071 8490 9910
1777 2468 3279 3579 4285
3835 4561 5837 7230 8623
3906 5897 7887 8941 11360
2574 4232 5145 5769 6826
5175 5518 6849 8369 11069
3855 5965 7335 8483 9963
2211 2743 3980 4684 5330
2422 3435 4425 5714 6059
6151 8360 9081 11434 12538
4501 6097 9081 10132 12148
4188 5595 6668 8816 11111
2583 4148 4701 5714 6151
5157 8858 9109 11009 14361
5056 8408 10909 12159 15010
5642 7309 8927 11917 13878
1788 2049 2583 2986 3650
4035 6088 7685 8407 10651
2419 3068 3465 4275 4870
2477 3067 3447 4950 5520
1642 2453 2708 3655 4421
1491 2346 2697 3286 3902
4650 7619 8866 11017 12695
6535 8360 10040 12105 14362
5527 8408 9561 11530 12538
2627 3548 3648 4889 5550
5207 7358 10209 11710 14311
3407 4158 5409 6434 6610
2445 3320 4701 5806 6588
2911 3396 4343 5642 6126
1603 1711 2517 2937 3562
2185 2726 3915 4383 4942
3406 4628 6609 8590 9085
4121 4904 6605 7524 9259
4373 6298 6964 9111 10703
2200 2830 3630 4395 4651
2491 4010 4724 5253 6519
3679 4193 4922 6490 7354
3783 5000 6249 7914 9322
3204 3688 4977 5667 6128
5157 7508 10159 11310 14311
2005 2618 3825 4060 4744
2553 3086 3942 4360 5349
3382 4328 5382 5949 8056
5467 5740 8511 8901 11320
1459 2096 2384 3094 3358
3257 4458 4883 6284 6885
5855 7533 8910 9813 12050
4366 6968 8809 9689 11730
2534 3124 3999 4284 5406
1645 1840 2583 3351 3793
6157 9008 9908 12709 14310
2365 3176 3608 4455 5284
4608 7318 7749 9943 11792
6035 6740 9029 10921 12330
2993 4590 6331 6418 8537
4902 8360 9705 11866 13306
1250 1988 2242 2694 2903
4567 6354 7723 9548 10612
6070 7387 8516 10773 12747
2087 2744 3049 3818 4218
5206 9008 9858 12409 14760
4567 6088 7837 8597 10498
5339 6415 8996 10373 11835
3022 4909 5635 6766 8507
4347 5153 6344 8165 9215
2610 3390 3675 4664 5349
2405 3286 4431 5422 6544
4223 5244 6129 7591 9905
4599 6896 7758 9727 10670
2999 3946 4276 5553 6610
3780 5928 7076 8742 11000
2667 3368 3909 4489 5810
4087 5754 6400 8441 10074
1567 2132 2360 3021 3382
2863 3515 3998 5280 5890
1706 2643 3324 3937 4907
5081 6243 8394 10975 12222
1807 2618 3189 3609 4315
3199 5557 6581 7139 8814
6117 7998 8468 10725 12794
1639 2552 2889 3626 4411
3504 5783 7038 8325 9811
4121 5142 6333 7932 9769
2062 2633 3189 3879 4090
4103 4616 5833 7754 8746
3307 5168 6549 7149 8170
2401 2781 3866 4417 5672
2467 3448 4129 4789 5750
3472 5420 6378 7368 9680
1944 2949 3408 4378 5059
3065 3946 4430 5399 6544
4648 6560 8433 8745 10345
4527 6408 8609 9289 11810
3328 4409 5895 6354 7219
2464 3095 4146 4945 5869
1217 1680 2154 2452 2926
5092 7613 8874 11170 12835
4003 5187 8149 9260 9778
5857 6578 9729 9999 11755
