1000 10 5
5 82 31 25 54 89 60 51 86 91 62 0 22
10 91 96 52 27 65 27 72 79 85 40 0 49
4 39 41 27 94 82 80 68 35 51 47 0 17
5 66 37 99 64 88 92 48 92 67 99 0 21
10 46 29 21 33 93 88 79 38 21 59 0 49
7 85 71 34 86 52 21 74 72 39 56 0 32
9 67 36 21 86 50 22 40 24 86 94 0 44
4 22 55 82 28 97 31 51 34 89 28 0 17
7 68 36 72 27 52 41 61 82 89 76 0 31
7 38 97 46 80 59 47 48 43 59 61 0 34
10 36 93 78 26 95 90 28 55 24 23 0 50
3 41 52 34 35 86 70 24 38 30 87 0 11
9 55 20 29 95 73 55 70 96 41 23 0 42
2 93 75 60 53 78 58 44 26 45 75 0 10
6 71 63 58 28 76 85 79 39 87 81 0 26
10 52 60 29 32 95 51 69 26 64 59 0 49
3 39 88 46 65 97 90 22 64 66 80 0 12
10 78 86 75 26 40 48 52 95 81 92 0 48
10 72 80 65 69 30 64 72 51 22 28 0 46
6 29 72 36 37 72 79 30 29 53 52 0 27
3 44 79 82 25 26 68 65 97 36 22 0 11
3 82 91 51 23 34 37 69 21 77 45 0 12
8 66 69 83 92 88 69 27 94 81 77 0 37
10 82 25 62 85 54 60 47 46 64 41 0 49
3 62 43 32 78 89 36 47 90 32 21 0 14
7 88 67 30 31 76 54 81 53 90 32 0 32
3 33 20 72 39 74 94 82 78 44 92 0 11
10 25 78 75 71 92 80 68 29 62 25 0 50
6 43 47 91 92 47 55 78 56 90 41 0 30
7 41 45 62 31 83 62 63 60 36 28 0 34
3 55 69 61 57 88 28 39 81 21 90 0 15
4 75 85 83 72 59 77 59 89 74 64 0 16
9 27 91 48 46 82 35 84 87 72 44 0 43
10 23 69 68 63 70 90 40 55 69 27 0 48
9 49 44 36 66 51 49 54 37 53 91 0 42
3 48 76 42 79 30 37 54 50 66 50 0 13
5 46 88 26 80 80 31 45 26 63 55 0 22
6 27 36 67 93 93 60 51 72 90 85 0 29
8 24 26 57 34 27 34 93 74 40 68 0 40
10 99 99 31 90 57 51 49 37 73 69 0 50
10 23 67 32 45 53 34 56 28 54 42 0 49
5 56 27 72 23 78 34 45 59 22 52 0 25
9 67 44 57 85 71 79 69 44 28 75 0 42
8 85 61 91 22 83 72 66 59 55 93 0 37
6 84 66 20 74 88 54 44 93 94 31 0 28
3 33 89 67 31 68 71 28 53 26 80 0 14
4 57 82 70 99 30 68 70 45 50 40 0 20
4 85 53 79 99 68 45 90 65 69 67 0 16
8 59 49 85 32 32 38 62 37 71 65 0 36
10 77 71 52 47 49 56 70 33 36 95 0 49
3 92 79 55 54 61 67 37 23 43 88 0 12
4 63 66 95 64 80 81 77 49 91 23 0 19
8 83 53 56 41 71 71 70 95 63 71 0 39
4 39 57 40 38 71 88 21 97 69 35 0 20
9 24 67 58 68 77 40 49 82 97 45 0 45
7 36 36 47 82 77 78 75 21 78 48 0 34
7 77 96 50 53 30 21 61 68 88 70 0 35
7 23 22 55 74 71 44 77 91 78 30 0 35
8 87 66 43 57 55 52 87 88 49 45 0 38
4 93 27 33 58 85 55 72 51 82 85 0 16
7 91 47 39 39 43 70 97 60 22 27 0 35
10 53 39 27 97 79 70 39 65 99 91 0 49
9 37 71 81 51 96 84 62 69 99 58 0 43
9 35 56 93 47 25 91 78 96 33 79 0 42
10 34 35 42 64 84 49 69 79 64 92 0 47
8 74 84 53 89 77 93 97 73 73 91 0 36
6 70 96 30 68 96 21 48 59 56 44 0 27
6 28 41 25 99 44 52 56 29 53 75 0 29
8 44 86 83 78 21 43 41 74 40 39 0 38
10 20 30 33 28 27 64 87 97 26 61 0 50
8 74 58 75 47 60 63 48 27 76 70 0 36
8 21 46 74 80 96 33 89 83 24 28 0 38
7 93 62 83 98 67 74 59 37 67 23 0 35
3 28 23 38 20 50 48 35 90 44 85 0 11
4 60 30 28 20 26 99 58 54 94 77 0 16
7 28 71 93 65 83 97 54 30 73 86 0 32
10 37 56 47 69 42 25 78 94 53 29 0 50
6 63 70 88 82 70 55 47 47 81 40 0 26
9 51 56 91 34 55 78 47 93 97 68 0 41
8 71 52 40 87 91 82 30 31 96 22 0 38
5 40 82 32 62 81 44 80 58 28 82 0 21
5 97 42 76 90 62 33 90 45 50 21 0 25
10 68 76 77 31 68 99 66 33 23 94 0 50
2 76 70 76 26 22 46 80 45 98 21 0 10
4 61 96 80 63 21 23 64 84 36 54 0 19
7 26 98 68 33 89 73 26 91 82 90 0 32
10 56 63 20 57 90 75 24 69 25 94 0 50
7 35 20 21 89 83 75 46 79 30 50 0 31
3 69 91 96 51 42 40 65 35 69 85 0 12
4 74 24 50 96 84 93 70 22 23 73 0 18
5 67 24 56 50 31 54 38 38 67 96 0 23
8 73 45 80 20 50 62 94 81 43 38 0 38
10 73 70 97 99 60 65 58 65 25 72 0 48
4 45 90 87 73 60 47 23 75 22 37 0 16
5 36 98 48 30 82 93 92 87 89 62 0 24
7 28 96 72 97 50 31 94 20 48 38 0 35
10 41 83 89 74 38 49 58 73 74 76 0 50
8 95 27 87 87 68 43 69 97 69 92 0 38
7 65 35 87 83 74 72 58 56 47 67 0 31
9 54 61 31 85 80 37 77 78 80 53 0 41
7 50 34 65 49 90 58 44 21 36 36 0 31
9 96 39 28 57 54 83 92 88 20 98 0 42
9 79 38 89 59 54 53 95 95 20 29 0 41
8 48 24 88 25 27 30 70 75 68 69 0 38
10 33 95 91 61 60 38 64 95 70 68 0 48
6 49 31 50 88 59 95 26 34 55 27 0 28
7 81 71 30 76 69 46 74 63 53 89 0 34
2 72 26 76 28 54 42 33 65 29 78 0 10
7 42 97 58 74 26 91 41 47 90 48 0 33
2 74 48 93 44 90 51 33 74 39 59 0 10
10 31 54 97 62 92 71 66 41 97 68 0 49
6 84 29 79 68 86 42 47 49 37 61 0 29
6 31 26 22 76 33 78 65 88 82 90 0 29
4 66 28 20 28 63 99 32 63 27 50 0 20
9 77 28 67 80 61 86 96 84 29 43 0 45
9 87 64 89 85 55 30 21 58 68 68 0 45
10 29 69 80 68 21 81 26 49 44 38 0 47
7 65 63 25 25 81 65 52 40 93 94 0 35
9 48 78 39 97 96 63 51 62 65 22 0 42
6 87 36 93 75 75 29 90 69 76 60 0 28
6 68 86 60 70 40 61 58 59 30 33 0 27
4 98 73 83 32 45 41 92 94 25 84 0 17
10 74 86 71 22 45 51 62 93 87 47 0 50
5 23 25 78 67 53 69 76 40 38 90 0 23
7 90 89 50 46 68 30 44 40 31 57 0 33
3 57 26 27 55 68 51 36 50 92 73 0 13
3 44 94 41 82 25 26 52 69 54 26 0 14
3 88 86 38 38 38 32 79 94 75 91 0 11
7 88 28 75 70 34 34 31 70 44 34 0 32
9 89 22 71 51 31 58 87 63 28 32 0 43
5 76 69 67 21 90 61 57 80 52 69 0 23
5 69 43 82 54 51 34 59 54 79 78 0 24
4 86 79 49 57 91 78 27 88 75 42 0 20
8 41 73 44 54 31 62 20 76 29 95 0 40
7 96 32 23 79 58 24 29 25 61 99 0 34
9 51 29 86 95 51 66 49 78 88 36 0 44
10 93 66 48 21 86 69 45 67 28 94 0 50
3 53 45 22 49 59 35 29 69 98 30 0 14
4 28 64 65 91 66 62 29 62 77 82 0 20
9 61 35 28 84 50 90 83 95 20 34 0 45
9 65 29 88 70 96 98 88 29 66 68 0 44
5 23 83 66 55 57 27 60 45 43 91 0 25
4 99 96 80 73 42 78 40 50 83 42 0 17
7 86 55 43 77 33 63 67 46 77 68 0 33
3 43 59 93 91 81 89 93 79 21 25 0 11
3 34 97 62 76 63 30 74 45 63 83 0 13
5 49 79 86 83 67 26 40 83 26 37 0 23
3 28 70 76 36 55 40 25 28 30 53 0 15
10 86 48 27 23 84 54 56 78 60 86 0 48
2 87 56 85 58 45 81 43 91 31 78 0 10
3 52 71 31 43 96 58 56 22 45 64 0 14
5 60 82 84 66 88 28 21 56 70 73 0 24
9 34 38 49 63 47 62 89 46 70 28 0 45
3 86 90 75 45 61 30 29 35 51 71 0 13
6 70 80 79 34 69 79 24 39 59 98 0 30
4 74 60 65 58 43 65 63 65 96 93 0 18
6 48 62 69 22 49 29 42 29 60 30 0 27
5 40 95 21 83 30 86 61 98 77 86 0 24
2 97 25 68 41 66 53 50 77 70 98 0 10
6 47 84 28 25 81 65 39 48 31 32 0 30
7 92 74 25 46 43 94 43 51 91 49 0 32
9 40 31 54 87 95 46 85 96 26 86 0 43
10 78 73 91 50 59 26 54 33 26 27 0 47
4 78 80 63 81 92 57 83 83 25 39 0 19
10 80 46 51 48 84 97 87 25 87 22 0 50
9 64 53 70 66 49 81 56 20 95 88 0 44
6 45 46 81 97 30 68 77 48 49 96 0 26
2 91 41 23 82 36 76 42 74 23 88 0 10
8 25 44 79 25 87 52 76 27 26 50 0 39
6 42 66 88 72 68 85 98 36 68 40 0 28
3 55 70 44 73 28 69 20 63 52 42 0 13
7 66 92 43 90 61 45 84 47 64 31 0 33
3 23 46 96 96 79 46 67 32 77 71 0 15
3 32 44 72 43 74 67 37 75 95 98 0 14
3 48 37 88 96 60 78 64 80 84 70 0 12
10 46 77 66 40 53 83 97 95 71 44 0 47
7 77 93 46 39 92 36 28 73 37 26 0 31
8 31 65 83 79 65 37 44 83 50 50 0 40
10 72 98 21 66 59 54 55 58 35 73 0 48
8 72 82 36 27 28 33 88 32 44 72 0 39
10 90 59 53 53 22 29 54 99 41 30 0 50
9 74 35 55 82 87 26 55 35 90 38 0 44
8 99 77 50 74 86 92 43 67 29 86 0 39
8 29 42 84 46 59 99 75 41 46 77 0 37
5 80 23 54 94 42 92 24 64 99 28 0 23
5 48 62 72 70 27 31 74 67 60 86 0 23
6 76 82 66 28 51 82 29 99 88 97 0 27
10 54 41 45 44 78 46 85 38 37 88 0 46
5 95 32 43 96 45 62 55 59 80 60 0 21
8 44 90 91 67 41 37 45 38 36 41 0 38
8 24 79 44 25 80 83 51 91 81 31 0 37
3 88 96 89 99 37 59 73 40 51 89 0 11
6 54 24 42 57 32 96 31 70 21 28 0 30
10 68 60 74 22 44 59 48 98 40 42 0 46
6 46 49 84 76 21 24 38 26 40 85 0 30
8 55 28 34 97 61 97 94 95 40 95 0 36
6 25 43 67 98 26 27 41 32 20 77 0 28
6 58 39 66 23 94 47 30 74 47 77 0 30
7 55 99 55 21 67 29 96 81 38 56 0 32
4 51 60 26 80 34 75 67 74 26 45 0 20
7 71 46 52 99 95 52 59 46 77 85 0 31
4 34 71 98 42 83 48 61 53 91 71 0 16
9 79 76 89 41 55 93 65 71 79 29 0 41
7 26 82 80 23 59 56 81 79 99 82 0 32
3 29 35 72 61 41 37 59 73 42 87 0 15
5 35 87 21 76 27 68 50 42 66 72 0 22
4 69 51 62 77 87 87 45 45 43 80 0 19
3 49 98 52 92 58 95 66 56 32 64 0 12
3 23 93 26 83 80 94 47 48 90 70 0 12
7 28 23 42 86 63 77 55 62 70 44 0 35
6 94 90 57 63 34 76 22 96 81 53 0 27
4 60 31 93 21 88 80 38 55 26 59 0 19
9 49 45 83 84 30 93 62 98 98 44 0 43
10 87 54 39 90 93 35 91 65 22 27 0 50
8 39 64 79 89 61 47 81 87 23 51 0 38
3 90 54 52 52 43 32 81 37 63 73 0 13
2 70 82 83 87 75 56 99 25 72 98 0 10
10 41 85 90 36 95 80 73 28 71 88 0 50
8 77 30 44 39 56 83 89 72 44 31 0 37
5 61 64 81 67 63 69 40 62 79 77 0 25
5 96 80 46 28 45 88 40 75 21 77 0 25
4 25 90 59 94 23 29 29 85 22 44 0 20
7 34 58 89 71 50 99 61 89 60 58 0 32
10 31 81 33 56 55 95 97 98 92 23 0 47
9 61 56 49 95 80 22 87 79 98 24 0 43
8 93 53 98 52 70 67 76 69 35 46 0 36
8 99 72 59 25 56 28 72 44 86 92 0 37
3 57 97 65 22 70 95 65 40 95 71 0 12
2 71 26 31 89 82 42 30 69 65 53 0 10
7 67 27 53 90 61 57 97 22 68 62 0 35
4 32 51 86 87 57 47 52 87 40 64 0 19
10 56 32 52 49 69 71 62 98 34 88 0 46
6 73 51 78 47 36 66 68 56 95 57 0 26
4 20 67 63 54 29 30 77 87 33 61 0 19
4 56 32 95 27 62 48 67 53 52 89 0 17
5 60 52 48 27 90 70 64 46 72 35 0 25
7 59 61 50 36 30 34 75 56 54 94 0 34
6 94 62 76 98 94 56 34 91 43 45 0 30
6 48 70 25 38 22 88 48 96 63 71 0 29
10 80 90 91 81 22 90 89 79 26 67 0 50
9 86 77 32 45 34 20 66 69 31 62 0 41
10 31 22 94 36 83 52 55 44 75 94 0 47
6 54 75 88 25 30 85 37 20 92 31 0 28
9 73 80 73 83 23 90 85 52 60 38 0 45
4 30 58 27 91 69 64 67 39 56 72 0 20
3 29 88 90 81 75 50 35 42 45 79 0 15
2 89 44 45 82 26 45 40 77 47 94 0 10
6 60 23 29 82 94 75 41 49 52 56 0 27
3 89 61 63 31 30 59 21 71 83 34 0 11
5 86 57 93 44 48 99 22 41 68 37 0 22
7 49 84 70 90 20 52 87 89 80 73 0 33
10 27 98 85 57 21 49 91 91 76 67 0 46
3 50 30 71 67 26 30 30 45 56 47 0 12
3 48 41 44 88 43 78 22 41 79 93 0 12
6 32 68 95 31 95 49 35 50 31 46 0 30
5 81 22 36 45 87 43 85 87 55 22 0 25
8 94 75 55 32 31 94 53 35 72 64 0 37
6 37 77 47 20 68 75 35 61 92 43 0 29
8 44 35 52 74 44 59 68 75 98 32 0 40
10 48 35 26 51 89 48 93 53 50 40 0 46
7 69 58 41 99 82 73 49 45 38 83 0 34
9 45 81 25 76 41 82 53 36 87 53 0 45
5 85 28 79 87 87 66 70 44 67 64 0 23
3 82 23 80 25 69 87 91 56 96 80 0 13
4 63 97 33 99 45 21 55 33 69 89 0 20
10 35 94 97 27 89 37 28 67 48 27 0 49
7 56 26 45 76 25 28 88 46 25 65 0 32
4 69 99 33 64 39 40 42 94 55 84 0 17
9 50 90 52 41 68 70 62 35 93 98 0 45
7 81 74 42 35 81 53 70 58 51 51 0 32
4 63 50 54 42 86 45 42 59 26 38 0 19
7 65 52 79 99 37 93 94 98 23 50 0 31
5 69 28 41 88 59 49 85 89 36 24 0 22
9 65 46 50 36 29 91 84 96 20 42 0 43
7 85 97 27 70 58 30 27 50 81 53 0 32
4 27 38 78 30 92 99 62 43 43 81 0 18
5 62 93 25 66 28 65 54 84 71 70 0 21
3 47 74 74 51 50 85 32 48 44 84 0 15
4 87 76 29 54 33 62 78 45 35 45 0 20
6 22 95 79 22 25 51 57 60 59 30 0 27
3 49 24 50 49 51 56 57 69 95 39 0 15
3 55 31 66 80 82 45 42 70 51 62 0 15
9 33 72 38 88 80 90 71 53 60 62 0 41
5 21 97 36 20 71 40 24 97 22 44 0 24
10 38 37 81 58 30 27 68 27 68 63 0 50
9 63 62 93 33 91 56 50 37 30 31 0 42
10 73 72 52 61 84 60 77 55 27 73 0 47
7 46 55 64 82 37 84 75 74 87 73 0 32
4 25 64 45 53 87 27 69 79 97 59 0 17
5 79 44 51 81 29 35 54 35 95 32 0 25
10 84 33 22 21 36 68 88 52 30 94 0 47
6 28 78 88 75 31 27 45 84 91 48 0 27
7 86 77 81 97 34 43 59 73 45 59 0 35
9 67 86 32 36 29 33 25 78 97 61 0 43
4 67 80 38 45 69 51 30 59 40 37 0 16
10 56 77 80 94 26 80 87 36 48 20 0 49
6 26 53 35 31 76 40 82 93 53 87 0 27
9 73 27 42 85 70 29 73 50 71 49 0 44
3 71 94 28 79 60 67 46 31 57 99 0 11
5 53 20 94 92 55 24 31 37 91 42 0 25
6 56 66 59 42 71 56 89 89 69 97 0 26
9 71 50 58 21 84 45 50 46 64 64 0 43
5 85 28 76 25 74 85 72 42 51 43 0 21
7 43 51 23 74 86 69 52 88 22 65 0 32
9 72 76 27 21 32 79 60 82 86 64 0 45
7 63 26 44 53 99 41 91 28 79 85 0 32
5 60 77 37 99 33 69 85 33 66 94 0 22
4 78 39 32 51 82 74 94 73 75 94 0 16
8 50 37 56 42 20 82 87 56 89 64 0 38
10 81 75 26 86 33 51 93 29 88 92 0 46
10 53 86 49 54 72 45 36 90 82 41 0 50
8 87 59 61 39 87 37 36 64 39 55 0 40
7 70 52 87 65 75 21 57 27 90 49 0 32
7 61 35 61 41 51 72 31 63 30 29 0 35
9 61 37 68 55 98 80 98 81 66 68 0 45
3 36 91 63 69 51 93 27 36 60 62 0 12
6 35 61 56 75 64 41 81 29 49 23 0 27
6 86 37 84 69 88 20 55 31 97 83 0 30
4 82 89 29 55 39 81 64 48 96 58 0 16
6 48 82 21 55 81 69 89 59 25 28 0 26
9 92 50 80 45 84 46 42 79 77 74 0 44
4 78 38 73 81 88 91 55 25 95 69 0 16
9 77 92 69 27 51 50 93 85 63 39 0 44
5 63 71 55 92 30 92 66 50 27 30 0 21
10 92 97 65 28 33 64 29 92 26 47 0 47
7 31 46 83 90 40 78 21 53 67 20 0 35
7 39 48 76 63 97 20 64 88 59 62 0 32
8 63 68 20 54 54 98 58 64 52 35 0 37
3 43 99 34 92 83 56 41 48 33 96 0 12
7 72 92 52 86 65 83 69 98 52 69 0 34
4 23 99 91 84 93 36 51 23 87 97 0 17
4 59 61 40 27 29 26 25 59 59 72 0 18
3 72 88 72 56 49 32 67 60 40 78 0 13
8 78 90 66 21 81 84 89 69 43 83 0 40
3 27 51 83 93 32 65 92 50 31 30 0 15
2 75 82 35 59 66 95 68 59 68 98 0 10
5 71 94 25 53 55 69 66 36 47 51 0 25
5 39 49 45 20 38 89 90 84 98 81 0 25
10 49 38 62 65 96 50 68 54 97 99 0 48
8 54 87 46 32 80 65 57 59 95 69 0 39
5 72 65 86 78 29 78 89 97 32 55 0 24
5 23 81 31 72 94 25 53 60 47 43 0 21
4 96 32 93 95 75 39 64 55 42 43 0 18
9 35 75 57 91 26 56 69 35 41 20 0 45
8 96 68 58 51 80 98 69 58 77 70 0 38
10 77 29 93 71 20 35 26 47 95 31 0 49
6 70 80 34 20 27 87 75 59 21 87 0 28
8 51 57 29 87 43 82 94 35 24 77 0 40
8 89 48 29 85 97 21 57 67 43 82 0 39
5 59 48 49 76 81 23 21 53 21 79 0 23
3 92 71 91 86 64 94 55 99 86 94 0 14
5 59 35 56 49 76 61 52 27 93 65 0 24
5 97 42 88 24 81 59 30 97 92 98 0 25
5 51 29 83 84 79 35 45 89 46 40 0 22
5 63 92 81 24 63 87 61 27 99 39 0 22
7 65 44 46 33 67 20 69 22 29 67 0 31
8 97 83 29 90 90 91 33 25 88 47 0 40
10 67 51 74 50 57 56 33 49 26 84 0 46
8 28 80 44 65 20 38 65 32 56 55 0 40
3 87 59 72 64 25 56 34 71 42 29 0 14
5 87 36 63 33 27 43 78 83 78 81 0 22
7 48 72 65 83 93 47 60 24 81 53 0 35
3 99 38 50 21 89 74 55 53 26 32 0 11
3 76 40 43 45 35 41 78 44 85 38 0 15
9 64 79 95 98 61 76 34 85 52 99 0 43
8 91 21 42 83 81 41 30 46 99 88 0 37
4 65 24 42 70 76 97 68 53 23 99 0 19
5 95 67 32 63 94 22 35 55 38 34 0 22
9 59 26 32 91 42 50 95 38 78 22 0 45
7 55 68 31 71 64 95 62 51 44 91 0 33
6 70 33 99 38 80 71 72 44 74 99 0 27
2 25 62 92 48 45 76 32 91 42 70 0 10
3 67 36 34 44 29 32 58 67 61 66 0 14
8 81 49 63 60 25 53 62 93 36 30 0 36
5 24 60 24 30 45 98 65 88 77 44 0 23
9 68 49 26 65 27 96 59 36 99 27 0 42
8 51 68 48 85 81 55 65 70 60 96 0 38
3 28 60 29 91 29 69 49 32 76 93 0 13
3 96 97 29 21 56 56 24 73 86 39 0 12
6 61 76 64 44 93 30 54 77 37 29 0 30
10 65 76 74 28 22 75 60 37 61 82 0 50
5 92 67 82 91 74 63 43 90 74 28 0 25
6 56 25 64 91 86 54 80 91 60 62 0 28
6 70 76 86 56 66 90 29 24 21 62 0 26
5 51 27 37 80 84 63 55 59 26 58 0 25
2 34 86 74 62 96 96 55 51 27 42 0 10
4 82 62 56 26 26 90 50 25 93 40 0 17
10 72 22 75 39 60 99 34 24 96 41 0 48
10 83 39 53 54 45 94 95 95 47 54 0 49
5 59 75 82 92 91 96 83 56 39 74 0 23
7 48 25 89 82 44 55 48 45 76 39 0 34
7 91 33 97 45 75 23 97 67 28 71 0 35
4 92 89 78 24 86 70 69 63 59 99 0 16
8 60 94 20 94 98 56 93 68 43 69 0 39
6 36 51 76 95 61 76 32 36 71 57 0 27
9 77 84 74 41 60 46 37 49 70 76 0 42
5 72 55 91 76 99 50 35 72 90 86 0 22
5 75 67 35 57 53 32 91 88 83 59 0 22
9 31 25 75 20 45 26 78 68 65 86 0 41
9 52 21 83 72 57 99 58 92 33 94 0 42
6 28 24 88 46 67 42 99 49 49 54 0 30
5 30 79 43 49 79 89 22 31 56 75 0 22
5 38 31 49 89 94 21 25 38 47 20 0 25
7 63 77 54 85 38 32 23 96 80 24 0 31
6 83 20 54 45 68 32 89 76 81 54 0 28
9 23 73 51 85 86 41 75 79 83 58 0 42
5 52 70 71 84 56 94 21 70 97 92 0 23
7 24 56 79 44 23 30 63 55 82 71 0 31
3 44 54 33 22 54 37 46 90 20 38 0 12
10 39 60 25 76 89 94 88 90 48 60 0 48
4 44 97 52 98 46 22 65 46 73 58 0 16
8 94 20 87 99 73 79 96 65 58 60 0 40
8 88 83 70 41 93 79 78 52 72 25 0 36
9 57 37 20 57 22 31 30 41 25 76 0 44
6 37 37 83 90 97 50 31 74 38 76 0 28
3 65 61 60 64 30 37 87 89 90 62 0 14
5 45 94 91 50 43 20 59 43 84 53 0 21
4 93 37 53 99 26 70 61 76 82 96 0 19
6 75 26 68 73 66 86 56 21 72 64 0 28
4 98 80 58 26 81 25 82 95 97 49 0 18
10 70 73 68 82 92 79 76 53 54 31 0 49
9 88 86 76 87 66 26 75 21 66 92 0 44
10 32 53 91 27 70 66 55 91 91 74 0 47
9 52 62 81 68 37 63 50 60 97 65 0 45
6 81 66 73 86 41 24 82 38 21 40 0 30
8 93 90 42 68 70 95 75 37 45 33 0 40
8 47 38 50 27 61 93 61 31 84 35 0 39
8 75 84 76 84 98 54 72 87 43 64 0 38
9 79 78 67 84 95 50 64 55 42 65 0 43
7 78 24 59 49 25 37 61 77 89 26 0 31
7 80 72 77 46 67 26 49 30 27 46 0 31
3 31 77 87 26 63 89 51 50 24 43 0 11
9 85 77 22 56 78 33 92 42 63 90 0 44
6 56 94 25 87 33 93 67 80 78 79 0 28
8 88 51 42 51 61 92 88 99 44 54 0 36
3 29 75 43 92 71 45 40 26 97 31 0 12
7 89 56 66 23 72 86 61 50 61 39 0 32
5 59 66 22 68 55 82 92 69 28 77 0 22
7 97 98 68 59 54 50 76 21 59 85 0 35
8 58 80 98 53 88 76 61 60 90 92 0 39
7 44 58 69 45 78 48 67 63 34 39 0 34
5 91 25 62 97 28 22 60 71 85 23 0 22
6 59 96 38 89 86 38 58 88 49 74 0 29
6 60 51 98 51 52 82 40 69 39 20 0 26
4 25 73 39 40 95 56 49 44 54 63 0 19
6 42 54 92 89 73 64 46 43 89 25 0 30
10 29 64 37 56 52 91 85 22 69 99 0 50
6 78 72 38 30 43 71 51 73 26 88 0 30
5 74 30 31 54 39 79 71 80 72 27 0 22
9 96 93 85 32 93 45 74 87 23 43 0 42
6 80 97 43 46 64 46 96 76 62 22 0 29
5 80 34 44 89 79 32 94 21 54 95 0 24
10 36 20 96 86 26 97 54 50 88 33 0 49
10 72 35 56 79 83 33 57 79 34 62 0 46
10 34 54 25 37 59 44 49 22 63 61 0 50
8 29 86 30 71 99 34 90 36 66 43 0 40
5 43 47 91 47 35 48 88 45 64 28 0 22
8 54 44 26 60 67 76 84 64 49 47 0 36
10 22 95 88 64 57 41 46 82 80 62 0 50
10 76 53 73 26 73 98 21 65 39 82 0 46
10 52 36 50 72 47 86 90 85 93 32 0 50
8 40 97 56 94 89 21 43 54 85 30 0 38
8 82 45 72 53 20 51 24 79 48 60 0 39
4 57 75 23 96 54 80 79 27 89 52 0 18
6 66 38 76 67 62 66 40 65 34 38 0 28
9 57 46 72 80 86 99 33 93 32 30 0 42
10 72 99 26 71 34 85 82 35 85 87 0 47
4 54 61 78 68 69 23 21 56 43 30 0 20
9 43 36 23 72 32 79 24 69 87 54 0 44
8 27 43 78 93 37 67 59 39 70 33 0 40
8 80 59 38 36 73 95 22 41 24 66 0 36
5 35 42 85 24 51 44 36 45 55 56 0 22
7 91 46 97 29 55 94 57 29 82 24 0 33
9 54 52 53 91 30 86 39 52 65 75 0 43
6 75 96 73 30 28 78 88 83 59 67 0 28
4 82 36 33 81 46 31 77 98 86 79 0 16
3 89 95 95 91 27 50 43 28 66 54 0 15
4 76 72 31 34 90 29 60 38 83 92 0 20
8 92 24 66 98 81 60 44 74 47 62 0 39
4 44 77 33 51 56 95 21 87 70 22 0 20
3 54 50 20 60 24 92 79 62 83 69 0 15
9 46 33 70 38 76 84 63 69 84 76 0 45
7 32 97 22 37 52 51 87 84 44 77 0 34
6 24 43 87 36 90 93 81 26 91 69 0 29
3 57 40 63 30 43 31 56 76 36 39 0 14
6 24 83 52 53 53 36 56 49 99 27 0 28
4 78 84 86 93 57 76 59 25 67 46 0 18
6 88 74 91 74 38 58 43 74 88 98 0 29
3 82 55 32 28 65 77 99 76 85 44 0 14
9 66 30 68 64 45 78 56 87 87 66 0 43
6 26 68 68 29 58 85 63 81 89 73 0 29
7 21 42 36 33 24 69 46 79 79 26 0 31
6 30 71 90 85 92 85 50 96 37 45 0 30
4 93 72 29 96 42 87 93 39 62 39 0 16
7 90 34 56 94 25 38 35 43 79 40 0 35
5 23 90 86 50 62 59 65 88 78 29 0 22
9 33 80 46 51 58 93 51 88 75 92 0 43
10 98 29 44 32 69 69 29 85 28 86 0 48
9 27 79 20 62 76 79 33 64 72 46 0 45
10 68 60 23 67 66 79 79 34 85 70 0 49
9 38 35 56 51 86 27 81 61 53 36 0 42
9 51 94 51 83 88 99 77 47 47 63 0 45
7 29 58 39 36 95 87 63 48 94 49 0 31
10 59 77 38 38 81 25 65 40 79 58 0 48
6 60 52 37 39 87 41 83 25 84 92 0 27
10 88 44 50 70 46 93 54 83 56 73 0 50
7 38 88 80 37 41 56 82 34 64 77 0 31
9 81 72 93 86 68 89 89 92 36 30 0 42
3 52 48 84 44 96 57 35 29 74 49 0 14
8 53 32 62 43 41 79 68 38 84 21 0 36
5 73 90 39 26 77 61 69 50 69 55 0 24
3 74 36 29 35 66 59 76 30 94 97 0 14
7 22 96 68 57 30 32 79 76 77 64 0 35
6 93 26 72 77 39 39 41 79 26 45 0 30
4 64 79 91 77 67 37 37 45 39 96 0 18
3 98 53 98 67 48 43 51 21 36 84 0 15
4 48 35 86 69 25 60 27 63 32 76 0 16
7 95 43 63 68 80 38 50 95 88 57 0 31
3 50 72 37 53 69 67 68 69 99 25 0 13
4 77 89 77 92 50 39 21 30 97 42 0 19
10 98 52 74 81 43 92 85 83 86 23 0 50
7 52 60 31 97 32 36 58 29 54 71 0 33
5 65 21 33 61 58 75 67 65 51 72 0 21
9 71 58 31 83 94 93 60 60 33 46 0 43
3 87 26 62 23 37 40 38 55 47 95 0 12
3 73 83 43 89 48 70 96 51 41 98 0 12
6 69 82 77 86 44 99 21 34 89 52 0 27
7 97 80 54 35 83 74 95 25 96 30 0 34
9 45 90 71 46 27 44 23 80 65 85 0 45
10 25 47 86 96 79 89 90 57 66 81 0 46
10 43 70 34 53 77 91 74 43 69 77 0 49
8 73 39 67 65 27 91 40 90 96 60 0 39
6 76 45 27 75 79 86 54 77 68 77 0 26
3 29 58 43 29 30 77 25 82 85 75 0 15
4 25 36 93 84 83 96 54 64 46 80 0 17
10 64 29 99 96 67 45 36 77 78 58 0 46
10 79 21 58 61 65 38 65 64 46 87 0 46
5 43 62 35 26 71 74 20 32 65 93 0 24
3 67 45 29 75 65 23 81 55 59 24 0 12
6 35 92 38 74 49 79 61 58 97 20 0 27
5 79 65 31 28 32 69 30 84 73 87 0 22
10 86 99 95 39 69 34 94 91 57 91 0 48
10 56 84 24 66 49 35 51 30 34 64 0 48
3 65 82 77 32 52 62 40 37 26 49 0 13
3 69 82 32 74 21 66 25 74 64 36 0 13
7 24 80 23 37 47 97 79 62 85 64 0 35
5 51 55 33 55 62 79 65 21 35 93 0 24
8 26 37 35 60 44 93 97 59 98 88 0 39
6 44 76 47 25 87 23 94 63 74 72 0 27
3 90 68 69 39 98 51 45 45 45 85 0 11
6 75 21 39 67 53 35 73 82 58 35 0 28
6 36 92 37 47 26 69 92 35 82 91 0 28
7 72 50 23 75 74 33 34 52 49 33 0 33
6 21 27 99 71 35 49 34 80 60 34 0 30
3 73 41 40 46 63 65 97 94 61 54 0 15
8 77 26 28 42 95 68 24 30 64 53 0 36
8 53 45 64 66 55 35 71 82 73 91 0 38
7 65 42 23 53 26 80 82 21 21 32 0 32
7 55 87 26 28 28 49 93 21 59 65 0 32
10 86 98 81 26 57 83 45 83 25 41 0 49
5 99 49 78 65 46 99 25 20 37 96 0 22
7 68 35 37 70 72 29 64 20 40 51 0 32
8 44 22 97 85 76 32 87 36 53 82 0 39
5 43 29 75 51 40 55 61 68 82 23 0 25
8 63 28 99 65 29 95 85 66 20 67 0 38
8 25 54 45 37 22 54 38 70 30 96 0 38
5 83 93 22 71 70 61 80 63 86 26 0 21
5 50 21 63 51 75 97 25 57 79 87 0 24
5 96 95 99 25 95 29 53 87 56 78 0 25
9 73 24 76 80 90 81 56 32 72 85 0 45
6 98 67 61 58 90 64 28 91 39 75 0 29
9 92 60 47 87 29 68 72 72 65 92 0 44
2 67 65 47 44 78 50 72 61 51 69 0 10
5 63 95 61 72 22 71 92 67 51 52 0 21
7 82 92 64 45 81 22 84 57 68 61 0 33
4 50 43 58 37 67 87 22 72 21 65 0 16
6 41 41 22 42 32 33 77 43 78 23 0 28
5 35 79 52 91 39 60 60 83 33 67 0 23
6 53 78 88 91 61 67 20 62 95 50 0 30
3 49 30 70 86 73 65 59 39 83 84 0 13
7 41 22 54 20 66 28 66 69 64 69 0 31
5 82 65 80 26 44 31 54 31 86 68 0 21
6 41 24 37 49 81 58 67 58 75 21 0 28
9 68 77 64 37 44 69 57 79 67 33 0 41
3 49 20 83 27 88 88 21 57 59 91 0 12
8 41 48 75 79 73 58 30 78 38 41 0 40
5 87 77 45 44 97 90 40 25 86 94 0 23
5 69 99 52 75 65 66 75 30 72 24 0 21
5 29 28 98 95 68 56 74 50 89 39 0 23
6 86 54 96 44 54 66 43 85 92 57 0 28
4 90 77 59 30 98 88 93 42 95 57 0 17
3 97 71 51 76 95 86 56 62 89 56 0 14
10 56 49 78 21 52 62 96 83 90 59 0 46
3 97 58 73 49 57 89 36 46 91 33 0 13
9 59 82 89 78 81 89 50 94 69 75 0 44
10 80 95 33 37 22 99 37 69 66 96 0 50
10 65 94 55 46 42 28 28 58 46 95 0 48
6 57 45 83 49 70 77 75 39 72 88 0 29
6 44 84 95 29 50 36 28 47 45 41 0 30
7 85 78 80 81 46 25 81 56 38 60 0 32
9 88 78 35 70 52 82 25 63 62 40 0 41
3 92 48 62 26 58 58 50 27 27 90 0 12
6 35 89 71 58 89 34 51 56 39 73 0 28
5 70 94 24 57 56 23 57 79 28 56 0 21
4 76 93 74 63 58 95 22 20 41 88 0 17
5 48 33 27 57 58 64 95 72 61 49 0 22
6 28 22 62 38 64 88 78 61 54 25 0 27
10 27 73 82 22 40 34 61 52 28 99 0 46
9 83 84 89 77 24 49 93 49 28 87 0 45
5 76 96 84 28 32 27 28 79 36 69 0 21
10 74 63 43 77 57 53 98 89 79 21 0 48
7 55 37 35 61 95 53 49 37 83 85 0 34
10 45 69 88 98 82 98 42 92 78 99 0 49
8 87 97 89 67 77 20 43 57 54 87 0 36
10 27 43 89 26 27 88 49 58 29 37 0 48
10 75 60 73 38 48 27 23 74 55 25 0 50
10 74 71 49 37 43 47 43 68 48 83 0 50
9 98 32 49 23 57 31 83 63 24 44 0 42
3 88 29 42 29 28 26 42 36 38 71 0 14
6 78 66 69 45 79 22 99 85 68 97 0 29
10 86 98 82 64 32 64 86 50 30 46 0 46
5 48 23 75 80 79 76 72 96 23 21 0 22
8 45 62 52 48 99 43 38 30 45 95 0 40
9 49 39 71 25 84 72 37 59 74 76 0 41
10 33 35 23 29 61 27 42 60 40 36 0 49
4 79 65 90 46 85 20 60 80 24 99 0 17
7 31 34 28 28 64 57 51 39 51 77 0 33
8 25 30 91 52 61 84 77 67 93 60 0 39
6 62 90 27 81 98 26 81 73 95 29 0 26
3 99 63 69 22 58 99 66 51 57 60 0 14
8 64 36 86 29 94 71 87 27 54 63 0 40
9 70 27 80 81 76 95 44 61 95 47 0 41
4 74 89 47 71 57 47 86 69 27 26 0 18
4 26 77 81 34 50 83 21 95 73 75 0 20
10 65 38 40 60 62 29 43 69 91 74 0 48
10 90 74 60 26 93 21 97 61 75 62 0 47
4 52 56 44 79 33 90 70 41 48 57 0 20
10 94 76 26 30 78 71 56 86 35 89 0 48
9 60 51 44 99 58 80 65 99 48 82 0 41
10 99 75 48 31 52 57 65 34 88 93 0 47
3 89 20 95 46 20 84 76 67 57 85 0 14
3 58 97 41 29 52 22 43 88 40 36 0 14
4 35 74 24 24 67 94 58 30 43 46 0 17
8 74 58 82 26 59 46 25 93 79 21 0 36
7 95 94 68 25 20 38 48 90 30 39 0 32
7 55 65 25 71 55 36 74 77 41 28 0 35
6 54 70 34 42 58 83 28 89 35 89 0 28
2 29 42 37 65 51 41 59 93 62 85 0 10
5 53 39 99 65 49 56 29 57 30 99 0 21
6 92 36 51 41 38 58 26 92 21 56 0 28
4 90 67 92 77 38 35 40 67 57 47 0 17
3 80 65 32 36 66 69 60 55 38 79 0 15
7 95 20 67 24 37 77 79 36 62 89 0 35
2 67 40 72 33 32 60 84 55 91 64 0 10
4 90 95 26 23 49 30 57 65 62 46 0 16
2 51 52 27 81 20 66 44 56 52 81 0 10
8 67 34 36 98 32 80 81 65 61 54 0 38
5 80 43 47 21 31 22 65 67 66 58 0 22
5 88 42 26 33 25 21 30 46 31 33 0 25
2 85 89 50 87 41 56 88 60 50 94 0 10
10 40 77 30 39 57 30 84 46 43 37 0 49
9 59 39 66 64 49 30 43 75 55 95 0 43
10 74 20 80 68 62 41 85 21 24 90 0 47
4 72 63 39 49 80 70 58 58 26 55 0 17
8 92 36 48 35 21 62 65 73 53 90 0 38
6 71 28 84 35 60 21 91 92 50 99 0 27
10 68 86 30 42 34 65 54 40 42 57 0 48
5 37 79 54 85 94 43 30 76 85 57 0 22
7 27 93 34 59 78 95 51 20 79 30 0 34
10 75 31 61 62 29 51 88 69 74 29 0 46
8 62 97 33 80 95 72 81 87 47 42 0 39
6 55 83 95 71 86 35 42 56 59 56 0 27
8 84 39 33 71 28 29 85 84 56 96 0 38
8 33 70 39 52 83 62 84 86 60 89 0 37
8 27 67 80 58 32 61 41 63 49 96 0 36
9 53 46 73 21 83 26 94 58 82 74 0 45
6 92 86 25 65 39 31 55 41 81 64 0 28
5 37 87 78 26 20 46 70 97 90 45 0 22
5 56 88 71 60 59 75 93 90 21 58 0 22
10 70 33 66 66 24 38 95 30 35 63 0 50
8 94 83 67 34 79 71 28 68 87 24 0 39
4 84 59 89 71 49 57 95 84 76 53 0 19
10 26 87 30 40 43 40 74 99 24 27 0 48
4 69 65 75 61 23 25 33 86 85 56 0 19
4 34 88 21 73 24 73 49 93 26 94 0 16
3 65 99 94 71 97 70 66 76 93 43 0 11
6 95 63 89 70 63 27 93 55 63 49 0 28
3 88 78 78 41 62 43 60 93 58 54 0 14
3 99 47 73 63 52 92 59 79 63 85 0 12
4 22 87 69 66 86 90 54 33 54 25 0 20
7 28 29 40 38 50 72 98 81 40 51 0 31
7 65 27 52 45 26 83 46 96 65 62 0 35
9 91 40 21 85 60 94 75 82 87 55 0 44
6 53 74 39 69 26 73 36 48 26 46 0 26
7 27 87 48 78 78 88 33 54 43 28 0 34
9 67 96 54 36 57 47 99 24 37 70 0 45
10 39 86 22 89 79 96 52 74 51 52 0 46
9 49 54 37 27 51 22 73 71 53 27 0 45
6 65 99 36 33 51 84 93 37 32 34 0 27
4 47 27 62 90 63 70 69 62 63 40 0 17
3 44 47 54 31 89 43 35 68 49 32 0 12
7 89 46 22 68 84 47 92 99 47 73 0 35
7 77 62 94 69 59 28 88 94 25 72 0 34
3 93 76 73 79 79 29 23 46 65 57 0 11
3 32 96 46 50 33 80 20 62 55 73 0 13
4 44 82 23 98 67 61 56 24 92 52 0 19
5 88 59 90 78 49 85 38 67 74 56 0 24
9 58 37 54 52 45 87 72 98 23 22 0 43
3 38 70 43 52 88 78 73 66 44 39 0 14
9 37 83 68 61 89 80 52 64 89 31 0 43
8 50 67 72 57 97 29 60 58 59 81 0 37
8 90 66 43 90 74 27 22 74 44 75 0 38
10 67 99 56 28 55 31 91 22 86 74 0 50
9 96 43 71 82 38 98 24 80 83 44 0 43
8 87 40 40 28 55 25 82 32 56 48 0 37
7 59 68 46 52 78 99 57 45 62 23 0 32
8 38 54 74 28 86 70 89 66 63 39 0 37
2 54 94 36 56 36 58 70 52 64 28 0 10
10 95 67 90 56 67 23 44 74 90 68 0 49
10 44 24 26 99 33 47 25 97 39 98 0 46
2 64 51 30 90 42 55 83 62 92 80 0 10
3 75 49 50 84 81 80 49 98 97 29 0 11
6 68 24 39 35 80 87 50 86 30 23 0 27
6 77 94 83 87 60 89 64 27 92 54 0 30
10 99 79 38 93 93 27 50 87 82 35 0 49
6 24 40 78 27 75 30 25 53 85 58 0 28
9 48 29 44 69 28 80 29 80 26 44 0 45
8 79 75 33 69 67 78 99 44 85 93 0 40
8 20 53 26 54 52 93 75 49 69 43 0 38
9 84 50 84 68 57 37 98 56 76 27 0 45
3 59 85 88 63 93 45 43 20 96 98 0 14
6 93 32 93 45 94 25 48 50 27 68 0 27
6 41 57 33 39 49 91 58 47 30 33 0 27
8 39 44 41 35 69 52 22 88 55 65 0 36
7 58 62 42 49 93 67 56 96 62 30 0 35
7 67 25 73 63 94 76 77 98 38 78 0 31
8 32 79 92 67 20 99 22 72 45 91 0 38
9 30 77 65 89 65 69 67 53 63 80 0 45
9 54 63 94 79 77 91 91 29 42 73 0 41
5 46 79 96 27 94 48 33 97 30 58 0 25
3 57 58 27 58 94 96 33 87 98 55 0 14
6 59 74 30 28 88 71 79 38 72 27 0 27
5 70 45 97 69 87 40 31 32 72 65 0 24
10 51 98 84 80 21 20 79 66 93 51 0 50
7 46 84 42 45 86 90 99 44 85 97 0 35
3 90 23 42 73 40 32 83 28 55 84 0 15
4 45 35 35 59 33 87 45 23 67 77 0 16
5 68 45 69 25 84 90 90 25 49 98 0 22
3 22 62 28 48 68 80 82 98 98 77 0 11
3 22 75 33 85 36 51 58 25 56 51 0 11
9 53 44 72 81 49 27 27 60 90 94 0 45
5 53 31 87 75 72 21 67 29 71 47 0 21
3 89 28 79 72 69 34 47 55 54 28 0 14
9 42 44 38 93 97 59 86 80 23 76 0 42
9 88 61 87 57 68 68 58 82 53 32 0 41
6 84 96 40 98 48 95 69 76 98 68 0 28
6 86 36 73 63 99 70 86 32 70 99 0 28
3 52 43 25 87 86 68 95 79 70 62 0 11
10 25 42 91 80 60 35 23 32 81 87 0 48
4 74 38 54 71 41 63 42 53 93 20 0 19
4 79 81 21 85 32 73 53 39 97 97 0 16
6 29 75 83 95 39 59 27 80 39 88 0 27
3 51 43 38 57 97 61 30 36 82 98 0 14
6 51 86 68 31 48 59 45 56 20 99 0 28
8 69 27 99 46 88 75 29 87 27 91 0 37
9 99 46 47 98 87 22 56 66 26 73 0 44
8 22 80 54 67 46 80 27 59 88 84 0 39
10 22 53 92 24 53 78 84 27 92 80 0 46
4 43 29 50 21 27 96 64 52 72 77 0 20
3 88 38 32 53 23 42 90 82 52 37 0 15
4 58 21 93 81 55 81 35 96 33 67 0 19
8 73 98 86 27 38 96 47 20 70 63 0 40
9 33 71 85 98 41 76 52 29 21 54 0 45
8 34 69 97 66 28 99 33 32 72 44 0 38
10 34 77 49 21 55 44 39 67 60 20 0 46
8 72 82 61 56 99 66 48 28 95 68 0 37
3 39 63 99 46 88 74 85 58 79 87 0 14
2 59 68 21 91 91 67 68 60 74 92 0 10
9 45 97 39 88 80 84 75 40 65 59 0 42
8 35 33 47 55 30 41 67 77 56 44 0 38
8 95 83 73 48 88 94 23 37 61 22 0 40
6 24 92 68 44 88 92 22 95 98 75 0 26
9 33 86 52 47 43 41 67 38 94 42 0 45
9 64 72 89 81 25 74 26 93 93 37 0 45
6 60 92 27 82 71 70 99 48 90 72 0 29
7 99 70 98 22 90 87 51 70 96 70 0 31
7 53 24 75 70 20 89 44 90 21 65 0 31
4 44 83 68 93 57 68 75 66 72 20 0 19
9 84 25 58 59 33 74 30 24 40 91 0 45
6 94 21 39 23 88 38 59 67 69 89 0 26
6 51 88 52 75 23 95 62 74 65 85 0 29
7 56 39 70 65 57 81 56 22 71 36 0 35
3 21 66 76 47 40 20 83 46 22 65 0 15
10 61 33 65 84 66 22 38 86 48 41 0 46
10 69 82 32 90 53 35 90 89 24 58 0 50
2 30 56 98 70 47 33 98 85 83 51 0 10
5 81 70 53 27 89 38 34 69 77 41 0 22
10 83 65 80 85 20 52 43 82 86 54 0 48
6 92 30 42 73 40 33 98 67 54 92 0 27
7 38 48 84 53 99 67 54 87 27 25 0 31
8 85 44 60 96 66 90 55 83 64 35 0 40
10 54 77 75 87 38 32 48 84 98 50 0 47
9 52 67 68 45 66 71 85 80 62 63 0 42
9 90 75 64 28 22 95 81 23 96 78 0 42
8 86 95 62 30 74 93 35 81 55 46 0 40
6 45 24 32 46 77 95 91 67 47 55 0 30
7 66 51 63 35 21 73 51 90 69 47 0 35
8 74 84 25 59 69 66 94 98 76 72 0 38
7 77 70 96 76 67 49 48 69 23 22 0 32
4 76 39 89 68 64 43 93 57 61 59 0 17
4 92 55 88 48 53 39 41 49 97 94 0 17
10 62 28 69 63 78 62 61 38 46 55 0 50
4 64 80 73 82 28 20 36 61 41 75 0 20
8 81 92 63 73 81 61 80 38 22 84 0 39
9 68 37 78 64 34 99 97 68 56 43 0 44
8 60 57 67 72 69 96 58 68 60 56 0 36
10 40 29 63 42 63 54 80 82 73 22 0 50
9 59 82 63 69 85 21 41 46 57 48 0 43
7 88 68 36 82 35 23 66 62 87 96 0 35
7 98 58 86 34 53 39 64 66 58 96 0 33
5 24 81 77 39 30 79 44 56 27 36 0 24
8 76 87 70 86 25 26 49 68 98 60 0 37
10 74 95 28 34 79 83 33 73 97 74 0 46
7 91 43 24 98 27 37 35 33 69 60 0 33
6 67 31 87 40 78 88 65 84 84 38 0 26
3 24 64 68 62 95 63 87 32 81 30 0 12
5 21 60 95 24 56 68 35 60 35 77 0 25
4 70 62 55 59 33 67 35 51 84 85 0 20
3 37 65 99 20 25 56 42 25 70 72 0 12
9 62 25 90 56 87 35 24 61 72 37 0 41
8 84 38 79 44 92 23 70 61 42 96 0 37
7 93 71 78 48 61 56 41 74 33 49 0 33
10 56 93 82 58 60 89 69 36 96 92 0 47
10 36 56 62 31 21 87 72 32 34 87 0 49
10 92 24 22 39 81 89 84 43 66 30 0 50
7 26 55 51 29 55 64 27 78 71 65 0 31
3 73 42 41 60 24 31 68 59 48 92 0 11
4 82 95 60 35 34 92 79 30 37 33 0 17
7 87 82 88 62 73 89 20 48 27 31 0 34
3 73 67 59 40 38 52 53 97 80 79 0 13
7 49 86 55 73 77 86 73 65 84 86 0 32
9 21 92 96 76 74 93 62 94 93 95 0 41
6 94 23 91 62 28 99 70 28 41 61 0 30
7 37 37 56 63 36 66 38 26 54 23 0 31
8 37 69 73 44 47 73 87 51 48 68 0 37
3 45 28 94 34 77 45 21 62 50 84 0 11
7 73 27 74 54 71 41 54 86 35 71 0 31
2 58 41 82 56 29 72 79 21 85 55 0 10
4 35 58 54 91 59 77 78 93 67 69 0 16
5 45 25 51 35 80 84 33 54 34 81 0 23
9 48 82 29 91 23 82 61 69 56 82 0 44
5 37 91 82 36 68 85 48 33 71 21 0 21
7 66 49 69 86 85 93 54 30 30 56 0 31
3 88 60 35 77 73 35 99 26 47 20 0 12
6 48 78 42 77 76 36 37 49 77 59 0 30
7 26 29 29 88 20 54 38 32 93 60 0 32
3 54 57 20 51 24 40 74 98 66 51 0 14
7 45 39 74 21 59 64 85 98 77 92 0 33
9 46 41 66 28 60 99 27 72 94 91 0 41
6 83 93 37 24 61 42 91 46 46 85 0 26
8 60 50 53 40 86 69 31 99 61 73 0 36
10 34 37 62 26 41 45 92 42 39 96 0 48
10 38 91 32 99 96 65 73 30 66 74 0 47
10 35 72 56 88 33 40 93 36 39 20 0 49
8 36 86 74 33 73 51 76 35 88 56 0 38
8 68 76 45 23 56 46 52 82 92 61 0 37
6 64 46 82 82 81 88 39 35 43 97 0 29
5 59 23 71 74 79 61 83 84 25 83 0 22
8 46 96 21 63 20 97 78 37 30 92 0 40
8 59 94 23 24 22 68 59 37 98 86 0 36
8 36 86 93 72 91 94 98 88 27 88 0 36
4 32 84 51 75 73 77 25 44 23 51 0 20
7 48 73 22 53 84 29 95 64 83 30 0 31
5 84 27 93 45 62 64 67 57 31 78 0 25
9 49 25 89 97 83 66 93 43 69 99 0 44
5 35 39 82 46 55 25 99 62 44 45 0 21
9 78 77 99 37 29 57 40 25 48 87 0 44
2 62 61 98 28 80 76 24 59 29 98 0 10
9 85 85 82 94 83 79 29 34 51 23 0 41
2 25 38 53 30 45 49 89 69 43 92 0 10
9 48 32 47 50 90 78 75 39 89 55 0 44
5 46 94 61 69 36 25 31 56 49 27 0 25
4 25 36 66 21 43 39 94 71 24 44 0 20
10 77 94 26 33 46 22 86 99 22 75 0 47
6 60 33 88 43 84 27 99 82 63 34 0 28
8 53 72 22 62 87 26 68 79 35 80 0 37
6 73 77 93 70 36 44 85 93 22 99 0 29
3 86 89 96 59 40 71 52 73 45 23 0 13
6 73 81 80 50 65 88 43 33 90 78 0 28
9 29 31 56 60 99 58 25 56 67 70 0 45
6 45 73 92 70 91 55 77 51 86 79 0 26
8 67 54 38 81 73 97 60 35 81 61 0 39
9 82 87 78 72 35 92 57 28 37 32 0 41
8 84 94 40 78 87 90 65 37 22 47 0 40
8 66 22 88 94 73 91 30 22 81 83 0 39
6 74 78 55 88 33 54 57 27 41 63 0 29
3 88 58 85 47 64 95 46 72 62 48 0 15
8 90 58 26 74 27 64 26 36 26 49 0 38
6 35 70 83 39 20 99 33 95 28 29 0 27
8 28 48 80 88 49 20 71 67 61 20 0 39
6 89 93 43 94 75 35 45 97 56 77 0 29
10 81 27 43 77 76 56 56 49 62 82 0 50
5 51 92 94 77 77 51 76 79 42 59 0 25
10 29 63 54 32 26 48 36 62 51 21 0 46
8 32 33 83 73 69 41 69 67 32 69 0 37
5 58 85 53 30 83 65 54 42 52 90 0 21
5 30 34 80 23 21 34 77 70 59 39 0 23
5 61 96 76 51 48 57 72 23 41 72 0 23
3 59 37 91 97 42 99 81 21 76 54 0 11
4 20 30 37 21 48 63 26 41 57 92 0 18
3 25 28 36 52 72 75 31 80 37 72 0 14
7 95 98 49 27 92 20 88 70 96 69 0 35
8 72 87 33 72 54 96 61 98 55 81 0 40
6 96 57 49 27 43 58 21 99 49 54 0 26
10 80 73 80 90 24 67 42 20 82 83 0 49
4 66 62 95 51 68 76 90 89 33 85 0 18
8 25 99 26 82 68 54 38 48 40 55 0 38
2 25 32 89 20 23 87 48 21 51 95 0 10
5 62 59 83 87 83 59 85 46 56 46 0 21
10 97 96 38 97 55 22 50 33 59 43 0 49
3 21 48 21 81 25 89 84 94 36 23 0 11
4 89 50 48 44 94 51 35 32 70 41 0 18
6 66 69 67 22 63 21 87 95 31 74 0 29
4 81 61 74 49 49 62 64 58 71 87 0 19
6 89 69 88 27 49 84 59 35 70 21 0 27
10 72 62 29 34 21 54 63 73 70 65 0 49
6 70 87 72 60 72 99 45 96 57 66 0 30
5 79 38 48 94 50 46 92 47 75 46 0 25
4 95 98 95 35 90 60 70 66 31 31 0 20
6 66 53 72 46 35 59 79 37 58 32 0 30
7 22 40 64 55 52 94 34 76 97 29 0 33
5 91 73 79 43 21 47 71 45 39 32 0 22
5 62 20 97 64 97 48 26 72 89 34 0 23
6 23 61 31 84 67 23 34 79 90 88 0 27
7 93 24 28 23 39 31 49 85 89 36 0 34
3 31 43 83 34 44 95 63 22 78 60 0 13
6 93 28 84 62 99 81 78 42 93 68 0 30
10 53 27 86 98 72 75 72 21 46 51 0 50
5 40 59 47 29 41 87 47 64 45 31 0 24
4 96 56 43 26 49 85 83 48 73 96 0 16
3 64 76 23 45 57 47 72 46 25 23 0 15
7 80 98 63 93 81 49 28 93 99 39 0 34
5 96 52 37 24 80 72 22 53 37 83 0 25
6 88 94 56 74 33 31 89 41 95 79 0 30
3 41 47 90 71 38 70 87 52 55 98 0 11
6 58 27 79 75 81 85 78 47 84 85 0 30
3 54 77 67 69 46 65 42 95 29 95 0 11
4 63 47 97 29 80 94 20 28 34 90 0 16
8 31 66 96 24 94 67 53 38 61 32 0 38
9 95 31 46 57 40 99 80 75 22 99 0 41
8 67 66 78 82 41 88 57 43 63 78 0 36
4 50 70 47 96 98 80 46 48 45 48 0 17
10 77 35 82 68 71 99 60 89 69 99 0 49
10 26 80 71 39 62 80 62 26 75 88 0 46
7 49 57 82 93 80 83 72 27 82 52 0 33
4 95 58 38 27 97 91 33 58 55 67 0 17
7 61 70 61 56 65 68 84 94 21 94 0 35
10 69 31 60 29 59 78 37 21 51 84 0 50
6 30 79 36 23 52 94 65 67 49 82 0 26
6 32 34 82 27 73 71 67 68 32 56 0 26
6 64 52 74 97 42 56 71 28 42 50 0 30
7 24 72 61 35 64 26 87 31 26 66 0 32
10 80 49 23 63 29 27 62 99 38 94 0 47
10 93 74 48 76 81 72 77 33 38 79 0 48
2 31 63 44 56 41 56 78 55 57 78 0 10
6 61 36 22 47 34 96 74 25 63 34 0 27
5 98 46 57 88 54 67 84 62 74 90 0 21
5 66 94 59 81 71 35 98 40 61 63 0 23
7 74 62 58 37 60 39 80 77 55 22 0 33
9 70 93 67 84 74 80 20 22 54 68 0 43
10 35 32 62 66 60 65 24 99 28 45 0 48
10 96 43 97 30 88 85 71 62 69 35 0 46
4 98 46 66 23 47 21 43 33 59 28 0 18
10 36 70 98 99 82 75 68 43 51 39 0 48
8 28 52 66 91 26 98 93 67 91 84 0 37
5 39 34 30 92 82 87 45 77 41 71 0 24
5 59 21 34 83 55 62 53 98 70 75 0 24
4 43 72 92 29 61 60 62 64 53 91 0 20
9 97 67 62 67 77 99 57 36 81 47 0 44
7 94 40 95 32 71 67 48 95 89 66 0 33
9 36 97 47 76 94 54 42 80 27 85 0 41
10 22 69 35 53 35 45 61 92 80 37 0 49
3 53 41 30 91 94 96 44 59 29 58 0 11
6 95 97 76 22 65 62 62 54 90 85 0 29
2 84 34 92 74 27 79 60 62 86 51 0 10
2 29 81 73 73 76 36 36 97 20 76 0 10
8 75 69 86 57 88 97 29 55 72 73 0 37
3 29 33 96 93 49 44 22 25 22 33 0 15
3 39 43 24 21 35 93 64 64 79 35 0 14
7 37 51 52 52 88 20 72 50 39 89 0 34
10 21 33 51 66 56 52 77 72 48 52 0 47
8 60 94 76 48 92 91 51 85 24 32 0 36
3 35 55 26 78 56 80 55 95 94 79 0 11
8 99 26 28 82 64 24 31 56 83 97 0 38
4 96 64 31 88 52 84 61 40 21 26 0 20
5 48 61 21 38 82 36 89 39 72 20 0 23
8 91 96 69 71 79 39 82 55 86 93 0 38
8 94 23 45 41 82 69 93 39 64 72 0 40
2 37 64 61 25 56 25 57 66 65 49 0 10
4 42 97 73 41 64 91 30 84 84 95 0 17
243 174 214 131 238
109 142 184 234 264
123 163 189 256 293
104 170 203 244 288
101 154 190 237 283
112 180 215 253 277
107 151 182 251 296
117 176 182 250 274
103 149 217 246 298
101 164 207 222 282
111 162 187 240 266
128 175 190 259 275
139 150 206 237 275
111 143 188 244 295
118 161 185 248 282
102 156 182 255 289
119 156 212 225 298
119 155 202 252 282
124 180 207 232 290
135 160 212 225 297
127 161 219 233 285
129 161 191 246 271
132 178 216 237 300
119 155 211 225 276
107 142 206 235 299
138 165 207 235 276
124 170 196 255 290
101 179 216 230 261
120 167 213 252 297
129 175 195 253 267
132 147 219 221 290
121 154 188 242 282
132 176 202 256 291
130 153 186 220 266
133 178 218 234 286
115 178 184 252 275
129 166 186 256 296
118 149 216 231 289
104 159 217 225 262
139 170 187 226 291
133 150 218 257 284
103 150 201 229 294
140 149 218 250 286
100 142 194 246 279
139 159 220 242 269
113 152 203 242 280
103 165 215 228 298
133 141 213 225 284
114 169 195 227 267
110 157 184 239 290
107 149 205 233 264
140 166 199 231 272
106 180 203 241 281
124 143 184 260 284
101 158 195 252 292
116 153 213 227 298
137 169 182 242 266
136 154 218 254 300
134 153 215 244 267
128 180 203 254 296
117 173 218 235 297
130 165 186 234 292
134 140 207 246 280
106 148 190 230 288
123 161 187 249 260
119 161 219 230 299
106 141 193 229 274
109 143 182 229 263
131 179 184 222 275
126 162 213 224 285
127 178 204 231 300
135 174 197 226 272
116 180 215 251 288
126 176 196 223 290
119 146 203 241 264
133 157 204 257 262
131 180 208 243 296
140 168 186 244 263
133 153 198 242 268
125 162 182 222 296
107 170 211 245 290
101 145 211 244 270
126 175 186 235 294
125 168 184 256 280
139 166 183 251 264
123 180 206 238 268
135 170 210 254 295
115 157 203 260 297
107 166 205 243 296
124 171 216 221 261
106 158 188 234 278
125 153 217 229 276
138 165 191 225 290
109 176 215 230 286
107 149 199 228 275
129 160 199 223 280
134 150 218 257 298
131 156 207 252 260
124 166 206 248 298
121 161 190 228 291
108 177 219 255 272
118 140 208 224 262
102 157 220 240 273
116 152 215 228 274
108 153 213 244 288
125 151 195 225 272
100 164 217 247 260
130 146 192 239 281
119 156 192 258 260
114 148 214 249 268
125 171 216 239 298
123 172 201 256 282
138 180 186 224 278
138 175 186 236 283
135 162 187 259 292
126 146 196 223 287
135 153 190 224 291
136 146 219 223 288
131 161 209 260 281
139 178 201 229 286
104 164 214 257 294
111 150 212 238 265
123 165 204 228 287
124 144 215 227 297
115 175 208 240 275
130 172 194 259 270
104 174 216 230 296
124 170 189 227 269
123 154 189 223 281
113 164 205 232 285
123 163 210 242 281
134 174 189 251 290
107 152 198 222 272
112 158 201 231 274
132 159 183 243 263
113 160 218 231 261
132 164 198 229 275
131 160 186 253 270
126 144 203 222 264
140 171 205 224 275
102 145 219 232 276
116 141 196 257 278
123 149 195 225 274
104 162 209 245 273
115 173 191 260 271
111 178 200 245 282
111 163 188 242 290
116 146 182 251 288
120 153 219 245 274
100 151 193 250 290
103 176 214 229 293
129 141 198 260 272
130 155 208 226 272
108 168 197 227 287
104 156 202 258 262
136 149 215 243 274
136 156 218 240 291
118 151 191 223 291
113 143 218 253 291
110 166 204 225 292
102 157 184 234 273
113 161 212 224 268
124 164 217 256 273
115 176 193 244 293
105 149 198 235 281
108 164 206 258 266
103 173 190 247 262
123 179 200 233 270
107 159 182 248 261
119 161 208 242 293
111 152 187 238 280
135 146 220 258 264
122 177 180 238 294
123 179 187 237 297
130 172 202 238 288
118 154 220 220 298
134 142 210 236 281
132 176 199 242 266
100 152 193 259 296
111 180 181 251 262
113 155 185 244 294
119 147 210 238 281
127 161 210 256 277
140 158 196 235 269
111 162 220 257 272
106 151 184 227 293
122 155 187 230 292
109 177 181 258 279
140 168 197 259 269
122 176 215 222 299
130 177 208 223 300
126 158 193 228 262
123 161 209 228 286
105 172 210 232 282
133 140 219 228 292
110 172 192 258 279
139 151 204 225 268
130 175 186 230 279
100 164 200 234 276
119 161 196 254 283
110 155 181 243 269
109 176 208 233 293
133 162 191 231 292
116 161 195 256 296
131 174 210 221 275
135 156 197 251 265
123 172 200 255 278
106 144 200 253 277
100 170 187 250 279
123 146 214 226 287
118 159 214 237 283
115 147 191 225 285
112 169 192 253 297
118 157 199 258 272
117 178 187 244 288
100 150 202 220 275
124 174 202 257 267
139 156 193 241 291
100 142 202 255 268
112 170 219 235 263
121 171 203 243 293
126 169 185 223 286
122 158 188 259 289
106 177 197 233 284
108 172 182 245 262
127 156 220 244 285
111 169 198 232 295
119 157 208 257 293
138 150 195 232 286
132 169 186 250 296
130 174 209 229 270
111 174 187 255 284
106 169 208 242 297
128 156 188 247 287
134 140 189 235 265
123 144 189 220 289
108 173 212 230 265
124 153 197 230 261
128 142 218 249 275
107 172 219 241 290
122 176 195 241 294
113 146 217 256 275
117 161 218 253 261
126 166 215 222 279
133 175 193 238 269
120 168 200 258 293
124 141 191 232 300
108 148 185 239 266
103 147 188 235 287
136 145 199 232 267
114 158 202 252 283
133 175 199 230 291
102 176 202 255 280
101 179 185 242 270
103 160 200 230 280
139 149 203 244 266
100 163 197 251 298
132 152 209 245 267
114 142 198 224 277
126 147 193 254 299
114 158 197 245 271
117 172 216 252 260
137 140 209 230 294
119 179 209 220 264
108 149 184 240 273
130 143 211 253 275
115 151 205 258 288
106 149 196 236 288
119 161 195 248 289
104 171 214 234 295
116 165 202 240 262
100 166 180 250 283
138 152 204 229 292
135 180 197 220 289
117 141 181 230 295
106 147 216 225 277
110 179 207 253 271
124 171 184 241 287
111 152 198 259 262
107 148 210 225 277
132 155 215 226 294
102 172 180 222 295
119 174 218 226 260
130 162 199 243 294
110 180 181 232 291
125 163 213 221 275
125 146 180 242 283
125 145 217 260 272
138 175 197 233 294
127 174 208 255 264
109 155 198 231 270
136 150 216 258 266
107 148 220 244 283
122 161 182 258 291
104 155 180 241 290
111 149 208 231 283
139 176 186 246 289
140 153 192 240 297
126 163 199 222 283
119 160 215 222 275
133 142 181 222 261
121 156 201 247 286
124 142 193 243 300
135 164 200 252 282
105 147 189 240 293
133 177 214 235 272
114 172 206 255 290
113 150 193 237 270
130 143 206 234 261
123 162 209 260 296
107 169 195 223 288
109 144 191 258 300
105 142 185 255 290
111 167 192 220 288
136 140 204 250 289
140 143 213 259 293
128 155 213 222 269
111 144 193 244 266
120 175 199 251 282
134 166 195 226 295
124 161 183 226 277
114 169 196 231 265
110 171 199 250 262
137 147 185 250 266
127 161 206 252 289
121 154 205 250 293
139 156 205 252 276
119 146 208 227 295
138 151 214 235 265
139 146 218 240 273
121 178 213 222 284
130 147 195 223 300
100 147 203 242 271
109 179 194 233 287
117 177 193 240 266
112 177 203 229 283
109 180 209 252 268
127 153 182 221 280
109 159 202 231 278
140 172 189 248 289
104 147 196 243 266
115 172 219 241 271
132 143 181 242 265
138 174 219 252 288
130 178 206 238 272
127 143 187 251 280
103 143 209 253 263
111 169 191 226 295
135 150 181 249 262
124 163 220 256 278
127 179 211 255 293
134 178 196 241 263
136 174 197 223 275
104 170 204 238 278
127 179 200 254 299
111 172 218 230 263
127 140 188 235 280
127 169 215 244 272
137 173 219 250 276
104 173 201 227 284
116 159 180 231 269
122 160 214 242 282
101 145 187 247 277
137 144 214 252 292
116 146 204 220 266
121 172 202 252 263
108 155 206 248 297
136 146 216 247 272
124 157 215 221 260
135 149 185 244 291
126 147 215 237 279
132 141 211 259 290
119 176 193 226 288
124 157 199 259 281
101 180 192 241 289
101 166 181 234 270
118 148 212 224 292
122 151 202 257 290
112 178 195 246 286
129 165 202 233 293
118 179 199 235 289
132 172 203 233 270
120 164 214 260 289
105 160 204 252 288
103 145 185 256 283
121 141 199 232 269
125 155 216 233 298
103 159 215 240 280
118 161 182 251 289
116 141 195 250 297
114 168 184 242 287
119 159 197 259 284
114 145 217 238 279
139 169 202 224 284
112 164 214 248 288
105 158 184 259 290
113 162 185 222 295
120 158 185 241 272
113 152 191 236 265
120 146 195 247 277
130 143 207 239 280
131 179 202 256 272
110 176 187 246 280
129 142 205 252 292
108 164 212 224 283
111 141 212 224 265
118 170 220 240 283
100 166 199 234 280
105 159 189 225 291
128 142 204 231 290
131 146 199 226 292
136 146 214 227 288
126 145 209 258 293
112 161 202 246 270
103 169 198 249 289
132 164 216 254 294
122 169 199 257 273
131 178 182 248 294
125 144 191 229 290
128 178 189 248 300
103 154 216 248 277
129 156 195 253 292
117 162 196 258 283
138 177 193 259 271
111 180 200 248 297
117 167 210 250 295
129 160 181 227 292
105 152 192 230 266
128 168 190 240 278
106 177 185 221 267
124 162 199 249 263
127 147 211 228 296
104 178 216 248 260
131 167 198 222 300
120 174 210 225 269
132 167 191 237 277
136 179 208 228 273
124 153 182 249 262
128 140 210 234 280
119 164 220 223 274
133 164 212 244 296
125 162 195 221 261
113 178 195 252 263
101 148 220 249 288
109 176 196 256 299
138 173 208 236 294
123 172 196 233 286
137 161 189 226 271
111 166 208 244 299
124 162 186 260 287
109 173 217 238 297
114 144 209 258 286
140 166 200 224 278
103 167 187 225 288
115 149 197 246 283
114 164 214 229 283
110 164 197 221 272
109 164 216 226 286
117 151 193 242 269
115 170 196 226 281
106 162 212 255 286
137 179 207 228 264
138 158 184 237 289
104 178 215 253 267
138 167 212 233 267
116 178 210 227 268
116 169 189 230 299
128 143 218 240 276
102 165 199 232 292
139 164 183 236 285
120 160 196 256 290
126 149 184 226 294
113 172 190 224 262
100 168 192 225 260
116 180 209 254 273
115 163 185 226 298
131 173 188 225 285
105 172 186 260 291
139 173 211 249 269
132 161 205 222 286
106 179 199 249 297
125 176 186 258 271
120 147 209 251 265
100 159 198 247 280
104 149 199 241 284
126 168 213 251 264
129 167 207 240 270
108 171 202 246 263
119 142 198 228 279
126 150 194 221 276
121 161 207 256 285
112 163 217 220 298
115 160 182 228 263
106 171 206 260 287
115 167 193 257 299
104 152 219 234 271
114 147 189 255 260
122 151 204 257 287
124 173 207 235 299
105 174 184 252 268
104 149 220 240 298
123 162 193 252 262
124 154 204 229 299
116 163 201 220 273
134 168 200 228 300
137 169 190 245 269
100 155 195 225 266
135 145 180 253 272
108 164 182 259 282
135 177 184 222 260
124 158 215 257 270
139 179 199 251 289
140 152 194 254 270
132 176 192 256 267
110 159 197 247 300
110 179 204 255 291
123 147 212 225 291
136 176 184 248 270
103 145 215 226 277
106 171 202 221 261
130 147 211 252 288
102 178 205 229 295
131 140 201 220 293
130 156 180 234 282
108 158 187 260 281
110 175 211 248 268
122 146 193 247 286
135 177 207 251 284
122 176 219 260 297
133 171 190 245 298
123 150 216 251 273
114 153 205 244 260
118 172 220 244 287
123 148 195 246 275
135 163 204 227 299
116 158 215 224 296
135 165 186 239 262
130 155 219 232 296
106 148 217 224 264
116 159 185 255 264
128 175 198 231 260
138 154 181 231 284
136 151 218 220 297
100 145 200 221 265
108 172 191 241 280
103 141 193 256 288
137 160 192 227 289
124 149 196 258 295
134 175 190 234 261
117 143 210 224 293
105 143 204 243 280
108 157 207 259 282
114 166 194 258 273
108 180 208 253 297
106 159 204 245 295
126 180 198 259 290
136 160 189 259 279
111 146 193 249 271
108 169 184 238 290
102 143 186 226 298
122 170 196 252 268
130 165 215 230 264
127 172 183 235 278
138 180 206 246 277
117 140 212 250 277
140 145 195 252 260
107 167 180 256 262
132 150 194 220 279
129 146 215 260 286
121 173 194 245 300
136 145 208 221 282
119 180 214 247 294
104 178 219 242 262
104 148 204 257 265
125 171 181 246 277
136 160 207 259 268
138 149 203 229 264
123 142 192 238 295
110 162 199 233 290
108 150 216 257 278
140 155 186 220 272
105 142 188 227 279
111 145 195 253 293
119 172 191 227 260
114 158 191 253 293
102 154 186 230 262
121 180 189 252 290
116 169 209 238 267
113 154 218 241 263
115 174 218 228 270
124 169 209 256 280
120 153 184 247 290
113 155 193 252 298
120 164 184 224 284
107 164 180 241 279
102 170 214 251 286
137 156 183 259 270
108 147 212 253 290
137 178 215 232 261
119 161 197 246 286
120 161 180 228 299
103 169 193 221 278
127 162 200 256 281
126 180 189 224 294
119 163 192 252 286
123 154 183 241 276
120 172 202 241 268
139 158 183 222 265
111 154 202 258 291
138 145 215 229 296
110 153 220 244 265
109 160 201 244 262
100 162 191 246 263
102 175 189 226 286
105 172 200 259 262
111 147 207 245 275
106 159 184 254 295
108 144 188 229 284
113 148 181 226 277
137 175 211 225 263
121 146 196 228 297
121 145 193 220 270
134 159 186 241 275
130 153 218 257 272
138 144 189 238 298
126 155 205 225 275
121 143 205 258 269
114 172 195 220 271
111 173 220 256 268
131 148 189 252 298
137 173 184 241 298
133 158 196 225 283
131 156 186 222 275
107 158 198 239 291
113 167 190 235 283
123 166 183 232 290
113 165 195 250 294
127 176 196 237 280
112 167 189 246 283
115 169 185 257 288
117 174 182 253 273
128 163 214 230 268
125 178 188 224 270
127 163 197 234 285
109 160 186 222 296
104 154 205 243 269
111 161 202 250 268
105 153 203 223 273
100 145 206 221 261
130 149 186 239 273
108 144 181 242 286
117 170 211 225 275
103 163 210 224 261
125 155 196 250 299
122 151 191 246 300
138 167 206 249 262
122 157 213 228 285
107 146 198 256 267
107 169 194 252 288
112 140 212 242 300
100 171 197 232 263
127 168 212 251 267
125 179 182 233 287
139 148 220 253 285
113 140 210 227 272
118 169 217 258 282
113 175 201 246 274
101 179 187 244 287
101 143 192 260 263
103 154 182 225 261
112 143 194 227 278
110 175 210 245 269
126 164 217 230 294
126 170 186 242 276
118 180 218 236 264
115 174 192 259 290
137 157 204 248 295
122 171 197 250 294
114 175 213 220 290
128 166 185 222 279
139 155 206 235 278
129 168 193 246 283
128 166 207 253 274
135 180 193 237 279
137 146 215 239 273
129 167 212 234 277
129 154 201 220 282
100 166 209 236 294
125 143 204 239 299
126 164 195 227 290
123 156 205 243 264
106 159 207 252 277
123 154 184 220 260
110 164 205 237 269
140 168 186 240 272
110 169 193 243 267
115 158 192 255 289
129 147 197 241 278
106 140 214 227 268
114 152 189 223 265
136 146 185 233 269
123 164 196 248 280
137 163 206 254 277
117 157 190 223 269
139 158 182 250 294
130 160 208 260 262
127 140 197 227 290
133 151 211 223 290
117 156 220 242 272
104 152 219 257 264
117 157 203 235 281
127 170 196 228 274
101 145 186 227 283
120 148 198 232 289
134 179 213 235 287
120 150 210 245 290
132 180 208 233 275
132 147 197 260 278
140 150 190 256 268
118 172 207 243 273
110 173 193 223 274
127 146 188 234 272
137 167 203 249 271
127 153 186 251 280
105 153 185 233 286
110 153 193 227 299
100 151 194 235 297
139 167 199 226 281
101 173 188 242 290
116 145 195 227 273
113 145 207 233 300
128 178 214 230 289
124 168 183 258 264
118 160 185 248 269
120 141 207 248 283
127 146 199 225 265
135 162 194 232 297
136 153 216 231 295
120 177 182 247 295
138 141 218 246 288
104 168 193 240 276
132 175 190 225 291
108 145 193 236 280
126 170 186 222 261
115 144 195 249 270
125 174 183 235 299
115 174 207 252 267
125 159 201 257 269
123 140 188 229 270
131 141 198 220 291
125 177 218 235 281
113 154 208 251 283
135 160 206 243 274
129 143 219 231 265
123 153 189 243 299
103 175 203 233 264
109 173 202 237 299
101 160 198 241 277
133 167 197 225 277
112 180 208 231 266
112 159 185 260 297
101 160 212 235 287
137 180 181 225 286
118 141 181 234 274
134 142 213 223 271
137 179 220 247 292
110 178 180 248 265
131 170 187 244 298
109 154 183 241 262
140 159 219 259 268
138 179 216 260 290
117 159 211 251 268
138 157 204 233 300
120 166 199 242 293
103 144 216 228 298
118 163 198 226 292
110 168 189 233 260
123 177 183 239 282
119 154 198 250 276
100 168 219 240 282
119 179 205 223 298
130 149 197 231 272
140 154 184 246 263
111 153 192 220 262
119 145 188 232 283
104 155 184 229 288
131 144 201 242 282
116 169 183 247 283
113 179 185 232 285
105 149 199 237 294
127 157 201 226 265
100 157 219 244 267
127 164 201 246 269
124 167 199 221 274
133 168 187 235 272
139 176 201 233 297
131 143 182 248 264
133 153 192 239 265
133 169 185 243 267
122 149 199 223 269
132 146 219 242 293
116 152 189 257 297
106 166 196 254 272
126 158 208 244 283
137 147 186 233 275
132 151 199 244 274
119 147 198 249 297
106 142 211 222 276
135 172 182 229 286
137 164 193 232 279
115 158 218 233 279
113 178 183 238 286
108 162 192 247 297
108 167 201 225 296
129 169 212 230 274
140 171 216 250 286
133 178 186 255 288
108 142 185 252 278
115 177 201 227 285
139 140 212 251 273
109 161 192 237 292
110 155 212 250 282
112 145 187 259 271
121 148 203 250 286
104 145 192 257 273
105 179 215 235 281
114 150 190 246 267
102 167 180 223 266
123 156 216 232 265
109 149 192 256 265
137 177 183 257 281
102 180 180 220 285
140 151 219 244 283
119 180 200 248 282
138 174 198 254 272
120 173 190 247 272
121 177 201 253 288
113 180 205 222 284
129 141 185 237 286
114 179 219 240 261
131 157 199 246 272
140 144 192 242 290
105 146 205 221 262
135 158 210 254 294
111 143 204 237 276
132 153 203 241 260
115 172 183 260 277
106 172 207 246 283
136 145 183 238 296
131 165 183 258 284
106 170 181 252 283
100 153 186 252 274
127 169 213 223 274
136 166 187 230 264
113 162 209 253 277
132 151 217 233 271
121 173 198 241 270
131 163 185 250 275
101 180 190 244 291
119 167 193 259 281
136 160 184 260 277
139 156 207 227 282
136 156 181 251 281
106 174 180 251 275
123 179 188 248 265
106 166 193 241 296
140 146 212 244 278
135 144 186 223 267
108 180 204 260 285
140 169 216 226 270
124 147 211 225 285
138 150 180 231 286
132 153 193 232 265
119 170 193 252 269
117 174 196 238 277
106 173 200 248 294
132 160 181 229 263
103 162 214 239 289
108 160 182 247 260
100 178 198 228 266
102 149 202 221 262
112 160 199 233 270
133 142 197 229 279
112 177 196 250 289
120 162 180 225 280
121 147 182 248 285
134 145 181 243 299
107 163 192 259 298
117 171 197 246 294
134 165 187 249 281
131 143 187 240 277
112 180 203 236 283
120 153 218 233 292
113 158 196 252 286
123 141 205 229 290
102 166 207 236 266
115 140 204 248 270
135 154 202 238 299
127 163 197 222 278
105 168 209 255 269
113 155 188 259 267
121 170 201 239 294
110 167 182 249 266
133 157 217 246 273
126 144 215 258 267
108 151 205 241 300
139 157 191 236 296
133 164 218 240 287
129 168 214 245 272
103 143 216 228 262
110 177 180 257 262
134 156 201 259 277
126 157 207 240 286
107 166 199 223 268
133 150 200 223 272
133 173 211 235 281
104 174 203 225 273
101 160 198 221 277
124 180 181 239 275
140 161 212 250 293
113 141 219 257 266
140 154 187 225 267
116 147 198 239 270
139 171 191 234 270
124 140 183 259 282
113 160 190 244 296
104 174 183 259 272
121 172 209 238 290
107 140 184 226 297
117 163 188 235 268
134 157 207 228 291
117 143 206 245 286
132 143 200 245 300
106 178 218 225 291
129 175 205 224 265
111 154 184 238 261
122 170 186 226 300
137 178 217 232 296
100 144 181 247 262
129 147 214 242 274
126 151 197 250 265
100 166 218 256 271
115 178 214 247 288
107 165 201 228 266
130 163 203 236 282
100 171 187 223 295
108 151 217 221 271
123 163 204 252 288
116 148 199 220 266
124 152 184 237 288
115 157 208 223 266
126 151 187 229 267
104 142 212 245 266
136 145 195 235 288
125 179 185 228 281
107 177 191 246 262
119 156 216 237 284
117 178 202 221 275
116 169 188 254 276
102 141 183 251 274
136 157 214 250 281
139 155 205 226 285
137 167 208 260 277
128 140 198 234 297
122 156 195 235 267
127 178 186 234 299
139 170 206 251 290
119 162 185 237 269
121 174 181 225 292
122 144 220 256 272
132 178 218 245 293
116 164 193 236 269
133 148 212 224 283
124 176 214 237 280
118 159 190 227 277
103 164 197 226 268
126 146 188 224 295
127 177 208 240 298
136 179 198 225 268
124 154 188 221 286
120 166 196 258 270
125 154 182 241 273
132 158 183 256 295
106 173 203 249 267
129 147 214 249 289
110 179 215 229 299
114 148 199 226 292
138 157 202 226 281
133 147 216 257 287
106 177 193 241 262
111 165 193 232 298
106 180 183 238 269
126 164 219 246 285
115 176 213 241 287
113 177 212 233 267
101 176 194 233 262
121 153 220 259 286
102 150 214 221 276
101 175 210 236 290
104 151 202 254 288
122 164 204 257 279
2400 3126 4050 5150 5810
6029 7989 9263 12546 14359
1770 2892 3453 4150 4898
2123 3236 3992 4979 5945
5489 8822 10537 12399 13575
3426 4834 5826 8034 9474
5150 7746 8010 11002 12058
1753 2535 3691 4184 5068
3133 5086 6419 6884 8744
3776 5510 6360 8162 9046
6402 8752 9502 12952 13752
1531 1652 2268 2609 3027
4664 6008 7898 10250 12392
1182 1612 1852 2482 2822
2654 4058 4734 6632 7516
5833 7646 10390 11027 14604
1430 1862 2426 3026 3386
5954 8642 9938 11138 13922
6212 7362 9754 10352 13664
3431 4349 5915 6293 7697
1421 1773 2103 2708 2983
1585 2138 2594 2846 3602
4405 5737 7809 8327 10214
5245 6960 10096 11517 14653
1934 2312 2900 3292 3866
3970 5442 6274 8162 9282
1113 1971 2378 2532 2873
6001 8352 10652 12602 14852
3872 5252 5852 7592 8012
4490 5000 7448 7516 9862
1817 2312 2822 3632 4232
2113 2818 3234 4098 4658
5592 6581 8000 9462 11440
6385 8546 10466 11234 13730
4832 7478 7730 10586 11552
1679 2160 2420 3330 3850
2598 3280 4754 5084 6360
3018 4613 6295 6527 7600
5562 6802 7482 9042 11642
6652 7502 10902 12852 14202
5049 7352 9851 11223 14408
3502 3727 5452 6252 7152
4202 5966 8150 10334 11720
5145 5885 8142 8956 9955
3166 4258 5686 6778 7842
1444 2312 3012 3194 4174
2662 2822 4262 4502 5682
1826 2706 3122 3634 4274
3962 5654 6626 8606 10442
5245 7303 10047 11419 12938
1682 1994 2390 2774 3266
2016 3422 3859 4581 5341
4838 5579 7178 10142 11078
2022 3162 3902 5042 5842
5222 6887 9587 10217 13412
4660 5748 6190 8230 9046
4761 5391 7632 8892 10502
4692 5357 7527 8542 9347
4865 6842 7716 9654 11250
1873 2770 3490 3762 4754
4552 5777 6512 8192 10222
6568 6862 10145 12056 13722
4560 6366 8172 9892 12386
5168 6764 7856 10460 10922
5595 7569 10295 10812 14055
3818 5078 6950 8246 9866
2945 3863 4916 6185 7103
3801 5193 5338 6440 7977
4790 6158 8096 8514 10832
6351 8902 10202 11552 15002
4862 6266 7094 8138 9794
4409 6842 8172 9540 10946
4412 6162 6862 7807 10152
1311 1608 2235 2653 2906
2130 2514 3266 4114 4194
4193 5762 6658 7778 9474
7002 8402 9302 12202 13152
3460 3980 5150 6294 6970
5127 6644 7464 9104 12138
4067 6462 8020 9312 11022
2123 3047 4433 5126 5672
3152 4377 4652 5877 7352
6252 8402 9202 12802 14002
1392 1662 1832 2512 2642
2339 3422 3916 4524 5094
4321 5442 6722 8130 9442
5751 7852 10152 13002 14852
3319 5148 6357 7535 9178
1490 2054 2594 2654 3134
1910 2846 3386 4214 5006
2877 3521 4993 5269 6350
5246 6272 7260 8552 11022
5234 8450 10322 11042 13730
1714 2386 3186 3650 4402
3098 3842 4778 5354 6722
4691 5251 7632 8997 10432
6552 7802 10352 12602 13002
4713 6310 7830 9426 11326
3753 4993 5892 7070 9023
4429 7259 8981 10457 11154
3660 4342 6450 6946 8124
4286 6596 9242 10082 11468
4758 6234 8817 9350 11236
4106 5816 8096 9274 10946
6002 7250 9362 10802 13058
2802 4594 6078 6918 7282
4422 4966 6530 8128 9556
1192 1562 1922 2582 2602
3764 4886 7064 8219 8846
1251 1712 2162 2392 2982
6029 8430 9851 12546 13820
4004 5222 5396 6498 8064
4004 5077 5396 6846 8209
2702 3242 3742 5182 5842
5672 6572 8822 10037 12917
6077 6887 8552 10082 13097
6394 6864 10295 10483 13538
4587 5637 7317 9102 9837
5840 7478 8444 9620 12014
2913 4594 5994 7198 8234
2999 4052 5726 6428 7157
2093 2807 3470 3878 4881
6202 7202 10752 11352 14852
2647 4027 4786 5522 6327
4292 5678 6404 8549 8912
1353 2264 2810 2992 3850
1738 2382 2648 3180 3768
1355 1696 2081 2455 3093
3618 5250 6562 7426 9122
5291 7011 9032 10408 12085
3084 4004 4349 5775 6672
2570 3650 4754 5330 6530
2242 3162 4022 4622 5482
5282 6362 7322 9722 10522
3844 5442 7414 7856 8876
5810 7218 8714 10078 12102
6552 8002 9302 12652 13502
1766 2018 2844 3110 3698
2802 3422 4102 4482 5502
4592 6527 9857 10442 12422
5106 6206 8626 11310 12234
3077 3727 4877 5627 6852
1770 2756 3555 4167 4643
3797 5711 6305 8582 8945
1223 1960 2202 2697 3104
1445 2121 2446 3148 3772
2670 3360 4188 5775 6626
1802 2297 3287 3677 4112
4802 7250 9266 12002 13922
1032 1762 2142 2292 2932
1808 1976 2774 3642 3810
3122 3722 4994 5426 6530
4862 7562 8867 10217 12917
1354 2030 2628 3356 3408
4082 4472 6452 7292 8222
2450 2810 3926 4322 5240
3188 4079 5159 6023 7859
2714 3434 5234 6074 6986
1102 1662 2042 2252 2922
3062 4712 5522 7022 8192
3618 5154 6786 7170 8578
5334 7054 9333 11010 11741
5407 8274 9073 11470 13773
1997 2833 3764 4467 5341
5402 8202 10302 12902 13302
4534 7614 8362 10870 11530
3200 4656 5202 6060 7022
1072 1592 1822 2482 2612
4643 6281 8114 9440 11429
3110 4258 5238 6666 7842
1757 1900 2862 3356 3434
4028 5843 5942 7856 9704
1847 2687 2807 3557 4457
1822 2410 2830 3334 4034
1418 1850 2642 2642 3578
6300 6676 9872 11094 13209
4094 5458 6171 7504 8248
4002 6082 7722 10362 11842
5330 8642 8690 12050 12578
4409 6047 7217 9518 11468
5952 7352 10502 11902 14052
5590 7086 9242 11266 12190
5462 6164 7646 9167 10493
4109 5996 8142 9511 10066
2440 3475 4234 5223 6741
2808 3567 4303 5292 6718
2945 4781 4889 6968 7535
6442 7730 9064 11916 12376
2564 3698 4517 4664 6281
4942 6728 7906 8476 11402
4664 5848 7143 8438 9696
1355 1773 2301 2510 3148
3152 5162 6302 6962 8462
6120 6442 10076 10490 13434
3302 5162 5762 7742 8372
5006 5438 7346 8102 9650
3642 4902 5210 6442 7814
3002 4922 6002 7022 8282
3810 5154 6274 8130 9058
2202 3102 3622 4862 5382
3381 5458 6450 7225 9085
2130 2594 3058 3698 4674
4758 6603 7997 10498 12138
4194 5570 6722 7074 8802
2027 2342 2957 3767 3977
2708 3786 4402 5612 6118
2016 2738 3802 4809 5265
1202 2042 2246 3002 3350
1478 1754 2570 2714 3446
4132 5567 7492 8297 9907
3107 3971 5159 6077 7697
2130 3213 3650 4809 5645
5076 6753 8559 11096 11698
5852 8902 9352 12202 14402
3802 5702 7678 8362 10452
1614 2264 2628 3343 3473
1392 1562 1932 2412 2912
5002 7102 10102 12752 13402
4146 6292 8105 8697 9733
3027 4277 5077 6077 7327
3152 4227 4627 5577 7152
2442 3162 3762 5182 5782
3394 5666 6306 7458 9090
5078 8086 8556 11517 12316
5463 6710 9462 10494 12257
3998 6086 7130 8354 10622
4404 5811 7698 9511 10843
1658 1802 2342 2786 3434
1322 1692 1862 2502 2962
4552 6092 7317 8017 9452
2111 3308 3555 4847 5398
4877 7776 9570 11134 13664
3330 4058 4890 6424 7464
2548 2662 3593 4467 5037
2093 2450 3215 3742 4915
2702 4327 5302 5752 6627
4218 5204 6700 7822 8876
3842 4262 6542 7472 8252
3104 4990 6353 6991 8412
6102 8802 9752 12052 14702
4635 5988 8899 10498 11277
5501 7569 10248 11893 12269
3530 4650 6022 6218 7814
5987 7877 8687 10712 12107
2401 3362 4002 5162 5862
1862 2117 2867 3482 4502
1082 1482 1852 2392 2662
2783 3971 5078 6347 7751
1498 1597 2191 2554 2939
2510 3478 4446 5546 6228
4391 5777 6569 7592 9605
4694 8098 9294 11732 12882
1214 2150 2222 2906 3242
1238 1922 2402 2762 3362
4172 4472 6092 7322 7982
2502 4077 4927 6277 7452
4886 5626 7735 9067 9881
3308 4120 5744 6498 8035
5042 5882 7722 10162 11962
5246 7270 9064 11272 12468
3980 5850 7346 8570 8842
6167 6302 9407 10352 13232
2739 4119 4809 5062 6074
1406 1939 2394 3122 3551
2602 2862 4222 5062 5502
5637 7401 10047 12644 14114
3394 4770 6274 7554 9218
2025 2739 3317 4218 4915
4682 7697 9632 10532 13277
3714 5282 6466 7682 8386
1902 3156 3422 4752 5379
4280 4714 6326 7101 9054
2972 3962 4336 4842 6360
5033 6065 7785 9892 12687
3394 4706 6914 7202 8866
1982 3224 3728 4556 4880
2606 3593 3866 5063 6029
1667 2282 2972 3887 3932
2142 2962 4202 4502 5542
3566 4187 5807 6104 7940
1532 2582 2702 3332 4427
1787 2612 3272 3392 3902
5332 6644 8161 9965 12056
2642 4322 4346 5570 6986
6252 8152 10652 11052 13752
5252 6134 7562 10166 11888
5877 6817 10201 12222 12786
4418 5602 6306 7458 9410
2161 2960 3538 4337 4490
2727 3877 4952 5777 6752
6394 7052 10154 12128 12504
2891 3998 5942 6590 7643
4272 5637 6372 9032 10187
4474 6667 7742 10365 12472
1778 2386 3330 3698 4530
6813 8626 9116 12056 14163
3782 4133 5186 6482 8021
5546 7174 8758 9770 12454
1311 1762 2367 2444 3027
3327 3552 4527 5552 6527
3148 4058 5228 6424 7438
5334 6108 8301 10451 12902
2837 3446 4202 5294 5924
3362 4706 6050 7682 9378
5987 7967 9632 10577 12242
3649 5506 6594 8162 9282
2488 3302 4248 5216 5942
2082 2290 3298 3746 4178
4675 6158 7944 9882 11250
4924 7776 8972 10260 13250
5452 7202 9552 12902 15002
4202 5682 7402 10202 11602
3554 5346 6146 7042 9218
4762 4902 7142 8752 10117
6302 6437 9587 11657 13187
1538 1862 2558 2666 3230
2999 3890 5213 6590 7184
3602 5252 5972 7532 8462
2146 2658 3122 3618 4722
3226 4188 4760 5878 7204
5018 7438 8626 10166 11662
1762 2738 3186 4002 4194
6030 6470 8142 11002 11706
2669 3383 4328 5294 6071
5689 7240 9637 11752 13773
4867 5462 7177 8822 9662
3810 4674 6658 7266 9442
5108 5589 7920 8697 9807
1670 1754 2618 2882 3278
4116 6054 7244 7550 9658
2212 2501 3317 3793 5102
1802 2648 3656 4358 4880
1419 2329 2524 3031 3733
4682 7082 7722 9602 10642
1682 2657 3047 3437 4247
1092 1802 2092 2522 2682
3177 3827 4552 5527 7002
2727 3977 5052 5777 6952
6722 8258 9074 11906 13874
4058 5735 7646 9479 10376
2762 4130 5258 5786 6506
2774 3005 3803 5084 5567
2485 3134 3944 4538 5186
5852 8012 9272 10712 12242
4828 5436 7108 9540 10642
5049 7009 10243 12399 12889
3110 4734 5350 6330 8262
5402 6002 7242 9962 10482
4837 6359 8582 9986 10844
2922 4119 4855 5867 6741
1878 2494 2746 3376 3684
3266 4178 4730 5354 6602
2602 4252 5102 5952 6952
2795 3940 4402 5590 6580
2444 3786 4798 5062 5788
3939 4342 5830 7287 8682
5082 6762 8602 9762 10882
6303 7960 10076 11502 12698
4162 6922 8042 9082 11362
1626 2228 2522 3236 3768
2686 3522 4710 5326 6206
3537 5077 6547 8647 9697
1509 1586 2356 2774 3214
1742 2192 3062 3302 3992
5205 7398 8688 10838 11311
3998 5737 7624 9178 10991
2586 2776 4106 4695 5170
2730 3456 4732 4864 5722
6077 6707 8327 10982 13097
4160 4853 7097 7823 9209
3566 3809 5699 6995 7832
1192 1762 1932 2262 2882
1738 2200 2788 3628 3936
3638 6482 6914 8678 10406
2325 3820 4165 5384 6212
4958 6218 8906 9410 12266
4638 5740 7678 9768 11022
1458 2316 2537 3200 3720
1550 1982 2426 2798 3518
3542 5372 5972 7052 8672
6602 8602 10152 11652 13502
3001 4102 5352 6502 7227
2942 4482 5714 7058 8066
2680 3772 4812 6658 7360
3027 3527 4977 5802 6727
1252 1552 2162 2332 2982
1753 2705 3657 4082 4762
5666 7730 8738 12050 13874
5686 6911 9557 12252 14555
2624 3866 4234 5568 6603
4048 5408 6700 8808 9658
3992 5077 7597 8332 9767
2226 2706 3234 3586 4546
4369 6398 8348 9674 11234
2837 4268 4970 6995 7832
4748 6806 7772 9326 12392
2642 3478 4072 5304 5986
2488 3346 4204 5194 5832
4922 5988 7997 10129 11359
5462 6008 8696 10040 11762
3932 5372 6062 7682 8162
2422 3874 4116 5414 6162
3227 3552 5127 6302 7302
3350 5086 6574 6946 8775
3110 3950 5938 6274 7422
4958 7142 9242 10082 11888
2302 3820 4579 5384 6442
3257 4931 5861 6977 9023
1538 1706 2450 2774 3482
6290 7010 9554 10850 14018
2178 2338 3426 3634 4610
5042 5802 8362 10322 11722
4034 5798 7274 8858 9722
4534 7438 8714 10958 12718
3697 4594 6050 7114 8234
1710 2368 2788 3600 3824
2753 3740 3824 5210 6176
2377 2738 3631 4353 5512
3585 4986 5294 6946 8402
1856 2774 3890 4466 4988
6323 7646 9557 12399 14310
5150 7130 8626 11354 12454
6488 8321 9073 12175 12739
4996 8102 9002 11162 13367
3511 5012 6302 7502 8852
5162 6402 7242 9082 11682
4097 5930 7490 8972 10376
4866 6386 7222 9122 10566
4560 7613 7957 9505 11483
3846 5024 6171 7721 8155
3939 4559 6543 7070 9178
1146 1960 2378 2730 2862
5766 7350 8714 9770 13202
3362 4874 5882 6302 7534
4754 6014 6878 8534 9974
1634 2150 2498 2738 3278
3970 4898 5826 7970 8386
2818 3082 4622 5150 6162
4167 5742 7702 7807 9592
5188 6398 8270 9518 11546
4252 5510 6632 7516 8876
2488 3918 4292 5546 5788
2931 4294 6382 7223 8354
2835 4578 5098 6658 7776
2623 3289 3954 4486 5588
3692 5162 5882 6992 8582
6852 8052 9452 11302 13552
3331 4982 6242 7322 8972
2730 3566 4094 5722 6316
4579 7268 9116 9998 12476
3308 4178 6063 7484 8296
3362 3986 4802 5378 6674
5049 8185 9165 11027 14114
5292 6856 9064 11318 13020
5702 8202 10702 11452 14152
4402 6562 7882 8842 10882
2400 3610 4754 4974 6294
4214 5438 6950 8714 9686
5752 8502 9802 11302 14052
4877 7454 9754 11732 13158
6852 8952 10352 11402 13202
5246 6006 6994 9008 10984
4058 6944 8387 9869 10415
2486 3008 3818 4196 4808
3250 4986 5882 6358 7506
4874 7100 7940 9662 12560
6018 6723 10248 11282 12974
2042 3302 3982 4642 5842
6118 7218 8054 10386 12542
4802 6402 7842 10242 11602
4538 5366 6626 8138 10586
2488 3786 4182 4930 5766
3302 5546 6338 7427 8582
4989 7742 8989 10924 11741
3222 4566 5182 6330 8346
2098 2770 3010 3602 4562
1577 2582 2792 3902 4367
2782 3462 4222 4982 5382
5150 6281 7997 8660 11156
2121 3582 3982 4982 5942
1877 2642 2792 3872 4067
5402 6617 9407 11297 11927
3402 5408 6734 8400 9522
3018 4323 5773 6991 8238
1766 2354 2984 3516 3698
3614 4678 5798 6722 7562
1946 3080 3638 4430 4736
3453 4120 5744 6614 8093
1766 2102 2718 3096 3866
5205 6925 8903 11010 12257
3250 4729 6295 6382 8644
3567 4962 5644 7070 8155
3181 5132 6182 7802 8612
1841 2674 3090 4114 4786
3642 5322 7667 8192 9487
2510 3236 4160 5612 5722
5248 6495 8774 11053 12343
5953 8306 9938 11282 14354
4727 7832 8282 11342 12062
5098 7303 10782 11762 14604
5168 6806 8108 10586 11006
5582 6932 9182 10307 13457
3598 5055 6233 6822 8465
6434 8066 9602 10946 14402
3701 4565 5132 6617 7265
5002 7752 9752 11252 13302
4187 4497 5582 7845 8434
4538 6890 7646 10880 11846
1892 2480 2578 3110 3642
4466 5690 7742 9254 9722
3337 4298 4778 6026 6938
1962 2130 2718 3558 3782
4622 6162 6722 8962 9347
3302 4772 5912 7412 9002
1981 3224 3674 4592 5240
1847 2207 3182 3377 4367
2178 2818 2946 3970 4322
3195 4497 6667 7008 8589
1380 2225 2628 2875 3395
2472 2795 4011 4790 5474
5102 8902 10252 11452 14752
4325 4622 6635 7262 9671
2732 3278 3782 4916 5924
4646 6796 8043 11182 12085
1322 2102 2534 2978 3218
1466 1754 2318 2966 3434
3646 4781 5591 6779 7670
4149 5985 7448 8842 10100
5987 7697 8552 11027 13412
5660 6902 9938 11548 12560
5588 7499 10047 11958 12742
4603 6710 8582 9518 11195
3200 3850 5072 6398 7152
2027 2447 3062 3407 4487
1974 2688 3657 3810 5034
6212 7592 8558 10996 12054
5982 7132 10076 10674 13618
2546 3554 5210 5378 6338
1394 1910 2222 3062 3170
3458 4727 5348 6239 7022
3038 3390 3984 5084 6250
6530 7250 10466 10562 14258
4802 6962 9602 10610 12722
1406 2238 2485 3135 3642
1341 1835 2511 3330 3746
4797 5602 6722 7947 10117
2978 3578 4706 6194 7082
5228 6827 7412 9128 10181
3161 3863 5672 6050 7913
1157 1575 2246 2675 3082
3026 4398 5798 7254 7898
3194 4650 5434 7226 7646
3565 5942 6866 8351 9803
3182 4772 6122 7352 8852
1891 2702 2972 3887 4352
4898 5762 6806 9326 10046
4220 5550 7336 9464 10300
3458 5410 5890 7618 9282
3266 4578 5954 7234 9538
5980 8332 9606 12350 13134
2862 3632 4732 5062 5810
4066 5506 5858 7522 8898
5384 7022 8036 9596 10805
2927 3502 5302 6252 6927
5322 5512 7412 9578 9882
4068 6348 6842 9730 9958
2774 3152 4076 4622 5861
3098 3506 5162 6242 6866
3027 4327 4852 6127 7502
6122 6527 9362 9947 12692
3452 5222 6208 7165 8528
4578 7834 9638 10650 11530
1042 1482 2042 2572 2652
2627 3593 3803 5168 5819
4490 5282 6833 8549 8846
2210 2386 3250 3666 4226
3446 3978 5378 6666 8262
2532 3728 4579 5361 6672
3242 4502 6482 7712 8342
1822 2017 2420 2862 3538
3257 4404 5830 7039 8651
2333 3047 4097 5315 6155
3334 4818 5350 6358 7282
4676 6480 7833 10375 12015
1226 1850 2234 2762 3146
4842 7202 7562 10082 11602
2670 3889 4809 5476 6143
2375 3236 4580 5063 5525
2647 4004 5016 5246 6212
3473 4734 5854 7170 7842
2042 2603 3130 4201 4932
1584 2172 2704 3530 4174
5522 7546 8466 10306 13066
1393 2134 2342 3135 3629
4489 7482 9418 11046 12586
6852 7802 9152 12952 13502
5186 7058 10178 12146 13922
3975 5164 6237 6730 7571
3572 4832 5912 7382 8582
3842 5154 5762 7298 9570
4225 6931 7915 9063 11400
1526 1946 2402 3074 3374
3530 5042 5294 6274 8234
2501 3425 4034 5294 6008
2093 2620 3113 4099 4694
2642 3786 4446 5304 5898
3755 4268 4943 5996 7157
5108 7086 9294 11870 13388
6212 6527 9677 10307 13322
2312 3215 4622 5126 5567
5234 7682 9650 11714 12578
3402 5510 6496 8366 8944
5000 8577 9263 11076 14016
3782 6194 7202 9326 9434
5330 7058 9938 11762 13202
5302 7952 9202 12702 14752
5402 7202 9402 11452 14202
4748 6218 7604 9494 11636
1920 2452 2956 3152 3684
3511 4236 5686 6614 8615
5568 6672 8880 10122 12422
2950 3500 4094 5304 6052
5202 6122 8722 10282 10882
5660 5906 7751 9760 12220
6176 7597 10047 11027 13477
2059 2433 3487 4388 4575
3764 5678 6437 7262 8945
4330 6749 8582 9986 10454
3408 3850 4916 6554 7750
1920 2424 2578 3376 4174
5322 6322 7842 9002 11322
5373 6398 7628 9104 11277
1928 2846 3566 4304 5240
2262 3342 3802 4702 5662
5906 7970 8786 11138 13922
5313 7757 9167 11752 13820
2542 3522 3922 4742 5602
5378 8018 9074 11810 13586
4717 6931 7587 10539 11810
5501 8180 8556 11893 12833
1794 2284 2998 3222 3754
1752 2494 2634 3138 3782
2161 2773 3351 3980 4847
3926 5762 6698 7994 10658
3330 4930 6562 7778 8610
3887 5637 7072 8752 9382
2942 4286 5686 6246 7646
1002 1452 2062 2212 2612
2732 3131 3908 5021 5735
3026 4034 5070 6778 8010
1991 2892 3589 3827 4677
1547 2447 3152 3362 3917
4377 5427 6862 8752 10467
1222 1512 1912 2462 3002
2210 2674 3298 3986 4194
1222 1572 2132 2282 2852
4068 5550 7526 9730 10148
2356 3720 4270 5546 6338
2802 3502 5302 6052 7502
1002 1712 1972 2322 2632
6225 8234 10390 12301 13085
5377 7699 7828 10021 12343
6535 6958 10342 11893 13397
1923 2382 3572 3861 4626
4485 6424 8248 9806 10718
3053 4727 5429 6644 7400
4850 8594 8978 11714 13778
2224 3148 4226 5722 5788
3504 5238 6190 7652 8876
5154 6580 8926 10444 12790
4292 6827 8192 9557 10493
3404 4430 5861 6212 7940
4790 6462 7070 9198 10490
4368 6662 8068 8734 9770
4141 6266 6914 9326 10442
6167 7067 9182 11162 13277
3418 4790 5518 7002 8234
2510 3852 4688 4842 6382
2818 3654 4072 4886 6140
6952 7752 10302 11752 13902
5033 6554 7529 9596 11039
2434 3156 3935 4809 5208
6482 8642 9266 11378 13394
2605 2776 4087 4543 5189
2066 2674 3394 3746 4434
1421 1696 2213 2422 3104
2802 4650 5854 6610 8234
1752 2004 2858 3348 4188
1514 1970 2342 2726 3482
2462 3122 4102 4862 5282
3288 4931 6419 7814 8589
4307 5392 6442 7702 9102
4842 7218 9022 10430 11838
3642 4370 4838 6242 7074
3742 5748 6564 8264 9080
5177 7112 8642 11477 13007
5936 6764 9064 11088 12790
4772 6302 9632 10217 12062
3080 4106 5105 6023 7157
2314 2484 3147 3963 4575
1478 1970 2354 2978 3362
4797 5707 7212 8892 9697
3980 5340 6462 7584 9148
1531 1740 2004 2752 3236
1692 2082 2706 3382 3408
2415 2662 3745 4315 5512
3194 3626 5066 5354 6962
5033 6710 9462 10408 11698
1458 2130 3068 3600 3698
5033 6753 8731 10107 12085
4701 6292 7254 8438 10140
3840 5512 7070 8628 10756
6002 7402 9902 11602 14452
5763 7699 9161 10107 12343
4442 5552 7772 9067 10732
4226 5762 6658 7458 8802
4886 5441 7291 9622 10288
1402 1502 1902 2562 2682
5784 8430 10145 11909 13379
5062 7960 8880 10260 12606
1272 1462 1882 2342 2722
1509 1839 2235 2741 2983
3431 4133 5024 6779 7562
3152 4592 5552 6992 8582
5392 7499 9459 11125 14653
2802 4230 5434 6582 8318
6257 7517 8957 10172 12647
4042 6922 7522 9682 11602
4410 5512 7412 8628 10376
5087 6527 9317 10487 13502
1794 2494 2998 3222 4048
3350 4538 4943 6968 7130
3188 4322 4997 6698 7265
4322 5078 7454 8930 10190
4447 5112 6967 7877 9277
4187 5024 6016 7194 9209
5170 5816 8210 8780 11212
5402 7967 8192 11117 13277
5660 5783 8940 10088 11810
2602 4202 4827 6002 6902
1850 2452 2662 3152 4076
2918 3917 5213 6374 7562
3026 4082 4466 5330 6266
5752 7202 9752 12452 13502
4377 6092 6407 8227 10467
1727 2612 3107 3782 4007
2002 2546 3218 4114 4306
2708 3082 4138 5040 5942
1443 1553 2180 2422 3203
1377 1949 2400 2587 3093
5087 6932 9362 11297 12737
2837 3362 4328 5105 5756
1808 2004 3068 3236 3712
5168 6428 7940 10208 12560
4225 7177 8325 9555 10826
3054 4846 5658 6638 8374
2830 4482 5546 6750 7758
1465 1839 2169 2477 3049
5378 8642 9986 11090 12770
2130 3023 3517 4942 5645
1618 2562 3394 3762 4594
3701 4862 4889 6077 7724
1654 1976 2536 3278 3838
3754 3978 5966 6246 7590
5070 6625 8142 9141 10806
4842 7834 7922 10914 11662
5111 6632 7295 9518 11624
5016 7086 8420 11088 12054
2802 3182 4382 5182 5362
2071 2686 3242 3902 4352
2225 3023 4011 4771 5094
5522 6282 8162 9322 12002
5402 7472 8957 10892 13187
3916 5474 8210 8666 11326
5430 7500 9110 10398 13434
4072 6218 6995 8623 9622
1724 2480 2564 3348 3950
1192 1542 1982 2502 2762
4202 7058 9200 10082 11846
4524 6804 7792 8476 11326
5202 5962 7882 9242 10882
3642 4006 4786 6398 6840
4997 6887 8642 9902 11792
5357 6527 8462 10442 12737
3018 4497 5338 6643 8354
4063 4466 6233 7504 8744
3598 5241 5675 7659 8775
2149 3403 3517 4410 5417
4727 6707 8957 10667 13232
3304 4084 5228 5878 6892
2902 4555 6353 7078 7745
4447 5742 7037 8612 9417
1862 2507 2987 3317 4112
6120 7730 8604 10812 12514
6952 8802 10052 11652 14852
1312 1432 1822 2482 2642
2928 3368 4226 5260 5832
6386 8114 8882 11666 12818
3296 4025 5375 6023 7265
4094 4528 6791 7504 9085
4642 6082 7562 10282 11882
4984 7804 9214 11940 12786
5294 6638 8738 10250 11888
5756 6176 7814 9788 11552
5282 6042 7962 9762 10962
3572 4412 5942 7472 8912
3712 4972 7387 7772 9662
5132 6538 6918 8704 10870
4386 5250 6178 7426 8930
1957 2688 3708 3963 4745
1923 3028 3113 4048 4864
5402 8102 9602 12352 14852
2162 3342 4022 4502 5922
5033 6593 8270 8972 10688
6161 7526 9506 11002 12586
4790 6410 6698 9182 10370
5402 7102 9252 12602 13902
4947 7613 8645 9763 12257
4867 4902 7422 8787 9557
3599 5315 6338 7823 9638
2642 3722 5090 6002 6770
4146 5367 6921 9585 10029
5568 6810 9340 11502 13158
3434 4787 6338 8483 9011
2732 4656 5592 6112 7308
1370 1802 2282 2954 3206
2552 4177 4502 5577 6652
2462 3122 4322 4642 5302
1310 1790 2306 3074 3182
5619 7259 7505 10539 11523
3776 6662 6662 8142 10547
4622 4985 7229 8054 9341
5595 8462 9402 11658 13256
6764 8528 9704 12448 13330
6002 8652 9502 12352 13602
3752 5489 6233 7845 8930
1245 1982 2257 2444 3126
2195 2399 3147 4031 4864
3878 6088 7448 8162 8876
1705 2043 2589 3200 3538
4482 4610 6146 7746 9282
4307 5988 8407 9063 10744
4051 4742 6302 7622 8822
3443 4435 6326 7349 8558
4886 5663 7513 8919 9622
1267 1894 2015 2862 3049
3288 5334 6419 7628 8775
1362 1452 1832 2382 2962
2098 2642 2930 4130 4546
2440 3912 4165 5798 6511
4402 6734 8186 11090 12058
2669 3551 4475 4685 5756
4218 5148 5799 7132 8186
1358 1946 2510 3038 3326
3962 4532 6512 6992 8132
3874 5538 6338 7714 8642
1836 2284 2592 3502 3852
3335 5942 6272 8054 9605
4881 6849 7915 10621 11523
3538 4162 4786 6762 7204
5006 5618 7454 8174 10154
6530 7490 8690 12050 13490
4984 8180 8462 11799 12927
6029 8773 9214 12154 12987
4030 6310 7336 9160 11250
5182 5404 7846 9030 10288
3917 4178 5396 6469 7745
2377 3962 4490 5722 6272
5602 6762 8642 9042 10802
4466 5294 7598 8102 10262
4970 5402 6482 8318 10298
2642 3062 3862 4642 5302
3691 5272 5985 7814 8341
2927 4352 4902 5952 6927
4665 7614 8802 10914 12938
2774 3362 3803 4811 5525
4534 7130 9418 10518 12718
1082 1602 1822 2472 2602
4102 7300 8120 9350 10908
1022 1492 2022 2212 2622
4930 7042 8758 10254 11882
3327 3552 4927 5727 6977
2242 3542 3922 5002 5782
5642 7616 8462 10577 13162
3390 4118 5098 6946 7982
4960 5367 6699 8993 11065
3105 4729 5570 7513 8644
1523 2225 2563 3200 3824
3754 4622 5238 6974 7870
5897 6437 8417 10802 12467
2914 4682 5280 6138 7360
4682 5969 8504 9089 11390
4635 6480 8038 10334 11728
4922 5642 8202 9162 11602
3980 6476 8075 9206 10376
3337 4062 5918 7194 7832
2027 2312 3032 3572 4487
4828 6196 7488 8438 10566
2837 4538 5645 6887 7265
4409 6047 7334 10103 10415
3511 4932 5831 6933 8528
5502 8352 9102 12452 13302
3327 3927 5427 6152 6827
5798 6626 9892 11870 12284
3998 5589 7587 8919 11102
2921 3299 4013 4958 6218
3061 3774 5016 5522 6603
2969 3866 4924 5637 6258
1135 1575 2378 2510 2884
1982 3188 3242 4628 4718
1878 2186 2816 3628 3880
4412 5497 7247 8402 10012
4282 6642 7962 8922 10722
3460 3902 5202 5800 7074
6519 8479 10341 11517 13771
1874 3134 3656 4052 4916
3840 6082 7526 8400 10528
1242 1802 1812 2392 2752
2941 3383 4454 5252 6155
5539 6911 10733 12595 13036
1542 1696 2059 2477 2939
2090 2648 3566 4304 4862
4033 4961 5541 6788 7832
2358 2662 3479 4923 5360
3053 4322 5132 6590 7994
5098 8528 8969 12693 13330
3632 5162 6272 7142 8702
2677 3502 4602 5652 7427
2342 3262 3762 4702 5362
4022 4712 6212 6842 8732
3863 4721 6800 8087 9440
2906 3148 4402 5392 6602
2440 4096 5016 5177 6695
3485 4727 5537 6050 7157
3776 5238 6258 8094 8876
1588 2212 2420 2940 3902
4111 5342 6512 6962 8882
5002 7202 9052 12352 13102
3098 3530 5138 5810 6578
2018 2418 3154 4002 4242
1502 2492 3272 3842 4067
3911 6054 7278 8400 9794
2677 4127 5027 5702 6652
3902 4892 6092 7082 8462
1102 1883 2059 2455 3247
3242 4532 6512 6632 8132
1355 1795 2246 2774 3170
1858 2370 3186 3522 4258
4714 5778 6994 9008 10946
4717 6439 8530 9145 10908
4538 5438 6734 8246 9614
1770 2416 3606 4167 4524
6666 7107 9557 11517 14114
5752 8236 8512 10490 12928
3533 5843 6305 8120 8648
2025 2654 3674 4031 4830
4097 6232 7072 7737 9627
5802 8452 9402 12702 13802
2654 3668 4760 6528 7126
3538 4084 5566 6502 7308
4172 4652 6152 6782 8552
4385 5346 6658 8322 8866
6018 6582 9308 11000 13961
5858 7490 9362 11282 12818
1272 1782 1862 2342 2992
3754 4592 5564 6779 7832
2501 3404 3887 4979 5651
2785 4004 4165 5177 6718
4028 4754 7262 8450 8978
5677 7656 9376 10537 12601
5570 7874 9266 11330 12914
6120 6810 9754 10306 13020
2234 3170 3854 4268 5042
5666 7634 9122 10898 13298
3813 6070 7291 8364 9918
3026 3506 4514 5378 7082
3049 4250 4994 5762 7154
2722 3582 3962 4502 5362
5458 6778 8274 9726 12586
3962 5480 6470 8516 8912
5127 6316 7464 9883 11195
6470 7744 8969 12546 14457
1168 1905 2235 2741 2939
3743 4265 6208 7223 8383
1101 1792 2152 2292 2992
1142 1482 1992 2262 2922
5108 5811 7476 8364 10399
1997 2207 3242 3857 4307
1486 2480 2704 3376 3670
3776 5612 6564 7890 10134
4984 8462 8603 11188 12645
4537 5906 7886 8858 10262
1266 1938 2345 2653 3159
4296 6728 8058 8856 10148
2022 3522 3882 4662 5242
2784 3521 5062 5959 6580
3878 5702 8134 8400 10490
4042 7002 8402 9442 11602
1042 1512 2022 2542 2882
2076 2790 3470 4371 4745
