1000 10 5
5 52 89 85 46 48 92 95 60 77 70 0 22
6 81 25 96 80 39 35 22 88 28 98 0 28
8 39 81 90 42 85 36 98 60 28 76 0 40
9 78 49 56 39 71 24 61 46 31 99 0 44
10 35 57 78 66 49 63 64 77 23 52 0 49
8 20 74 53 54 35 49 82 44 97 34 0 39
9 86 55 80 45 73 26 72 43 40 79 0 44
4 97 96 63 33 58 36 42 79 78 59 0 16
3 87 85 28 91 56 34 27 73 68 55 0 11
6 87 89 31 65 33 34 86 23 36 55 0 26
4 42 96 52 91 42 32 26 91 67 68 0 16
4 30 94 41 58 71 60 66 59 32 42 0 17
10 28 32 64 43 73 38 95 56 50 81 0 46
8 39 80 36 52 53 86 83 22 58 85 0 37
8 60 67 74 46 24 84 78 78 43 54 0 38
9 99 36 68 59 74 99 78 96 24 29 0 41
8 86 39 52 58 88 87 37 66 25 43 0 39
6 23 31 56 34 44 78 61 94 39 96 0 27
7 55 63 55 86 97 41 75 54 73 29 0 33
5 98 28 26 43 92 21 67 57 45 83 0 22
10 29 65 96 44 24 67 27 38 52 65 0 48
9 86 73 73 45 91 86 80 90 78 73 0 43
3 61 66 33 72 28 21 83 39 25 56 0 12
9 87 95 25 23 31 39 82 91 67 63 0 45
5 37 47 91 98 58 25 44 95 20 41 0 23
8 48 59 52 44 87 23 94 68 85 79 0 39
5 37 48 51 91 38 95 38 26 64 28 0 24
4 56 64 85 43 93 99 65 65 95 44 0 17
4 45 68 87 98 28 48 80 50 30 53 0 19
6 22 49 70 33 50 31 69 51 46 57 0 28
3 68 63 64 35 56 78 66 72 62 80 0 13
8 97 67 64 38 80 71 78 41 61 82 0 37
3 73 48 63 73 67 40 21 97 57 49 0 14
5 97 83 71 84 71 73 23 80 72 36 0 24
9 39 84 77 87 21 89 40 73 32 75 0 44
6 79 84 44 88 93 94 57 84 53 97 0 30
9 87 73 85 86 87 96 53 27 36 47 0 43
7 97 44 100 69 71 66 32 52 80 31 0 31
4 76 27 38 47 99 79 42 62 24 91 0 19
7 32 54 50 86 84 23 21 40 84 67 0 32
7 55 89 90 68 57 85 82 23 25 70 0 35
6 99 40 31 86 79 56 53 94 100 61 0 27
6 26 28 85 61 30 53 62 24 60 79 0 29
5 31 85 95 96 69 90 35 30 41 36 0 21
3 30 26 83 56 77 89 81 34 53 31 0 11
5 32 26 41 86 64 60 86 59 82 87 0 25
6 52 23 22 74 90 31 70 49 78 50 0 27
7 58 39 70 94 31 94 69 40 27 75 0 33
8 48 86 56 83 93 26 97 74 53 42 0 40
8 21 27 39 28 27 44 89 83 94 95 0 36
7 42 72 68 36 76 98 78 37 38 83 0 35
8 25 20 89 52 98 79 97 85 65 59 0 38
4 85 90 79 76 31 92 40 58 79 94 0 20
10 52 59 98 70 52 89 41 51 22 27 0 48
8 96 95 49 27 60 49 69 31 66 61 0 37
7 81 83 63 45 26 34 32 40 60 28 0 32
4 29 30 62 59 20 22 58 96 48 43 0 18
8 55 68 25 57 85 44 60 63 82 38 0 37
3 61 24 77 89 66 92 54 81 25 45 0 11
5 64 20 27 76 73 25 38 84 48 75 0 22
4 89 92 28 68 84 52 32 44 77 66 0 18
10 25 33 91 66 76 38 74 32 99 61 0 49
8 78 29 57 52 59 90 43 82 99 24 0 38
8 96 89 87 54 79 38 54 31 23 20 0 40
6 84 99 87 67 99 21 34 29 41 53 0 30
6 97 79 21 47 23 40 89 82 56 29 0 27
5 78 52 54 94 82 33 25 75 30 59 0 22
3 93 70 68 82 42 96 73 85 67 92 0 15
3 33 87 58 74 45 48 41 69 63 35 0 13
10 31 51 86 59 94 97 72 60 79 37 0 46
9 97 56 69 73 77 25 47 85 26 30 0 44
5 48 39 53 49 74 97 83 95 30 82 0 25
10 46 42 61 54 65 56 82 63 96 29 0 50
9 52 45 34 92 66 36 57 62 73 24 0 43
7 45 46 68 52 34 51 86 99 83 56 0 34
6 27 92 67 43 63 97 92 26 81 55 0 26
9 88 49 37 82 39 58 36 74 58 54 0 41
3 97 57 27 32 74 99 60 69 85 44 0 15
8 71 46 69 70 29 70 29 92 81 76 0 40
10 100 41 55 96 89 77 59 76 88 63 0 48
10 33 52 86 86 36 21 82 24 73 72 0 48
7 99 37 93 82 65 53 71 51 58 43 0 32
7 23 81 37 62 93 40 40 28 92 81 0 31
8 52 67 66 49 22 28 32 54 27 89 0 38
4 63 98 25 94 27 78 68 81 23 93 0 17
6 49 45 86 32 95 54 82 73 25 83 0 27
6 36 80 47 98 75 51 61 48 60 34 0 28
10 74 40 38 24 31 33 50 66 92 49 0 50
9 25 62 93 49 48 74 75 71 67 38 0 41
7 60 72 96 67 29 65 79 46 99 85 0 31
8 69 46 97 87 24 69 71 82 41 52 0 37
4 81 22 69 60 65 31 58 49 97 43 0 18
3 33 77 90 46 75 81 93 33 78 52 0 13
8 34 83 44 64 64 86 86 42 78 57 0 40
6 82 93 80 77 73 51 57 26 84 49 0 29
6 79 87 38 59 61 87 41 70 44 41 0 26
8 79 72 65 32 72 87 65 93 75 40 0 38
9 90 70 84 54 73 70 27 50 67 63 0 44
6 47 27 84 92 21 86 33 71 91 76 0 30
4 75 81 23 65 70 98 64 30 25 69 0 18
7 34 57 93 84 74 21 74 66 23 89 0 31
9 49 78 65 67 25 81 29 47 70 95 0 41
9 46 60 96 38 26 88 27 75 53 53 0 44
8 26 25 20 91 34 30 28 32 71 21 0 37
4 65 74 93 66 55 40 50 88 44 77 0 19
8 58 93 75 99 71 68 56 77 39 63 0 40
7 22 93 36 69 64 89 63 22 58 38 0 34
5 82 42 62 33 41 24 57 49 36 72 0 23
10 67 75 84 58 74 87 26 66 41 83 0 50
3 98 69 75 49 23 73 25 71 55 26 0 15
9 73 47 39 69 50 79 47 21 78 43 0 42
4 77 89 28 70 65 75 41 78 60 30 0 18
6 56 96 43 42 42 28 40 82 69 32 0 26
4 39 76 41 42 41 80 35 32 37 62 0 20
5 43 81 21 29 87 31 59 74 50 54 0 25
3 78 69 49 37 57 78 55 87 22 91 0 13
6 85 30 27 66 34 63 81 75 59 33 0 27
10 60 84 51 25 57 87 63 92 41 63 0 48
8 50 39 73 26 27 57 41 52 54 28 0 40
7 74 84 33 79 74 61 80 99 85 22 0 31
5 78 30 23 97 86 44 41 80 92 93 0 25
9 82 53 50 23 33 47 53 56 94 70 0 42
10 67 66 94 45 50 30 86 99 45 71 0 47
8 89 75 75 91 27 60 30 77 85 61 0 38
9 67 70 97 96 36 89 92 89 71 40 0 42
8 65 82 32 46 38 27 40 34 88 33 0 38
3 36 92 59 57 70 28 98 91 77 64 0 13
9 26 66 99 62 34 54 41 81 62 58 0 45
4 62 41 21 33 33 69 95 98 83 69 0 19
5 65 23 68 64 53 91 82 98 80 55 0 23
3 44 40 45 69 23 38 65 76 22 73 0 12
4 22 31 60 82 43 74 93 47 46 25 0 16
8 98 33 61 71 48 84 65 59 83 99 0 38
9 34 93 61 92 35 79 31 96 73 62 0 44
7 85 27 88 39 38 65 46 55 49 51 0 35
9 68 23 65 96 87 81 49 26 73 92 0 42
6 98 70 83 40 64 39 39 69 79 94 0 30
8 35 73 37 89 39 95 82 88 73 94 0 37
10 63 23 74 63 43 60 54 81 96 88 0 47
3 21 72 89 59 100 39 53 39 81 70 0 12
9 40 50 75 44 86 95 37 36 26 37 0 45
8 85 87 92 85 53 56 50 78 71 36 0 39
4 34 81 79 90 75 53 39 66 75 35 0 17
9 28 35 46 47 34 84 22 92 68 55 0 42
6 92 82 29 25 82 21 98 33 22 84 0 30
9 78 60 42 41 51 62 43 75 30 37 0 42
9 28 90 84 83 91 41 83 37 29 35 0 42
9 39 20 97 45 54 28 34 29 84 73 0 44
8 82 53 23 20 84 96 59 92 83 44 0 39
4 97 90 36 85 81 41 36 83 81 33 0 16
9 94 72 82 70 33 75 58 74 35 35 0 45
9 37 21 85 70 31 58 31 41 93 80 0 44
7 29 59 52 86 73 80 61 38 91 95 0 32
8 64 71 50 83 60 43 64 89 78 76 0 36
5 43 46 33 79 77 85 22 25 45 31 0 25
6 34 34 87 21 30 58 79 84 39 78 0 27
10 74 51 69 38 37 59 35 86 77 74 0 46
4 82 28 34 45 58 65 44 21 44 61 0 19
6 64 23 21 30 90 64 58 26 65 26 0 27
5 28 78 68 76 54 38 26 75 62 63 0 25
9 77 34 59 64 51 26 55 47 82 30 0 43
3 60 37 42 63 98 50 31 72 28 34 0 13
4 40 97 65 56 74 44 74 73 71 47 0 16
3 42 64 92 71 26 63 66 48 73 69 0 12
9 99 38 64 87 74 74 49 43 91 31 0 42
6 34 55 67 67 27 98 41 64 85 54 0 30
7 72 49 40 74 99 31 22 41 85 73 0 35
5 49 42 39 58 21 51 49 89 79 83 0 25
10 95 70 55 26 51 90 93 62 23 84 0 50
10 72 68 73 83 87 95 96 27 94 53 0 49
9 72 79 78 62 80 71 66 86 25 49 0 45
3 24 22 38 24 55 79 67 55 55 57 0 11
7 90 98 68 80 85 98 79 100 69 42 0 34
4 79 35 22 92 82 20 86 27 78 33 0 20
9 68 41 71 31 93 54 83 30 50 84 0 44
4 99 29 86 20 20 54 38 46 41 50 0 17
10 67 85 52 53 80 25 86 89 51 99 0 50
7 61 53 40 99 59 74 36 47 48 57 0 33
9 65 75 46 65 27 72 49 92 80 97 0 43
4 22 47 55 44 32 47 73 51 86 32 0 18
7 80 64 49 71 96 79 73 63 56 68 0 34
9 25 92 64 95 61 87 22 63 81 47 0 41
7 40 50 20 38 67 21 21 32 88 76 0 32
3 57 38 49 35 86 88 31 27 65 44 0 14
4 88 68 79 24 55 54 76 48 79 64 0 16
8 81 39 44 42 53 33 25 88 69 98 0 40
10 75 35 99 76 49 76 35 30 59 32 0 48
8 47 87 99 50 80 61 63 95 22 82 0 37
6 69 27 56 90 27 76 30 97 70 70 0 28
8 93 29 39 97 59 58 91 39 26 21 0 39
3 84 87 22 52 29 96 70 48 39 54 0 15
4 72 52 95 24 77 64 22 41 57 74 0 20
10 58 67 23 69 33 48 74 93 21 50 0 47
9 57 88 81 59 52 63 83 33 78 65 0 45
7 82 92 28 63 96 29 65 86 48 89 0 34
4 90 90 70 66 28 66 97 54 45 26 0 20
6 25 77 69 43 48 43 35 61 86 46 0 27
5 28 42 31 76 98 54 66 22 97 86 0 23
8 86 27 32 24 98 94 81 82 54 54 0 37
5 67 46 69 27 73 85 63 73 28 44 0 23
5 65 81 80 93 90 84 42 74 24 35 0 23
6 39 25 56 24 71 59 27 85 89 80 0 27
5 55 35 59 64 22 78 87 21 72 41 0 21
5 49 81 56 67 78 52 44 65 86 94 0 24
3 33 73 95 34 91 36 27 21 60 73 0 13
9 95 55 89 28 46 51 52 43 91 53 0 42
10 59 69 64 68 63 99 48 49 96 90 0 46
7 45 95 66 27 72 50 26 76 95 32 0 35
7 72 77 78 40 75 45 28 69 21 95 0 31
8 55 96 90 78 71 28 48 87 69 31 0 37
9 69 80 28 51 43 76 90 38 53 34 0 45
5 74 42 50 38 29 62 41 44 45 62 0 25
8 45 68 75 82 29 90 47 25 74 30 0 40
5 24 93 99 75 98 82 84 70 67 71 0 21
4 94 67 64 44 88 26 34 54 66 62 0 19
7 50 45 32 60 62 41 68 34 62 27 0 32
7 21 99 54 73 96 35 37 48 76 81 0 35
9 77 53 55 83 26 38 44 46 45 39 0 43
4 33 47 87 53 98 84 34 62 40 81 0 20
10 92 22 60 86 60 87 69 37 47 66 0 46
4 74 44 32 53 35 58 62 55 86 93 0 16
4 82 95 71 74 76 65 65 60 70 73 0 17
7 89 63 73 55 70 95 24 66 29 98 0 33
8 49 36 79 38 64 42 80 88 94 63 0 37
7 33 70 96 83 51 22 91 92 89 36 0 31
5 44 40 64 74 38 26 75 22 46 76 0 25
8 73 41 39 24 33 43 73 42 37 98 0 36
9 24 86 68 62 89 86 42 89 79 92 0 42
9 22 82 50 30 41 43 38 57 20 32 0 42
7 51 31 58 38 95 97 67 67 25 21 0 32
5 92 49 52 36 76 81 84 49 70 46 0 22
4 96 74 70 48 68 59 62 95 98 84 0 17
6 87 51 51 59 25 21 80 24 100 38 0 28
5 23 94 96 99 65 71 69 52 93 41 0 23
10 66 60 91 22 22 27 97 40 92 48 0 46
7 30 33 34 93 44 23 91 25 74 53 0 32
3 57 83 30 57 70 27 85 25 93 24 0 13
3 59 51 68 44 41 56 68 77 83 88 0 11
8 88 59 76 97 71 96 78 48 48 62 0 40
3 60 80 40 64 32 54 49 35 76 61 0 13
10 53 64 39 80 99 92 35 29 61 85 0 50
9 56 97 32 97 56 92 27 50 87 38 0 41
4 64 44 80 99 85 59 67 86 90 77 0 18
10 22 78 69 68 64 57 63 24 74 74 0 46
10 43 71 77 38 84 84 87 87 88 81 0 47
5 28 53 68 97 93 46 46 84 72 52 0 23
8 39 95 79 89 77 95 74 28 22 86 0 39
6 38 55 99 97 31 92 74 66 26 22 0 29
3 24 38 56 38 64 24 74 83 51 82 0 13
8 78 60 53 55 44 69 99 64 80 62 0 38
6 74 95 99 72 95 43 22 59 25 53 0 29
10 64 38 71 30 24 53 95 82 36 98 0 50
3 27 94 90 37 73 80 53 27 86 32 0 15
5 40 20 41 78 93 97 95 23 34 37 0 25
6 85 24 89 69 46 65 92 52 62 64 0 26
6 66 66 28 48 65 22 24 75 77 59 0 27
5 85 34 97 38 34 27 69 20 22 23 0 25
10 28 22 72 83 60 96 67 46 49 39 0 46
5 32 38 50 88 93 27 86 81 66 65 0 24
8 23 55 20 51 60 22 34 35 22 49 0 39
10 26 55 21 48 81 46 44 28 54 27 0 48
6 39 23 36 45 35 87 76 90 96 41 0 30
5 47 37 89 83 94 63 89 24 48 54 0 24
4 22 52 21 21 86 54 90 43 70 49 0 20
8 90 91 82 95 69 26 95 29 42 94 0 37
4 50 55 23 64 93 93 60 37 74 32 0 17
3 73 60 32 69 60 100 45 83 58 59 0 13
6 61 24 27 28 20 23 67 78 77 94 0 27
10 41 61 29 42 51 72 64 93 68 58 0 49
6 99 29 91 70 66 29 42 27 73 47 0 26
10 26 56 43 24 29 68 24 20 78 48 0 49
6 99 30 90 22 83 75 61 68 22 55 0 29
5 70 95 72 67 28 23 68 71 69 23 0 24
7 43 23 58 36 31 28 99 53 78 88 0 33
7 76 34 34 70 21 63 30 84 41 65 0 32
6 30 88 84 80 88 82 78 43 82 77 0 26
3 92 99 48 41 70 81 50 32 64 99 0 14
6 29 20 75 65 26 96 81 87 63 51 0 28
8 33 65 44 41 62 78 42 65 73 46 0 39
5 96 63 70 41 77 82 30 73 96 52 0 24
10 85 57 61 28 34 47 63 46 43 98 0 46
10 74 76 58 38 89 86 57 87 45 54 0 47
7 97 58 26 29 30 45 97 27 76 21 0 31
10 36 87 67 46 55 83 38 66 29 60 0 48
6 63 57 75 60 91 59 36 41 31 59 0 29
6 85 88 31 49 91 49 66 83 77 31 0 29
5 25 49 59 95 24 44 71 70 22 26 0 22
3 83 40 94 75 25 57 60 99 79 99 0 14
4 56 70 55 51 62 55 35 39 80 87 0 17
7 46 27 37 22 35 49 42 94 30 48 0 35
10 85 87 61 82 94 56 83 82 95 53 0 50
4 62 76 51 65 81 81 25 87 53 50 0 20
4 97 95 34 36 21 42 53 36 42 63 0 19
9 89 66 89 42 43 60 42 94 60 96 0 43
5 79 45 43 47 42 78 94 95 31 65 0 25
3 89 91 81 35 28 37 33 32 49 27 0 12
8 37 99 66 68 43 86 58 46 32 80 0 39
6 26 88 83 83 37 35 25 74 81 90 0 28
4 36 21 31 22 32 65 32 70 47 60 0 18
9 96 86 50 33 30 35 81 71 96 77 0 42
8 24 32 49 77 29 76 35 28 69 72 0 40
6 53 90 62 88 86 73 77 36 94 23 0 26
6 81 91 74 64 92 99 65 43 55 87 0 30
8 41 98 61 70 99 90 72 24 52 73 0 36
4 56 72 92 25 67 40 86 42 95 25 0 17
3 27 33 94 41 39 73 24 56 45 73 0 13
10 89 66 53 80 45 92 53 80 93 32 0 48
6 37 22 29 81 66 72 61 66 51 68 0 29
8 70 70 81 73 44 89 66 58 44 29 0 38
10 81 78 59 37 76 42 98 34 37 55 0 46
8 37 25 70 83 26 91 22 70 66 23 0 37
8 49 93 24 40 68 55 50 63 65 94 0 36
9 35 54 97 87 65 32 29 28 91 74 0 41
4 82 44 54 52 91 60 69 87 95 63 0 16
9 82 46 55 81 39 85 74 77 30 85 0 45
3 32 58 32 42 54 66 85 83 71 28 0 11
3 91 99 88 28 29 22 22 24 29 43 0 15
4 24 99 56 32 40 98 54 27 70 86 0 16
4 38 28 21 64 56 89 36 52 84 83 0 20
9 49 59 50 31 40 47 63 21 54 70 0 44
2 43 71 24 93 58 96 48 61 46 68 0 10
5 90 39 90 82 75 77 40 64 47 39 0 24
5 71 93 90 33 71 82 37 93 27 81 0 25
5 78 60 49 92 84 54 42 93 57 50 0 23
3 58 22 77 49 79 37 47 92 37 69 0 14
4 52 72 99 38 68 26 25 45 93 32 0 20
8 79 97 25 47 84 34 26 63 60 76 0 39
8 58 22 68 77 31 87 73 48 50 31 0 40
4 31 66 35 47 69 67 76 29 34 82 0 20
6 93 87 24 56 79 73 41 40 65 37 0 27
7 65 45 67 22 42 91 89 32 84 46 0 33
9 29 80 47 73 54 69 78 87 75 64 0 42
7 85 68 66 96 91 72 59 23 96 73 0 33
4 79 23 34 29 22 57 76 75 61 26 0 18
3 42 50 62 35 75 52 96 24 88 53 0 12
3 65 94 44 37 95 20 52 74 51 85 0 14
5 80 95 88 45 64 75 59 77 41 42 0 22
5 27 32 99 84 57 20 75 86 99 98 0 22
7 47 66 76 97 22 92 98 73 26 50 0 32
7 67 74 53 21 91 71 58 79 83 59 0 34
9 22 44 55 85 28 89 42 78 60 27 0 43
5 90 79 39 58 98 98 31 64 96 84 0 22
3 91 76 22 39 51 60 26 40 44 50 0 13
5 99 65 78 73 68 73 46 55 37 91 0 25
9 33 47 83 71 24 75 91 54 33 74 0 44
8 28 39 65 57 82 47 79 40 56 67 0 39
8 72 84 35 20 76 34 31 41 23 27 0 38
2 83 51 96 23 30 99 29 68 84 54 0 10
7 43 70 51 91 90 64 96 32 89 88 0 33
10 58 42 75 96 46 28 41 81 63 24 0 47
3 24 41 78 49 96 61 42 79 81 78 0 11
6 44 94 40 27 51 73 22 58 43 94 0 28
5 84 30 39 29 44 93 50 68 54 73 0 23
8 59 37 84 98 29 99 59 61 60 24 0 39
9 64 49 99 87 91 70 33 34 32 62 0 41
6 46 50 22 65 50 51 24 73 38 58 0 30
9 31 90 48 21 65 56 96 31 30 40 0 41
5 45 61 58 57 66 40 62 33 57 50 0 22
5 40 59 95 39 75 39 69 36 30 27 0 21
7 50 92 77 64 37 98 95 89 94 83 0 32
7 49 83 95 92 58 46 77 54 92 23 0 34
8 76 87 78 66 91 64 27 72 24 42 0 38
7 56 38 51 34 75 26 81 48 40 76 0 34
7 34 32 29 29 60 37 92 39 69 98 0 34
8 81 50 89 81 46 42 58 66 80 99 0 40
10 33 81 88 88 58 55 85 92 71 33 0 46
8 82 53 94 97 91 73 46 43 63 75 0 39
5 50 79 88 68 68 40 53 89 67 31 0 24
6 82 20 83 81 42 94 71 59 86 64 0 26
8 77 74 35 85 46 55 55 53 88 41 0 40
9 84 23 53 66 20 92 89 54 60 26 0 41
7 43 70 37 96 45 26 81 24 53 46 0 35
10 75 42 78 43 93 75 91 71 79 97 0 47
4 70 58 89 48 41 32 81 22 97 21 0 17
7 68 62 22 42 45 32 33 59 62 84 0 34
10 67 32 63 27 55 25 75 28 54 32 0 50
9 83 29 48 79 37 96 88 41 50 66 0 41
6 75 97 24 77 55 99 44 24 69 57 0 30
9 23 24 40 32 63 28 30 75 56 40 0 43
3 83 30 28 54 68 78 49 66 58 80 0 11
3 68 99 52 35 94 25 45 75 92 70 0 11
8 57 99 82 96 53 58 38 76 40 52 0 37
7 92 94 68 47 92 91 30 44 93 55 0 34
2 46 24 39 75 94 83 59 22 73 72 0 10
10 52 34 28 66 26 33 47 54 79 59 0 50
9 97 27 26 80 77 99 63 89 97 87 0 41
10 93 46 54 35 27 24 71 44 40 68 0 47
8 83 37 34 29 55 64 64 87 85 46 0 39
10 94 50 95 55 22 29 77 47 24 43 0 48
4 77 73 73 39 66 91 71 21 65 89 0 16
3 72 72 52 70 73 33 37 48 24 92 0 12
3 79 87 46 23 86 86 30 98 50 59 0 13
7 36 58 60 48 49 23 54 39 61 38 0 35
8 88 77 95 72 49 64 24 51 40 62 0 38
9 90 95 50 44 60 54 70 50 66 93 0 45
5 90 83 34 44 20 68 93 92 25 69 0 23
7 56 56 59 100 46 80 48 69 90 29 0 32
4 65 86 63 83 92 79 73 56 32 75 0 20
9 39 65 66 80 56 36 53 54 92 83 0 45
6 56 93 89 37 24 24 43 92 73 68 0 27
4 89 36 29 80 38 65 32 45 57 33 0 17
7 48 51 46 92 96 21 75 96 22 63 0 31
6 85 68 49 46 61 34 29 73 85 58 0 29
7 21 92 45 79 97 98 26 63 23 59 0 31
2 20 30 27 97 89 64 43 38 41 39 0 10
6 75 29 53 58 91 46 28 77 30 31 0 29
10 56 96 41 45 97 55 93 58 91 93 0 47
5 65 37 64 81 50 53 88 32 75 92 0 23
3 74 83 94 42 93 74 90 68 28 78 0 15
9 33 92 99 56 35 32 83 28 91 43 0 44
8 34 67 89 40 82 55 31 60 38 97 0 38
6 51 61 25 74 77 38 71 92 24 81 0 29
9 66 95 64 43 70 78 81 56 88 57 0 41
8 66 24 88 78 72 59 95 67 62 74 0 38
10 74 91 25 62 38 85 88 57 63 55 0 49
5 50 87 50 32 92 35 38 44 28 25 0 22
8 84 67 52 37 50 75 83 20 60 36 0 37
5 46 45 55 60 89 87 59 51 58 77 0 24
8 60 95 72 66 63 24 91 50 52 26 0 37
5 73 77 49 96 62 63 27 56 53 50 0 24
10 21 92 65 99 77 68 61 51 89 26 0 47
9 29 88 97 86 68 72 48 63 55 56 0 45
10 76 32 29 72 25 52 87 88 32 90 0 50
6 75 45 90 57 57 36 72 41 21 71 0 27
3 43 94 53 46 48 54 24 92 63 28 0 14
3 57 64 75 38 83 91 59 59 72 40 0 11
9 59 35 28 41 61 51 22 44 48 88 0 44
9 55 79 68 23 93 40 29 88 82 71 0 44
9 80 97 52 64 59 53 81 47 46 97 0 44
4 55 28 92 97 62 47 28 23 25 43 0 17
8 29 28 75 21 31 98 80 32 86 56 0 36
7 22 48 64 56 38 43 52 41 82 31 0 32
7 32 73 47 85 74 53 33 42 65 49 0 32
3 30 82 56 86 31 66 37 79 33 64 0 11
6 50 62 75 48 99 79 39 73 37 79 0 30
7 79 61 74 40 84 92 87 61 80 57 0 33
3 67 24 42 45 96 80 78 32 73 23 0 14
8 85 41 80 56 97 31 96 91 23 91 0 39
3 53 93 32 52 72 23 81 57 25 51 0 13
3 77 75 59 56 33 83 78 24 47 55 0 12
4 76 46 92 75 57 65 28 49 24 57 0 16
9 83 51 65 60 46 79 70 83 47 73 0 42
10 22 57 29 38 30 78 29 40 31 34 0 50
4 95 83 31 94 59 30 76 46 85 23 0 18
10 52 87 35 44 76 41 23 39 87 68 0 49
9 64 89 81 100 85 64 82 67 64 75 0 45
6 57 65 52 78 49 86 43 59 71 88 0 26
8 30 32 41 37 31 41 74 72 29 33 0 38
8 68 87 83 91 31 51 44 41 25 31 0 37
3 77 47 58 71 99 84 32 84 60 81 0 15
10 25 32 76 77 86 82 72 24 34 38 0 47
4 72 43 83 30 73 42 47 75 75 83 0 17
8 80 38 30 87 77 51 73 96 44 82 0 40
5 94 25 42 40 35 87 38 79 63 40 0 24
8 63 100 61 99 59 28 54 94 46 80 0 36
7 45 52 74 92 64 38 49 21 93 57 0 31
7 59 94 31 32 97 44 79 93 68 69 0 31
8 52 58 84 69 89 50 89 76 47 86 0 37
5 66 74 36 89 61 42 45 36 94 79 0 25
6 49 30 56 89 41 35 81 81 85 68 0 29
9 91 43 71 27 61 39 57 72 95 72 0 45
4 96 29 89 48 22 68 64 57 72 59 0 20
10 60 58 89 45 20 91 78 89 45 40 0 50
10 97 51 44 73 80 28 25 73 20 91 0 49
6 47 92 65 48 26 83 89 99 93 92 0 30
4 36 95 27 24 46 39 43 28 28 89 0 19
3 94 26 84 40 49 44 80 75 87 78 0 15
10 76 47 58 44 90 50 71 51 28 83 0 47
9 36 40 95 88 67 26 96 42 54 45 0 44
6 26 21 81 57 77 49 82 29 81 73 0 27
3 65 67 29 24 37 28 94 31 89 79 0 13
7 81 20 62 84 60 49 85 92 97 83 0 31
7 56 79 49 77 97 64 39 34 71 63 0 35
10 33 58 30 67 79 47 61 56 20 57 0 47
7 72 72 48 80 75 43 46 76 21 68 0 32
4 21 96 78 37 39 41 43 70 65 36 0 18
10 43 39 49 66 80 95 63 78 87 30 0 46
9 36 84 66 23 55 77 25 36 88 34 0 45
9 79 68 87 95 90 24 46 55 97 83 0 45
8 42 58 77 71 58 89 74 78 54 36 0 40
10 77 30 97 100 96 51 27 85 96 52 0 46
5 76 92 77 99 58 79 37 92 56 46 0 22
7 35 38 21 76 57 45 52 58 51 20 0 35
5 27 98 77 40 92 47 73 89 33 34 0 25
10 31 50 97 99 59 86 52 35 82 24 0 49
4 29 87 53 25 49 84 70 57 37 74 0 20
4 56 45 22 25 54 38 48 63 47 77 0 17
3 28 27 75 75 30 65 23 99 22 79 0 13
9 53 77 68 71 66 48 34 32 85 61 0 44
9 43 60 91 50 48 89 98 97 38 74 0 43
8 57 95 68 45 41 87 84 83 22 60 0 36
7 79 35 31 40 64 32 86 22 49 53 0 33
9 27 24 67 41 95 61 58 50 75 27 0 41
10 31 39 23 76 54 95 70 75 33 59 0 47
7 71 96 49 66 97 71 37 89 71 44 0 34
7 53 83 24 26 69 56 70 50 44 95 0 34
10 66 76 93 72 43 43 82 76 89 83 0 48
8 55 51 65 33 28 49 39 60 65 79 0 39
5 38 77 73 68 93 50 20 31 62 37 0 21
9 99 90 24 99 31 44 59 58 63 41 0 43
9 68 55 54 44 62 90 69 43 96 84 0 42
8 58 93 54 65 35 22 79 60 76 57 0 38
9 77 43 61 40 94 80 81 74 56 98 0 41
4 78 63 96 80 97 78 47 50 36 81 0 19
10 67 23 35 62 92 98 35 70 48 76 0 48
3 89 93 23 86 63 98 30 83 60 91 0 15
7 75 63 79 42 37 54 50 21 27 97 0 33
8 60 53 42 71 38 62 73 77 50 63 0 36
10 37 34 63 65 82 81 98 29 96 77 0 50
9 34 40 43 53 24 88 56 30 93 89 0 43
7 55 26 40 60 95 79 48 90 99 95 0 32
6 82 43 67 76 51 93 34 97 88 55 0 28
5 75 98 44 25 87 45 75 54 92 94 0 22
10 42 89 98 60 74 30 60 21 99 74 0 46
5 32 91 39 53 27 36 21 48 57 28 0 21
7 64 57 26 38 44 40 53 58 49 41 0 31
4 24 98 52 67 59 64 75 42 65 77 0 16
8 82 94 43 45 83 23 50 56 89 94 0 36
9 45 54 57 50 72 67 42 59 24 33 0 41
6 86 50 34 24 71 44 87 67 57 31 0 30
4 80 54 57 89 67 64 80 69 90 20 0 17
4 67 50 82 84 54 73 45 64 97 53 0 17
3 88 37 36 65 65 81 67 79 34 74 0 11
10 37 92 34 58 21 51 44 35 65 38 0 47
7 36 52 24 56 84 95 35 95 35 81 0 35
5 79 32 30 33 98 20 39 86 43 66 0 21
9 76 34 73 29 75 86 33 21 54 52 0 44
6 55 89 24 99 53 52 98 96 96 22 0 28
6 28 63 55 71 73 37 90 88 91 70 0 26
7 66 40 59 25 46 39 33 34 68 86 0 35
7 74 48 56 37 48 72 42 29 82 71 0 32
9 54 28 51 75 67 54 77 29 34 46 0 41
8 25 90 78 50 34 27 22 66 87 67 0 40
5 26 64 85 69 76 46 29 25 45 67 0 22
6 98 70 25 73 90 54 23 28 30 41 0 30
6 66 69 68 61 89 92 20 25 65 37 0 26
7 57 24 57 74 94 87 40 66 30 36 0 32
3 79 61 79 74 68 28 44 40 88 83 0 11
9 66 82 27 59 89 93 28 46 59 76 0 43
3 63 54 96 54 36 56 83 77 77 52 0 14
4 99 71 44 68 87 73 68 43 72 74 0 19
5 22 78 23 84 44 91 28 78 75 69 0 21
3 88 81 44 38 88 84 43 72 65 48 0 12
3 24 64 74 35 62 79 69 29 39 58 0 13
5 72 55 39 58 93 30 48 34 75 27 0 24
7 33 95 93 57 93 27 92 79 65 83 0 33
8 50 58 28 27 39 82 31 39 55 29 0 37
8 27 28 67 49 63 52 50 31 95 87 0 38
10 85 51 89 48 94 92 72 29 31 68 0 47
9 50 60 83 74 79 89 80 87 96 50 0 42
5 50 56 73 38 82 99 22 21 53 24 0 25
7 94 54 81 65 79 83 64 60 47 57 0 34
10 85 34 57 58 55 35 52 50 33 45 0 47
10 71 74 70 68 22 54 84 56 20 73 0 48
9 84 83 70 30 75 24 87 79 91 26 0 44
4 86 64 78 55 70 57 41 53 76 27 0 16
9 48 21 29 77 56 39 65 43 68 70 0 42
6 88 38 84 37 66 91 32 42 41 81 0 29
6 99 87 72 87 51 35 47 27 49 92 0 27
6 42 76 93 39 70 88 97 55 26 69 0 26
2 59 100 21 45 50 93 63 97 39 67 0 10
6 78 31 55 28 28 38 75 69 96 34 0 30
7 27 99 95 94 29 83 71 68 73 61 0 35
9 89 63 84 61 100 97 42 56 43 97 0 44
6 67 89 83 80 76 61 35 32 60 87 0 26
5 39 36 88 82 81 83 33 48 28 24 0 21
7 70 78 28 87 77 80 52 80 46 80 0 34
10 86 54 58 60 24 24 65 43 38 89 0 48
4 21 56 32 65 38 49 50 22 30 20 0 16
8 43 80 63 49 96 87 32 40 87 65 0 40
5 97 65 45 69 21 40 27 66 67 79 0 22
4 20 60 47 43 85 79 84 70 90 50 0 16
8 21 24 73 47 40 52 27 69 53 88 0 38
4 27 98 95 43 79 72 28 88 42 99 0 16
10 39 93 53 98 80 95 66 89 39 42 0 47
2 50 67 97 86 33 79 49 42 80 72 0 10
3 39 85 70 22 28 44 37 85 61 44 0 11
4 66 59 38 33 78 86 60 60 27 24 0 19
7 79 86 44 28 86 26 34 79 98 94 0 31
8 52 85 94 28 57 92 69 21 42 23 0 39
4 55 57 68 76 52 60 92 30 33 62 0 16
8 50 23 93 25 50 76 70 99 58 79 0 38
3 24 29 84 24 38 81 99 55 61 77 0 11
5 87 56 26 23 94 95 40 71 63 82 0 22
7 45 44 89 97 48 27 55 22 48 57 0 35
9 50 23 87 59 40 70 72 72 28 33 0 41
7 29 42 33 26 79 89 29 30 36 97 0 34
5 88 51 27 65 77 47 94 42 57 48 0 22
10 35 71 34 30 90 83 64 33 91 49 0 49
6 76 47 92 20 93 73 33 94 20 43 0 29
4 22 69 70 31 29 31 93 63 50 37 0 17
5 68 93 61 46 55 65 49 63 89 73 0 24
5 66 52 41 83 39 60 88 81 20 61 0 21
7 88 26 51 60 77 85 63 38 20 45 0 35
5 25 31 79 87 82 37 39 71 50 27 0 25
3 68 84 38 50 94 50 52 91 20 84 0 13
7 91 72 26 93 46 96 74 71 69 86 0 31
8 84 72 62 77 39 74 33 89 71 54 0 38
7 78 36 56 60 95 72 87 78 38 90 0 31
7 24 60 67 62 73 67 63 94 88 100 0 32
4 55 57 96 82 58 42 44 56 20 87 0 20
4 49 29 32 30 44 94 38 70 46 99 0 18
4 68 97 92 99 30 56 66 20 43 93 0 18
10 31 74 47 62 64 74 97 84 90 80 0 46
10 52 40 21 73 77 38 74 35 95 85 0 50
5 48 55 65 76 98 93 90 57 50 74 0 25
4 63 27 59 24 39 45 50 98 50 52 0 19
4 73 87 47 87 25 93 61 49 40 76 0 16
7 99 28 96 51 31 72 26 21 55 62 0 35
10 32 25 98 44 91 69 20 89 42 64 0 48
10 57 31 87 91 29 44 25 83 25 88 0 50
3 51 33 24 65 38 39 68 74 38 40 0 15
9 72 96 73 24 99 56 47 48 86 51 0 41
9 65 91 46 89 86 83 88 53 43 70 0 42
2 84 86 51 41 45 45 84 58 44 73 0 10
5 83 21 75 99 75 50 43 31 58 47 0 23
3 69 33 79 76 86 97 23 87 72 81 0 12
5 62 37 67 47 94 56 32 59 100 57 0 25
7 36 56 83 76 80 94 82 88 66 46 0 31
5 78 96 23 45 75 86 43 28 73 82 0 23
8 24 39 81 57 37 53 94 32 53 70 0 36
7 31 77 70 37 33 90 39 97 77 22 0 35
8 29 35 52 52 86 97 42 94 28 90 0 36
7 91 52 85 26 76 64 51 86 43 40 0 31
6 23 90 37 49 46 88 88 58 21 50 0 28
10 78 36 54 27 34 53 76 45 57 42 0 47
6 53 95 68 31 80 36 68 51 89 82 0 27
10 75 29 49 46 65 96 59 32 21 83 0 49
8 73 92 56 28 98 39 51 93 65 48 0 38
6 74 39 58 59 38 21 57 84 76 84 0 26
6 58 74 65 74 61 34 62 46 95 56 0 26
3 29 92 38 95 34 83 66 85 53 71 0 13
9 74 61 31 95 30 58 83 40 91 80 0 42
6 41 55 51 78 58 70 69 35 75 82 0 28
9 97 21 36 30 87 95 38 39 87 75 0 41
10 65 32 57 62 71 53 51 70 48 23 0 49
3 29 97 81 60 26 54 43 40 98 21 0 13
4 39 94 55 71 64 98 80 37 87 69 0 18
7 54 49 64 40 82 27 73 93 38 78 0 34
8 58 23 74 20 35 91 27 47 43 25 0 40
7 86 60 24 70 82 54 46 94 41 23 0 35
6 26 92 66 68 45 57 43 24 54 77 0 29
5 45 74 63 53 65 32 70 32 90 47 0 24
8 43 73 35 32 43 89 96 60 24 51 0 38
10 40 57 52 82 93 56 88 83 95 47 0 49
10 51 44 39 50 44 26 76 93 58 64 0 47
7 23 26 75 42 69 43 89 51 99 90 0 35
7 43 28 86 56 75 63 88 87 96 26 0 33
2 72 64 61 83 76 32 73 88 43 66 0 10
9 25 27 26 56 93 42 70 92 84 35 0 42
6 89 23 28 35 64 48 36 52 83 95 0 26
3 30 55 30 60 54 34 23 90 43 64 0 11
8 34 97 97 57 58 85 77 94 80 91 0 37
4 71 92 79 90 61 31 35 86 46 72 0 19
7 82 77 57 72 93 95 37 44 47 48 0 33
3 46 49 83 88 49 76 45 40 93 92 0 14
5 85 42 49 82 50 54 28 78 27 57 0 21
5 46 48 68 57 40 91 51 43 65 43 0 23
8 63 43 73 41 46 84 35 69 73 40 0 38
10 94 89 60 94 54 78 44 65 69 79 0 47
4 65 81 83 62 59 60 34 40 92 28 0 16
7 83 59 93 28 23 95 82 51 60 40 0 32
6 37 35 46 66 25 37 78 39 55 30 0 27
3 90 30 43 34 72 92 61 38 40 91 0 13
9 79 89 70 36 94 90 26 66 39 74 0 42
5 37 47 96 26 73 85 34 39 39 33 0 24
4 34 70 79 57 25 69 99 55 36 52 0 19
9 61 72 88 38 27 60 21 23 56 39 0 41
5 84 86 98 39 45 28 57 98 41 57 0 21
3 80 68 62 44 31 22 49 63 20 28 0 14
7 37 88 47 65 27 50 81 32 98 72 0 34
9 96 60 54 50 26 99 37 71 57 89 0 44
7 42 29 89 38 28 50 24 22 59 37 0 31
5 45 63 93 33 43 58 79 86 33 90 0 25
5 99 35 71 53 35 35 23 69 61 72 0 23
6 88 36 82 93 54 56 56 34 97 54 0 28
3 70 63 75 77 51 33 27 48 64 66 0 15
5 83 49 31 59 61 81 20 57 83 24 0 25
10 71 52 81 76 40 52 55 74 83 62 0 47
8 95 87 27 87 77 32 55 29 38 33 0 37
7 63 71 73 49 93 92 89 87 65 20 0 34
10 68 85 46 65 41 92 48 51 43 72 0 49
7 42 35 50 81 94 52 94 47 46 99 0 35
4 71 98 97 44 95 83 77 43 74 55 0 17
9 93 49 32 73 40 62 31 95 86 45 0 42
7 26 27 32 99 70 57 93 78 47 88 0 33
4 84 83 30 93 21 57 95 57 73 80 0 16
9 28 53 25 52 40 83 89 77 98 71 0 41
6 41 70 53 52 40 82 90 90 79 93 0 27
6 58 34 41 95 93 89 42 99 25 47 0 30
6 47 82 51 69 54 80 28 79 72 58 0 26
6 72 37 68 47 48 56 81 66 82 24 0 28
6 38 76 98 25 72 90 50 67 75 57 0 30
7 66 47 54 95 59 21 35 47 87 81 0 32
6 74 63 35 28 41 61 22 58 67 73 0 27
3 34 63 73 94 37 62 51 84 88 68 0 12
6 87 31 46 50 72 74 56 83 58 42 0 29
4 90 79 37 53 52 21 55 76 23 36 0 19
7 41 24 72 44 62 90 28 86 79 45 0 34
6 28 78 24 64 20 40 89 27 86 65 0 27
7 86 54 37 36 56 27 20 31 79 86 0 31
4 53 71 23 69 82 87 48 22 60 82 0 19
6 68 43 76 37 69 51 26 43 65 74 0 28
8 71 31 51 89 73 98 95 78 39 97 0 37
9 41 93 92 25 30 99 97 92 65 22 0 45
9 29 79 60 77 94 81 81 75 50 23 0 42
6 62 71 54 42 25 50 63 53 75 33 0 29
4 49 80 86 92 36 97 23 61 44 95 0 18
4 58 90 34 35 75 88 77 62 25 39 0 20
4 28 82 49 73 90 34 30 87 73 44 0 17
6 24 63 26 59 28 86 48 84 74 47 0 26
6 94 33 84 86 25 77 56 45 54 67 0 29
8 36 68 92 29 20 82 66 29 34 47 0 37
10 30 42 70 62 92 66 45 62 93 72 0 50
7 22 55 55 97 75 93 23 48 56 68 0 31
8 32 71 20 57 31 25 29 81 70 91 0 40
8 72 75 63 78 37 50 94 27 54 31 0 36
3 93 27 33 63 52 65 33 78 61 47 0 14
6 86 55 31 60 39 67 97 79 82 28 0 27
9 75 77 63 64 74 89 79 99 24 27 0 43
9 49 28 30 26 59 28 25 47 80 79 0 43
5 84 97 86 98 96 83 90 35 82 20 0 24
10 79 63 26 75 60 41 34 45 22 79 0 46
7 51 96 78 97 86 62 84 96 28 73 0 35
9 39 26 45 64 90 90 86 46 70 62 0 43
10 62 66 59 78 40 80 52 21 45 92 0 46
2 69 87 77 66 27 48 61 45 31 57 0 10
8 62 76 62 97 76 90 49 52 83 56 0 37
9 100 57 75 33 28 66 55 66 66 82 0 45
6 60 66 66 89 87 66 63 93 45 96 0 28
5 94 64 42 79 36 43 30 79 60 78 0 25
6 64 35 51 20 90 28 36 43 86 52 0 26
5 91 80 58 20 40 28 73 87 38 25 0 24
8 98 98 58 86 70 36 32 81 75 75 0 39
2 94 24 66 91 53 84 97 26 52 74 0 10
10 97 50 50 31 82 77 75 70 70 88 0 49
4 31 43 49 24 49 60 35 65 72 78 0 20
4 98 58 98 30 70 98 29 90 26 79 0 20
9 65 56 62 96 87 89 93 21 62 29 0 41
6 66 69 93 37 39 54 52 31 99 38 0 30
9 37 24 38 51 39 91 94 47 83 61 0 41
8 68 71 65 51 66 52 70 77 88 63 0 40
5 24 92 32 77 45 62 91 89 33 78 0 25
10 69 28 76 27 36 39 89 54 50 70 0 49
5 33 97 29 57 93 43 72 98 41 26 0 23
7 28 95 81 93 75 59 93 21 89 91 0 35
9 39 61 94 61 33 47 42 23 30 62 0 44
4 33 42 80 91 49 29 54 97 79 76 0 19
4 72 79 68 65 93 63 63 48 58 88 0 16
9 99 89 70 45 21 61 42 77 47 94 0 41
5 37 75 30 27 46 81 58 23 44 43 0 21
3 25 71 79 82 75 79 64 84 55 85 0 12
10 53 66 45 90 91 48 56 60 89 99 0 49
9 92 86 52 24 81 67 67 96 24 40 0 43
5 55 47 26 63 44 67 99 28 69 32 0 21
5 30 73 47 55 57 77 95 71 67 39 0 22
10 37 42 32 42 21 51 48 47 89 33 0 47
5 58 67 46 82 99 62 88 31 47 45 0 23
2 26 65 96 69 88 74 45 80 73 52 0 10
7 52 99 22 55 25 76 33 78 36 79 0 31
6 23 60 45 21 45 24 29 53 65 24 0 27
10 94 27 92 46 25 96 92 68 74 55 0 49
7 53 82 65 21 60 61 47 78 53 55 0 31
9 34 68 52 53 82 25 78 90 44 87 0 43
6 31 83 94 62 47 86 83 28 90 83 0 30
6 26 34 30 31 86 94 99 69 44 59 0 26
10 80 81 93 48 24 75 51 98 91 62 0 46
3 53 70 58 77 84 92 68 72 44 35 0 15
7 92 56 78 98 58 36 49 84 43 71 0 35
9 29 73 94 32 88 60 49 96 33 76 0 45
7 80 38 33 53 23 69 70 53 69 65 0 32
5 33 48 96 54 31 61 33 50 36 21 0 23
6 80 21 45 48 69 28 37 59 82 43 0 27
3 73 29 91 92 77 60 55 80 99 65 0 12
3 46 46 93 31 57 59 74 99 86 63 0 13
8 45 78 33 97 71 28 75 85 97 42 0 36
5 93 78 56 37 31 98 63 39 90 27 0 24
8 59 97 41 28 44 25 34 45 32 35 0 38
7 97 39 67 62 50 30 100 71 58 24 0 34
5 31 56 46 47 74 44 95 97 55 68 0 21
3 61 41 89 91 32 58 60 77 86 58 0 11
3 74 82 49 95 90 23 96 80 97 43 0 12
5 35 61 65 27 88 45 73 89 60 66 0 22
4 85 95 52 79 30 26 52 85 73 57 0 18
8 53 82 72 59 53 68 96 76 30 54 0 40
7 69 28 65 21 79 51 55 55 92 91 0 33
8 66 34 76 31 56 38 84 69 32 37 0 37
9 34 26 24 95 69 59 39 89 72 71 0 41
10 87 21 25 90 21 33 26 37 73 27 0 46
4 63 45 84 59 73 28 33 64 38 52 0 16
7 46 83 85 24 36 92 28 32 86 53 0 33
5 32 22 77 65 21 43 84 86 84 42 0 21
6 59 87 49 42 65 65 69 50 51 88 0 26
3 50 64 85 66 94 59 57 76 26 68 0 15
4 42 86 56 41 34 40 37 46 97 95 0 16
5 47 67 28 91 39 49 35 52 52 64 0 22
10 45 65 40 37 85 91 36 81 74 34 0 46
9 52 36 23 47 90 33 83 37 57 33 0 42
9 81 42 25 92 41 57 41 23 21 64 0 43
5 51 79 42 31 71 77 23 43 25 68 0 25
9 89 75 26 37 74 26 68 73 29 39 0 42
8 27 44 73 81 96 95 49 36 61 75 0 38
4 47 77 91 90 91 23 26 27 59 84 0 16
6 36 80 33 46 74 93 23 59 99 25 0 26
10 30 75 23 61 30 77 48 31 97 54 0 47
5 68 51 86 90 57 79 30 24 61 76 0 25
3 85 42 42 50 67 80 94 83 93 64 0 13
9 40 82 42 94 68 66 51 62 48 91 0 43
6 63 70 79 84 82 30 83 94 28 38 0 29
10 43 99 57 89 80 94 87 29 27 36 0 47
10 25 78 84 99 93 82 67 64 76 96 0 48
4 92 27 67 70 38 66 41 22 84 77 0 19
10 33 52 93 48 91 78 95 34 44 82 0 46
5 82 34 86 86 44 53 36 27 70 92 0 24
8 42 98 39 48 34 28 42 32 66 41 0 39
3 58 52 23 33 47 99 38 84 39 33 0 11
10 64 24 92 85 91 84 85 44 50 68 0 48
9 83 28 30 20 85 68 95 24 71 64 0 42
6 31 94 65 62 70 29 27 42 20 57 0 26
10 33 57 31 28 23 96 69 37 51 41 0 50
3 69 35 43 60 86 44 70 42 56 63 0 11
7 75 96 48 62 58 88 94 61 22 93 0 33
10 69 81 85 71 50 26 71 50 76 76 0 50
7 47 71 32 69 24 82 63 62 55 57 0 32
6 86 37 70 21 92 60 86 37 70 50 0 27
2 39 98 29 95 83 30 65 74 99 61 0 10
10 97 86 88 76 78 65 49 93 87 51 0 50
7 54 97 24 45 47 42 67 53 53 55 0 35
8 51 83 49 43 55 86 80 69 58 40 0 40
3 67 25 63 33 75 63 72 63 56 57 0 11
7 49 70 69 36 60 40 67 47 90 24 0 34
9 26 85 87 98 25 81 86 59 83 97 0 45
7 87 98 65 65 67 74 21 79 72 55 0 35
8 86 74 60 41 71 42 36 29 66 65 0 36
9 76 38 95 32 45 69 39 95 38 95 0 44
9 69 94 94 47 67 51 79 46 29 23 0 45
10 95 75 61 63 44 29 43 77 51 20 0 46
5 78 69 59 64 68 59 73 37 96 68 0 22
8 31 29 48 99 29 57 62 31 84 26 0 38
5 47 95 80 77 98 68 92 88 65 74 0 25
10 90 84 23 61 58 51 31 38 88 73 0 46
7 41 94 60 96 32 57 60 42 99 53 0 33
6 52 86 68 97 99 63 42 29 64 96 0 26
10 96 27 75 91 49 23 54 93 80 53 0 49
6 37 66 71 60 20 64 44 95 81 49 0 27
5 23 29 91 89 45 28 24 85 97 44 0 24
10 52 78 87 76 30 61 83 63 80 98 0 50
8 28 56 47 84 21 45 29 68 27 39 0 36
3 92 98 76 73 24 94 68 73 28 73 0 12
3 44 42 97 86 40 21 71 47 39 61 0 11
2 98 37 62 62 27 37 54 41 58 78 0 10
10 20 73 33 76 78 52 72 71 84 78 0 49
9 62 51 42 68 95 72 51 60 84 78 0 44
4 48 26 82 68 87 82 20 25 37 43 0 19
4 80 95 91 67 24 23 79 86 28 42 0 16
9 22 56 57 33 38 60 47 22 89 30 0 41
8 63 28 62 40 34 64 21 47 93 98 0 38
4 93 45 73 43 75 21 55 90 49 32 0 19
7 40 20 92 95 94 50 49 66 65 65 0 31
5 31 42 94 70 40 52 25 38 91 61 0 25
9 35 65 52 33 46 92 63 74 45 85 0 43
9 85 67 89 31 36 43 95 37 33 29 0 44
6 95 54 92 44 34 91 57 49 64 47 0 28
3 81 60 93 36 51 54 47 33 41 75 0 15
10 45 70 96 50 71 54 23 90 43 94 0 46
9 29 86 45 53 72 23 21 40 61 34 0 45
8 36 88 91 68 98 42 69 71 62 63 0 36
4 80 79 65 83 20 61 78 94 68 71 0 17
6 95 35 84 53 80 66 20 20 24 34 0 27
3 52 45 97 23 88 79 46 97 48 97 0 15
7 71 56 66 69 26 93 75 58 56 73 0 34
5 98 37 54 30 84 24 89 66 75 56 0 23
6 33 41 37 50 43 44 73 55 95 47 0 27
5 96 82 25 64 99 78 44 92 59 48 0 23
9 21 86 78 42 64 21 42 83 73 43 0 44
6 60 30 73 93 63 42 33 63 53 44 0 30
9 41 54 59 49 28 21 85 68 66 23 0 43
7 42 44 46 83 55 46 22 66 95 90 0 34
9 49 88 76 51 53 23 43 31 57 42 0 44
7 79 60 33 26 73 78 28 37 31 33 0 32
3 38 69 52 74 52 24 92 23 79 24 0 14
3 38 26 39 39 96 88 88 90 41 47 0 15
10 47 58 37 58 44 82 38 63 64 54 0 48
8 67 48 28 82 86 72 79 77 28 60 0 37
4 94 65 27 43 89 37 93 75 66 74 0 18
2 40 98 20 46 68 74 83 50 63 54 0 10
6 26 57 60 47 73 94 68 88 29 59 0 28
4 43 65 51 27 50 39 58 78 88 52 0 20
6 87 21 95 42 23 63 66 93 66 71 0 28
5 59 36 82 83 77 55 99 84 52 77 0 22
7 89 74 87 49 20 36 37 80 76 73 0 34
4 73 89 77 80 31 24 86 20 54 70 0 20
5 94 92 68 68 33 83 56 33 85 65 0 22
6 59 53 77 80 91 74 80 89 65 84 0 29
8 62 33 70 84 91 64 80 96 84 58 0 39
3 90 41 91 35 41 63 73 24 27 22 0 11
9 56 37 76 67 91 89 89 62 78 73 0 43
10 33 45 71 45 32 22 80 43 35 46 0 47
6 87 43 32 45 56 88 59 72 77 91 0 30
5 63 26 46 81 83 84 47 52 28 22 0 23
9 73 41 92 40 85 21 51 24 20 83 0 42
7 77 85 48 77 56 93 37 50 43 20 0 34
9 72 61 58 92 64 87 34 54 87 90 0 41
5 32 88 64 84 31 94 83 82 84 42 0 24
4 78 91 88 70 95 55 50 37 52 26 0 16
7 53 89 90 83 47 20 88 62 31 82 0 33
5 50 61 53 38 67 88 41 30 82 74 0 25
4 26 34 45 99 96 41 50 55 92 85 0 16
8 56 69 89 90 76 75 44 96 76 89 0 40
3 84 44 93 52 66 83 30 82 48 29 0 13
5 25 50 73 73 92 37 62 36 69 39 0 24
7 36 87 43 64 76 48 55 27 89 58 0 32
3 56 88 86 39 53 91 88 65 61 34 0 11
7 79 58 74 82 54 94 46 30 60 55 0 32
7 97 53 38 71 33 88 20 65 40 71 0 33
9 90 37 22 54 59 75 22 35 71 62 0 45
10 89 62 60 48 79 70 70 50 90 48 0 46
10 36 64 24 56 22 50 73 66 25 80 0 47
6 57 98 27 57 83 31 81 55 57 81 0 29
3 57 29 49 36 38 89 43 77 31 72 0 12
3 28 47 83 26 67 98 57 52 69 41 0 11
6 41 72 45 51 70 75 83 80 93 92 0 30
9 49 83 91 29 94 45 23 82 20 70 0 44
10 24 25 43 69 38 84 66 84 75 82 0 47
10 52 100 87 91 81 32 63 37 66 42 0 50
6 33 43 75 56 28 39 59 21 89 89 0 26
3 79 59 24 57 67 89 33 79 24 63 0 12
10 70 88 44 58 97 94 54 24 32 57 0 47
6 64 45 46 48 63 73 40 92 54 85 0 28
5 37 90 57 50 73 61 24 72 76 57 0 23
4 93 80 39 90 29 25 89 46 54 92 0 19
6 71 52 79 83 97 26 53 74 28 82 0 26
6 28 79 61 50 36 63 30 60 32 79 0 30
9 56 25 28 92 43 75 98 71 35 80 0 45
3 86 43 90 58 85 35 22 90 60 93 0 11
7 74 68 55 46 64 96 36 87 72 85 0 33
10 64 92 34 90 75 91 84 25 22 47 0 48
3 83 93 63 35 49 52 53 97 46 27 0 12
8 25 85 68 66 91 32 62 53 59 92 0 40
9 48 39 82 58 99 45 54 56 51 96 0 45
9 75 94 20 92 80 82 50 24 99 29 0 43
6 51 21 63 62 52 76 58 36 80 47 0 29
8 97 97 98 94 87 37 29 32 67 49 0 38
4 63 94 88 76 22 75 88 43 91 24 0 18
7 47 46 45 68 97 87 41 86 91 89 0 33
10 44 32 44 43 37 44 27 80 71 45 0 47
10 91 83 66 33 70 37 81 58 23 49 0 50
3 36 49 53 87 49 28 78 85 64 39 0 14
4 85 50 95 66 25 50 82 40 56 39 0 20
9 73 78 24 67 52 79 73 93 24 64 0 41
4 42 31 61 50 79 52 75 49 94 33 0 17
9 75 99 47 61 30 24 99 41 28 37 0 44
5 100 97 78 69 64 22 62 83 28 63 0 23
5 95 33 77 88 22 81 75 91 41 86 0 23
7 49 37 82 75 52 73 69 26 34 69 0 32
2 73 99 48 83 78 56 65 90 46 74 0 10
7 31 70 47 97 57 20 94 97 47 63 0 34
9 72 100 35 24 40 44 79 58 52 92 0 42
3 39 58 60 27 92 24 95 44 69 93 0 14
9 87 63 76 56 38 47 51 69 47 89 0 44
8 99 75 53 46 47 65 97 92 87 51 0 37
7 30 44 76 96 82 47 57 52 29 34 0 33
7 96 97 52 44 88 38 33 53 43 81 0 35
10 44 99 30 82 31 44 46 49 95 72 0 48
3 76 37 28 60 77 23 40 22 82 24 0 11
4 44 50 85 96 98 67 51 44 86 87 0 17
8 41 64 25 88 24 53 85 83 28 53 0 36
4 49 74 93 75 76 42 96 24 99 30 0 17
5 89 81 79 83 36 24 54 93 52 50 0 22
5 70 22 50 71 23 76 63 46 97 29 0 23
6 93 35 35 30 54 82 36 35 52 38 0 27
4 25 83 84 50 71 75 30 79 74 46 0 16
6 75 39 57 97 36 34 83 74 26 50 0 26
9 53 78 76 46 46 96 37 77 99 63 0 42
4 21 71 79 39 25 85 34 99 43 44 0 18
7 83 43 43 40 97 33 39 24 63 31 0 33
7 99 39 81 34 68 60 47 89 71 27 0 35
9 84 46 36 66 46 83 81 85 23 75 0 45
3 22 48 71 44 72 28 44 89 76 65 0 11
2 72 52 82 54 42 42 47 96 65 91 0 10
7 23 85 52 92 45 20 30 38 62 59 0 32
3 21 40 27 90 32 98 35 27 34 90 0 13
2 64 35 31 60 29 60 53 35 62 32 0 10
4 71 24 79 76 55 73 85 54 74 64 0 16
3 34 35 30 24 93 33 69 90 69 37 0 13
9 92 29 28 62 25 26 63 33 51 92 0 44
6 91 63 55 74 23 50 92 26 60 41 0 26
6 47 68 95 49 26 66 64 92 28 85 0 29
6 96 59 81 95 38 97 61 26 97 32 0 27
7 55 98 44 65 59 56 24 98 99 86 0 32
4 43 31 31 21 52 67 42 49 30 75 0 18
4 49 61 76 48 43 24 77 20 31 70 0 16
3 41 47 94 57 47 52 45 68 78 68 0 14
5 85 72 69 87 44 61 53 93 55 63 0 23
10 84 87 50 87 84 86 82 49 94 67 0 47
3 54 57 86 65 83 33 79 81 46 89 0 12
8 54 23 32 93 32 23 51 58 65 82 0 39
3 43 89 33 53 51 45 24 53 91 68 0 14
3 66 73 47 83 60 45 79 61 76 22 0 14
5 99 99 69 38 80 89 66 50 91 81 0 21
239 155 236 172 198
110 170 210 245 273
125 145 185 244 298
112 180 183 240 287
136 167 215 230 265
104 156 214 220 298
129 165 200 250 285
117 159 198 244 295
138 157 216 234 270
117 144 183 248 274
140 170 190 234 287
132 164 203 258 276
105 166 202 250 260
130 159 207 259 296
128 151 219 257 286
130 167 185 237 290
130 157 196 230 260
101 157 180 235 265
120 141 201 252 292
101 149 207 224 290
108 144 193 241 281
106 140 217 224 282
117 152 219 252 300
136 165 186 243 281
105 141 206 223 276
119 155 180 238 278
110 156 217 257 272
138 173 198 258 298
103 169 197 242 281
108 146 181 231 299
122 164 220 242 269
138 173 194 239 291
139 168 187 242 276
112 148 193 242 284
100 167 200 257 267
110 172 216 232 293
139 144 204 248 291
130 160 197 254 291
126 160 188 234 293
109 158 188 222 289
130 143 180 224 264
119 168 217 249 277
101 176 198 257 298
124 176 220 248 295
137 169 214 259 287
125 145 216 226 291
107 144 183 260 281
125 150 194 254 275
108 160 189 248 298
136 170 195 221 300
132 168 189 259 283
130 141 204 254 285
121 163 217 257 288
101 148 200 248 277
125 148 181 225 264
106 160 217 237 276
103 147 182 260 279
112 169 180 239 278
112 144 188 224 263
133 169 201 244 289
114 180 208 220 276
132 148 188 220 290
116 146 219 236 265
134 174 191 237 271
117 176 193 221 282
119 161 206 221 284
140 177 218 229 280
108 178 184 222 294
102 172 188 255 283
126 153 199 245 292
112 140 201 222 261
106 146 215 235 289
140 171 181 235 272
131 142 191 258 294
135 158 215 237 276
105 159 211 223 282
117 174 213 243 300
131 167 180 252 291
102 160 192 223 273
108 158 212 251 289
129 155 181 254 300
134 178 187 253 269
140 165 197 256 272
114 157 183 258 275
124 144 210 246 274
133 152 205 258 273
104 162 215 260 291
137 143 199 256 294
108 141 181 230 277
127 148 185 237 291
132 157 208 229 267
139 179 200 259 299
131 161 191 253 279
109 141 186 232 284
124 147 180 244 293
106 180 214 259 270
121 144 184 256 271
137 161 216 244 290
130 176 204 225 272
134 153 194 234 298
109 154 186 221 287
140 166 194 243 282
121 180 189 222 290
114 143 189 247 275
112 159 194 220 274
132 159 218 259 269
123 180 215 252 280
132 158 206 230 272
136 179 208 240 300
118 180 212 220 270
122 145 184 247 299
100 145 219 222 278
110 147 201 228 285
136 144 213 255 280
108 163 202 229 285
129 162 189 249 262
140 165 214 231 271
116 167 210 232 274
110 165 207 238 279
101 157 198 240 282
132 176 199 252 293
136 179 214 260 274
124 156 196 229 279
132 175 191 246 273
118 142 218 236 283
140 140 187 228 293
125 154 203 220 261
103 149 196 240 300
140 171 197 242 292
126 166 203 248 276
118 153 186 220 271
101 171 185 257 271
105 177 182 247 290
134 166 202 249 262
106 174 187 245 261
129 180 188 244 278
102 146 207 242 286
108 162 191 224 295
121 142 220 227 298
110 148 201 238 293
135 174 189 243 299
110 163 207 252 280
129 154 186 239 285
135 151 212 226 275
121 171 186 221 264
110 162 188 228 263
105 162 182 226 260
104 152 196 230 268
118 142 182 238 287
101 179 215 225 300
114 180 197 229 261
133 178 199 224 297
123 178 200 258 289
135 170 212 220 295
104 144 185 243 267
103 174 212 254 277
131 155 199 226 292
140 151 195 246 292
113 159 220 254 272
113 148 191 225 274
100 140 200 236 287
113 172 215 246 300
103 140 180 246 280
130 148 211 256 265
105 170 197 240 271
102 171 204 257 272
118 149 185 246 262
107 172 197 230 292
117 157 204 233 266
101 171 185 231 285
125 170 211 250 300
136 159 186 224 263
116 149 199 259 296
127 158 204 239 276
119 167 200 235 294
126 147 186 226 283
135 179 195 245 261
128 167 184 235 262
116 143 207 257 287
104 179 217 220 265
131 173 184 250 279
129 146 217 222 278
104 146 184 252 266
120 159 215 246 282
115 170 218 250 267
133 155 182 240 276
111 161 185 248 287
114 149 219 234 269
132 164 180 234 296
121 149 207 238 267
129 165 210 232 260
101 167 212 227 292
115 155 217 259 291
113 145 202 256 274
116 176 186 235 294
112 171 216 245 281
105 156 189 245 297
138 175 180 233 270
128 163 216 233 266
132 179 203 245 294
116 162 181 229 293
116 173 194 241 271
130 171 195 255 297
138 140 220 246 287
107 173 184 260 262
109 160 188 227 285
107 178 186 260 300
123 162 192 221 294
102 176 220 252 280
136 157 193 236 299
110 155 200 240 298
103 170 214 254 262
107 166 219 222 282
101 179 208 252 262
114 152 182 241 265
101 151 181 222 265
116 148 201 236 273
108 163 207 244 271
106 163 193 254 260
136 158 219 222 275
117 141 202 250 295
136 170 195 253 296
100 147 218 245 296
137 172 200 221 296
133 147 196 223 294
132 150 200 248 268
127 170 201 229 276
106 149 192 256 266
112 177 196 230 275
124 171 192 253 292
133 157 180 259 275
135 159 214 230 282
134 144 219 223 290
135 164 205 227 269
133 157 214 244 292
128 180 192 258 262
111 155 210 247 277
139 163 197 242 260
105 178 208 228 268
116 154 205 223 277
128 143 220 248 262
118 164 191 249 268
112 152 202 231 282
101 144 194 259 291
113 156 212 238 293
136 155 196 254 291
112 150 211 256 265
133 164 184 252 260
105 179 211 224 279
102 159 219 259 287
123 168 190 226 286
124 150 195 222 297
108 159 211 248 267
113 154 181 239 276
133 167 203 255 300
139 148 217 238 280
130 151 192 239 278
131 157 206 221 269
139 155 201 242 293
135 146 211 231 296
130 169 216 237 277
118 175 184 256 294
105 179 190 247 268
124 142 214 235 267
125 146 199 238 266
127 145 218 248 276
115 165 207 247 260
101 163 220 238 266
134 140 201 245 290
132 157 210 260 268
103 153 211 230 295
116 169 220 225 273
101 161 211 245 278
108 168 191 242 296
121 150 203 259 299
102 161 207 255 278
125 175 220 236 276
112 160 194 248 261
128 144 214 228 273
129 159 196 259 281
104 177 183 250 284
134 159 194 226 280
103 147 198 248 261
121 170 204 244 264
132 160 184 252 266
116 153 199 229 261
126 169 208 226 278
107 151 183 251 263
136 173 188 250 291
108 143 204 235 289
130 173 180 260 268
110 172 206 244 264
120 149 217 225 269
111 153 205 221 296
121 144 192 241 274
139 154 185 224 262
137 148 181 235 293
116 157 198 226 262
125 155 206 256 270
121 175 215 242 289
135 162 189 238 261
109 179 212 233 276
116 157 210 220 277
120 174 194 221 293
115 155 199 254 296
121 166 204 258 261
131 154 181 236 266
107 149 190 254 282
139 153 215 227 266
137 171 211 234 276
124 158 199 256 280
123 156 198 233 298
127 172 180 222 274
136 171 215 234 274
122 145 192 248 294
102 165 197 258 287
140 171 202 253 299
100 161 182 246 267
105 156 199 229 298
129 163 207 246 284
118 158 220 242 295
107 145 199 221 262
100 161 192 241 297
134 145 186 258 260
121 173 212 244 281
114 179 219 246 294
128 168 217 246 280
100 167 195 259 274
136 167 180 248 275
117 161 193 223 277
110 171 216 231 286
125 177 220 241 267
104 154 194 247 277
111 170 203 224 272
137 144 195 224 281
127 153 212 224 294
114 150 180 253 282
116 172 215 244 271
137 177 182 243 295
136 145 207 249 275
130 173 183 253 270
102 174 208 222 300
127 158 182 227 297
124 156 182 259 298
125 150 180 256 282
117 179 186 252 276
130 152 211 247 271
118 158 192 230 281
140 152 218 225 268
140 157 210 239 268
118 180 184 252 273
106 157 196 239 283
111 141 202 239 285
131 156 213 250 275
110 156 188 221 299
132 171 217 240 267
101 163 195 260 272
119 172 201 225 294
105 176 191 249 274
121 172 185 226 297
123 170 209 226 269
133 156 211 236 300
100 160 201 224 264
114 170 209 241 290
103 155 190 258 265
137 143 188 236 276
113 165 207 221 283
118 149 217 244 274
122 161 201 244 269
113 168 219 248 268
103 144 189 228 266
111 158 192 226 300
139 172 202 255 268
130 178 216 259 274
123 143 214 253 267
112 146 198 250 279
101 160 204 249 282
107 179 183 222 287
110 169 217 256 269
134 158 192 221 271
116 150 198 227 265
116 169 207 241 281
129 144 199 257 285
129 141 194 222 274
109 151 210 245 284
125 155 194 243 265
127 152 205 253 271
107 161 214 255 264
111 162 208 242 283
125 178 211 220 279
124 157 180 230 271
112 177 191 235 288
132 150 181 237 283
137 141 207 231 262
100 174 186 234 295
128 162 197 224 277
105 178 213 253 289
137 178 218 236 284
128 153 198 220 269
137 177 198 239 268
115 170 216 238 276
105 164 214 222 260
110 151 182 227 284
120 148 187 238 272
138 180 180 252 283
137 174 207 225 275
137 158 181 220 275
116 169 200 240 289
109 177 213 232 289
132 145 214 249 294
117 147 182 238 287
129 175 208 233 270
104 140 204 250 275
107 178 201 223 288
109 174 203 227 294
132 176 210 254 300
110 175 196 248 271
135 141 211 255 292
104 146 220 221 293
107 173 214 221 267
135 175 210 251 281
125 179 183 252 270
104 152 190 225 277
110 140 215 238 276
136 144 193 247 279
124 151 203 246 262
105 160 196 248 268
138 165 199 230 280
116 152 208 258 265
119 149 189 258 298
116 154 190 235 271
106 141 211 232 293
104 142 181 228 289
119 167 217 257 265
109 177 195 242 274
135 157 187 225 270
140 157 207 249 282
126 150 203 226 280
129 147 188 231 260
132 165 196 251 284
113 160 188 257 282
107 144 201 245 281
101 149 196 222 284
122 173 212 224 274
114 143 210 243 299
122 146 206 237 287
118 162 202 239 289
109 176 183 260 277
118 171 204 244 290
103 141 188 221 276
127 141 184 255 280
111 140 219 220 293
104 143 184 241 267
137 156 206 251 286
132 155 197 257 280
114 160 191 252 270
132 161 213 242 261
134 165 212 250 299
119 170 186 245 278
138 179 192 230 261
108 143 211 251 263
126 144 210 228 280
134 157 205 236 299
119 141 203 248 281
132 167 193 230 290
102 169 191 259 290
104 164 218 258 293
113 166 207 246 298
103 140 205 241 279
124 171 181 220 267
103 175 187 247 267
136 178 200 227 298
116 159 189 230 262
130 170 191 243 289
117 180 187 227 271
100 144 216 244 294
118 162 191 244 294
107 146 187 260 281
117 142 181 248 278
135 146 205 243 293
117 166 211 230 267
123 144 220 225 273
111 147 202 260 298
131 154 185 247 299
110 151 207 224 296
102 150 190 220 286
103 143 216 257 269
115 149 216 224 291
112 159 201 237 264
125 178 206 228 287
122 178 181 231 260
134 174 182 249 289
125 153 197 221 274
132 163 185 244 280
127 153 205 233 268
123 152 213 241 299
138 173 210 260 263
135 175 183 258 284
125 155 190 248 271
135 177 199 248 270
119 170 190 243 267
134 152 217 223 267
103 141 184 237 281
119 140 215 239 279
110 177 210 235 288
122 143 185 245 274
107 157 189 233 287
108 174 192 237 282
126 157 181 223 273
139 165 194 233 294
109 153 215 254 269
124 160 217 234 286
100 175 199 260 275
139 179 184 225 278
133 179 192 239 265
139 176 205 242 295
102 159 190 250 283
136 175 192 256 282
137 147 205 255 265
120 177 198 221 299
106 169 195 259 271
110 164 184 235 290
134 164 210 243 270
104 177 183 239 298
116 178 196 224 260
140 173 181 260 264
133 171 211 239 283
112 163 181 253 289
114 145 219 248 297
139 143 209 230 277
135 159 212 251 287
123 146 217 222 291
101 148 188 220 272
116 153 189 221 281
112 158 182 233 290
115 146 183 247 290
100 170 210 234 294
111 153 199 253 296
106 156 194 258 283
112 176 186 232 282
128 162 210 260 265
128 157 187 260 272
119 178 195 241 300
137 169 185 243 294
123 179 212 220 288
133 171 210 222 275
126 161 201 233 299
138 169 210 253 290
138 147 211 232 266
100 176 198 222 286
101 153 196 247 280
127 151 206 258 277
100 174 195 242 288
137 163 197 255 272
137 152 188 255 268
132 171 191 244 272
116 151 201 221 265
112 147 197 225 280
107 153 216 228 275
113 164 214 244 279
120 154 206 227 293
128 156 210 223 295
109 143 191 221 277
139 141 180 240 300
111 172 201 233 275
115 156 187 231 273
123 156 182 241 299
108 178 216 234 261
113 168 213 241 269
135 179 190 237 275
116 177 201 231 297
119 161 188 250 285
125 156 217 232 294
125 174 200 260 273
108 169 219 235 275
109 168 181 248 277
115 175 184 251 276
126 169 203 230 274
106 173 199 235 285
123 168 202 230 287
124 162 210 250 288
128 151 218 243 290
137 161 184 222 263
106 151 205 240 282
133 176 196 252 294
127 165 187 245 292
123 159 207 235 283
134 166 220 254 266
119 153 193 255 284
131 180 197 234 297
127 180 192 228 278
116 160 210 227 261
137 150 204 260 270
139 146 211 244 273
103 149 211 230 287
129 150 184 232 294
123 159 187 248 287
120 175 186 235 272
130 162 181 246 275
114 167 219 234 260
134 173 212 233 268
129 162 206 247 294
139 172 213 249 263
107 169 208 235 290
137 154 188 247 262
140 147 216 259 299
109 158 182 229 263
112 144 219 225 270
129 146 195 229 270
109 164 185 244 297
115 174 189 236 298
108 140 213 231 271
105 160 203 249 265
102 146 190 231 280
134 170 195 230 276
128 167 219 248 280
138 145 207 235 291
102 155 201 258 297
111 179 199 231 283
131 159 191 237 292
131 148 196 224 273
111 141 214 234 285
102 163 211 253 291
117 171 184 256 268
103 173 218 258 264
100 144 186 221 260
140 170 200 238 299
124 148 206 251 270
115 174 218 220 272
134 153 188 235 264
109 140 196 258 294
110 174 188 234 265
133 164 186 231 268
140 146 203 237 285
105 173 199 257 300
120 158 211 245 292
135 153 218 239 264
132 151 181 220 274
107 174 201 236 276
113 171 215 237 296
130 150 218 243 280
108 145 217 250 268
100 141 180 249 262
118 147 219 251 297
126 153 197 229 286
106 156 210 245 294
132 175 212 244 280
115 147 199 248 262
122 168 185 244 271
120 176 216 229 287
124 163 206 256 282
125 159 218 259 277
131 174 195 232 285
129 180 210 227 291
113 167 214 242 288
128 147 211 227 275
133 164 216 230 289
140 167 211 221 286
114 167 199 221 290
114 161 193 254 282
122 167 210 233 262
115 176 192 244 264
137 157 186 234 270
118 148 196 240 262
123 180 198 253 294
117 140 215 223 260
126 162 193 232 294
102 148 181 233 293
139 174 219 235 281
125 164 219 246 267
112 178 208 256 293
110 157 194 256 264
129 177 185 260 279
135 168 214 221 281
121 152 204 224 298
140 177 215 260 275
116 165 207 250 286
117 172 220 244 269
138 161 215 250 292
136 157 187 220 266
107 169 189 228 290
131 145 190 228 284
114 170 207 257 283
121 144 182 223 273
125 158 200 238 272
107 159 189 228 260
125 146 199 228 286
100 159 187 226 277
121 150 208 244 296
114 158 204 220 280
115 177 202 237 270
109 177 202 252 286
123 175 206 259 269
101 164 212 233 271
101 174 189 222 297
109 144 213 222 270
130 177 206 255 272
101 177 211 251 271
137 141 217 258 278
104 156 206 241 284
133 177 206 239 283
127 163 201 245 298
111 170 219 258 260
137 141 184 222 279
140 173 184 228 275
125 170 218 256 263
104 160 208 248 277
128 166 184 235 291
123 145 185 245 267
139 165 201 250 270
124 157 208 238 276
104 143 204 260 272
128 155 208 254 294
123 146 216 246 266
102 142 206 244 274
129 149 205 256 268
100 158 203 232 293
117 168 214 259 269
112 144 182 258 275
106 161 219 239 293
104 171 206 221 296
123 165 200 230 261
131 166 180 249 300
109 147 194 254 294
118 180 215 253 272
123 173 189 237 279
130 176 207 240 260
131 162 181 244 262
102 153 207 257 292
122 146 185 227 292
120 146 181 221 266
136 156 203 228 285
120 160 207 239 275
113 162 186 221 264
117 157 192 252 287
138 177 188 224 296
111 166 181 255 298
113 175 202 224 262
131 158 197 225 278
104 164 207 231 298
130 146 191 224 296
124 176 207 222 278
112 168 204 248 278
107 180 181 238 295
112 150 214 220 300
118 173 210 260 274
124 144 197 230 283
103 142 213 258 286
120 144 219 254 263
138 180 182 223 280
113 180 191 246 290
110 170 197 248 263
101 145 205 223 270
102 153 214 247 298
111 177 181 230 296
131 162 216 226 273
115 145 185 221 273
125 176 197 237 298
104 179 203 253 295
119 148 184 240 286
104 162 212 246 293
135 158 204 222 274
108 171 183 227 274
108 171 194 220 272
138 172 206 227 289
123 169 184 251 272
111 159 207 229 286
117 163 214 245 295
130 177 202 260 275
138 168 206 259 282
134 173 188 220 264
129 179 183 235 280
114 144 189 235 290
135 158 217 260 277
127 160 190 242 294
124 166 188 257 298
122 142 184 260 291
126 146 195 240 271
124 149 194 234 273
106 151 201 260 272
101 152 199 244 289
113 150 208 232 261
103 150 217 227 270
140 149 208 249 295
105 140 219 222 280
128 171 203 251 272
106 143 184 248 285
113 153 197 251 293
115 144 185 240 296
129 142 212 234 284
134 176 207 241 270
123 150 189 244 271
135 149 184 229 274
126 170 201 231 264
113 167 219 231 290
134 144 210 239 295
105 162 197 255 275
124 163 186 245 300
108 172 181 244 276
100 142 209 257 273
127 171 193 260 265
110 164 188 246 265
110 150 217 237 278
103 148 193 240 260
109 171 204 228 292
107 170 191 234 275
119 153 209 226 283
108 179 212 235 294
132 148 189 240 282
131 153 192 256 289
101 152 194 220 277
119 156 185 257 269
136 149 199 257 293
127 144 194 222 290
121 153 209 234 293
129 152 193 230 297
112 153 204 260 261
117 153 213 254 274
100 167 209 249 283
124 176 187 251 267
119 143 188 260 299
137 166 217 254 299
127 167 220 260 284
138 174 192 260 284
134 170 208 220 291
138 171 203 222 274
125 147 205 258 277
113 179 198 249 272
129 174 208 233 269
140 173 195 260 294
100 176 195 245 263
115 172 201 228 274
117 170 217 239 276
128 140 220 255 260
123 156 186 239 298
123 165 195 226 284
134 146 187 223 283
118 170 193 223 275
126 167 220 237 274
129 165 181 220 269
122 152 185 232 288
129 172 188 226 273
110 163 190 223 273
128 173 190 224 285
101 145 206 239 282
113 176 199 245 280
119 140 218 247 283
124 141 214 230 266
133 142 201 256 279
132 180 200 231 296
108 142 194 235 275
100 146 195 224 287
101 178 220 246 295
105 167 206 226 272
108 170 180 224 271
125 162 190 235 273
135 156 218 225 278
133 174 187 229 295
115 152 204 254 287
100 175 209 221 292
120 141 218 258 274
106 165 210 232 297
129 162 209 252 265
102 154 207 239 280
132 180 187 236 295
117 171 186 248 275
137 140 193 224 261
124 142 202 243 298
118 178 219 241 266
139 156 206 255 270
138 152 189 231 294
134 168 207 256 284
107 158 198 251 295
140 174 212 227 285
114 178 215 227 270
122 164 220 234 275
122 178 194 246 262
116 159 211 258 270
131 140 217 237 293
123 143 209 221 264
135 159 204 235 299
137 161 180 250 262
101 171 195 257 295
137 175 180 252 291
117 167 206 252 267
128 144 180 252 297
136 165 208 242 272
129 149 185 229 266
104 149 195 221 292
109 146 181 230 275
129 175 216 225 271
103 177 191 249 299
121 155 205 246 270
123 168 216 240 294
111 153 202 241 275
119 145 189 224 266
120 168 200 226 273
137 172 182 231 271
101 144 213 255 282
117 171 214 248 280
113 140 202 250 264
129 173 199 242 274
101 156 188 221 267
104 180 206 225 278
120 164 200 235 279
120 170 196 235 272
113 176 195 246 276
136 168 197 248 283
127 178 191 233 284
111 151 209 243 283
105 171 192 228 275
106 161 218 240 293
127 164 204 243 280
109 159 199 241 264
132 170 181 228 275
113 166 183 242 282
134 171 207 239 275
113 166 215 225 290
115 146 194 254 292
125 163 194 236 265
115 165 190 223 277
112 154 187 260 280
121 174 198 258 290
127 172 190 234 281
138 151 184 245 297
100 148 181 244 297
122 146 205 241 267
102 145 199 220 292
132 159 220 224 298
118 149 216 259 267
129 154 183 246 294
105 174 205 257 283
122 140 196 247 286
112 158 185 226 273
103 170 196 230 292
132 141 216 235 285
119 147 192 231 269
101 173 214 260 272
138 156 194 252 268
120 171 192 258 262
124 165 199 245 284
122 163 213 245 281
127 150 184 231 282
123 170 210 223 270
118 163 207 245 281
124 180 182 256 299
116 149 190 243 264
103 164 204 250 271
113 171 187 226 295
140 180 214 231 264
138 172 213 257 295
137 149 189 257 291
136 152 210 251 267
107 174 210 237 263
112 161 219 256 277
118 169 211 234 273
111 177 185 248 288
138 169 191 220 271
113 171 216 257 289
112 179 201 236 282
118 155 202 226 273
111 166 194 250 287
135 159 219 257 295
138 157 192 241 286
124 152 194 234 268
111 151 207 258 300
101 159 220 231 293
135 178 215 232 294
116 144 209 225 267
139 153 201 257 293
115 163 207 222 274
137 177 201 249 283
130 142 214 255 286
127 173 196 258 262
110 141 195 243 266
124 159 214 226 279
128 178 208 233 265
127 162 212 227 291
127 152 184 244 284
116 148 186 242 281
114 177 219 236 270
134 156 194 244 262
103 148 189 239 276
101 140 180 222 266
102 162 201 239 276
104 148 189 228 288
110 142 185 233 293
112 173 216 236 285
104 140 189 260 293
106 177 213 239 285
131 178 189 251 265
127 170 202 253 266
138 178 206 243 284
138 172 211 246 300
140 147 215 226 294
129 150 199 236 262
102 154 201 228 277
125 154 211 220 281
123 161 218 259 278
122 168 205 260 271
131 155 181 242 282
2428 3750 4631 5402 6019
3509 4070 5191 6844 8358
4489 7211 7331 9612 11493
5993 7358 9472 10132 11673
5104 7654 10498 10792 14616
5040 6445 7811 9762 11128
5157 7006 8723 10748 12993
2217 2522 3468 3756 4333
1296 1594 2024 2741 3028
3649 4430 4951 6096 7475
2121 2634 3259 4140 4429
1793 2832 3445 4263 4433
5989 7324 9533 11926 13629
4745 5596 8114 9521 10595
4949 6356 7041 9018 11033
5339 6447 8047 9442 10673
3948 6134 7031 9178 10349
3249 3816 5438 6816 7897
3341 4927 6843 7404 9584
2385 3178 4257 5315 6196
5097 6730 10428 10764 13550
5039 6546 9428 10848 12913
1641 1990 2243 2928 3385
4734 6355 9282 10047 12434
2746 3575 4151 5487 6408
4298 6094 8475 10036 10621
3321 4162 4763 6204 7165
1759 2883 3360 4126 4790
2061 2784 3450 4401 5695
3425 4602 6172 6788 7545
1803 2259 2533 3119 3796
5152 6226 6930 8966 10225
1577 2082 2713 3401 3990
2408 4018 4811 6181 6421
4848 7578 9515 10220 12905
4179 4329 6131 7452 8743
5599 6890 8482 10934 12526
3915 4970 5839 7266 9096
2080 3012 3583 4230 5505
4170 4586 5771 7181 8462
4174 5890 7606 8727 9708
2735 4762 5357 6951 8059
3604 5114 6391 7204 8568
2886 3559 4505 5451 6040
1384 1605 2388 2498 3214
2684 3610 4586 6513 7039
3384 4060 5249 6871 7438
3572 5290 6248 8196 9848
5449 6810 7811 8852 12013
4761 6058 6815 9336 10201
4559 4944 7151 8902 9988
4606 6204 8257 9778 10957
2028 2970 4012 4973 5553
6010 7114 8699 10813 12686
3930 5930 8041 8781 10225
3304 4714 5835 8333 8942
2025 3053 3251 4315 5017
4153 5338 6968 8301 9745
1472 1869 2222 2696 3192
2517 3971 4587 4852 6085
2385 2674 3395 3972 5234
5693 7164 10743 11576 12998
5101 6622 7269 9018 10311
4689 7051 7731 8852 11293
3579 4840 6192 6642 8533
3789 4789 5897 6195 7573
2385 3927 4059 4896 6482
1538 2590 2831 3838 4258
1647 1999 2598 3197 3809
5161 6450 9258 10225 12020
4672 6434 9472 10352 12730
3510 4285 4536 5887 6813
6559 7109 9561 12913 14713
5814 6804 9256 10203 11881
3578 5416 7186 7594 9602
3050 4534 5549 6330 7813
5380 6857 7390 10344 11944
1539 2411 2892 3357 4109
4328 6330 8491 10052 11573
6201 7450 8699 12204 14413
6441 8554 8987 12156 12925
4489 5290 6315 8204 8717
3543 4877 5684 8011 8538
4721 5482 7992 9360 10425
2270 2594 3496 4398 4654
2816 4384 5816 7032 7870
3845 4013 5583 7180 8245
5409 7060 9061 11513 13864
5216 6078 7596 9729 11945
4101 4877 6460 7111 8290
5152 6633 7410 9595 11076
2367 2908 3449 4566 5035
1426 1843 2429 3029 3706
4969 5890 7211 9773 11734
3082 5230 6217 7523 7843
3155 3754 4795 6669 7059
5215 6128 8219 9284 11033
5729 7755 8987 9912 11981
4029 4600 5831 7032 8953
1971 2782 3359 3990 5180
4349 5156 6025 7545 8755
4970 7391 7760 9114 11903
5025 6302 8327 10881 12114
4153 5893 7190 8152 10152
2517 3031 4153 4933 5124
4929 7210 8611 10092 11213
4497 5382 7015 7832 9261
3137 4127 4795 5532 6913
5909 9011 10612 11012 13513
1839 2185 2771 3717 4499
4208 6100 9210 9336 11690
1989 2656 3630 4116 5144
3545 3753 5549 6642 7293
2169 3270 4051 4592 5713
3234 4060 4736 6238 6563
1829 2155 2793 3015 3536
3141 4519 5682 6276 7411
5288 7930 9947 11436 13405
4048 6290 7931 9613 11294
4101 5466 6180 7824 9096
3409 4485 5361 6512 6862
5217 6562 8243 9630 11731
6213 8235 8988 11574 12844
4493 5406 8296 8980 10767
5890 5890 7865 9588 12320
4759 5862 7726 8372 9931
1347 1947 2559 3132 3914
6309 7705 8876 10902 13153
2403 3164 3868 4724 5257
2723 3529 4289 5072 6247
1220 2063 2231 3097 3265
1688 2843 2923 3964 4653
5101 6318 7687 9474 9969
4673 7667 8239 10793 11497
4524 6311 6591 8552 9743
4292 6142 8706 10177 12026
3249 4870 5741 6732 8864
4486 5263 8152 8411 11040
5179 6966 9458 11198 13785
1629 2098 2279 2928 3601
4958 7345 9326 11352 12613
5040 6016 7265 9333 11128
2304 2577 3616 3854 4688
5091 7193 7823 9294 11101
3309 4871 5651 6853 7903
4419 6815 7655 9505 10934
4377 6394 8244 9673 11270
5201 6258 8019 10485 12642
3947 6991 8396 8787 11713
1833 2891 3163 3676 4189
5994 8020 8966 10092 13378
5421 7842 8811 11364 12729
4329 5450 6795 7051 9453
3753 5194 6671 8761 9626
2583 4360 5311 6362 6938
3546 4195 5384 6114 7897
6449 6956 8981 11328 13445
2155 3031 4192 4838 5181
3060 4006 5169 6087 7412
2508 3510 5012 5913 7189
4867 7406 9256 10590 12913
1348 1830 2351 3211 3654
2089 2378 3387 4109 4253
1268 2051 2375 2892 3265
4292 7192 8579 10807 11437
3549 4480 5561 7393 7873
3753 6030 6906 8062 10234
2934 3935 5112 5837 6663
5058 8561 9261 11562 14264
6134 8340 10350 12262 14713
6130 7165 8381 10092 11848
1285 1649 2200 2862 3269
4327 5382 6947 8138 9397
2389 3350 4011 4712 5893
5553 6478 8195 9956 12466
2304 3054 3326 4177 4450
6409 8361 9211 11762 13113
3837 4728 6842 8494 9484
4480 7708 9343 9472 11408
2367 3124 3323 4512 5035
4395 4974 7390 7560 9465
4273 5996 7555 10345 10920
3849 5098 6891 7884 9037
1618 2390 3064 3512 3751
2137 2490 2923 3852 4429
4449 6450 7411 9933 11493
5481 7162 10524 11244 12925
4893 6078 6671 8670 10965
3397 4182 5808 6676 7489
5040 6445 8202 9060 10153
1523 2515 3192 3417 4393
2308 3110 4351 5192 5833
5320 6825 9505 12045 12891
5229 7931 8381 10587 13243
3816 5824 7355 8342 9567
2108 3130 3791 4912 5954
3735 4736 4871 6303 7303
2953 3759 4980 5371 6131
4893 6633 7522 9077 10891
2677 3736 4174 5279 6753
2677 3990 4473 5555 6246
3519 4627 5276 6897 8032
2907 2949 4631 5178 6040
2576 4163 4427 6253 6301
1426 2090 2455 2963 3719
4502 7486 7823 10932 12613
5667 7462 8843 10178 13538
3578 6170 7711 8832 9813
4225 4877 5994 7328 9282
4078 5745 7411 8892 11040
4643 7660 9642 11443 11803
2683 4160 5487 5562 7063
4048 7171 8331 10093 10493
2403 3202 3833 5074 5578
1928 2880 3451 4231 5049
3721 4746 6444 7564 8749
3788 5715 7257 8552 9498
4567 7019 8310 10935 11193
2729 3170 4392 4452 5513
5391 6495 9303 11512 13583
2185 2730 3131 4060 4749
1708 2509 3718 4177 5045
4530 5686 6611 7305 9781
4930 5449 7263 8263 10892
4101 4660 6211 7700 8321
3184 4260 5036 5737 6913
3825 5374 6923 9229 9589
4713 7445 8243 9672 11563
5217 7192 8075 10638 12277
4265 5034 5771 8301 8813
2979 3508 4719 5072 6217
2287 2458 3735 3803 4943
3789 4602 5751 6368 7545
3068 3621 4933 5624 6729
5897 8290 8843 11880 12065
3561 4970 6732 7916 8877
1816 2129 2572 3158 3393
1163 1969 2300 2520 2961
4649 6170 8212 8932 11093
1673 1869 2872 3236 3419
5909 8210 9561 12463 13413
4601 6242 8294 9483 11576
1826 2602 3503 4675 5252
5206 7186 9763 10960 13491
6401 7295 9223 11950 13690
2585 3460 4865 5901 6108
5196 6406 7187 9841 10153
3053 5202 6131 6508 8104
1334 2077 2858 3379 3744
4683 6394 7231 8600 10881
3605 4360 5666 6450 8627
5408 7960 10562 12413 13363
1704 2320 2726 3598 4154
3334 4185 5086 6387 7513
3623 3858 5653 6200 7293
3519 4087 5195 6465 7519
3284 3935 5162 5537 6738
6403 7140 9257 11144 13491
3249 3514 5075 5556 7117
5079 6601 8435 9255 10816
5673 8410 8843 12300 14125
3158 5381 5711 7423 8053
2985 3418 5148 5652 6421
2509 2930 3992 4773 5333
4708 5375 8078 9188 10225
1964 2815 3531 4212 4433
1321 2129 2872 3106 3471
3627 3789 5438 6627 7843
6477 7703 10301 12752 13145
2686 3988 5498 5992 7684
5693 8291 10792 11037 13390
2937 4679 6131 7117 8075
2600 4042 4595 5820 7118
4002 4960 6710 8559 9880
3272 5162 6635 8173 8909
3259 4560 5731 6148 7189
1577 2250 2727 3485 3667
3593 4042 6004 6396 7657
5040 6211 7655 10113 10972
2504 4259 4403 6013 6829
6173 7324 8935 10408 12893
4850 6919 9318 11669 12280
3760 5280 6335 7576 8197
6345 7690 8843 12109 12781
3373 4447 5783 6654 7582
3663 4911 6043 6566 8075
2363 3332 4037 5535 5799
1913 2432 2643 3512 4087
1845 2441 3480 4007 4927
4559 6065 6311 9113 9393
5509 8611 10311 12212 13213
2409 2990 4352 4512 5393
2118 2917 3907 4211 5638
5212 6202 8267 10376 11795
3485 3860 4636 5612 6563
1653 1786 2183 2832 3530
4533 6133 7734 8826 10231
3509 4350 5779 7181 7573
2187 3160 3881 4368 5215
5679 6814 7949 10008 10975
4368 7171 8491 9332 11053
3025 4092 5472 5732 7215
3609 5231 5831 6642 8803
4148 5590 7175 9156 10669
2066 2832 3479 4399 4450
1712 2012 2364 3081 3471
5145 7162 9131 12205 13549
4040 4447 6247 6595 7727
5215 6508 8029 8904 10501
5713 7278 9165 11788 12893
4560 5782 7337 8633 11040
4581 6203 6491 8004 9877
5585 7021 8826 9606 11247
1961 2330 3083 3980 4718
4598 7435 8876 11623 12928
1549 1891 2233 2795 3302
1508 2426 2741 3703 4018
1688 2506 3195 3676 4782
2589 3270 4151 4932 5693
5200 6962 9691 10660 12993
1079 1460 2002 2223 2634
2408 3874 4619 5796 7142
3359 3635 4661 6463 6513
2792 3989 4887 5624 6476
1604 2516 3077 3456 4129
2569 3370 4351 4932 5613
3908 6523 7616 10114 10699
5449 6690 7211 9932 11013
2349 3230 3871 4472 5554
2978 4627 5844 6249 7735
4134 5851 7271 7965 8824
4376 6478 8159 10387 11647
3672 5621 6711 7404 8989
2476 2602 3521 4044 5071
1533 1846 2555 2700 3541
1605 2110 2531 3555 3962
2561 3794 4741 5380 5975
3023 3904 4014 5358 6503
4361 4650 6635 7980 8813
4429 5892 6233 8614 9193
4394 7492 8955 9558 12914
2803 3486 4015 5006 6548
1621 2038 2377 3380 3887
3134 3760 4511 6413 7063
5157 7887 8195 11100 12157
5079 5938 8240 9645 10582
4493 6014 7307 8752 10692
1409 1530 2192 2262 2693
4629 5191 6941 7899 8857
5555 8471 8659 11856 12844
1174 1737 2167 2641 3127
3117 3958 5668 6705 7994
3022 3598 4910 5762 6338
4299 6094 7343 8631 11675
5421 7021 8908 9852 10960
3038 4900 5861 7813 8173
4888 7062 8252 9237 12067
2318 3883 4213 5491 6041
2550 3622 3896 4758 6251
3945 5450 6700 7244 8621
4531 5314 7185 8036 10213
3809 6091 7650 8524 10046
3884 5790 7117 8206 9873
3510 5280 6471 8785 9023
5490 5730 7531 9452 11053
5207 7600 9534 10178 13031
4611 5821 8475 9528 10699
2937 3874 4835 5868 6469
2946 4378 5706 6460 6981
4129 5770 7572 9133 10654
4560 6488 7883 9278 12314
4874 6030 7081 8937 9393
6119 8376 10163 12185 12890
2100 2441 3650 4314 4552
3817 4974 6743 8513 9499
5058 8010 10211 12463 14113
4396 7350 7514 9114 11781
3308 5080 6521 7692 8083
5772 6804 8267 9515 11666
1285 1660 2190 2509 2928
1285 1869 2288 2663 3104
4782 5337 7374 9522 10558
4395 4804 6608 7560 9330
1098 1520 2112 2462 2853
6259 7760 9711 12163 13263
5216 6242 8416 10385 11124
5037 7577 10070 11998 12421
4337 6328 8123 9450 11050
6009 8555 10139 10572 13405
1993 2522 2891 3692 4350
1353 2135 2303 2832 3469
1725 1960 2364 3093 3693
4805 4945 7257 8097 9183
3808 6623 7079 8904 11224
5769 7300 8876 10092 12478
2423 4104 4910 5831 6660
4393 5706 6987 7564 9101
2569 3070 3972 4412 5393
6174 7975 8921 10767 12073
3114 4600 5844 6438 7465
1794 2799 3650 3786 4433
3419 4691 5653 7050 8818
3489 4302 5434 6915 7901
4287 5590 5590 7824 8786
1379 1750 2081 2262 2763
3983 4592 5260 6392 7988
5461 7953 9411 11292 13596
2515 4081 4910 5348 6660
1989 2184 3221 3747 4423
5157 6478 8019 10485 12642
4911 6660 7915 8866 10273
3024 4070 5928 7263 7988
4395 7309 8252 9155 11821
4150 6622 7725 8638 11185
6477 8634 10301 12458 14713
2428 3861 4323 5468 5975
5004 5226 7818 9447 10817
2504 3514 5292 5316 7046
3968 6412 7930 8189 9892
3249 4210 5051 6036 6757
5884 8424 8612 11856 12703
4689 6850 8562 10138 12479
5509 7010 10762 11912 13813
3681 3898 5222 6681 7546
1745 2124 2853 3457 3681
1163 1770 2167 2741 2961
6081 7270 8767 10132 12333
5113 6698 9163 11365 11673
5245 6566 8327 11365 13125
1981 2628 3241 4008 4620
3824 5086 7608 8364 10562
3337 4554 5803 7309 9262
3817 5354 6955 8236 8493
1207 1958 2156 2674 3027
4060 4720 5621 6762 8113
4629 5191 6842 8229 9319
1773 2110 2853 3176 3933
5041 5743 7343 9022 10153
1725 2155 2559 3275 3705
1365 1930 2267 3097 3397
1721 2314 3228 3933 4510
4251 6268 8244 9336 11942
6109 8660 10612 11212 13713
2061 2584 3791 4386 5396
5987 7164 10105 11625 14076
5319 7300 9101 10767 13018
2842 4587 4769 6773 7215
4493 6508 7763 9284 11033
3820 5227 6968 8190 10226
1914 2125 2771 3838 4213
5226 6590 10305 10352 13785
1777 2441 3139 4110 4553
5489 6250 8251 10052 11453
3177 3730 4739 6180 6733
4113 5770 6887 9085 9733
4101 5001 6614 7514 8104
4163 5125 6583 7762 9282
4412 6300 6893 9077 10299
3459 4486 4811 5762 6538
3141 4157 6131 7292 7640
5679 6490 9462 10272 12613
2689 3150 4111 4732 5993
5959 7060 10161 12413 14063
6477 8193 9468 11282 14223
3068 5080 5741 7783 8713
1984 3126 4153 4914 5580
1703 2500 3116 3702 4483
4849 6590 9647 11340 13127
5465 7535 7975 9692 11761
2789 4736 5060 6682 7222
1777 2324 2611 2963 3887
3605 4940 5870 7143 8135
4559 5960 6696 8517 10128
5508 8471 8800 10681 12750
3208 4618 6924 7820 9422
2133 2926 3449 4404 5305
4931 6726 8613 11973 12939
5274 6400 8156 11173 12524
6084 6579 9236 10947 13198
4689 6650 8452 9212 10693
5667 6634 10132 10362 12571
2450 3244 4455 5733 6569
4594 5400 6486 8657 10478
2759 3785 5187 5612 7414
5007 7360 9322 10792 14028
2068 2870 4332 5153 5393
1964 2543 3684 3820 4961
1465 2077 2625 3094 3445
5509 7842 9075 10044 12641
5255 7665 7794 9945 11193
4833 6274 6562 8976 10417
4134 5059 6512 7305 9055
5421 6693 7596 10016 11493
5978 7201 9647 10963 12609
4191 5178 7253 8206 10179
4701 5892 7151 8852 8954
6489 8410 8794 12396 13645
4884 6055 7421 9685 10582
2844 3727 4190 5220 5683
5126 7321 8181 10461 11494
5637 6394 9126 9378 11227
3923 5368 7003 9019 10692
4888 5750 8827 9811 11452
2098 3373 4001 4477 5485
5865 6874 8891 11773 13165
1614 2365 2846 3507 4319
3572 5753 6347 7833 9319
4545 5662 6527 8040 9842
6959 8260 9711 11662 14713
4695 6589 9257 10935 11580
3977 5130 6955 7500 9165
2808 4910 5583 7293 7713
3067 3949 4059 4962 6129
6127 8245 8843 11006 12203
2928 3706 4316 5094 6208
3170 4939 5901 7763 8786
2185 2810 3083 4108 4525
4941 5302 7391 9193 9553
4929 7267 8129 9073 12272
3188 5080 5861 7783 8143
1879 2798 3139 4007 4944
2287 2798 3581 4143 4603
1152 1958 2024 2641 3292
5461 8377 9223 10540 12233
4909 6065 6346 9113 9253
2802 3601 4442 5031 5956
4937 7182 7975 11145 12729
3200 4069 6143 6956 8329
3623 3728 5446 5992 7215
4734 5575 7431 8797 10058
3945 4682 6956 7116 9325
4150 6078 7720 9033 11166
4649 6130 7571 8852 11254
2473 3486 4015 5138 6394
3459 4390 5501 7423 8714
2608 4430 5471 6096 7657
3560 4906 6379 8108 9485
1174 1726 2145 2851 3126
4825 7579 8009 9988 12139
1801 2278 2951 3652 3723
2441 2993 3564 4953 5181
2508 3748 4106 5073 6313
1653 2038 2231 2928 3541
1608 2337 2767 2872 3757
3201 4114 5051 5340 6613
4167 5323 6644 7701 9880
5115 6263 7781 9373 10743
5253 5596 8030 8828 10121
4708 8283 9317 10446 13456
4250 6436 8243 10387 11774
3184 3785 5161 6462 6938
3408 5927 6641 8240 9805
6448 7671 9270 11997 12797
6585 7306 9035 12253 12877
5817 7534 8415 10748 11981
1865 2426 3228 3548 4253
4713 6184 8286 9462 11774
3112 4447 6276 6624 7988
3059 4438 5789 6600 7546
3129 4014 5367 5914 7632
1289 1570 2111 2242 2963
3279 4300 5742 6643 8324
4874 4945 6311 8412 10514
4893 7579 8855 10264 12113
2999 4066 4873 6019 7112
2592 3286 3833 5073 6293
3680 6063 7356 7968 8887
5433 8074 10236 11580 12925
2169 2875 3051 3804 4413
4649 7090 8051 9252 11893
2627 3552 4147 5512 6283
2009 2506 3483 3724 4717
4759 6622 7611 9892 10387
1736 2714 3516 3772 4413
5132 7907 8518 11669 13032
1159 1761 1851 2523 2773
1395 1869 2244 2542 3027
2022 3298 3792 4477 5428
3822 5218 6273 7142 8910
4845 6328 8201 9762 11245
2057 2426 3499 3900 4653
5216 6128 7003 8448 10007
1174 1671 2267 2652 3115
2935 3882 4323 5556 6481
4454 5785 6556 8587 10233
5052 6529 8498 9647 11616
4565 5654 7491 8648 9056
2627 3376 4257 5623 6261
6428 8830 9664 11478 14566
3692 5231 5579 6624 8075
1981 2730 3582 3871 4450
3297 3610 4907 6253 6493
2928 3076 4442 5136 5746
3613 5225 7397 8062 10059
3234 3760 4611 5812 7364
1608 2077 2442 3236 3744
3729 5436 5777 7297 8445
4949 6166 6889 9360 10463
3543 5187 6801 7266 8073
4297 5546 6795 7468 8589
2589 3250 4131 4952 5893
2511 3106 3845 4494 4746
1934 3052 3755 4242 5233
6312 7094 8659 11375 12065
7009 7359 10811 12962 14963
2734 3961 4561 5738 6589
2137 2746 4173 4287 5143
2073 2346 3131 3676 4333
3823 5750 6486 8552 10409
5529 8362 9083 11340 14317
5409 7010 10662 11562 13563
1583 2410 3057 3748 3988
4191 5996 7802 9484 11494
5637 7150 8201 9672 11605
1289 1680 2201 2492 2813
3183 3345 4772 5417 6706
1232 1870 2423 3109 3577
2783 4486 4986 5787 7088
4070 4939 5932 7359 9065
3022 3414 4519 5164 6292
4005 5086 7716 8436 10274
3578 5715 7396 8867 10198
4221 6166 6635 9229 9661
3201 5373 6770 8011 8197
2809 4043 5220 6201 7294
6589 8000 9411 11198 14066
3357 4006 5573 6790 7303
5644 8537 10694 10792 13341
5102 5824 7155 8942 10045
2842 3650 5107 6721 7658
2869 4535 4899 6096 6903
1738 2142 2429 3015 3497
5889 6142 8537 9966 11983
2948 4854 5583 7208 8413
4929 6488 8662 10057 11985
6624 7507 10694 11723 12949
1726 1973 2364 2872 3576
1934 3143 3629 4260 4981
3850 5824 7321 8070 10077
5209 6010 8731 9732 11213
3788 5085 7607 8763 9393
2909 4099 5231 7234 7612
2840 3537 5267 6036 7141
4797 5824 7497 8714 10881
5202 7654 10301 12017 14419
6213 8235 9975 11480 13173
4034 5155 6977 8693 9183
4035 5554 6116 8064 8956
1209 1770 2171 2302 2883
5217 6856 8663 10764 11857
3259 4144 5679 6746 7215
1450 1924 2156 2564 3148
4782 6670 7781 8411 10780
2155 3183 4077 4610 5485
4233 4861 6975 7503 9088
1871 2306 3035 3232 4059
2949 3517 4442 4653 6019
2631 3851 4588 5095 6684
4341 6128 7345 9665 10729
5743 7859 9882 10963 12327
1849 2827 3083 3916 4237
4394 5034 5963 7500 8653
3195 4006 5304 6493 7087
1608 2350 2585 3301 3835
4923 5890 9042 9378 10933
3033 3898 4643 5580 7069
1947 2822 3450 4440 5581
5708 7144 8990 9647 11534
2634 3454 4611 5178 5620
1576 2502 2923 3596 4115
3749 5348 6607 8717 8989
5685 7798 8151 11452 12289
4194 5218 6645 6863 8724
3034 3810 5111 5612 7464
3229 4081 4956 5992 6337
3256 4630 5807 7012 8021
1764 2590 3312 3672 4048
3459 4035 5386 6262 7313
6402 7389 8800 10352 12515
3967 6264 7004 8448 10744
4463 4940 6471 7764 9670
5594 8340 10154 12605 13880
4244 5050 6381 7818 9569
2134 2696 3411 4058 4637
4503 6689 7950 9589 10933
4134 4828 6578 7536 9452
1609 2555 3003 3629 4446
4970 6160 8539 10016 12149
3087 4276 5520 5952 7574
3459 5321 6071 7122 8113
2842 4612 5263 6564 7449
3453 4910 5779 7264 7545
3038 4930 6372 7002 8143
3240 5579 6059 7116 9518
2952 3898 5763 6006 7304
1569 2134 2483 3072 3277
2937 5144 6130 7291 7872
2612 2688 4134 4914 5295
3544 5314 7016 8206 9669
3600 4789 5573 6465 7654
3946 5063 6242 7607 9251
2117 3240 4173 4914 4953
3846 3958 5163 6228 7826
5189 6411 6819 8448 10188
5634 7660 9821 11532 11847
4376 6730 8747 10429 11647
3721 4824 5347 6827 8452
2223 2620 3341 4423 4819
2789 3310 4031 5012 5413
2117 2679 3547 4058 4705
2712 3728 5316 6773 7085
3721 4505 6043 7378 8539
4560 5412 8004 9114 9855
5108 7110 10312 12213 13713
4008 4629 6366 7949 8321
4008 6330 8131 9292 11734
4221 6058 7715 9336 9697
1577 2026 2559 3625 3863
2870 4357 5925 6465 7924
4480 7363 8869 9515 12742
5298 7105 8611 9902 11236
3153 3994 4330 5988 7213
5022 6772 8935 11697 13538
4138 6310 7536 8867 9533
5298 7449 8138 10203 12010
5989 8106 9533 11052 11973
1319 1630 1821 2453 2633
3782 5671 7670 9522 10817
5499 6580 8336 10227 13154
3369 4098 5079 6201 7462
3409 3910 5086 5712 7138
3129 4170 5393 6226 7163
2721 3899 4475 5316 6350
4572 6133 7499 9841 11206
1389 1780 1891 2252 2973
5447 8144 8880 12508 14615
2269 3511 4052 4492 5253
2629 3170 3951 4512 5573
4272 6734 8498 9483 12232
3909 4390 5741 6732 8894
5093 7227 8498 9114 11411
4488 6730 8171 9932 11133
2683 4511 4536 5962 7389
5497 7360 10498 10792 14714
2722 3989 4841 5992 6315
4349 5050 6906 8062 9919
4540 6258 9384 11365 12597
2289 2746 4173 4839 5010
2217 2891 2923 3580 4493
4641 7390 7842 10098 11903
2319 3581 4148 5221 5536
1221 1750 2472 2689 3254
5006 7507 10497 12115 14615
4782 7622 7794 9902 12742
2760 3412 4548 4758 5746
2539 3200 4082 4875 6020
5884 8282 9270 11151 14019
2400 4127 4680 5831 6798
1199 1490 1851 2413 2874
3232 5032 6583 7638 9096
3654 4276 5519 6006 7411
5301 8390 8978 11135 13440
3357 5312 6025 6832 8445
5943 7406 8869 9773 12440
3699 5080 5531 7543 8173
2895 4144 5394 5966 7449
5390 7508 9855 11282 13583
1959 2665 3041 3912 4138
4839 5890 7221 9077 9883
6039 7796 8471 9912 11893
4137 5739 5867 7532 8973
2631 3322 4358 5417 6684
3654 4276 5870 7032 7492
1533 1930 2291 2916 3541
1621 2168 2455 3353 3887
4401 5122 6635 9373 10489
3033 3514 4691 5773 6517
4721 5672 7383 8904 10387
3612 5144 6845 8853 9261
2129 3202 4190 5137 6083
1252 1660 2300 2565 2884
1244 1810 2616 2736 3253
3089 3287 4587 5490 6503
1899 2530 3954 4008 5054
5129 6850 8131 10052 10893
3507 4729 6083 8197 9419
4190 5671 7300 9299 10854
4724 5914 7596 9853 12150
5943 6542 9764 10776 13077
2153 2826 3323 3868 4333
4068 4960 6248 8065 8956
2845 3139 3875 4821 5767
3285 4430 5237 6018 6877
1703 2515 3297 3477 4363
2153 2313 3371 3836 4733
2318 3574 4345 5623 6063
5713 7508 8567 11282 13813
4545 7235 7613 10261 11605
4308 6116 8999 11064 11752
3184 4285 4836 6513 6638
4629 6899 7907 10345 11143
4189 5710 8258 9018 10577
1657 2378 3100 3853 4173
2842 4456 5315 5940 7605
5038 8001 8988 11010 12938
2984 3835 5237 5662 7088
1412 2337 2767 3067 3835
5685 6374 8138 10332 12139
3808 4447 5579 7436 8394
4756 7154 9130 10352 13033
5721 7498 8891 12349 12925
2593 2840 3792 4895 5580
5851 6634 8935 10224 13354
2913 3682 5027 5628 7045
5040 5938 7538 8982 11597
1241 1693 2255 2873 2884
5625 7354 10235 12204 13165
4208 7024 8789 10470 11899
3233 4587 4873 6538 6955
5959 7160 9411 13013 14964
1516 1836 2398 2806 3302
4200 5521 7271 8592 9385
6909 8710 9611 13012 14213
4297 5450 6667 7052 9325
3735 4627 5492 6006 7411
1259 1480 2061 2593 2783
5658 8961 9911 12462 13613
4524 6100 7291 8167 9428
5609 6930 7810 10412 11773
1108 1947 2156 2708 2906
3919 5859 6845 7764 9329
5274 7660 9776 10767 12433
4489 4909 7712 8938 9113
4437 5626 6707 8616 10742
5421 7270 8591 9956 12509
6040 6580 8426 10047 12749
5437 7831 8889 10270 12663
2781 3684 4852 5226 6041
4911 6281 6889 8372 10235
3059 3810 4636 5812 7214
5943 7923 8659 10408 12571
3639 5390 6281 7371 9023
3337 4508 4951 5836 7423
4957 7115 10106 11724 13832
3059 4762 5384 6627 7573
2865 3369 5244 5940 6805
6209 7060 10712 11512 13313
4797 5121 7247 9229 10057
1593 2170 2411 2784 3565
1197 1572 2146 2598 3039
1008 1470 1962 2252 2884
4957 8732 10791 12066 14468
4628 7359 9076 9956 11981
2061 3241 3431 4268 5163
2009 2602 3051 3772 4381
5544 6406 8950 9237 11411
5063 6622 7117 8714 11223
2194 2898 3887 4838 5466
3108 5436 6491 6863 9066
3009 3534 5462 6463 6863
4566 7105 9041 9988 12784
5685 7138 9207 11100 11673
2864 4322 5808 6704 7853
1989 2710 2816 3552 4438
5391 7876 8567 11421 12663
6175 6310 8697 10092 11758
4473 5121 7283 8760 10742
2015 3036 3735 4109 4535
3762 4222 5573 6897 7303
2079 2290 2846 3477 4423
4565 5722 7049 8716 9669
2469 3644 4565 5785 6798
3789 4708 5735 6141 7708
2631 4105 4957 5233 6223
5377 7226 9692 10308 12113
3669 5351 5831 7392 7873
4997 6847 9084 11107 11623
4463 4769 7389 8070 9975
5421 6302 9208 9736 11629
4329 5098 6539 7532 9581
1927 2264 2531 3513 3681
1523 2575 2936 3867 4438
6585 8410 8650 12108 13981
4338 6189 7633 9336 9892
2313 2602 3251 4549 5360
1369 1660 2091 2432 2733
3622 4182 5191 6425 7461
2089 2990 3912 4432 5854
3061 4098 5079 6453 7714
2847 3860 4763 4962 5975
3510 6028 6505 8478 10179
2429 3110 4111 4932 5413
2715 3706 4763 5292 6481
3228 4447 5869 7002 7988
4650 5665 7383 8749 10388
1329 1858 2211 2498 3016
5900 7407 7837 9945 11666
4755 6778 10023 11998 13267
3518 5140 6431 7452 8413
2608 3230 4658 5763 6085
5427 7276 8369 10176 11521
3443 5315 6404 7527 9092
4272 7391 8457 9237 11411
2889 3946 4811 5652 6709
1929 2730 3147 3772 4365
3738 5819 6446 8130 9121
3409 4210 4936 6212 7088
2041 2859 3067 3740 4557
4449 6050 8372 9732 11333
1374 2234 2507 2976 3588
2552 3874 5244 5772 7045
4073 5258 6539 7788 8973
1208 1759 2201 2664 2917
4233 5451 5803 7308 8813
3738 5488 6050 7998 9319
6039 7705 9326 10767 12388
5207 7646 9902 10362 13353
5414 6872 9129 11951 13737
3634 4737 5637 6856 7698
1389 1991 2291 2688 3338
1241 1704 2068 2873 3093
3639 5230 5951 7752 8713
5597 7578 8371 10308 12377
6495 7107 8659 11527 13972
5008 7410 9061 12213 14864
3181 3806 5342 6279 6955
1233 1750 2400 2652 3518
6213 7483 10351 10540 14019
3313 4182 6060 7265 7489
2976 3552 4220 5670 6775
2003 3316 3906 4895 5390
3181 3650 5107 6435 7449
3369 4751 5561 6792 8204
4643 7660 8831 10362 13154
1461 1560 2388 2597 3148
3936 4861 6347 7636 8891
4856 8314 10283 12493 13069
1665 1882 2339 3036 3229
4809 6850 7691 10333 10493
5589 7435 8966 11037 12793
5255 7019 9170 10547 12096
3692 4360 5347 6711 8192
4683 6470 7992 8486 10273
2133 2944 3737 4422 5071
4101 5950 6016 8460 9880
5461 7013 8941 11434 12421
5158 8210 10211 12513 13563
1591 2405 2629 3176 4144
2809 3610 4291 4632 5293
5667 7062 8744 10549 12108
2338 2543 3224 4381 4960
5993 6698 9251 11056 11761
2469 4013 4842 5463 6062
2584 3713 5048 5900 6384
3785 5418 6763 7500 8749
1118 1781 1861 2492 2893
4702 5756 6505 7492 9227
4754 7192 9083 10806 12151
1576 2517 2825 3316 3961
5201 6830 8900 9956 12025
4115 6152 7189 9262 10632
4464 5256 7238 8493 9748
4839 5505 6731 8447 10023
5961 7306 9323 11244 12877
1229 1671 2288 2850 3313
1725 2713 3752 3939 4994
4869 6418 7751 8363 10597
1981 2458 3565 3837 4552
3067 3376 4433 5666 6459
2654 3759 4773 5118 6315
3708 4789 5438 6735 7654
2089 2281 3435 4092 4589
3311 4508 5107 6721 6825
4629 5932 8202 10219 11185
2241 2872 3864 4080 5035
4233 5885 6875 7701 8758
4454 5680 7431 7957 10198
5724 6850 8291 10992 12793
1285 1638 2057 2675 3105
1148 1780 2202 2372 2713
4297 5002 6219 7820 8397
1348 1934 2468 3120 3602
1019 1410 1812 2233 2674
1640 2602 3227 3836 4429
1361 1934 2468 2976 3758
4849 6258 8151 10265 12906
2920 4508 5627 6148 7423
3024 4070 5492 7553 8511
2870 4789 5762 6465 7708
4201 5706 6059 8044 8493
2295 3070 3647 4566 4801
2217 2858 3307 3900 4557
1941 2418 2965 3456 4213
3229 3391 4956 5210 6775
6072 7060 9364 11104 12327
1232 1858 2424 2748 3338
4884 6016 8241 8592 10972
1731 2264 3063 3638 3905
1717 2362 2881 3652 3807
2760 3265 3812 5094 5935
