200 10 5
125 84 76 58 79 31 53 45 30 20 41 0 125
192 65 92 63 33 100 74 95 21 32 27 0 192
124 40 61 28 39 86 46 31 60 89 64 0 124
124 76 91 90 24 78 74 88 22 52 32 0 124
133 87 88 80 26 27 29 56 41 52 30 0 133
120 52 83 34 91 29 88 53 91 41 62 0 120
105 97 68 54 54 83 38 39 70 93 37 0 105
146 54 90 97 22 51 75 27 63 80 36 0 146
152 92 56 39 35 75 57 79 54 83 24 0 152
132 67 96 97 58 42 72 23 64 73 48 0 132
142 47 78 69 48 39 92 87 79 36 70 0 142
153 88 49 71 46 73 78 92 50 84 67 0 153
175 65 39 73 77 34 25 76 54 100 23 0 175
131 59 70 72 75 27 66 35 91 41 77 0 131
149 89 31 87 86 57 77 44 99 77 49 0 149
118 38 83 81 69 22 34 69 46 86 57 0 118
197 88 81 60 26 80 48 72 81 85 75 0 197
163 55 75 48 25 82 75 25 68 38 21 0 163
116 71 80 80 50 46 40 26 27 93 92 0 116
149 49 100 53 26 47 66 48 26 94 92 0 149
199 75 38 75 51 44 35 25 80 42 64 0 199
129 98 72 100 82 79 44 89 56 75 95 0 129
132 36 58 40 61 57 28 77 58 88 86 0 132
126 22 88 44 45 29 78 37 74 95 69 0 126
105 49 49 45 38 43 60 67 72 67 83 0 105
159 28 49 72 70 88 79 26 61 56 94 0 159
108 47 44 25 61 63 69 61 59 88 59 0 108
100 26 59 76 20 66 49 49 86 65 81 0 100
151 20 71 66 90 49 37 55 37 88 82 0 151
195 71 44 27 87 78 75 96 97 72 37 0 195
110 41 32 91 76 47 32 59 78 68 90 0 110
106 48 91 98 61 95 66 34 69 74 56 0 106
152 26 83 24 23 79 88 66 56 51 69 0 152
137 22 81 56 60 61 93 42 33 93 93 0 137
157 43 61 93 78 28 98 61 79 33 65 0 157
128 95 32 96 55 41 74 61 64 82 80 0 128
165 27 44 98 47 55 28 50 82 90 77 0 165
159 65 80 74 45 66 85 47 49 29 44 0 159
147 56 90 37 61 36 80 46 48 32 48 0 147
151 55 40 93 72 56 36 75 35 51 64 0 151
140 77 45 30 25 54 66 69 47 29 24 0 140
163 85 22 24 79 41 90 85 29 71 51 0 163
176 20 83 50 34 20 100 67 30 53 41 0 176
115 31 30 31 84 57 83 33 53 93 22 0 115
115 28 82 70 79 59 99 74 56 66 28 0 115
127 99 26 58 97 82 73 42 20 82 98 0 127
124 26 66 57 87 53 84 88 53 49 59 0 124
137 70 92 70 43 40 66 71 48 47 79 0 137
150 59 74 63 86 95 28 59 58 47 51 0 150
167 31 43 93 65 22 50 93 71 30 57 0 167
119 29 77 58 54 53 77 53 35 38 32 0 119
113 51 54 54 89 70 39 77 82 88 76 0 113
105 60 28 83 82 24 60 53 38 63 58 0 105
109 40 91 76 35 36 40 90 84 70 24 0 109
155 58 92 80 86 42 67 99 62 48 55 0 155
153 85 97 69 29 28 63 31 40 50 52 0 153
136 89 41 70 22 33 80 27 84 33 52 0 136
156 44 74 55 56 95 93 51 86 53 56 0 156
127 26 92 89 41 77 93 68 96 28 42 0 127
109 77 66 22 80 83 45 94 21 30 90 0 109
120 70 33 49 87 31 97 69 72 97 57 0 120
195 73 83 89 75 60 55 86 64 75 83 0 195
124 98 85 21 24 86 66 56 36 29 49 0 124
192 64 74 42 45 93 29 57 87 56 55 0 192
150 38 32 51 87 29 21 56 91 69 89 0 150
113 50 84 22 58 30 48 66 83 84 37 0 113
192 31 39 99 49 76 24 28 65 98 43 0 192
138 48 61 87 82 73 88 63 92 27 68 0 138
137 35 82 25 30 99 62 79 95 96 43 0 137
181 96 26 90 42 68 32 65 26 97 41 0 181
124 68 66 60 90 71 22 65 52 64 44 0 124
128 33 91 52 85 48 85 96 39 43 44 0 128
190 55 83 54 65 28 66 23 70 53 96 0 190
140 81 53 93 72 21 84 22 43 55 34 0 140
130 98 48 63 49 41 42 79 83 49 93 0 130
169 100 70 87 21 89 41 56 62 48 87 0 169
108 61 52 35 55 46 64 70 44 76 100 0 108
102 78 87 21 46 54 54 84 76 77 92 0 102
157 32 28 39 50 41 39 55 84 32 93 0 157
113 59 89 63 70 81 83 89 88 54 32 0 113
180 24 71 95 59 97 39 35 98 76 76 0 180
163 40 73 56 54 24 84 97 86 83 33 0 163
130 100 84 39 27 52 66 25 61 83 66 0 130
110 47 45 30 76 42 74 22 89 58 57 0 110
129 47 39 31 59 24 86 92 96 84 75 0 129
198 27 57 30 94 51 82 61 74 84 26 0 198
120 42 39 34 71 81 91 99 59 61 96 0 120
112 80 34 95 32 99 82 59 63 93 93 0 112
164 40 49 88 83 84 47 83 47 58 74 0 164
130 41 55 44 98 65 99 55 49 32 65 0 130
124 57 60 26 21 51 89 51 74 45 57 0 124
110 67 23 65 98 100 35 84 44 28 64 0 110
103 89 61 28 62 89 78 59 40 50 48 0 103
136 81 36 40 94 70 45 31 61 65 75 0 136
198 30 46 50 48 54 53 75 98 68 30 0 198
122 23 40 30 22 87 35 60 70 83 37 0 122
147 80 99 20 89 72 70 30 47 40 90 0 147
106 72 38 52 27 57 52 64 34 78 34 0 106
159 99 82 80 46 21 68 51 73 57 82 0 159
197 59 95 62 67 82 88 33 80 58 81 0 197
163 51 89 62 41 87 28 25 74 66 41 0 163
168 48 54 71 96 41 38 73 88 91 66 0 168
137 56 48 35 60 24 37 49 24 71 49 0 137
171 44 51 50 65 25 99 76 21 99 99 0 171
149 76 75 82 65 65 20 39 90 64 69 0 149
151 58 37 62 44 70 95 24 82 67 54 0 151
200 93 53 32 53 81 35 55 30 74 86 0 200
157 55 73 77 84 41 91 79 22 55 59 0 157
174 27 57 65 95 85 21 53 94 35 99 0 174
124 62 63 37 45 56 68 98 42 71 73 0 124
100 68 100 64 80 65 21 75 66 33 22 0 100
102 46 86 35 60 66 70 96 24 91 96 0 102
121 59 38 39 67 71 92 28 99 22 59 0 121
113 84 76 52 86 80 72 43 94 24 52 0 113
176 65 54 64 61 99 53 44 26 82 50 0 176
186 20 44 91 39 89 62 98 46 22 34 0 186
100 92 88 76 65 27 85 33 62 43 83 0 100
169 69 97 21 66 70 63 100 31 41 92 0 169
196 45 100 42 99 44 54 42 44 39 24 0 196
109 70 33 41 82 33 77 25 22 77 56 0 109
172 97 51 30 39 74 91 81 44 71 76 0 172
184 37 96 100 61 65 46 44 23 32 20 0 184
125 33 96 28 68 53 54 53 45 76 79 0 125
173 62 25 28 38 70 71 89 45 100 52 0 173
128 48 70 27 74 96 38 31 52 56 20 0 128
122 56 95 55 40 66 24 60 28 55 48 0 122
142 85 89 89 66 36 71 42 53 33 44 0 142
104 52 73 81 46 32 74 77 20 65 26 0 104
195 97 68 36 74 61 42 69 37 22 96 0 195
129 85 80 88 51 31 41 40 76 65 53 0 129
165 81 42 44 40 45 91 46 95 99 50 0 165
121 34 90 33 71 42 86 70 58 24 57 0 121
187 37 74 88 86 41 82 67 84 36 95 0 187
171 57 30 47 98 53 38 73 53 34 61 0 171
106 89 80 85 93 92 55 51 96 56 36 0 106
200 67 74 53 39 73 97 52 32 30 46 0 200
153 28 41 93 46 68 49 67 51 95 43 0 153
175 83 69 76 66 86 84 20 40 79 48 0 175
152 24 88 56 77 86 43 66 59 100 40 0 152
154 56 60 78 98 35 37 85 42 76 32 0 154
187 97 61 65 92 63 92 22 85 30 64 0 187
173 89 25 22 84 82 49 80 71 75 22 0 173
137 88 96 31 77 41 48 36 89 82 92 0 137
171 78 93 46 62 94 69 46 68 83 77 0 171
188 50 50 69 43 28 88 41 48 31 91 0 188
170 91 97 32 39 33 40 32 69 32 91 0 170
104 93 66 87 88 31 93 86 20 76 33 0 104
191 90 70 87 35 55 30 80 81 50 68 0 191
116 86 39 79 74 61 50 25 62 28 26 0 116
172 80 29 69 27 76 25 73 37 45 34 0 172
163 47 21 70 48 81 66 22 33 33 33 0 163
150 54 95 97 53 65 57 24 68 69 95 0 150
101 24 92 36 90 81 33 63 39 62 57 0 101
115 93 21 89 23 88 58 31 98 73 70 0 115
125 63 47 33 84 34 81 50 27 53 79 0 125
120 96 54 76 78 39 71 22 72 45 45 0 120
166 79 61 47 73 46 65 30 93 100 93 0 166
141 52 70 94 29 35 78 47 34 37 26 0 141
175 51 94 50 27 66 30 46 92 34 46 0 175
101 83 82 97 62 29 28 53 25 21 28 0 101
164 36 47 64 76 87 40 36 62 44 81 0 164
124 54 63 41 52 80 94 29 71 59 64 0 124
150 67 60 87 57 66 41 27 94 57 100 0 150
103 88 49 78 57 85 68 70 84 60 89 0 103
177 46 56 84 39 21 81 23 28 96 90 0 177
172 32 84 36 48 41 57 36 31 86 45 0 172
123 90 72 76 24 28 41 34 63 39 37 0 123
137 26 27 27 46 30 63 26 36 21 35 0 137
113 40 29 100 69 32 88 36 32 63 70 0 113
125 81 72 45 57 84 73 65 75 49 22 0 125
138 56 55 71 82 61 41 61 24 42 75 0 138
139 54 90 66 98 20 62 77 94 69 55 0 139
173 99 42 47 67 100 33 92 52 38 21 0 173
162 45 90 33 78 32 93 62 63 71 92 0 162
107 33 85 31 29 65 27 24 75 55 57 0 107
191 48 89 83 62 83 60 48 32 90 34 0 191
134 99 68 59 40 83 96 84 75 58 85 0 134
165 26 51 93 94 39 46 39 53 82 64 0 165
141 55 76 87 65 62 87 27 49 94 53 0 141
101 77 21 30 43 88 48 90 82 92 85 0 101
148 21 41 23 43 46 98 24 79 39 20 0 148
131 25 57 41 32 41 26 22 43 33 70 0 131
157 80 63 46 33 58 66 68 23 94 59 0 157
138 28 68 25 45 62 60 27 85 77 76 0 138
138 84 84 89 83 37 29 38 90 84 60 0 138
108 48 49 95 49 44 48 66 44 87 51 0 108
166 75 72 87 27 23 60 27 97 94 55 0 166
152 49 46 50 42 31 39 65 65 42 82 0 152
111 38 68 55 83 22 40 60 60 55 24 0 111
151 48 85 22 33 53 26 85 52 39 27 0 151
199 22 99 45 97 77 32 76 67 44 21 0 199
199 50 79 71 66 59 87 37 72 69 81 0 199
164 53 25 67 58 73 36 55 21 45 63 0 164
122 44 26 93 81 70 29 62 37 82 48 0 122
129 75 38 82 68 41 64 87 69 70 71 0 129
126 86 61 42 52 25 80 77 80 86 79 0 126
117 45 71 33 67 72 68 33 84 99 69 0 117
115 66 64 23 41 37 32 96 64 82 45 0 115
183 38 60 57 76 67 68 41 72 99 81 0 183
145 29 85 97 57 93 25 74 22 64 73 0 145
34 35 38 45 49
124 163 198 245 269
122 160 196 253 286
105 167 198 238 268
102 152 217 257 297
101 174 182 258 285
104 140 183 258 260
127 141 182 240 276
131 141 182 226 281
115 149 213 225 290
140 153 190 252 282
118 164 214 231 270
119 158 212 233 269
120 166 216 224 272
134 144 195 233 295
136 140 199 248 290
111 142 182 237 277
130 158 183 253 283
123 157 202 260 269
101 164 220 221 290
123 158 215 243 272
129 176 189 241 275
114 154 203 255 290
110 153 215 234 293
114 166 196 228 299
122 159 196 260 275
114 161 189 248 295
132 178 218 244 282
137 148 211 237 269
114 167 204 220 261
102 167 220 246 265
127 144 189 231 273
131 180 181 230 268
119 161 186 242 297
109 161 196 260 298
123 152 211 243 268
111 144 204 238 280
103 141 196 258 279
120 170 183 246 263
136 144 214 220 261
115 152 202 259 298
125 162 210 256 264
135 165 220 260 281
123 168 220 220 297
110 171 190 248 288
105 143 192 229 281
122 168 209 233 262
129 160 209 240 271
108 147 193 243 287
117 174 186 232 260
133 146 197 223 294
127 156 189 257 299
114 169 211 230 285
103 147 181 235 262
101 145 215 230 260
131 156 201 241 268
139 176 211 254 272
124 157 207 248 299
125 156 201 234 293
115 145 218 222 298
124 141 218 233 263
103 148 215 239 281
117 178 203 220 282
100 143 184 239 297
121 158 180 249 273
135 153 184 221 293
140 166 217 229 261
114 141 219 249 294
135 159 202 234 289
112 170 203 231 263
124 155 215 241 275
129 161 182 253 260
138 148 200 251 283
107 179 186 247 273
137 161 203 223 282
103 168 198 237 283
134 157 220 257 284
128 168 218 233 265
139 148 214 242 286
111 167 201 258 279
122 143 218 240 266
122 152 206 221 263
103 164 187 234 287
109 158 220 224 293
136 157 181 246 284
120 161 183 250 260
110 161 181 246 279
118 169 189 253 292
112 173 197 254 268
140 156 199 258 265
126 172 187 221 287
128 152 198 220 260
126 149 196 233 299
111 143 220 252 260
103 163 212 256 277
113 143 217 232 272
109 176 190 226 278
116 170 220 260 291
140 151 203 234 288
140 157 188 241 261
112 149 185 255 262
103 163 191 228 266
100 154 189 228 277
128 159 196 224 297
102 147 183 250 270
124 150 216 231 276
118 163 181 239 294
132 179 187 225 283
139 149 191 227 264
136 142 204 228 271
123 180 192 220 261
120 154 216 243 296
112 176 184 230 281
117 145 205 257 260
132 167 208 252 263
103 157 216 231 288
107 169 180 254 287
122 148 199 233 300
129 164 201 253 267
127 170 215 247 261
124 154 185 245 297
127 161 196 248 280
114 161 211 247 276
108 149 182 235 275
120 143 198 242 288
118 173 201 236 283
118 150 206 225 287
121 157 219 239 289
123 165 185 234 287
116 147 216 233 265
135 140 198 231 266
104 172 188 249 282
131 160 201 251 280
140 150 218 231 297
130 167 190 250 292
127 158 184 259 292
100 162 194 250 272
139 157 213 236 292
104 158 201 249 300
115 145 214 224 284
119 174 213 236 290
104 157 215 235 287
107 152 211 228 293
105 157 218 244 286
135 159 220 233 278
126 162 196 236 266
139 165 184 227 263
112 146 201 245 283
105 178 216 226 283
131 140 211 225 293
103 140 206 249 274
115 168 180 224 297
110 149 215 235 272
125 163 198 233 267
100 161 183 249 267
134 173 205 245 262
132 158 204 249 293
120 175 218 242 291
109 144 192 228 289
123 157 214 246 297
110 167 210 245 279
107 174 190 252 275
125 171 212 251 277
131 145 202 239 284
110 161 204 236 278
112 148 215 242 274
107 166 192 224 276
101 151 206 243 281
110 180 202 225 281
139 159 220 249 283
137 155 184 241 287
119 174 199 244 293
123 173 182 231 282
107 153 215 256 276
139 177 187 229 287
117 143 198 253 286
115 171 202 251 271
101 174 185 230 261
132 178 182 259 291
101 155 200 236 276
137 148 190 248 280
131 151 211 238 278
106 168 212 243 285
134 170 188 228 273
136 162 205 248 290
109 160 196 226 264
109 155 185 243 292
119 167 211 257 295
123 177 207 256 282
129 159 191 229 281
105 178 187 256 286
138 156 204 251 294
125 179 198 243 293
134 169 192 233 278
136 142 184 240 298
104 179 220 228 283
121 176 205 224 283
133 152 189 256 278
134 147 202 221 284
126 148 204 250 294
110 144 204 254 260
15510 20386 24762 30638 33639
23433 30731 37644 48589 54926
13029 20719 24564 29525 33246
12657 18858 26920 31881 36842
13442 23153 24218 34328 37919
12489 16811 21972 30974 31214
13345 14816 19122 25214 28995
19136 20597 26584 33009 41041
17489 22659 32389 34213 44095
18490 20206 25092 33277 37238
16765 23299 30401 32815 38354
18217 24185 32449 35662 41171
21010 29061 37813 39213 47614
17564 18874 25557 30536 38660
20274 20870 29663 36965 43224
13108 16767 21488 27980 32701
25620 31137 36063 49854 55765
20058 25602 32938 42394 43861
11725 19035 25533 25649 33655
18336 23553 32047 36220 40542
25681 35035 37623 47972 54739
14715 19877 26199 32908 37424
14529 20207 28392 30901 38690
14373 20927 24708 28741 37689
12819 16706 20592 27314 28889
18135 25610 30063 39445 46919
14265 19235 23556 26365 30470
13710 14810 21112 23713 26914
17224 25228 30817 33233 39425
19899 32576 42913 47983 51689
13980 15851 20802 25423 30045
13896 19092 19198 24393 28422
18097 24483 28284 36797 45159
14942 22068 26864 35633 40840
19321 23875 33139 38164 42090
14217 18443 26124 30477 35855
17004 23275 32352 42584 46050
19090 27041 29109 39128 41831
20002 21179 31471 32353 38381
17374 22962 30514 39122 45012
17510 22691 29412 35853 36974
22014 26905 35872 42393 45816
21657 29579 38732 38732 52286
12659 19676 21862 28533 33134
12084 16456 22092 26349 32330
15504 21347 26555 29604 33288
16006 19851 25928 29773 33618
14805 20150 26453 33305 39334
17560 26112 27912 34813 39014
22221 24392 32911 37254 49113
15122 18574 22502 30596 35595
12891 19108 23855 26003 32219
10824 15446 19017 24689 27525
11018 15816 23448 25084 28354
20315 24191 31167 37368 41554
21277 26939 32295 38875 41629
16873 21362 28164 33741 40678
19510 24347 31368 36517 45722
14614 18425 27699 28207 37861
13526 15379 23775 25410 28681
12369 17771 25813 28693 33734
22824 34721 39597 42913 55004
12409 17743 22828 29650 36843
23242 30347 34572 47822 52430
20260 22961 27612 33163 43965
15830 18769 24533 25890 29507
21897 27082 42060 47821 56462
18640 21953 27888 32305 39896
15353 23301 27823 31660 36045
22454 28066 38927 43634 49789
16006 19975 22580 31386 32254
17674 18954 25612 32141 36238
20339 34022 35352 46943 51884
19190 22551 28432 31233 39494
13399 21851 25752 30823 36804
22656 26543 37192 43446 48010
13834 18155 23556 25177 28634
14188 15106 21840 24697 29186
17436 26230 31569 40519 43817
13796 16169 24647 27133 30072
21970 27371 37093 39793 47354
16798 26743 30493 38155 46796
14179 20551 28613 29133 38104
14970 17281 19921 27073 31254
15490 20780 23619 32264 33554
21789 31889 35850 48722 55257
14169 20291 22692 30373 35054
12553 19387 22076 28462 30030
22970 25595 32648 42325 43474
16390 22371 24322 28743 37324
15882 18859 24565 27293 32254
13870 16400 21572 25643 32905
11442 14739 22673 25970 26794
14017 22179 28844 34829 37686
22383 28325 42979 45949 53870
13307 21484 23192 27585 33930
17061 25001 32352 38233 42791
14850 16016 21530 24817 30542
22270 24974 29904 38332 41513
22074 29364 36457 50249 51628
16798 26581 31145 37178 43373
16809 25883 31764 38318 46551
17546 21794 26864 30701 40704
17451 25148 31305 42764 46185
18486 22361 32197 34432 41138
17827 24624 27343 36102 44409
26410 35811 37412 45013 56614
21833 23404 29999 35652 41462
23674 24718 35508 39685 47168
15262 22332 23820 27293 32378
12009 15410 21612 24313 29614
11433 17964 18780 23473 28676
14167 17556 24817 31111 31474
14926 18882 23516 28489 29733
18137 27643 38029 40669 50702
19911 31445 33492 47258 53396
12210 14810 19912 23313 30015
21811 27727 33981 42770 45137
24902 33331 42152 48425 51169
13526 16797 20177 26718 32388
21854 27703 33724 42669 48174
20985 29635 38836 45461 50798
13509 18636 22762 29389 34390
20770 24749 34266 41879 49839
15113 22155 25740 30221 36238
14406 18311 25144 27463 35029
17191 22305 31110 33951 41052
12802 17171 19252 24349 29862
22630 28676 42133 45448 51689
17425 18071 25554 29812 34328
17169 28391 31032 41099 46544
15861 19371 24333 30384 33894
26190 28060 40778 43210 55553
22240 28568 32501 42763 49946
13472 16759 19515 27467 30966
20009 32411 38812 50014 54414
21277 24031 32601 36121 44690
18209 27661 35187 43588 52515
17489 22051 32541 34061 43183
18335 26807 32814 36357 44674
19457 29370 40218 43958 53683
18520 26307 36516 39457 50704
14394 21520 29878 33441 39196
23095 27200 37632 39856 47552
23698 30467 36860 44381 50022
23640 28061 31292 38603 44724
11657 15195 20916 25494 29446
20064 34009 41268 43179 54067
15206 16250 24488 26113 34003
17725 24090 35445 42842 47142
18754 27395 29352 36525 48426
16509 22361 32263 35263 40814
12635 16474 20010 23546 26981
11509 18526 21057 28649 30719
16760 21636 25637 30638 32764
15850 18970 24492 29893 35174
19929 29061 36200 40185 48320
15378 20315 27084 32161 40764
21534 27485 37462 43063 51989
11119 16878 21222 24758 28193
17557 28547 31172 41342 45114
15509 21215 26300 31137 34362
19660 21760 30312 35863 42614
11339 16594 21024 24321 28648
19833 26207 38068 42847 48512
18413 28563 33036 38541 47487
12432 18584 25350 29903 34577
15079 24672 27686 30838 38511
15717 17977 24872 28150 31993
17135 19386 23012 30138 35889
16431 24023 27474 33685 40448
17107 24058 25310 32122 39212
18520 26480 37207 44302 47762
22528 28685 30306 37111 46508
12528 15311 21198 27085 30616
21974 32672 38594 47954 51775
13543 23328 24802 30834 34988
21790 29381 30041 42748 48029
14250 21866 28212 33290 38931
13847 14958 19202 25061 28294
19398 22358 31240 35237 41158
13895 22019 27784 31846 37349
21048 26701 29528 35809 42875
18778 22367 28302 34237 40034
15051 22091 27061 31201 36446
11781 16751 19992 26257 31551
19763 27733 35038 42675 48984
18705 26915 31476 38925 42878
14329 17660 21213 25432 31205
15864 26889 28249 38669 43200
27472 31054 40608 49962 58520
24884 35632 39414 48370 58321
21986 27727 31500 38225 45606
16602 17334 22460 29293 36371
13425 23102 28392 29425 36521
15255 22187 25842 28237 35672
15571 17795 22125 29966 32540
15420 16916 23242 25428 32674
23068 27094 37344 45763 53816
15959 20891 29593 36844 37714
