1000 10 5
6 46 74 87 91 38 75 90 44 72 47 0 30
5 90 42 80 99 55 27 73 82 91 76 0 25
8 39 59 20 26 96 70 56 60 65 52 0 36
10 80 94 66 84 35 83 23 77 88 49 0 48
3 73 52 59 85 48 81 70 45 81 41 0 15
3 34 27 84 42 101 26 57 85 46 97 0 14
9 50 38 97 100 71 92 25 58 58 42 0 41
9 95 89 44 31 55 86 49 48 23 40 0 41
6 36 52 70 84 68 57 65 29 86 25 0 28
2 73 73 53 27 76 88 76 94 80 40 0 10
10 100 54 45 39 81 56 91 72 77 32 0 47
8 100 69 57 57 20 23 48 22 86 54 0 38
9 53 47 35 78 54 51 78 81 30 93 0 41
6 29 61 70 51 56 63 51 33 41 24 0 28
6 68 88 87 48 78 72 83 37 90 54 0 27
5 77 38 59 24 71 95 100 88 69 95 0 24
6 84 81 61 22 62 97 70 80 45 48 0 29
4 30 75 77 30 54 84 76 91 85 86 0 17
4 97 71 58 71 99 28 38 24 83 88 0 17
7 83 97 35 33 40 34 57 57 37 96 0 35
7 42 49 36 59 37 88 27 44 30 44 0 34
9 98 29 23 84 81 75 53 79 23 42 0 41
5 55 70 73 72 71 23 41 83 76 67 0 22
10 27 34 81 59 32 77 61 43 54 22 0 46
3 50 71 38 86 53 43 62 74 39 29 0 12
3 36 61 61 93 77 81 81 68 48 53 0 13
9 86 48 94 87 33 95 94 82 65 33 0 41
7 70 50 71 77 30 50 49 49 51 40 0 35
4 94 71 38 39 48 72 67 41 97 53 0 19
5 62 37 61 30 42 39 82 45 95 61 0 23
7 63 45 55 35 32 23 39 51 86 23 0 33
7 56 71 68 90 41 56 100 96 52 54 0 31
5 76 54 38 50 68 32 42 96 55 49 0 22
8 75 73 88 100 88 68 21 79 91 41 0 37
4 70 61 58 62 91 46 38 92 57 36 0 18
6 59 81 88 22 20 29 98 42 49 29 0 28
3 41 56 46 41 53 60 20 75 20 84 0 11
9 64 71 38 48 95 44 53 62 74 37 0 42
10 59 37 54 47 68 86 89 78 56 74 0 48
7 33 66 51 74 30 85 27 20 23 34 0 35
9 50 97 40 34 82 29 92 89 47 69 0 43
6 82 32 52 64 41 21 47 88 36 55 0 28
9 68 43 53 53 96 51 84 77 45 100 0 42
4 99 22 94 69 37 23 83 33 26 46 0 17
8 68 40 68 61 57 42 62 39 85 23 0 40
10 25 92 76 58 24 80 44 77 60 85 0 50
10 48 21 90 42 83 21 98 77 76 88 0 48
4 42 61 96 57 39 89 40 59 71 30 0 17
10 74 67 53 82 59 70 100 96 30 57 0 49
3 70 86 25 25 28 25 82 65 21 40 0 15
5 27 79 96 32 49 55 91 21 93 87 0 25
8 34 59 36 43 36 55 86 56 74 58 0 38
7 98 70 59 32 46 96 60 66 35 48 0 31
10 70 26 78 50 48 51 21 40 65 23 0 46
6 99 50 100 21 78 27 43 67 89 96 0 29
10 90 25 41 82 61 57 39 65 55 88 0 49
9 48 58 30 76 35 51 63 51 69 71 0 44
9 22 52 87 94 52 99 21 99 59 70 0 42
7 50 49 41 26 78 101 64 91 46 99 0 35
4 61 31 27 87 93 82 31 54 45 75 0 17
4 42 29 69 47 69 52 70 93 66 69 0 17
4 96 34 61 79 39 96 30 57 77 79 0 17
3 37 73 68 32 83 71 26 33 97 56 0 15
7 37 48 50 44 23 40 99 49 57 20 0 32
9 97 38 41 86 96 45 75 42 88 61 0 45
3 22 31 65 35 38 56 69 92 79 23 0 12
10 25 33 98 34 62 69 85 101 31 35 0 46
6 58 43 90 52 32 89 50 47 84 37 0 26
9 24 80 94 99 63 43 53 61 59 99 0 42
9 74 63 57 21 100 35 32 23 97 75 0 42
6 56 54 49 63 37 24 37 22 55 35 0 29
10 90 57 22 94 62 99 51 57 89 52 0 46
3 92 32 29 47 84 52 23 67 24 65 0 11
5 78 87 64 59 101 48 72 70 69 83 0 22
5 20 81 41 45 67 54 51 89 101 36 0 24
7 37 93 49 53 88 49 78 57 29 51 0 31
5 28 90 81 74 36 54 75 32 50 95 0 25
4 75 59 31 38 40 30 36 92 56 88 0 17
5 51 77 30 51 44 36 63 40 49 81 0 23
8 64 98 76 33 33 40 89 93 39 84 0 36
9 24 72 36 67 93 30 31 62 87 40 0 44
9 74 55 49 30 24 97 28 64 24 47 0 41
9 24 75 24 69 82 91 34 62 34 99 0 41
9 76 52 59 28 77 32 36 77 68 93 0 42
3 61 32 41 33 81 24 82 100 60 37 0 14
7 58 62 95 70 86 53 87 72 35 36 0 32
8 40 71 91 31 72 33 55 82 72 47 0 39
4 48 54 64 29 39 64 24 95 33 86 0 17
10 92 40 86 56 52 83 83 73 23 26 0 46
10 90 32 82 70 41 72 31 95 26 74 0 50
5 54 45 100 84 60 32 50 69 36 99 0 23
10 73 63 49 44 88 56 34 64 80 34 0 49
3 89 44 84 80 77 99 67 37 50 50 0 11
8 29 66 61 61 63 79 70 65 73 85 0 37
3 98 91 62 53 62 58 92 32 32 55 0 14
3 42 56 99 27 47 96 49 66 83 84 0 14
10 45 69 61 40 40 94 79 20 29 39 0 46
5 82 40 21 94 24 74 72 78 75 96 0 23
9 87 95 78 37 84 21 32 32 70 90 0 44
10 24 99 38 89 53 53 53 74 34 57 0 50
9 85 88 67 37 65 41 84 27 23 42 0 45
10 47 61 52 93 56 32 40 77 98 71 0 48
9 93 88 62 32 25 52 95 48 80 27 0 43
7 20 59 45 44 34 76 72 87 51 85 0 33
9 47 51 46 37 68 38 45 53 58 79 0 45
7 80 62 25 47 51 93 69 78 50 48 0 33
10 58 90 95 68 61 24 36 23 32 38 0 48
4 21 73 53 33 29 44 60 81 65 24 0 17
4 96 41 97 21 21 37 94 33 77 31 0 18
6 74 78 98 88 70 31 35 57 23 32 0 30
9 97 35 45 97 73 69 78 62 38 43 0 42
5 43 58 42 34 52 38 46 64 26 32 0 22
3 79 40 39 38 42 89 63 31 35 27 0 14
4 56 28 88 73 96 33 74 33 23 36 0 18
7 58 20 63 99 70 31 31 33 99 23 0 31
7 98 86 53 93 76 59 65 75 54 41 0 32
3 45 56 94 75 94 79 59 77 63 53 0 13
3 74 50 49 31 25 21 81 39 28 32 0 12
9 100 63 33 48 31 43 81 77 25 23 0 45
6 52 80 88 27 92 51 72 27 88 51 0 30
2 46 29 88 65 26 56 35 37 34 45 0 10
3 66 75 56 20 23 28 59 64 75 40 0 13
8 23 49 97 36 53 64 87 27 24 86 0 36
8 36 43 42 97 71 32 92 67 40 55 0 37
3 69 36 89 32 63 29 51 36 34 37 0 15
9 28 67 91 85 44 41 63 99 43 36 0 45
4 27 41 64 66 31 31 86 31 28 62 0 18
4 49 42 44 74 34 91 42 84 101 76 0 16
6 84 86 31 61 93 96 83 32 95 27 0 29
8 36 32 20 58 84 59 66 58 87 79 0 40
5 46 23 67 87 69 40 27 96 43 78 0 21
6 39 89 88 27 64 46 84 34 71 37 0 30
8 100 49 95 80 57 57 94 82 56 64 0 39
10 96 59 30 99 30 72 59 25 64 50 0 49
5 61 56 89 56 76 26 73 82 98 55 0 24
7 92 25 94 84 92 27 33 85 45 32 0 35
10 42 40 93 41 89 52 60 96 75 35 0 47
10 55 61 26 84 28 64 25 48 96 89 0 49
7 46 97 71 26 96 21 50 90 26 91 0 33
9 78 56 93 75 39 67 59 73 84 48 0 45
4 43 32 93 43 99 25 46 35 40 94 0 18
7 31 49 63 87 53 97 62 96 94 31 0 32
2 100 64 82 67 35 61 44 71 34 82 0 10
8 76 42 28 91 92 85 52 52 31 97 0 38
4 80 40 25 88 39 46 78 93 51 64 0 18
10 96 27 44 71 41 27 67 24 96 53 0 48
7 79 30 44 92 99 48 62 65 34 55 0 33
9 57 95 25 70 49 74 79 29 67 76 0 45
8 53 51 96 85 64 89 76 25 75 56 0 37
5 23 94 42 21 58 35 47 29 55 87 0 22
2 62 54 45 92 24 93 77 51 22 52 0 10
5 66 88 72 72 88 53 58 84 85 24 0 23
10 37 28 45 31 86 72 98 22 45 81 0 46
7 42 24 28 39 86 63 76 58 92 98 0 35
8 90 84 77 39 58 82 26 64 62 94 0 39
9 61 81 79 88 38 87 39 67 40 77 0 43
10 48 75 49 76 39 82 86 32 38 23 0 47
4 86 78 45 53 67 69 63 74 24 60 0 19
4 46 42 89 41 21 49 93 70 46 81 0 18
9 100 95 96 49 61 96 25 57 30 43 0 43
9 81 35 50 68 90 40 45 48 41 64 0 42
3 86 69 37 42 42 74 89 27 66 31 0 11
9 91 64 28 43 99 91 87 93 61 73 0 43
6 49 60 53 94 74 68 30 27 71 77 0 27
5 97 44 43 54 81 87 52 59 24 68 0 25
2 41 25 47 21 84 59 61 84 38 84 0 10
10 54 87 86 28 28 76 53 81 47 90 0 50
8 38 21 93 39 64 80 32 35 84 64 0 38
4 89 74 30 91 67 73 96 25 47 36 0 17
10 86 81 99 38 51 53 52 87 34 87 0 48
3 89 45 53 34 97 43 44 45 75 67 0 15
10 20 89 96 71 78 46 32 82 94 62 0 49
7 21 29 62 26 47 75 89 68 24 79 0 31
8 51 60 82 41 87 23 94 62 55 74 0 37
7 53 95 39 98 32 79 31 24 28 62 0 33
2 51 60 81 91 50 96 63 54 61 89 0 10
6 67 73 59 45 92 27 48 79 43 75 0 30
9 70 86 61 47 54 30 33 100 29 66 0 43
4 37 78 20 94 55 84 61 100 44 33 0 20
3 87 45 59 71 99 55 86 82 28 38 0 14
6 25 77 88 39 88 44 84 84 41 31 0 28
10 34 101 74 64 32 88 41 88 39 40 0 49
8 33 57 28 70 76 55 80 42 34 99 0 39
6 39 32 92 30 52 38 95 26 68 78 0 28
6 45 89 72 100 32 53 69 91 78 50 0 28
8 96 65 100 25 72 24 79 92 89 74 0 39
10 52 98 69 61 62 59 35 74 72 53 0 50
9 45 22 34 38 67 25 87 99 48 79 0 43
5 47 80 62 46 88 100 46 56 86 68 0 25
5 28 31 50 20 54 50 84 24 79 38 0 23
10 28 95 54 42 39 89 37 87 57 55 0 49
4 20 22 39 23 51 63 72 80 63 51 0 16
8 58 86 21 34 33 30 79 48 63 90 0 38
8 81 56 49 61 83 23 33 38 50 40 0 40
7 35 66 33 89 85 21 35 88 22 45 0 34
7 75 47 94 30 23 37 81 38 28 83 0 35
10 64 59 28 40 41 51 26 75 45 64 0 48
4 40 64 98 52 31 65 57 60 60 54 0 20
7 58 70 40 70 31 39 36 64 46 43 0 32
4 96 70 22 64 62 68 49 34 84 40 0 19
2 99 74 61 48 58 56 54 34 69 43 0 10
9 80 31 30 40 27 34 25 60 95 24 0 42
4 55 72 78 23 55 49 44 91 96 95 0 16
5 47 62 37 36 90 55 87 31 92 88 0 25
6 93 86 58 80 79 61 30 91 73 35 0 26
6 82 65 41 91 57 33 28 41 26 57 0 30
6 56 37 80 38 59 85 25 80 46 45 0 27
7 95 71 86 75 65 53 80 49 98 81 0 32
4 44 43 74 71 52 22 51 88 63 48 0 16
3 58 29 63 62 99 73 88 73 87 65 0 15
9 22 50 54 77 66 54 72 91 87 84 0 41
7 92 20 34 53 51 33 100 25 98 32 0 33
8 94 62 56 40 52 68 77 84 79 36 0 37
9 72 77 41 66 25 52 50 86 62 51 0 44
2 41 88 42 51 49 64 87 92 32 38 0 10
7 56 100 38 33 66 64 98 46 100 32 0 33
4 87 71 50 81 54 36 25 82 83 63 0 20
7 100 81 95 96 21 67 21 98 45 22 0 33
3 68 27 101 90 45 50 27 89 94 72 0 13
10 20 30 29 42 91 99 72 61 46 28 0 49
10 76 78 60 48 73 85 97 94 55 55 0 46
5 49 27 38 76 52 61 91 84 81 71 0 25
2 93 39 34 72 96 49 88 92 70 55 0 10
7 90 73 24 87 70 27 69 57 72 22 0 31
6 67 57 74 25 83 35 95 67 78 87 0 26
5 54 72 41 31 21 58 86 62 21 66 0 23
8 45 95 45 45 87 91 86 85 76 43 0 38
2 22 66 55 24 95 36 61 21 56 34 0 10
7 46 40 94 27 83 85 53 72 34 42 0 34
5 25 71 40 32 77 74 27 101 44 68 0 23
9 34 21 76 40 67 80 69 95 64 32 0 44
3 37 87 68 49 42 97 62 44 77 25 0 11
8 51 78 82 21 98 80 35 60 51 84 0 38
9 62 86 61 33 100 56 26 85 98 26 0 44
6 98 54 22 85 97 53 49 87 76 39 0 30
8 72 49 32 55 73 31 91 92 48 68 0 37
2 65 68 98 73 48 83 42 34 59 46 0 10
6 37 25 40 54 78 72 92 36 85 47 0 29
6 23 98 100 31 27 41 69 40 83 97 0 27
3 94 99 82 99 49 100 31 23 84 91 0 15
4 27 91 78 93 32 25 96 48 82 63 0 20
6 66 58 76 91 80 65 55 87 36 71 0 28
8 90 37 55 29 43 69 46 78 23 97 0 40
7 63 31 25 86 41 68 64 99 86 50 0 33
3 74 49 60 36 60 88 91 90 22 71 0 13
3 73 69 93 58 81 61 79 61 85 51 0 11
8 46 89 26 68 38 50 67 78 30 56 0 40
7 85 30 22 53 54 56 23 51 44 69 0 32
5 77 92 29 57 68 69 48 98 59 86 0 23
9 90 87 46 21 85 92 98 77 72 74 0 43
4 56 37 69 98 57 63 45 34 54 77 0 20
2 80 41 35 82 55 59 79 83 53 70 0 10
7 100 65 65 88 89 74 53 73 45 94 0 32
7 56 45 72 33 34 57 66 38 99 23 0 31
10 69 100 25 63 83 47 49 92 77 76 0 48
6 68 26 100 78 72 74 52 24 97 89 0 29
6 48 48 62 72 70 72 46 61 58 60 0 30
5 48 84 81 31 45 52 34 40 50 100 0 24
8 61 37 96 30 61 62 52 36 67 37 0 38
9 75 28 95 75 75 89 97 47 38 25 0 43
5 20 77 75 85 51 81 73 38 90 79 0 22
7 24 59 98 66 72 48 55 30 68 52 0 31
7 29 94 21 27 93 99 86 66 61 58 0 33
6 27 45 60 80 21 64 68 40 45 32 0 28
7 58 54 46 22 73 64 80 61 32 66 0 32
4 57 53 20 77 38 91 55 69 97 20 0 18
6 63 66 42 39 31 98 21 45 32 86 0 26
5 89 28 50 22 82 79 87 22 89 95 0 23
8 68 85 55 93 91 60 53 95 96 100 0 40
6 86 44 50 49 26 48 45 67 54 34 0 28
4 83 26 23 66 59 39 29 79 72 61 0 19
7 34 70 38 26 44 73 52 33 72 64 0 32
3 71 51 98 78 38 21 23 63 100 98 0 11
4 39 27 69 37 31 65 26 36 22 44 0 17
3 62 97 95 83 47 84 54 57 99 57 0 12
6 51 85 63 28 84 42 93 56 56 71 0 28
8 68 97 52 21 89 93 62 71 73 44 0 39
6 97 89 64 50 42 69 32 51 56 56 0 27
5 67 21 60 60 51 66 48 37 29 99 0 24
3 31 27 81 48 59 33 72 57 56 78 0 14
8 71 94 62 87 39 96 99 54 72 21 0 37
3 26 85 100 38 56 49 59 34 52 44 0 15
9 43 66 57 70 80 66 29 51 53 67 0 41
9 50 85 70 29 97 83 48 47 35 24 0 42
4 65 97 96 76 44 84 60 84 73 24 0 17
4 85 78 60 29 75 40 96 57 39 37 0 18
3 67 45 42 65 22 65 28 37 96 34 0 15
10 83 88 74 87 93 71 69 99 66 80 0 47
10 51 87 21 58 78 32 21 21 98 24 0 50
8 21 30 81 81 53 35 42 98 51 59 0 40
10 31 62 52 21 36 48 82 80 81 37 0 46
10 82 78 56 44 59 96 44 47 49 67 0 47
8 35 46 32 78 81 66 101 68 60 33 0 37
4 91 52 64 61 60 95 32 42 45 93 0 19
4 93 45 22 58 78 36 25 53 69 67 0 19
7 59 45 24 95 69 58 38 47 60 37 0 33
6 32 48 76 89 97 65 80 36 31 91 0 28
8 40 75 63 93 70 99 63 28 53 100 0 39
5 45 88 66 54 28 70 46 37 67 85 0 23
6 48 78 80 84 66 24 30 50 29 55 0 29
5 37 70 40 27 60 28 27 21 65 29 0 23
3 89 76 57 52 43 98 72 46 35 26 0 14
7 33 94 30 56 20 34 89 52 54 52 0 35
2 85 67 30 47 29 33 53 69 88 25 0 10
5 66 76 87 24 94 65 70 62 23 29 0 25
8 52 36 30 45 38 73 61 42 27 69 0 40
6 69 28 97 64 54 55 28 27 26 64 0 28
4 46 24 66 73 52 51 74 53 61 33 0 19
10 43 70 59 65 61 90 37 28 37 99 0 47
10 35 71 60 60 56 43 65 85 43 91 0 49
9 75 24 27 21 95 88 29 93 38 30 0 44
5 100 31 41 48 68 96 76 70 74 58 0 24
3 40 74 64 65 66 59 55 29 48 53 0 13
9 78 26 78 92 90 98 37 33 88 44 0 42
7 42 29 79 86 49 23 56 22 77 42 0 31
4 47 91 55 69 58 77 59 73 51 55 0 16
7 90 35 24 45 56 85 39 47 61 61 0 35
5 40 76 97 62 82 79 57 91 58 85 0 21
10 90 43 77 73 21 37 24 31 72 22 0 50
7 66 31 58 31 52 90 84 55 37 61 0 33
7 99 54 37 55 67 26 69 85 47 86 0 32
8 71 64 29 36 71 74 35 69 95 68 0 36
10 90 52 31 64 54 87 65 39 94 89 0 47
9 74 25 28 84 91 75 87 98 44 86 0 43
6 22 43 72 71 38 47 76 88 69 50 0 30
8 89 93 82 21 51 70 50 77 63 60 0 40
2 57 37 53 82 65 82 86 53 40 51 0 10
8 73 39 75 51 85 52 91 28 55 57 0 38
4 99 58 79 52 56 48 61 70 95 77 0 17
6 74 20 45 92 48 95 73 80 88 74 0 30
8 63 59 33 63 41 95 38 28 61 92 0 38
8 57 29 60 100 65 30 37 76 52 83 0 39
8 72 61 94 76 84 99 59 89 33 35 0 36
10 66 27 99 78 49 63 34 48 83 79 0 49
8 62 54 80 69 52 83 67 68 69 52 0 37
5 36 97 59 42 23 70 47 40 89 94 0 24
7 64 90 70 22 77 79 39 26 36 47 0 31
8 26 20 36 31 24 36 76 62 40 84 0 38
10 36 77 60 57 46 48 22 39 46 36 0 50
6 81 42 33 37 50 82 59 38 36 59 0 26
7 38 36 62 20 91 61 94 99 41 89 0 33
4 91 99 88 20 79 76 33 63 55 96 0 20
2 27 86 61 83 38 38 28 54 64 28 0 10
7 52 74 95 54 92 42 80 61 28 29 0 33
10 33 77 91 32 36 25 36 21 21 26 0 47
5 70 98 32 100 45 84 57 40 24 94 0 23
8 54 55 22 93 77 96 43 85 66 44 0 38
7 73 64 89 51 82 59 35 30 73 79 0 31
5 57 55 51 47 35 34 26 33 29 55 0 21
9 34 39 81 54 48 63 90 53 99 76 0 44
10 98 74 48 69 54 80 80 62 90 72 0 50
4 83 98 44 67 67 61 56 59 97 61 0 20
7 84 60 27 69 100 20 71 29 29 63 0 33
7 67 53 88 55 94 34 58 48 63 76 0 32
5 97 88 30 24 70 73 24 82 57 67 0 24
5 55 26 71 55 60 75 62 51 54 80 0 21
5 29 40 96 88 66 21 98 35 82 94 0 24
5 75 28 39 31 80 39 87 22 58 63 0 21
2 78 92 28 85 75 53 63 88 37 82 0 10
3 34 71 25 65 55 43 87 87 75 23 0 12
10 78 26 38 58 65 57 62 47 41 35 0 50
5 74 66 29 65 100 84 24 24 83 60 0 23
5 69 38 72 32 33 37 32 59 97 69 0 24
5 44 35 88 75 66 70 32 57 68 66 0 21
8 34 22 46 61 22 57 23 101 45 78 0 39
6 62 62 34 70 51 93 49 31 39 64 0 28
7 92 52 68 75 84 24 47 81 30 30 0 35
8 22 87 97 47 77 100 54 59 100 52 0 37
4 79 37 38 27 89 50 79 90 51 22 0 19
5 45 77 43 97 83 44 37 81 24 37 0 22
8 75 37 82 59 91 70 72 79 46 67 0 40
3 50 38 60 82 30 56 37 71 75 26 0 12
5 45 34 59 82 63 65 44 35 63 98 0 24
8 53 23 35 38 45 95 61 67 47 71 0 37
10 41 53 94 45 62 47 50 31 61 67 0 50
5 75 37 75 89 69 78 26 87 41 21 0 21
5 50 65 68 74 92 72 30 63 81 75 0 22
3 65 51 65 80 67 100 81 29 97 96 0 11
7 83 98 70 74 40 83 65 57 44 21 0 31
9 35 21 56 62 47 77 88 49 63 37 0 43
5 51 64 56 59 26 92 96 33 44 88 0 21
9 59 63 24 70 46 29 69 40 21 97 0 45
3 25 25 83 96 62 21 41 66 24 82 0 12
6 33 62 87 36 36 47 30 24 27 85 0 28
10 22 68 46 66 67 26 54 69 90 41 0 50
8 98 22 34 52 22 49 50 64 84 41 0 36
8 95 41 49 49 87 90 96 53 66 90 0 40
8 69 32 98 47 29 65 22 62 74 40 0 38
5 90 25 50 41 41 82 97 79 64 40 0 22
10 23 35 36 62 71 35 92 96 75 84 0 48
5 82 40 30 94 62 29 75 25 36 98 0 21
9 85 99 38 61 61 51 64 82 85 93 0 45
3 70 57 46 27 83 100 21 99 35 55 0 12
10 31 90 63 56 38 21 66 92 23 95 0 48
7 78 84 22 82 72 36 27 49 31 89 0 33
5 68 59 88 28 42 64 55 24 35 25 0 22
7 54 44 34 87 96 92 21 74 85 25 0 35
9 49 96 85 48 57 82 53 41 82 52 0 43
8 47 93 94 100 30 55 86 32 30 97 0 40
10 21 30 60 89 27 32 61 87 76 88 0 48
10 95 71 74 51 55 20 56 43 75 63 0 50
6 49 57 28 61 28 52 56 54 84 95 0 27
10 97 74 99 29 27 73 81 81 67 61 0 47
5 44 58 70 25 41 39 26 52 34 86 0 21
3 52 74 96 78 87 67 67 60 46 76 0 11
8 50 60 82 63 59 24 96 51 74 83 0 37
3 88 42 49 80 47 99 70 56 82 60 0 14
3 97 56 32 81 97 23 84 38 48 89 0 15
5 26 92 79 35 23 86 28 39 34 80 0 21
7 27 59 53 71 92 63 100 53 73 74 0 33
10 57 65 73 57 83 100 65 77 30 74 0 46
4 91 100 95 74 65 23 39 48 95 30 0 20
4 65 53 60 92 75 62 94 85 63 50 0 19
4 88 33 54 53 34 58 90 49 43 98 0 20
10 33 66 57 68 46 50 27 51 36 26 0 48
8 99 46 85 82 72 46 48 60 33 80 0 38
4 48 74 91 76 51 74 64 37 43 101 0 20
3 75 100 93 68 36 51 54 57 85 54 0 12
7 53 79 36 43 100 29 25 57 59 98 0 33
5 92 85 44 38 99 39 69 32 25 44 0 25
9 29 23 51 24 99 76 24 50 88 89 0 45
6 91 96 97 88 29 34 74 51 99 89 0 26
7 41 96 91 21 92 41 37 89 40 58 0 32
6 41 34 54 92 39 63 84 26 42 93 0 28
10 52 31 32 39 98 100 35 76 60 57 0 48
4 41 98 22 20 77 32 62 45 62 46 0 16
2 100 23 30 78 30 52 46 70 23 80 0 10
9 21 21 91 100 75 33 94 52 20 38 0 45
9 70 69 25 50 94 100 28 70 97 71 0 41
2 33 37 21 99 31 54 32 41 53 94 0 10
7 80 20 40 94 88 56 34 81 34 74 0 33
9 60 68 79 30 79 87 48 90 43 94 0 43
9 29 52 46 22 67 46 54 37 40 97 0 41
7 40 39 79 55 76 70 57 98 73 85 0 33
5 63 83 41 22 31 83 40 60 97 51 0 25
6 82 48 52 62 49 70 69 95 28 84 0 29
5 51 27 47 41 73 23 75 84 52 58 0 25
10 65 91 70 46 49 90 98 51 61 66 0 48
5 93 86 46 91 33 61 40 29 41 53 0 23
10 75 30 74 29 93 31 44 42 54 100 0 49
8 89 26 79 57 47 31 77 32 38 37 0 38
6 42 42 74 60 43 72 93 41 96 38 0 26
4 100 35 46 32 39 60 63 52 101 44 0 16
6 55 73 100 56 43 42 69 30 48 37 0 30
4 64 57 87 38 98 46 38 71 47 42 0 18
7 43 81 32 85 91 97 30 20 55 53 0 33
4 81 42 68 99 93 42 71 69 97 37 0 17
4 46 57 31 28 97 38 28 37 73 92 0 18
5 70 25 66 55 63 70 27 90 85 41 0 24
6 78 62 35 63 95 36 25 67 49 27 0 26
2 97 61 85 67 34 28 38 21 84 53 0 10
5 38 36 48 34 90 24 56 56 43 87 0 21
7 29 81 53 48 70 55 54 74 20 85 0 32
10 84 33 82 34 46 58 55 21 38 54 0 47
8 60 66 80 76 96 78 55 92 42 23 0 39
8 70 69 88 30 87 63 88 38 65 35 0 40
6 97 30 24 90 69 24 36 79 25 29 0 26
7 74 42 47 46 82 92 48 56 77 35 0 35
7 48 66 24 25 46 46 88 34 67 61 0 34
8 84 73 93 58 75 100 31 84 26 81 0 39
3 36 90 36 97 36 32 95 56 91 84 0 15
9 83 94 54 25 71 58 67 80 29 52 0 42
5 56 41 33 27 37 36 55 27 99 57 0 25
10 63 61 33 30 21 59 73 100 66 97 0 49
7 61 97 31 45 35 89 38 75 50 87 0 33
8 41 58 35 94 35 32 59 96 61 43 0 38
8 100 22 48 38 40 70 26 50 92 53 0 36
6 62 67 80 23 52 92 92 43 81 58 0 27
8 36 37 34 94 79 92 27 63 89 57 0 38
4 43 59 78 62 95 86 39 63 73 40 0 20
9 55 31 80 72 53 40 23 46 56 76 0 42
6 39 97 96 58 86 69 64 56 91 99 0 27
9 24 39 30 33 63 54 72 100 59 52 0 43
3 43 41 40 74 58 21 70 30 93 82 0 13
4 69 52 25 27 66 46 89 61 77 27 0 18
4 63 75 98 60 61 95 41 45 38 89 0 20
6 60 51 70 66 57 54 51 98 91 44 0 28
10 51 44 56 71 84 39 95 94 22 29 0 47
4 89 61 62 32 86 30 58 81 43 35 0 20
5 24 100 52 62 30 78 56 94 77 95 0 21
9 38 61 84 32 68 90 96 94 81 67 0 41
9 26 59 30 93 92 79 41 65 69 40 0 44
3 88 38 89 75 76 65 52 67 44 34 0 14
10 77 89 26 93 37 66 37 86 92 26 0 50
6 61 50 56 29 41 21 92 54 93 48 0 29
4 47 38 80 68 52 28 91 73 29 79 0 18
7 52 97 97 80 75 32 67 83 73 79 0 35
9 61 46 47 88 99 73 32 36 89 52 0 44
3 86 33 73 62 33 98 62 96 100 27 0 13
8 69 39 43 43 42 52 88 65 70 48 0 40
7 47 90 20 51 87 100 30 97 51 62 0 34
5 69 96 65 35 60 62 89 64 39 98 0 21
5 41 98 91 70 95 52 42 83 86 45 0 22
6 27 31 41 97 46 96 47 20 56 46 0 26
9 64 46 100 64 88 26 81 55 29 40 0 41
6 79 85 94 92 91 59 21 97 57 52 0 29
7 49 59 51 85 32 62 58 35 75 89 0 32
10 79 35 87 50 33 57 39 67 68 27 0 46
2 38 82 38 46 22 94 56 47 37 55 0 10
3 61 80 39 52 32 97 47 49 92 55 0 15
3 82 54 91 23 46 71 51 58 61 70 0 14
5 57 22 80 51 78 73 81 98 60 40 0 22
8 94 84 90 68 70 73 74 84 79 41 0 39
4 58 88 71 99 93 44 100 63 65 98 0 16
10 70 63 89 98 54 24 84 61 68 38 0 48
5 93 65 30 42 47 33 35 39 22 54 0 21
3 63 79 66 48 38 91 64 38 37 80 0 15
6 83 72 86 49 47 94 31 75 99 41 0 27
8 63 28 74 90 41 32 58 94 81 93 0 36
5 86 93 40 69 99 26 32 83 91 51 0 22
6 68 61 73 59 69 95 85 79 25 61 0 29
5 43 94 28 56 31 64 45 87 27 39 0 23
3 56 27 41 36 58 48 95 24 78 61 0 13
9 93 32 73 32 36 96 40 39 46 84 0 44
7 87 29 66 76 22 46 88 91 39 58 0 32
5 79 72 91 76 58 65 72 40 95 36 0 23
7 63 41 39 98 66 86 30 90 78 24 0 31
5 54 38 45 75 32 80 58 67 62 99 0 22
6 56 29 60 49 29 57 76 84 99 64 0 27
6 99 41 65 69 34 86 22 50 59 57 0 30
10 36 77 71 34 80 52 96 30 43 65 0 50
5 21 93 98 87 83 36 98 99 80 87 0 22
3 80 98 95 96 65 76 36 23 67 29 0 11
8 91 97 80 92 76 48 23 58 37 64 0 39
8 52 70 28 72 53 50 58 75 68 100 0 38
8 69 82 54 87 75 90 69 32 77 45 0 36
10 94 55 89 66 82 53 68 36 35 61 0 46
6 92 70 43 63 69 78 56 57 35 21 0 30
4 53 33 74 64 50 55 63 68 46 23 0 19
6 74 66 65 44 56 85 40 52 97 93 0 30
4 53 44 76 36 41 24 52 26 99 60 0 16
8 94 62 32 42 27 49 93 76 86 53 0 40
8 30 64 57 78 21 93 75 67 63 88 0 38
6 52 65 44 28 31 41 85 89 73 92 0 27
7 93 100 55 76 94 40 87 99 38 57 0 34
9 31 45 55 94 100 58 60 72 56 45 0 41
10 27 97 35 66 62 33 74 43 51 66 0 48
10 28 41 91 29 53 33 87 48 95 68 0 49
4 74 83 94 32 58 23 76 85 45 49 0 19
3 36 33 70 83 25 79 67 58 39 58 0 11
10 70 53 43 75 57 42 24 74 97 72 0 50
3 30 77 59 25 72 48 55 67 64 76 0 14
3 58 60 41 22 77 73 100 99 79 79 0 13
3 35 29 52 65 92 80 96 43 58 73 0 11
3 25 65 62 47 91 80 93 35 31 77 0 15
4 41 44 43 86 90 24 60 39 54 40 0 20
8 82 26 48 29 59 75 90 74 59 36 0 40
9 48 82 65 44 36 32 79 41 78 63 0 41
2 93 37 72 93 89 93 77 39 32 47 0 10
10 100 68 35 48 99 51 87 37 33 83 0 50
4 52 97 47 48 58 21 78 50 79 46 0 17
7 60 72 90 47 79 20 90 67 24 53 0 33
7 67 90 61 90 96 99 76 72 69 32 0 33
4 33 43 21 24 85 49 44 39 58 39 0 19
10 37 79 93 39 69 89 35 81 83 48 0 46
8 81 44 96 30 85 83 46 30 57 90 0 37
5 68 69 33 26 35 55 83 81 58 96 0 24
4 32 38 71 77 54 52 32 71 29 82 0 18
3 66 68 88 84 65 64 78 40 58 46 0 13
9 64 83 29 37 37 53 50 86 37 100 0 45
5 59 24 94 30 94 87 35 93 22 23 0 21
9 64 74 53 24 41 99 81 37 78 34 0 44
9 42 90 35 24 68 23 54 81 50 54 0 41
8 51 25 79 99 72 90 77 79 44 87 0 37
5 35 100 54 74 51 37 100 41 38 49 0 22
8 26 21 80 98 37 52 30 45 23 55 0 39
5 83 31 32 32 50 44 32 66 41 31 0 21
10 78 54 69 63 90 57 62 53 21 70 0 48
5 94 28 91 46 85 61 97 37 100 47 0 23
9 56 100 57 68 84 54 28 70 62 46 0 42
4 74 60 44 35 69 69 47 59 75 52 0 19
7 34 69 40 94 29 93 87 21 86 38 0 31
9 34 40 48 47 65 52 51 36 39 72 0 41
10 69 24 64 43 84 64 24 73 57 82 0 49
4 31 84 61 90 84 73 33 56 54 69 0 18
7 92 76 63 25 93 60 93 51 91 71 0 31
10 57 41 21 56 26 84 33 82 31 46 0 47
9 82 39 39 79 81 28 39 84 62 63 0 42
3 33 100 79 45 74 94 81 91 44 98 0 11
5 47 94 23 85 63 66 56 24 81 34 0 25
9 39 51 74 32 91 84 68 96 86 58 0 42
7 37 60 64 69 67 54 29 99 24 34 0 33
7 34 38 66 87 25 22 98 89 59 72 0 31
9 77 89 65 43 23 54 79 101 78 21 0 44
8 42 72 60 67 27 65 60 81 76 32 0 40
2 76 59 88 33 96 34 27 56 77 77 0 10
5 58 60 69 34 74 99 41 38 74 26 0 23
9 24 34 66 83 37 35 55 27 99 31 0 42
10 24 28 82 41 24 47 42 40 75 43 0 46
3 71 72 65 39 25 85 46 43 65 84 0 15
3 76 77 94 60 39 36 40 27 94 62 0 11
5 49 99 32 56 50 66 36 40 23 101 0 21
4 77 24 27 29 57 80 30 91 33 39 0 20
6 27 82 23 68 69 29 23 33 38 32 0 26
2 31 57 86 41 41 66 76 40 72 77 0 10
8 25 24 36 36 24 35 92 65 98 56 0 38
7 42 100 73 58 80 37 72 35 56 66 0 34
5 88 61 90 32 23 97 63 25 73 80 0 25
9 38 98 64 51 89 81 57 40 95 42 0 41
7 60 71 78 76 69 90 90 53 68 86 0 33
10 33 97 72 39 41 76 31 30 92 84 0 48
7 76 23 85 81 73 46 73 95 70 22 0 32
3 54 42 85 51 64 32 84 65 22 91 0 14
9 52 45 79 34 80 44 92 65 90 76 0 41
5 43 42 66 62 41 74 31 69 37 46 0 23
5 78 44 58 59 53 82 79 79 70 78 0 25
3 47 24 98 31 61 98 59 69 49 48 0 14
5 40 55 90 93 34 35 37 87 59 31 0 24
9 22 81 25 53 49 31 97 79 72 63 0 41
10 36 95 57 77 63 93 50 38 62 56 0 46
6 27 63 42 32 80 67 98 27 47 61 0 29
6 23 73 76 66 71 54 43 66 27 59 0 28
6 24 46 91 70 78 94 62 83 62 73 0 27
10 84 98 74 84 52 82 56 21 83 38 0 49
4 57 81 75 31 95 80 62 49 27 81 0 20
3 54 100 27 85 95 72 48 25 35 30 0 13
8 45 70 48 75 96 86 36 29 58 48 0 37
2 91 57 32 30 25 34 44 93 100 34 0 10
8 40 91 44 29 33 62 33 92 81 36 0 36
10 56 34 46 24 46 24 36 53 43 52 0 47
7 100 97 68 46 62 92 82 66 63 85 0 35
4 62 49 90 25 73 30 83 44 98 54 0 18
5 62 51 24 65 73 58 30 69 49 79 0 25
6 38 61 93 42 22 64 25 73 95 59 0 26
7 22 53 47 43 37 63 70 52 25 82 0 32
3 49 28 66 38 87 80 31 88 86 43 0 15
8 21 46 87 26 85 76 29 23 48 62 0 40
7 52 99 64 56 77 55 91 94 21 69 0 31
4 72 50 35 38 47 32 42 80 34 87 0 19
8 26 71 65 62 53 42 54 61 66 78 0 38
7 52 81 78 36 79 24 35 58 29 58 0 33
7 44 27 86 78 93 71 91 23 39 46 0 34
3 83 33 32 26 99 52 31 44 34 83 0 11
3 91 53 69 56 95 28 53 33 44 85 0 13
5 51 23 52 24 59 69 52 55 83 97 0 22
4 77 28 78 66 29 76 34 54 89 73 0 20
8 23 76 73 75 54 92 81 26 62 69 0 38
3 50 32 91 44 28 75 64 22 41 58 0 14
9 86 84 42 81 31 82 53 60 63 68 0 44
8 80 86 54 60 29 27 36 33 43 39 0 40
6 51 91 65 81 37 85 63 42 56 62 0 29
10 69 75 27 48 74 72 63 61 41 41 0 50
5 100 85 34 97 87 43 98 44 68 48 0 23
6 36 77 35 67 98 56 37 54 56 83 0 27
5 57 49 96 37 43 86 43 20 75 59 0 24
10 97 60 99 78 53 100 82 42 52 95 0 46
9 56 61 59 74 35 36 31 82 86 21 0 43
4 29 87 99 66 76 78 99 28 40 91 0 19
5 28 41 30 92 72 54 27 53 79 78 0 21
4 96 96 65 53 22 71 37 48 46 71 0 17
9 21 63 93 55 29 93 61 47 41 42 0 43
4 98 57 82 63 38 66 96 85 55 39 0 20
5 99 97 83 47 81 40 42 85 44 78 0 25
7 28 66 57 57 61 100 71 39 48 63 0 35
4 67 79 41 23 27 63 79 93 26 38 0 18
9 34 88 44 53 87 40 56 66 100 98 0 42
10 78 68 72 27 68 84 86 36 32 57 0 50
2 36 79 97 54 51 56 70 93 54 90 0 10
3 51 70 45 94 98 61 87 78 26 94 0 14
3 20 88 43 21 90 25 38 85 34 64 0 13
10 41 46 52 41 80 96 58 98 54 69 0 46
5 44 84 47 96 71 45 99 65 89 36 0 21
5 55 24 77 50 60 78 30 90 56 100 0 21
6 90 23 31 96 63 42 50 50 45 38 0 29
10 50 32 62 74 98 27 43 24 100 34 0 50
4 61 25 100 83 31 73 53 47 99 67 0 18
9 79 50 21 87 63 48 42 61 56 77 0 44
4 30 56 99 95 52 96 31 71 54 55 0 19
3 26 29 54 40 35 59 100 39 77 44 0 13
5 48 64 60 45 73 90 90 74 66 95 0 23
4 59 32 90 81 90 78 86 32 80 39 0 16
7 69 63 25 26 86 34 46 55 35 55 0 35
7 96 92 53 89 74 95 29 101 57 73 0 34
10 88 64 48 46 78 25 27 69 55 64 0 49
9 86 62 33 50 89 91 71 65 80 34 0 45
7 46 55 62 23 49 33 100 47 47 93 0 32
10 75 65 89 45 67 78 57 84 75 82 0 50
7 100 42 25 92 32 73 73 73 41 80 0 33
7 33 65 24 79 56 24 71 54 74 47 0 32
4 56 94 84 62 96 28 87 42 31 100 0 17
3 66 100 85 57 41 67 72 27 59 73 0 15
6 22 88 39 77 73 89 98 43 96 94 0 27
5 37 91 27 48 39 46 69 101 21 61 0 25
3 93 24 99 69 79 72 90 77 49 73 0 12
5 61 45 54 69 48 72 80 44 42 95 0 25
5 30 82 92 40 44 88 22 38 99 41 0 21
3 84 74 24 88 68 37 71 95 101 93 0 13
3 52 26 29 27 99 53 68 37 20 41 0 15
10 48 48 74 89 29 91 43 68 68 74 0 48
8 74 81 73 21 36 52 75 74 20 94 0 40
5 29 77 25 79 54 48 78 81 90 42 0 22
4 93 72 38 69 23 97 56 57 86 67 0 18
7 63 83 93 79 54 38 66 94 65 25 0 32
9 46 57 37 35 98 99 67 71 96 35 0 45
3 35 40 85 39 82 29 69 89 98 79 0 15
9 30 70 82 32 69 60 41 90 30 92 0 42
9 37 58 100 22 61 100 44 93 74 70 0 42
4 77 59 75 22 92 73 21 46 32 47 0 20
4 69 52 57 62 27 45 54 68 57 28 0 16
5 44 47 83 39 87 96 101 70 73 33 0 23
7 73 28 86 90 38 51 57 41 27 71 0 35
6 24 53 58 45 57 73 98 62 84 69 0 30
9 23 52 61 87 51 99 34 97 47 60 0 44
4 61 99 81 65 25 90 31 62 33 85 0 17
4 73 30 88 21 82 49 86 90 79 61 0 19
6 28 71 22 47 70 34 72 99 58 24 0 29
3 48 28 44 72 93 75 38 38 48 45 0 14
2 65 42 82 98 68 38 91 23 65 83 0 10
6 83 89 33 29 24 51 40 62 31 49 0 28
4 93 66 59 82 100 79 82 92 40 91 0 19
5 79 85 26 37 58 76 35 37 56 78 0 22
10 86 65 32 71 93 26 63 71 26 85 0 47
5 91 84 77 20 84 69 36 21 41 86 0 23
8 27 94 74 37 77 92 79 35 29 67 0 38
9 92 26 41 34 65 49 25 50 87 36 0 43
5 75 87 86 80 49 80 79 21 80 30 0 24
7 80 98 100 86 83 30 67 86 34 96 0 35
10 33 52 56 70 35 99 63 81 100 97 0 47
3 37 27 62 94 64 79 99 56 64 75 0 13
9 53 73 98 66 81 40 25 42 86 23 0 42
8 72 67 87 84 43 91 49 95 57 52 0 39
8 99 41 86 71 60 69 51 29 83 40 0 39
5 87 22 32 59 74 47 47 66 22 49 0 25
3 60 30 59 24 36 94 74 100 78 87 0 15
7 88 81 50 85 96 91 25 69 96 70 0 33
7 61 92 71 72 34 41 95 94 77 60 0 33
8 43 88 91 22 63 30 58 23 83 34 0 39
4 58 59 32 67 41 37 94 69 63 65 0 17
4 96 25 84 99 71 59 70 32 87 57 0 19
8 22 89 84 90 59 27 82 56 54 75 0 39
4 56 74 75 31 80 31 101 33 56 33 0 17
8 86 72 43 29 95 40 37 44 35 88 0 40
7 61 39 88 96 79 46 56 48 36 96 0 31
5 37 46 84 96 53 54 35 66 75 94 0 21
4 90 26 23 88 39 55 62 86 52 92 0 20
10 91 33 22 64 90 47 63 70 79 84 0 50
5 77 31 99 81 24 82 31 38 53 42 0 22
7 87 25 63 35 100 34 28 35 55 63 0 32
7 35 34 33 23 85 43 68 33 46 25 0 31
2 36 80 61 80 95 41 25 40 21 32 0 10
6 29 78 35 100 80 40 25 46 69 55 0 29
3 73 57 78 49 31 69 52 69 85 55 0 14
7 41 94 71 38 85 96 73 68 75 99 0 31
8 24 54 65 87 97 25 51 20 65 69 0 37
3 66 95 29 44 32 63 30 78 84 24 0 12
3 97 48 96 98 55 24 57 90 54 68 0 14
10 21 53 38 32 97 96 75 80 46 44 0 47
5 95 36 66 54 45 94 41 45 79 46 0 23
6 71 99 67 88 86 78 88 64 29 100 0 27
10 39 54 27 86 92 98 45 82 61 99 0 50
6 37 66 53 76 95 72 24 66 22 29 0 27
4 55 47 84 84 43 91 64 46 36 20 0 17
7 70 46 26 96 95 100 55 36 75 26 0 33
6 56 70 67 25 35 74 72 45 78 68 0 29
9 57 33 46 44 41 47 79 86 44 65 0 41
9 33 33 52 45 68 86 93 65 63 37 0 42
7 79 98 94 72 100 27 92 43 24 88 0 35
10 89 74 56 22 82 76 90 78 79 63 0 49
5 98 100 46 59 64 74 20 96 75 57 0 25
8 34 90 21 47 72 84 80 60 58 51 0 38
4 42 56 82 48 69 77 89 97 100 26 0 19
10 59 56 51 71 51 65 65 23 80 49 0 47
7 24 67 21 53 77 28 52 66 66 23 0 35
4 99 63 35 56 70 43 89 50 48 69 0 19
4 100 64 44 70 57 33 22 86 42 36 0 17
6 83 100 28 53 69 98 73 60 76 53 0 26
8 54 41 91 30 77 65 51 80 69 41 0 39
7 76 38 84 90 29 23 89 82 74 49 0 34
4 40 73 67 73 44 38 88 47 96 32 0 17
8 62 37 93 44 56 58 43 74 72 32 0 37
6 41 47 44 100 43 50 68 28 96 70 0 27
10 75 42 96 30 37 94 53 89 45 75 0 47
6 37 46 25 36 25 26 79 58 73 30 0 26
7 56 76 62 26 38 100 69 68 23 23 0 34
4 31 42 75 41 22 85 62 57 54 46 0 18
4 83 40 24 39 42 58 97 89 71 79 0 19
10 74 92 58 28 35 43 86 47 97 98 0 46
4 63 71 96 30 38 65 75 71 75 51 0 19
5 53 30 21 91 78 96 99 97 61 97 0 22
10 95 82 74 21 86 73 65 57 58 27 0 49
8 73 38 39 51 78 66 66 71 78 46 0 39
5 30 97 29 54 22 41 30 69 40 22 0 24
7 97 76 61 82 87 35 93 93 80 83 0 31
4 77 60 99 53 97 42 47 74 28 69 0 19
10 61 32 92 94 95 24 93 29 58 29 0 49
6 45 98 66 31 51 69 81 71 66 52 0 29
10 90 35 74 90 21 38 98 64 78 54 0 46
6 51 67 94 73 92 32 66 50 51 48 0 26
9 74 82 91 94 90 37 39 83 77 63 0 44
6 25 46 94 82 68 94 82 95 21 48 0 27
9 42 48 85 92 72 68 84 71 67 70 0 44
7 95 71 56 96 51 56 91 37 65 70 0 32
8 66 55 21 25 48 90 29 52 24 78 0 36
8 95 66 44 46 45 70 59 44 51 51 0 38
10 43 96 30 46 28 25 48 51 34 26 0 47
6 38 74 40 97 71 67 71 48 61 37 0 29
8 48 31 30 85 100 21 35 44 90 89 0 40
6 72 58 56 76 84 58 69 87 52 49 0 30
6 47 84 47 75 95 39 39 50 29 76 0 30
5 68 41 25 49 74 40 35 79 24 73 0 22
8 53 87 41 21 72 94 24 20 29 28 0 37
8 93 30 46 78 88 74 36 66 42 58 0 40
4 76 73 45 69 81 86 51 63 79 82 0 16
7 39 36 90 32 75 75 73 70 44 83 0 34
4 39 22 63 23 81 43 52 47 21 43 0 16
10 87 66 42 42 70 66 32 22 37 85 0 46
3 91 21 57 55 85 55 60 36 73 97 0 13
8 51 44 49 79 100 98 36 48 21 48 0 37
6 96 39 95 78 61 22 22 75 34 79 0 28
8 28 73 91 76 32 36 37 20 88 95 0 38
7 61 53 49 68 89 22 55 84 43 58 0 31
6 38 63 45 21 63 91 82 49 75 90 0 29
3 75 85 34 30 40 79 95 91 23 54 0 14
10 48 31 84 88 25 89 89 59 98 45 0 47
4 66 27 69 60 51 67 75 51 96 98 0 16
8 41 56 35 90 44 38 25 65 51 80 0 39
6 64 68 48 40 85 56 53 82 45 99 0 30
6 82 90 74 37 97 86 26 24 78 98 0 28
8 84 43 98 67 74 21 65 76 88 62 0 40
8 59 64 100 36 58 60 69 65 67 51 0 38
10 84 27 91 50 97 34 40 34 95 40 0 49
2 31 68 77 35 97 35 82 93 85 59 0 10
10 65 78 99 27 50 40 62 42 86 80 0 50
8 70 90 100 23 32 75 45 21 92 95 0 39
7 91 63 65 39 57 75 67 26 57 81 0 33
6 56 90 23 44 20 48 96 59 77 73 0 27
7 37 41 37 69 88 29 35 22 83 54 0 33
3 90 73 38 93 46 50 82 67 27 95 0 14
6 79 84 69 60 49 94 22 59 28 64 0 28
3 64 25 96 70 99 40 73 85 62 75 0 11
9 55 94 23 34 29 61 70 72 21 88 0 42
5 31 77 29 67 38 27 46 53 74 46 0 21
7 83 99 64 92 22 64 41 28 36 25 0 32
7 59 59 92 51 61 30 37 43 94 76 0 31
6 56 100 73 53 67 57 55 39 30 94 0 26
5 97 66 47 86 58 83 27 86 93 89 0 21
9 53 64 64 41 40 55 39 93 56 73 0 44
5 28 62 42 47 54 60 89 48 73 86 0 22
8 64 96 73 37 87 89 95 83 82 99 0 36
8 65 30 40 63 54 100 59 83 78 58 0 40
5 37 95 93 59 36 71 76 58 30 72 0 21
8 21 44 77 98 60 59 76 57 80 86 0 36
8 96 66 38 45 89 82 84 77 72 63 0 38
6 60 30 96 72 75 81 42 51 87 60 0 29
9 63 70 24 25 69 89 89 44 47 86 0 43
8 39 45 54 82 82 70 22 87 77 95 0 36
8 42 51 74 63 28 31 39 26 23 29 0 36
4 91 40 53 74 71 21 34 30 30 56 0 18
5 68 23 82 83 32 38 58 70 85 33 0 21
5 32 61 33 34 24 43 58 47 38 70 0 22
6 78 31 93 56 93 26 87 100 68 68 0 29
6 42 22 96 95 45 92 61 60 87 31 0 27
9 48 57 86 88 38 71 68 100 72 86 0 43
10 96 74 94 91 28 54 48 72 73 48 0 47
8 22 54 72 23 29 45 68 85 95 61 0 37
10 81 72 34 26 51 42 44 88 52 44 0 46
6 34 51 74 51 22 21 65 92 88 82 0 29
10 45 59 57 27 36 37 97 92 32 44 0 50
5 78 74 63 63 56 86 28 60 60 96 0 23
5 37 54 30 74 30 23 77 38 60 73 0 24
3 55 59 67 75 53 84 42 93 90 69 0 11
8 66 39 94 37 76 33 63 100 27 75 0 39
9 88 43 45 74 76 67 40 80 46 71 0 42
7 59 98 60 25 40 32 97 84 97 36 0 32
6 35 36 74 99 59 25 69 84 73 66 0 27
3 28 98 75 99 26 74 63 99 49 49 0 12
5 70 75 50 39 32 63 32 32 43 91 0 25
3 46 91 60 29 85 74 33 67 46 98 0 11
6 77 56 70 50 33 31 23 24 77 41 0 26
5 24 80 44 41 74 31 83 71 70 58 0 24
10 65 42 63 92 38 54 26 97 22 21 0 50
6 36 22 95 82 93 55 84 91 22 100 0 28
2 27 88 35 92 84 71 32 61 34 52 0 10
10 51 37 66 96 99 44 31 77 27 68 0 47
7 66 42 31 46 86 56 67 60 66 53 0 33
9 26 46 23 32 55 43 35 49 33 58 0 41
8 99 34 22 97 26 92 80 90 74 76 0 40
6 98 95 75 79 92 63 93 67 39 61 0 27
4 73 69 53 79 58 31 87 86 69 23 0 17
4 74 96 33 73 28 27 88 71 24 55 0 19
4 25 39 77 92 82 74 85 98 51 23 0 16
6 77 96 39 46 100 44 49 23 42 85 0 27
5 92 88 24 23 49 68 29 86 38 75 0 23
8 94 66 87 30 97 38 75 84 84 53 0 39
8 45 94 96 65 48 55 62 64 97 39 0 37
7 31 29 69 24 52 55 30 42 70 31 0 33
7 54 84 35 85 59 32 68 95 68 70 0 34
7 35 85 85 72 35 62 80 98 79 58 0 35
4 76 45 29 20 31 87 95 69 98 61 0 19
6 23 59 100 27 33 87 23 89 81 70 0 28
7 24 55 29 63 95 52 22 97 91 21 0 33
5 80 25 31 22 46 90 81 21 46 37 0 21
3 81 97 47 32 68 69 31 43 63 42 0 14
2 44 71 61 78 97 27 59 54 51 25 0 10
3 101 39 55 37 89 23 40 51 92 58 0 12
9 97 85 59 24 85 79 99 82 52 38 0 45
6 81 24 51 45 44 53 82 92 42 29 0 30
5 48 87 58 25 82 101 27 66 38 75 0 22
8 84 70 56 56 22 93 93 96 22 73 0 36
8 27 28 98 69 70 72 64 71 89 42 0 37
5 57 40 20 42 99 77 74 85 69 71 0 23
5 53 45 45 50 33 40 20 76 82 35 0 24
6 60 78 32 79 58 55 31 24 21 51 0 29
10 55 80 40 64 60 31 21 71 57 86 0 46
10 32 24 25 63 55 73 59 23 69 66 0 49
7 41 20 36 34 44 67 100 50 78 76 0 35
6 73 57 38 85 49 77 27 31 40 26 0 26
4 72 56 75 91 21 21 46 23 34 71 0 16
4 30 37 43 34 79 49 49 38 56 27 0 17
6 38 46 81 25 37 100 41 98 59 47 0 27
6 95 83 66 75 47 89 54 25 39 78 0 26
4 53 56 54 85 77 81 72 46 93 89 0 18
9 24 23 66 25 35 22 64 28 33 97 0 41
6 51 34 47 85 23 21 58 94 57 63 0 29
5 34 99 100 56 64 77 21 66 79 39 0 24
10 78 94 97 84 40 64 68 81 75 77 0 47
10 25 99 46 77 21 92 37 56 27 89 0 49
7 85 27 28 22 69 58 42 30 92 69 0 35
9 57 58 54 60 87 43 67 47 87 83 0 44
2 62 64 51 64 49 48 47 96 50 62 0 10
4 40 24 99 85 100 96 80 73 89 47 0 16
5 21 70 93 77 70 32 38 97 90 82 0 24
3 95 45 47 53 51 82 52 29 29 73 0 14
6 77 65 97 95 56 53 69 31 56 66 0 26
6 33 39 48 55 55 95 34 92 30 52 0 30
7 35 71 96 61 64 78 97 31 22 73 0 35
9 27 43 56 78 93 87 31 97 25 68 0 41
4 95 20 63 41 61 90 31 23 44 49 0 17
7 96 92 81 58 63 21 23 46 33 94 0 34
4 90 46 97 68 82 84 33 35 38 58 0 19
4 34 36 45 90 36 21 31 76 37 36 0 18
10 52 51 88 83 29 70 58 86 92 92 0 48
5 27 98 55 90 88 29 38 38 82 80 0 24
6 40 60 24 47 79 81 68 45 24 59 0 26
4 48 24 60 96 98 73 46 100 22 35 0 17
8 50 43 33 97 92 35 27 48 68 24 0 38
10 43 69 47 94 47 52 99 61 26 57 0 48
3 24 33 29 36 44 33 90 77 63 54 0 13
9 68 83 97 30 98 83 73 45 92 83 0 43
9 60 57 61 86 43 68 96 74 60 101 0 44
8 37 75 69 29 40 73 97 83 68 100 0 37
10 35 32 32 66 61 93 26 80 93 69 0 50
10 38 73 79 89 46 28 36 44 33 42 0 49
7 54 21 98 56 96 81 87 27 92 36 0 35
2 55 51 79 62 81 30 97 41 91 48 0 10
5 49 65 100 93 64 29 51 55 43 21 0 25
7 23 30 50 98 91 29 82 53 43 87 0 35
9 24 33 31 27 90 83 91 39 38 64 0 45
6 77 32 31 88 75 90 83 56 77 91 0 26
8 85 40 41 32 21 34 27 27 57 96 0 40
7 44 67 46 44 93 31 57 100 36 78 0 33
9 81 82 74 53 62 26 92 75 62 49 0 41
4 74 87 68 66 41 38 51 90 58 62 0 18
4 57 34 36 35 89 50 35 94 70 36 0 16
6 81 82 87 78 67 51 48 81 76 96 0 27
8 78 91 59 68 90 21 76 22 73 98 0 40
3 41 79 98 29 66 89 33 83 27 83 0 14
8 73 68 79 53 65 87 99 80 74 70 0 36
3 90 69 33 89 47 45 79 34 99 44 0 15
7 63 92 82 50 97 91 84 80 25 60 0 31
6 84 27 29 95 89 90 66 26 69 58 0 26
8 95 76 20 74 77 85 73 77 57 92 0 40
5 77 22 99 75 46 48 73 63 97 69 0 25
10 78 99 46 40 65 70 92 91 49 68 0 49
10 47 33 28 30 82 32 57 64 87 86 0 50
6 27 85 22 94 30 32 67 96 68 75 0 27
7 94 46 21 75 44 96 22 58 59 83 0 32
6 54 83 52 76 37 62 64 85 27 65 0 28
9 94 36 36 84 93 33 61 43 61 40 0 41
6 75 34 89 79 75 44 92 89 51 66 0 26
9 69 49 82 44 98 39 43 97 97 55 0 43
7 43 89 27 22 27 32 65 41 21 92 0 34
4 53 42 100 72 64 39 27 77 49 100 0 19
3 94 70 52 98 87 71 82 61 95 71 0 13
3 78 65 26 60 53 38 89 46 33 78 0 13
10 43 46 54 81 79 65 46 84 99 32 0 49
5 99 49 26 55 33 31 58 75 77 87 0 24
9 49 94 71 79 60 21 46 27 63 86 0 42
10 66 58 53 60 98 34 90 56 88 96 0 50
10 84 96 85 21 93 52 62 52 72 68 0 48
6 53 94 75 47 91 99 78 65 73 42 0 27
9 77 81 46 32 93 39 65 88 85 51 0 41
3 46 41 82 58 67 93 52 37 65 91 0 13
9 27 21 100 58 75 93 70 93 54 63 0 44
10 68 72 84 49 63 63 85 29 63 52 0 47
6 97 21 27 64 41 52 99 71 55 42 0 27
3 48 37 37 68 23 40 83 91 85 55 0 12
8 56 25 57 73 74 37 28 47 82 47 0 40
10 56 27 33 33 98 98 30 39 93 20 0 50
7 55 58 23 20 24 79 51 88 71 91 0 35
8 59 36 21 45 23 51 30 79 59 82 0 39
3 100 50 49 43 22 63 84 42 74 93 0 15
8 38 87 77 85 81 79 37 28 21 40 0 37
7 74 86 81 80 100 89 90 60 79 38 0 32
10 22 48 69 25 23 32 54 76 26 43 0 49
10 25 77 45 44 90 80 25 61 97 67 0 47
6 57 22 94 83 96 39 81 46 21 88 0 27
5 100 70 92 81 45 71 32 23 74 69 0 23
6 22 95 36 67 91 99 86 54 50 70 0 26
3 49 50 85 60 84 71 46 68 90 28 0 11
164 253 160 233 191
113 171 205 260 288
120 177 181 246 270
108 152 198 256 266
131 166 193 231 260
118 146 210 240 261
132 141 220 259 280
111 159 203 257 269
124 151 197 247 286
133 143 205 254 284
108 160 220 246 299
124 172 195 259 298
102 147 218 240 270
122 146 219 251 265
114 148 188 225 272
108 168 210 260 263
111 157 205 250 283
115 178 193 248 288
114 140 203 252 276
131 153 215 253 292
109 178 185 232 300
122 143 194 241 276
111 175 217 255 287
125 140 189 258 263
126 167 213 245 278
104 163 203 250 298
122 159 184 259 297
127 154 199 242 283
133 162 215 242 272
115 146 205 236 265
102 177 214 229 287
127 146 196 239 262
127 144 220 246 294
117 142 198 228 299
127 155 214 252 289
134 163 216 230 262
138 148 195 254 275
128 165 195 254 276
133 144 181 244 288
138 168 202 232 263
115 158 185 229 275
102 157 205 220 267
130 172 210 225 280
137 167 187 226 277
127 152 188 223 276
128 172 215 221 282
100 148 192 254 265
107 141 188 220 274
138 178 207 251 273
114 173 202 249 265
118 152 194 232 269
127 162 212 225 284
114 149 209 241 263
120 147 182 253 272
118 158 191 247 283
136 144 200 233 291
136 141 187 235 260
113 147 199 230 298
132 140 197 222 280
115 169 206 223 288
107 159 185 246 277
100 168 182 226 279
114 164 198 222 269
109 158 208 241 278
117 159 218 241 265
106 168 217 236 285
122 145 189 241 287
125 179 182 221 300
140 166 186 260 270
107 178 212 238 275
100 167 207 249 277
101 145 184 257 267
118 153 187 224 274
107 140 196 249 298
128 155 196 240 291
121 153 191 223 292
137 149 194 237 298
120 161 199 224 261
101 168 180 221 287
106 176 206 249 290
125 158 198 247 283
107 162 209 258 268
113 167 201 227 278
104 150 199 259 270
124 170 204 255 289
103 163 187 220 270
128 143 181 231 288
110 153 218 225 265
101 174 189 220 288
114 168 203 229 270
124 169 182 239 285
127 179 219 260 296
112 170 195 220 293
105 158 180 226 299
123 148 215 246 267
132 146 205 238 279
122 167 186 253 292
137 177 218 236 279
120 168 180 226 295
109 148 188 242 261
131 167 187 240 289
123 177 209 251 296
109 163 208 223 288
132 156 200 257 296
134 158 191 256 284
109 147 220 239 267
137 160 210 240 260
134 177 184 253 290
111 151 205 236 286
124 168 218 223 299
123 169 185 253 263
113 152 190 236 300
118 179 193 245 281
106 169 210 227 268
111 156 191 257 268
136 149 187 248 299
101 152 209 220 278
125 168 188 242 268
127 145 214 259 269
128 178 205 232 295
138 157 213 225 299
131 143 214 242 277
119 152 206 229 273
118 150 200 256 271
117 154 183 246 271
137 164 211 257 263
131 158 218 231 271
111 170 192 256 297
111 156 196 220 289
118 176 195 221 282
138 162 207 221 294
122 146 198 242 298
129 158 203 232 295
131 176 180 257 281
130 172 191 242 265
127 155 187 246 284
136 175 209 236 279
103 146 214 221 300
131 161 206 227 284
107 180 212 222 284
115 158 211 256 294
100 163 204 245 294
122 174 187 247 282
114 151 194 260 289
140 157 192 254 261
109 144 218 247 290
106 147 193 221 279
105 142 196 232 273
104 176 202 241 286
120 150 184 257 284
123 162 180 243 281
135 161 204 244 265
106 172 210 237 263
127 161 197 260 293
126 166 197 247 264
101 148 201 246 275
132 175 220 257 287
118 149 205 250 279
134 151 194 248 269
109 166 205 252 289
124 157 204 226 300
105 176 190 220 299
126 175 201 233 268
127 179 211 228 267
120 141 218 249 269
111 152 182 259 264
108 166 194 229 289
105 168 196 246 264
137 157 216 248 282
105 145 209 222 267
115 150 210 255 298
130 162 219 252 260
139 142 202 222 280
108 161 219 244 266
109 170 213 239 267
125 164 196 227 300
123 165 209 223 291
129 154 212 258 279
133 167 212 235 282
129 140 180 247 298
108 174 183 258 295
127 164 213 255 268
130 142 205 244 264
115 156 219 234 291
114 152 199 220 288
109 153 209 221 266
100 161 185 223 261
114 165 219 235 295
101 159 205 254 281
100 176 195 224 296
116 162 216 236 286
102 157 204 245 285
120 143 196 241 292
122 163 194 247 283
123 156 219 256 282
117 179 208 246 290
107 178 200 251 266
109 162 212 228 264
120 177 188 224 294
137 151 217 233 298
138 151 185 257 276
114 157 210 222 272
108 148 207 229 278
117 158 191 228 297
128 142 214 258 277
100 143 207 254 278
121 158 215 232 286
116 147 211 249 264
111 158 202 231 275
101 143 206 247 300
129 150 211 233 278
125 180 203 260 268
110 144 198 250 273
136 146 180 241 283
121 150 197 239 276
127 141 208 222 291
137 156 210 251 283
105 163 215 244 278
132 179 195 223 266
136 145 201 237 262
135 163 202 247 265
125 153 190 248 275
112 170 215 253 262
127 176 200 255 270
104 149 197 229 262
120 160 202 226 296
121 171 217 221 277
138 143 201 224 275
103 149 206 246 286
110 168 200 259 270
105 146 196 230 267
123 144 189 250 288
118 173 215 236 272
119 151 203 226 296
129 148 192 244 289
115 162 220 251 299
136 148 201 245 275
128 174 213 254 280
108 166 195 235 261
136 178 219 248 292
130 176 189 255 292
108 142 203 246 266
132 177 210 233 293
129 172 203 244 263
116 159 193 227 260
136 173 213 237 299
124 150 216 229 299
132 172 220 243 291
134 160 185 242 274
140 143 202 226 263
135 176 195 230 299
139 158 213 237 270
137 167 191 235 263
124 173 216 260 277
115 170 197 237 293
131 171 213 224 298
127 153 197 220 297
136 173 194 258 297
133 142 212 256 281
127 179 194 243 276
134 156 217 232 263
120 169 202 242 279
110 168 201 221 268
132 171 202 228 290
133 150 194 238 268
116 159 199 249 286
127 150 183 256 268
115 167 204 251 262
125 167 192 247 266
109 146 210 253 271
136 170 186 257 292
116 168 207 237 285
127 156 207 226 284
103 178 212 260 284
126 160 186 246 269
129 177 215 237 276
129 168 208 229 273
127 149 218 234 267
107 162 215 239 268
140 151 193 232 271
134 156 186 243 270
130 171 196 232 272
140 149 195 239 294
124 170 204 220 275
101 178 212 259 283
103 153 183 260 291
133 155 219 224 277
140 168 193 259 274
130 142 211 250 275
138 159 220 238 293
140 157 186 257 274
108 140 195 222 291
123 147 189 257 272
132 149 218 246 276
132 151 192 239 283
103 180 182 227 282
101 178 185 248 280
137 144 212 228 283
100 161 194 229 275
137 160 206 245 280
137 148 192 252 296
131 168 215 232 264
101 146 210 249 280
122 166 186 248 278
122 161 218 247 265
103 180 184 227 268
113 151 188 232 294
139 147 201 236 280
129 145 218 242 293
110 143 186 259 299
120 153 194 241 288
116 179 200 232 262
106 172 183 239 284
103 143 193 244 260
123 172 216 260 293
119 147 209 241 269
117 179 210 233 284
113 154 182 222 294
114 155 218 239 289
122 175 209 249 274
137 173 209 234 265
107 176 201 234 295
110 159 180 243 269
121 163 196 221 271
103 143 207 258 285
134 169 220 222 288
131 158 198 231 268
115 149 198 250 281
132 140 180 227 290
135 163 197 241 270
107 142 218 233 281
111 170 209 248 260
133 170 203 247 277
124 145 210 235 272
101 148 185 230 290
137 179 205 230 292
104 144 209 243 260
127 174 217 246 283
133 169 197 220 271
125 171 183 222 279
104 172 212 247 285
127 155 189 259 264
139 162 189 259 293
129 157 193 239 273
109 148 219 227 261
107 147 204 221 269
134 146 191 224 269
105 173 219 231 271
117 164 184 252 285
134 150 210 226 282
101 160 211 246 280
114 153 216 222 282
132 151 191 221 277
126 150 192 238 298
105 158 191 233 291
113 150 202 246 278
132 164 219 226 269
113 178 205 236 276
132 150 193 258 280
108 161 198 224 271
110 173 216 225 300
128 173 182 242 289
124 154 194 238 282
100 140 206 224 298
114 171 183 257 299
140 155 180 244 287
127 156 182 254 261
102 143 208 241 296
131 160 186 230 279
103 151 203 233 288
132 148 207 247 291
114 162 195 234 283
113 180 188 240 295
110 144 181 259 288
128 144 208 224 262
114 154 208 260 283
127 160 187 246 275
120 159 189 233 289
111 159 205 254 295
116 151 219 241 272
139 153 195 256 277
124 154 190 260 276
109 149 188 252 288
126 144 202 253 260
134 174 192 224 275
108 178 199 254 294
110 160 208 233 296
109 151 200 254 274
127 156 189 232 263
123 153 190 244 267
120 151 213 226 270
104 173 191 231 288
105 159 201 260 286
138 168 180 255 260
121 144 219 254 285
117 140 191 236 275
129 170 216 245 298
106 164 191 245 263
135 150 185 249 295
123 163 186 253 271
125 152 184 247 275
118 151 204 239 269
123 144 216 233 276
121 174 202 246 263
103 143 203 260 288
117 162 190 230 281
116 154 200 242 284
107 157 187 256 271
101 177 220 226 291
126 173 196 252 289
132 145 192 257 292
109 144 216 249 276
140 172 203 241 289
119 172 181 252 293
130 177 188 251 267
110 161 197 257 267
135 165 218 254 272
125 162 204 245 295
138 144 203 257 268
135 179 211 225 278
117 166 191 235 300
131 169 216 256 270
117 175 201 235 297
118 171 194 238 300
109 169 197 227 267
110 147 189 228 282
128 162 218 222 285
113 151 189 253 280
130 156 181 246 294
104 174 186 246 291
119 145 218 258 300
107 141 200 222 289
140 156 215 232 298
134 178 217 223 289
129 179 202 228 283
121 177 216 245 271
126 145 186 245 290
107 144 205 237 268
135 151 185 258 285
130 140 183 238 282
104 164 188 257 296
116 140 220 223 290
114 172 211 241 279
115 159 193 255 264
112 165 190 247 276
122 162 212 229 280
124 169 215 241 268
120 160 196 236 276
127 147 209 253 270
111 151 180 242 270
122 149 213 223 281
128 149 184 254 292
116 164 209 243 294
120 146 208 238 294
116 153 187 235 287
126 175 193 243 264
115 158 196 246 291
107 180 195 256 295
123 143 207 257 299
130 168 195 237 280
111 173 181 236 272
134 156 200 235 279
138 158 206 259 277
103 172 213 235 300
138 152 186 222 287
108 172 218 238 287
112 160 219 221 281
116 161 199 259 276
139 167 205 256 289
111 159 205 229 295
105 169 191 232 296
124 150 184 230 267
138 141 195 258 260
135 154 197 250 298
101 148 198 239 274
122 175 197 224 295
140 143 220 227 261
138 154 180 236 279
133 180 212 240 276
114 153 217 232 298
115 164 197 252 275
108 162 182 257 280
140 161 186 232 286
121 145 195 238 274
126 165 217 227 291
100 159 193 250 261
136 152 215 227 280
101 140 185 240 284
132 161 207 244 297
113 154 215 234 262
114 155 210 233 295
127 157 183 260 281
128 141 192 232 287
129 169 203 225 260
117 146 214 249 263
133 153 190 252 274
134 142 214 234 268
122 164 205 240 291
118 176 203 260 286
113 180 196 242 278
139 176 183 257 276
130 144 188 259 286
132 155 207 242 279
117 160 213 253 274
125 141 183 233 271
122 141 181 238 289
136 169 211 223 298
116 177 197 241 260
111 157 204 247 260
106 175 191 245 297
134 151 180 221 277
128 156 198 235 277
104 142 198 244 284
124 163 198 235 269
130 167 217 260 298
137 143 192 251 284
113 148 211 257 298
131 165 216 229 281
130 166 191 234 273
128 151 186 249 263
108 169 190 228 289
130 162 207 225 263
115 145 197 249 278
128 157 194 245 267
123 163 216 220 299
122 173 191 250 263
116 179 186 248 282
135 172 207 248 278
139 144 186 247 278
125 147 216 254 281
135 155 212 226 292
100 162 210 226 292
115 151 208 255 268
108 153 193 233 269
124 172 190 237 291
121 154 199 258 274
112 179 194 249 276
140 179 196 235 293
138 161 199 248 276
117 146 218 244 269
122 141 194 259 296
101 155 207 233 300
124 163 216 227 297
100 140 194 236 266
105 145 216 260 287
118 172 205 260 278
102 173 215 256 278
136 155 200 223 294
120 162 213 247 262
114 141 187 244 269
137 176 190 255 286
120 159 180 221 274
137 173 200 234 283
103 152 218 220 277
137 149 184 255 294
115 174 208 253 277
130 167 186 236 269
138 157 188 223 266
116 168 189 224 264
108 141 190 237 269
138 180 209 238 267
106 153 219 224 263
105 147 188 259 262
126 170 186 235 277
123 171 187 241 298
110 175 192 223 273
113 177 212 221 282
100 150 216 231 293
134 149 211 233 261
109 157 211 228 273
104 166 191 236 264
139 164 202 255 269
129 165 185 240 287
115 169 218 235 287
109 155 202 237 291
103 148 200 250 278
127 151 202 231 281
111 172 200 225 295
106 157 219 220 293
123 153 218 255 295
102 157 194 250 300
102 164 195 254 282
116 173 215 223 268
110 168 200 227 277
109 168 185 221 288
122 155 201 222 276
119 158 189 253 280
138 170 191 243 274
114 146 209 260 280
121 174 206 246 269
101 161 204 251 291
118 175 189 255 262
139 168 199 238 294
120 177 186 236 263
106 163 188 258 280
130 165 213 246 275
109 152 210 229 299
117 150 205 259 262
126 166 214 222 286
101 152 194 222 263
114 156 180 257 294
102 157 201 240 285
126 176 190 237 287
139 156 208 228 285
127 148 183 259 283
109 177 206 255 265
117 180 207 232 284
104 148 205 242 298
120 155 189 251 265
101 161 212 253 269
135 156 212 245 263
128 156 207 244 298
125 165 211 227 277
135 145 187 221 290
138 167 220 230 300
127 166 204 228 288
113 141 194 245 275
109 154 191 243 265
107 141 190 236 282
108 155 206 224 295
115 169 181 228 296
118 144 210 237 271
125 158 210 225 285
122 151 217 222 269
120 173 207 247 290
102 161 198 242 265
109 147 213 245 299
128 175 183 228 284
102 168 210 229 300
136 150 208 252 282
135 156 196 260 274
114 152 193 238 264
128 160 203 230 265
113 150 218 233 275
116 144 188 220 285
137 169 193 226 283
140 144 211 220 294
124 170 207 234 261
123 153 189 240 299
120 179 194 234 266
125 174 188 256 281
127 165 220 232 298
133 163 192 226 296
119 159 209 231 261
130 140 218 232 274
122 154 184 243 285
103 179 203 236 266
106 174 184 239 270
139 157 218 228 264
131 148 189 259 279
139 171 207 258 291
133 175 198 250 282
120 160 216 247 265
128 168 216 256 262
103 171 212 226 285
121 159 192 229 287
117 167 212 245 299
116 153 204 245 273
114 158 216 235 269
125 169 196 234 261
100 154 218 252 260
108 162 185 241 275
131 168 208 241 268
121 162 185 226 291
132 165 185 260 283
106 154 214 230 278
122 141 201 249 261
120 175 197 260 295
116 165 187 260 283
109 156 216 221 290
115 148 215 250 260
110 174 200 220 290
112 171 182 234 266
113 169 220 249 297
129 173 201 228 266
106 170 198 244 298
103 158 204 227 298
119 176 193 229 274
116 160 189 236 277
115 142 218 224 278
124 155 217 247 278
121 145 200 237 269
113 160 196 232 294
105 173 198 222 270
131 168 181 220 294
105 149 217 260 266
123 164 183 257 260
117 168 204 257 265
132 180 186 223 297
126 142 192 256 266
114 149 214 250 274
133 163 202 257 292
127 162 187 227 268
114 168 215 249 271
124 142 209 249 280
105 180 180 222 276
132 160 196 248 279
110 159 214 223 282
106 151 198 254 264
110 170 197 254 291
112 151 213 230 291
107 144 195 248 269
133 170 200 260 288
135 163 193 245 282
111 157 189 248 288
134 149 185 225 292
111 161 191 251 296
132 151 211 228 287
131 178 180 236 288
136 169 204 239 288
121 161 184 245 294
122 155 200 223 288
107 159 198 234 277
121 178 216 227 290
113 172 206 241 264
110 157 190 255 272
115 157 217 240 291
129 171 211 245 266
137 158 193 258 270
101 168 198 235 276
136 145 197 254 275
102 166 189 223 269
115 175 220 231 291
117 148 182 237 296
135 178 189 249 299
122 146 182 244 274
123 176 217 240 273
140 175 201 241 299
104 177 186 255 278
136 157 197 259 287
112 162 191 229 281
139 150 194 242 296
106 158 204 235 261
129 141 201 254 282
108 171 202 247 263
120 162 214 238 296
103 180 215 243 273
130 140 214 246 282
107 180 209 246 280
100 178 197 254 298
114 155 182 222 276
127 160 213 228 269
113 180 201 252 267
140 175 217 220 290
103 155 204 225 274
121 178 208 247 279
129 151 197 226 261
125 164 180 229 269
130 176 195 235 274
119 169 203 246 267
126 148 183 234 295
134 143 207 244 261
125 179 200 248 286
138 142 199 249 262
137 176 192 258 294
122 145 181 224 291
103 142 203 260 297
130 151 216 244 286
100 178 201 224 277
107 171 214 248 300
136 145 201 246 261
119 165 203 235 294
111 154 206 225 298
126 166 180 233 288
139 178 211 252 265
127 149 196 251 262
102 174 185 245 265
133 173 213 260 295
106 161 208 253 270
121 143 216 245 279
126 140 192 254 289
113 140 207 239 290
104 164 195 254 291
117 180 182 251 297
133 163 202 237 276
138 171 216 257 300
103 166 194 222 261
117 141 204 237 279
112 156 192 256 261
134 170 181 259 268
114 167 192 247 286
115 176 206 239 277
100 154 203 244 284
110 149 183 256 288
131 165 198 260 279
130 178 196 238 281
140 163 212 255 285
112 180 219 243 281
108 149 188 235 291
113 179 218 245 273
130 175 194 249 292
132 171 202 247 275
112 148 198 247 262
138 150 208 256 279
125 147 181 257 284
102 145 194 247 280
107 151 219 237 262
122 157 181 248 262
135 158 214 260 283
140 167 207 240 292
125 175 182 235 271
108 156 188 223 271
112 172 214 255 298
113 144 214 257 281
121 161 188 260 297
112 167 197 256 261
129 170 211 244 296
106 148 216 229 294
118 157 193 238 298
118 180 197 239 262
121 151 199 240 280
107 162 184 256 267
104 143 184 232 270
112 145 220 238 296
138 158 184 250 282
126 163 204 227 285
102 163 220 243 285
123 180 212 222 282
129 145 196 238 276
137 161 206 225 297
110 155 204 246 285
117 143 195 226 297
131 175 214 242 260
139 155 187 256 300
127 153 212 256 281
114 154 207 238 271
100 157 212 249 296
116 170 191 252 265
133 171 200 234 293
126 146 211 226 277
104 165 209 223 268
106 144 197 256 298
106 166 198 228 264
107 174 206 260 293
128 176 203 228 285
139 175 180 223 266
135 150 211 223 285
135 157 198 223 282
112 147 187 251 289
102 167 215 252 271
136 155 188 252 296
130 165 213 226 286
132 160 216 220 293
114 174 186 241 271
125 153 187 225 291
136 160 185 230 273
104 176 196 251 277
140 171 193 237 263
101 179 210 229 279
111 158 206 244 283
130 167 214 240 260
137 144 186 227 286
108 167 202 258 297
112 146 200 245 263
117 163 191 244 283
135 147 212 247 281
128 169 181 254 268
130 153 215 251 281
122 154 208 220 266
140 146 201 231 284
116 180 211 220 298
110 165 199 258 283
137 154 185 223 293
130 176 184 260 281
123 154 201 231 295
104 161 181 239 299
123 146 195 247 285
127 175 219 238 279
113 159 187 244 277
120 174 209 256 285
108 140 197 250 298
131 155 210 234 275
101 151 195 238 288
120 143 187 238 278
134 161 181 222 269
118 173 220 226 300
137 142 220 250 285
140 152 197 234 278
134 164 181 243 292
122 151 194 260 260
116 155 196 225 268
130 144 218 240 280
102 143 204 232 284
110 144 192 234 272
115 154 180 220 284
132 156 191 231 291
115 145 192 228 296
107 167 181 247 263
136 167 219 250 285
107 177 204 222 279
125 154 202 237 268
133 142 181 251 285
131 159 208 259 298
112 155 191 253 290
120 141 188 248 280
120 144 187 248 261
107 167 189 246 288
139 178 180 260 283
107 152 189 221 290
121 146 217 236 298
115 175 200 228 288
130 177 197 252 297
111 179 208 234 295
134 180 195 249 281
125 167 207 249 295
117 165 204 223 292
135 169 187 222 280
135 147 193 256 267
129 147 201 235 268
120 144 191 235 271
131 158 207 221 283
116 140 200 253 277
110 168 213 221 285
133 160 207 247 266
103 178 206 232 263
140 152 192 242 276
133 145 181 229 297
100 140 193 238 275
130 159 197 229 266
101 171 204 240 280
138 149 217 224 299
103 173 182 253 291
114 160 185 238 294
120 168 215 254 272
109 143 183 250 283
132 159 192 253 266
137 169 197 250 264
131 172 207 254 270
114 176 194 253 272
112 171 205 260 296
117 144 202 222 289
114 141 208 252 294
137 164 180 233 264
130 140 192 226 292
137 172 201 252 286
122 175 198 260 272
110 147 194 229 300
123 178 192 244 300
122 177 214 232 277
105 142 190 243 287
136 172 194 254 277
139 175 191 257 277
140 149 202 255 292
135 163 194 227 292
113 173 181 244 286
135 168 211 255 270
140 178 204 227 283
103 168 180 246 282
118 180 199 243 274
114 151 206 232 267
129 147 193 229 296
114 153 194 226 275
103 162 180 233 279
115 140 195 253 299
116 150 209 235 277
121 170 214 235 273
122 164 195 259 279
130 178 211 245 279
125 157 200 260 279
105 160 205 230 278
132 165 214 224 292
105 179 214 235 292
140 163 199 245 276
140 147 205 241 287
102 164 207 228 270
118 149 201 251 267
130 145 183 238 300
135 170 210 226 264
129 174 214 224 260
127 140 197 258 276
122 169 200 245 275
112 172 210 235 261
128 152 211 255 298
131 154 191 243 287
117 150 214 221 294
131 154 202 241 268
125 170 215 226 295
112 149 182 239 283
122 159 209 242 261
131 154 215 227 266
130 148 210 234 285
109 179 181 255 285
100 140 186 259 260
122 166 185 252 294
123 154 196 240 284
132 170 220 224 287
138 175 204 237 290
124 171 184 245 269
105 148 199 225 261
138 165 214 254 261
129 160 218 255 268
122 174 219 231 295
126 143 184 243 280
137 140 184 254 268
133 159 210 233 266
140 140 195 222 265
114 155 189 246 287
123 166 219 234 281
132 167 213 239 265
127 166 211 232 292
139 148 219 224 285
3496 5290 6342 8044 8910
3118 4598 4702 6391 7014
3995 5623 7324 9470 9840
6418 8133 9455 11317 12738
1888 2336 3359 3839 4175
1973 2107 3287 3870 4184
4659 6674 8521 10787 11291
5204 6337 8268 10366 12003
3851 4141 5936 7354 8223
1182 1751 2407 2691 3271
5943 8244 9346 12413 14282
3978 5732 8501 9359 10529
5120 6128 9191 10534 11122
3309 4296 5457 6531 7895
3020 4698 5872 7270 7354
2772 3920 5118 6242 7065
3445 5331 5781 7428 8626
2051 2518 3651 4533 4964
2349 2744 3855 4537 5236
3921 6402 6654 8345 10790
4270 5005 6789 8434 9659
4655 7338 9099 10692 12034
2875 3220 4347 5933 6048
5915 7840 9999 11501 13051
1348 2112 2630 3239 3860
1702 2219 2567 3614 4144
5330 6463 8352 10156 11877
4781 5824 7729 8700 9778
2301 2921 4101 4721 5301
2445 4242 5128 5488 6877
4318 4964 6664 8126 8908
4057 4600 7027 7858 9391
2690 3264 4552 5241 6873
4818 5880 8119 9560 10964
2542 3092 4097 4362 4969
3997 4287 5648 7356 7965
1530 1973 2331 3037 3299
5717 6190 7780 10488 12379
6758 8227 9892 11361 12879
4141 5690 6662 8246 9903
4491 6912 9025 9685 11754
3764 4981 6081 6515 8108
5888 7177 8037 9713 11905
2287 2737 3385 4015 4970
5242 7044 8805 9051 11549
5102 7550 9795 12957 13519
5248 6916 9221 10790 13438
2474 3191 3711 4500 4894
5697 8645 10094 12442 13242
1889 2433 3106 3714 4306
3297 4206 5504 5842 7373
4446 5811 8150 9398 10256
3840 4704 5824 8095 8703
5543 7422 8972 11603 13294
4076 4316 5994 6983 8721
6802 7052 9353 11753 13003
5084 6613 8952 10347 13405
5676 6020 8471 9546 12040
4137 6079 7410 8022 10360
1926 2862 3330 4427 4985
1802 3027 3279 4072 5027
2053 2953 3565 3997 4843
1742 2525 3323 3851 4442
3858 5243 7188 7946 8738
4872 7722 9973 10847 13099
1585 1883 2455 3130 3727
5871 8407 8548 10379 14089
3773 4474 5013 7007 7277
4597 7647 9108 10225 11815
4297 7176 8895 10700 11903
3032 4353 5524 7715 8015
5548 7194 8792 10532 12883
1282 1678 2349 2983 3570
2939 3559 4501 5511 6682
3024 3824 4774 5573 7298
4378 4762 6200 7574 9523
3121 4187 5176 5826 6788
1820 3027 3243 3982 5170
2539 4215 4933 5963 6944
4620 5840 7318 9129 10460
4812 7285 9398 11602 12051
4745 7012 8439 9531 11672
4367 6299 8356 10875 11337
5324 7299 8758 10948 12408
1548 2450 2811 3307 4058
4224 4719 5973 7623 9504
4400 6120 8720 9000 10600
1818 3132 3402 3960 5184
5357 7894 9539 10760 12687
6321 8615 9277 12183 14527
3035 4278 5234 6214 7074
5598 8497 9747 10996 14645
1261 1897 2161 2713 3589
4671 5620 8164 9341 10139
1977 2186 3069 3563 4177
1825 2497 2781 3783 4366
6429 8306 10230 11075 13093
2878 4029 4317 5420 7075
4908 6664 8465 10896 11752
6676 8510 9529 12230 14727
5648 8128 9597 11526 13592
5339 7984 10188 10923 14106
5799 6854 8787 11291 13004
4550 5364 6485 8691 9642
5013 6761 10118 10992 12279
4653 5435 7133 8152 8831
6558 8662 9004 12381 14192
1996 2716 3687 4244 5143
2349 3182 4129 4224 5664
3811 5236 5731 7838 8147
4857 6533 8166 10143 12894
2709 4109 4431 5624 6451
1589 2534 3148 3403 4018
2108 2962 3627 4880 5089
4346 4761 5976 7925 9554
3335 5018 6900 7263 9177
1748 2349 2629 3383 3747
1646 1879 2773 3356 3486
5880 8177 9417 10657 13551
4270 4858 6591 6962 9252
1437 1568 2347 2654 3037
1665 2127 2883 3204 3820
4364 5547 7395 9466 10021
4446 5852 6954 9348 10298
2184 2615 3364 4097 4193
6021 7262 10020 10618 12456
2103 3221 3638 4851 5627
1887 2652 3332 3740 4913
3538 5277 5846 6626 8454
5651 6634 8477 9050 12040
2680 3207 4349 5316 6546
3994 4891 6284 7182 9132
5233 7031 7191 10267 11225
6497 8595 9545 12093 13243
3172 3871 4670 6143 7092
4888 6290 7511 8482 10027
4943 7006 10269 10605 14396
6545 8044 10293 11342 14190
3635 6114 7201 7541 9647
5283 7259 9693 11761 13506
1897 3092 3869 4647 5576
4021 5735 6164 8141 9295
1250 1656 2127 2851 3169
5456 6118 7482 9898 10171
2067 2731 4134 4684 5500
5197 7207 9462 10835 13679
3573 4832 6669 7894 9289
4780 8090 9285 11077 13145
4557 5697 6988 9760 10785
2827 3723 4137 5585 6458
1480 1765 2237 2675 2905
2543 4125 5037 5684 6308
5961 7557 9247 12203 13752
4533 5972 7087 8885 9497
4040 5920 8040 9840 11000
5796 7684 9660 11284 12601
5661 7148 9834 11993 13384
2677 3017 3875 4954 5373
2066 3146 3885 4776 5477
5451 6902 8968 9935 13188
4513 7565 8167 9456 12851
1508 2095 2406 2789 3208
5583 7869 9276 10023 11737
3357 3945 6099 6966 7525
2887 3953 4733 6735 6865
1187 1824 2131 2516 3175
5355 8567 9995 12544 13462
5334 6113 8410 9656 10980
1893 2614 3767 4002 4813
5629 7342 10279 12481 14586
2074 2584 3493 4019 4147
6948 7098 10097 11097 13996
3453 5148 7002 7802 8505
4139 6456 8089 9076 10139
4245 5570 6656 7709 10188
1349 1809 2291 2444 3190
3992 4765 6560 7983 8633
5845 7339 9316 10327 12392
2706 2937 3776 5182 6251
1615 2602 2737 3858 4412
3676 4747 6166 7381 7758
6499 7098 10247 12197 13196
4595 6234 8751 9350 11628
3306 4408 5771 6380 8352
3163 4439 6064 6412 7718
4005 6447 7408 8930 10452
5808 8406 11157 11972 15029
4441 6992 9014 11169 12356
2598 4573 5066 5820 7690
2779 3881 5175 5654 6852
5098 7847 10196 12245 14244
2038 2428 3328 4092 4958
4754 6351 7559 9624 11027
5036 6387 8966 10480 11545
4088 6253 7266 8594 10131
3849 6403 7194 9028 9568
5341 7938 10387 11171 12935
2517 3712 3942 4697 6165
4513 4974 7148 7675 9816
2755 3015 3694 5131 5510
1254 1727 2309 2441 2991
4644 6364 8901 9847 11954
1987 2683 3243 3872 5043
3322 3686 5554 6696 7189
2699 3860 5587 6855 7503
3746 4892 6657 7183 8855
3247 4114 5905 6968 7388
3663 5213 6665 7622 9074
1715 2428 3497 4193 5092
2061 2396 3370 3721 4440
5243 7549 8514 10904 11239
3740 4896 6731 8499 9281
5166 5546 6838 9155 10750
5444 6749 8863 10752 12417
1395 1549 2285 2438 3196
4650 5294 7127 8518 9604
2202 3418 4508 5116 5829
4485 6082 6626 7577 9038
1903 2029 2812 3316 3666
6745 8144 10092 12340 13240
5873 7188 8926 11651 12920
2908 4413 5582 6568 6802
1390 1927 2189 2791 2955
3332 4773 6311 7336 8393
3236 4315 5448 6095 7982
2900 4098 5201 5296 6638
5381 5576 7837 8734 10722
1131 1636 2262 2702 3141
3846 5874 6993 9056 9441
2523 3509 4710 5527 6416
5533 6477 8501 11244 12954
1411 2069 2571 2822 3253
4639 5886 7912 8809 11537
5801 6656 8634 10973 12996
3557 5011 6804 7763 9248
5164 5619 7631 9302 10441
1399 1901 2327 2775 3059
3241 4981 5852 7052 7832
3795 4967 6111 6921 8148
2072 2804 3011 4063 4652
2269 2983 4265 5168 5588
3819 5121 6075 6741 8476
5284 7046 8315 9995 10773
3946 5409 6566 7722 8845
1893 2408 2965 3299 4162
1483 1793 2582 2738 3574
5402 7038 9002 9943 11907
4419 5276 6101 7980 9036
3360 3432 4848 5424 6311
5932 7733 8568 10106 13138
2913 3311 4464 4967 5658
1504 1834 2097 2580 2887
4083 5696 7112 8561 9120
3676 5433 6296 7575 9364
6411 8368 10424 10962 14583
3807 4587 5906 6595 8903
4205 5349 5998 7977 9183
3318 3543 5289 6387 7011
4947 6973 7557 9466 10751
5892 6860 9542 10201 11564
2756 3880 4638 5556 6406
3521 5377 6433 7073 8577
4482 5806 6858 7741 9845
3856 4349 5624 6899 7769
3824 5241 6560 8208 9427
2412 2848 3475 4861 5089
3102 4505 5503 6770 7067
2997 4004 4603 5922 6377
4467 5984 8606 10369 11106
3935 4919 5382 7436 8449
2316 3353 4132 4730 5688
4188 5144 6825 7452 9364
1230 2125 2531 3104 3390
2266 2878 3345 4424 4838
1670 2291 2782 3067 3571
3737 4866 6025 6633 7907
5077 5957 8715 9355 10674
2994 4533 6016 6687 7499
3498 3773 4822 5797 6771
2008 2338 2787 3641 4045
4936 6493 7442 8809 10328
2234 2378 3111 3813 4691
5206 7137 8564 9235 11544
4337 7644 9104 11122 12152
1852 2751 3291 4675 5233
2522 2940 4153 4248 5253
2232 2678 3077 4128 4368
6236 6811 10121 11991 13190
7028 8098 11204 12121 14922
5734 6431 7618 10526 11223
5078 6583 9168 10438 13682
5902 7054 9069 12332 13052
5010 5655 8274 9336 10475
2637 3016 3835 4774 5653
2060 3600 3640 4540 5639
3432 6049 6286 8427 9514
3969 4172 6141 6605 8198
4002 6442 7763 9163 11004
3281 3831 4933 5867 6705
4103 4433 5750 7547 8865
3139 4026 5152 5559 6326
1514 2188 3147 3731 4196
4389 5972 6691 8921 10000
1337 1765 2389 2707 2904
2679 4682 4786 5904 6971
4633 6190 7707 9511 12052
4027 4259 5823 6837 8111
2573 2892 4348 4827 5844
5278 6861 8923 12425 14344
5997 7647 9695 12044 14393
5218 8052 8997 10436 11785
2649 4298 4573 5972 7096
1445 2007 2708 3423 3648
5279 7381 9269 11158 12574
3807 4702 6685 7709 8604
1983 3034 3560 3949 4814
4069 5545 6553 7994 10586
2503 3404 4787 5248 6346
6216 8915 10648 12685 13959
4652 5874 7097 7945 8998
3527 5801 6625 7713 9723
4072 5885 6662 8994 9956
5808 7824 9408 10608 13008
4530 6289 9103 11346 12533
4146 5229 6807 6869 8911
5369 6476 8115 9468 10984
1263 1636 2174 2745 3085
5149 5461 7021 8854 11311
2426 2929 3539 4330 4851
3316 4401 6756 7221 8708
4326 6626 8146 9666 10133
5313 6791 8109 9866 11064
4586 5363 7767 8692 10060
5052 7403 9254 11504 14505
5197 6790 7776 8724 11076
2602 3602 5228 6078 6503
4055 5556 6929 7854 9036
5185 6588 7680 8576 10564
6374 8720 9332 11320 14227
2803 4636 5714 6657 7682
4315 5267 6422 8800 8970
2910 3391 3956 5422 6133
1417 1724 2119 2624 2998
3707 5033 7448 7720 8876
5139 7060 9797 10614 12919
3217 3505 4586 5378 6458
4092 6742 8535 9003 10562
3741 5243 5883 8056 9111
2944 3296 4614 4965 6195
4543 7196 9490 11064 12593
5813 7801 11013 11319 14378
2772 3171 4011 4641 5817
4280 5095 6522 8084 10122
3465 5213 6302 7688 9601
2823 3748 5047 6146 6945
2899 3602 4810 4964 5908
2821 4444 5118 5892 6890
2899 3294 4238 5666 6149
1189 1773 2180 2466 2984
1425 2240 2797 2914 3885
6523 8816 9275 12332 14727
2974 3693 4652 5707 6762
2501 3501 5151 5601 7451
2502 3753 4017 5641 6563
5595 6195 7194 9752 11470
3682 4523 5277 7364 7567
3670 5146 7484 8672 10651
4976 6078 7065 8737 10598
2060 3019 4059 4659 5758
3029 3397 4750 5668 6678
4672 6640 7992 9590 11598
1464 2332 2436 3110 3822
2749 3599 4523 6472 7197
4865 5473 7905 8513 9958
5809 7847 10598 13248 14420
2791 3516 4110 5406 6044
2758 3654 4344 5355 6642
1327 1900 2450 3035 3525
3709 4828 7002 7706 8697
6110 6725 8571 11252 12175
2724 3383 4174 5712 6063
5013 6852 8645 11588 13244
1637 1870 2623 3286 3377
3883 5041 5563 6490 7968
5502 9068 10137 12939 14977
4066 5915 7689 8613 10942
4468 6189 8197 10410 11230
4954 6085 7372 9049 10258
2829 3518 4369 5611 6140
5879 7398 10435 11072 13228
2287 3804 4199 5079 6332
4826 7308 9238 11950 13145
1790 2179 2335 3308 3372
5923 7049 10720 12433 13951
3980 4762 6497 8027 9354
2957 3896 4951 5615 6830
3817 5905 6877 8821 9469
5935 6594 8132 10946 12968
5040 6679 7622 10367 11104
6124 7446 9014 12100 13472
6017 7700 10402 12187 13716
3442 4029 6044 6519 7722
5804 8346 9689 11800 12615
2264 3143 4461 5713 6329
1403 1943 2279 2758 3370
4405 5848 7595 9190 10785
1605 2354 2804 3838 4063
1612 2825 3511 3606 4644
2764 3795 4300 5528 6340
4482 4924 6519 8726 9915
5121 6765 10147 11697 12966
2930 3600 4249 5044 6049
2375 3433 3612 5029 5847
2725 3710 3941 5261 5596
5388 7886 9649 12588 13078
5256 6424 8487 9888 10589
2618 3393 4272 5131 6178
1789 1867 2631 3331 3474
4583 6076 7163 7638 9437
3038 4310 4959 6101 7789
6017 7763 9922 11759 12402
3153 4716 5417 6333 8004
3889 5635 6393 7843 9886
3162 4902 5714 6584 7744
5392 7206 9264 11176 13823
2171 2747 3697 3765 4833
1242 1659 2076 2779 3076
5976 7171 8320 11307 13514
4365 7303 7807 10325 12213
1301 1586 2384 2821 3280
3640 4796 6803 7551 9830
6151 6854 9446 10193 13092
5619 7464 9100 9351 12119
4380 6078 6858 7741 9608
3139 4592 5604 6356 7031
3778 4347 5576 7345 8694
2784 3746 5332 6165 6971
6610 7393 9057 12631 13953
3120 3360 4392 5712 6768
5196 8194 9393 12841 14789
4522 5458 8576 8693 11305
3073 4637 5688 6496 7521
1954 2701 3278 4331 4484
3470 5112 5887 7653 8551
2314 3073 4021 4344 5311
4211 5739 7301 8183 9100
2158 2878 3525 4244 4963
2409 2788 3964 4798 5121
2777 3778 4504 6055 6755
3292 4021 5748 6017 7582
1404 1634 2018 2785 3202
2546 3600 4587 5333 6452
3956 4813 6857 7846 9692
5568 7343 8975 11279 13774
5037 6995 7715 9713 10552
4711 6473 8029 10078 11921
2883 4850 5254 6897 7948
4421 5140 7441 9238 10747
4545 5874 6818 8286 9789
4440 6920 7240 9440 10880
2140 2491 3194 3753 4455
5925 6784 8845 11121 11893
2673 4464 5527 6098 7785
6898 7598 9298 11097 14346
3667 5840 7401 8080 9744
4366 6237 8536 8614 10953
4288 5951 7355 9573 10201
3881 4663 5724 7148 8069
4326 6197 7990 8925 11497
2203 3546 4007 4867 6210
5334 6453 7915 9894 11486
3861 3945 5456 7219 7275
5932 6767 8656 10985 13094
1416 2074 2775 3349 3839
2313 3318 3735 4247 5593
2938 3000 4616 4763 5476
4000 4464 5217 6840 8087
6375 8628 10162 11504 13230
2390 3207 4548 4862 6246
2527 3603 4328 5536 6041
4534 6801 7641 10790 11755
6296 7240 8364 10432 12861
1815 2175 2925 3570 4110
6420 8406 11056 11565 14826
3001 4772 5792 7502 7832
2579 2882 4077 4305 5309
3639 5043 6664 8646 10230
5931 7235 9301 10964 13345
1582 2155 3009 3275 3666
4670 6350 8603 9545 12085
4441 5490 6399 9091 9825
2815 3101 4223 5102 6312
2965 3885 4666 5172 5976
3157 3940 5774 6719 7096
5582 6422 7974 10576 11500
4018 4257 6416 7015 8035
4020 5404 6755 7908 9589
5538 8260 9527 12202 13422
1239 1974 2149 2653 3048
2216 2806 2918 4097 4400
1946 2155 2814 3876 4280
3031 3559 4752 5556 6405
4675 6393 8511 10109 10948
2128 2400 3115 3966 4612
5978 6909 8869 11662 14161
2984 3708 4629 4892 6537
1854 2829 3148 3851 4155
3107 4395 5711 6914 7278
3918 6468 7059 9055 10977
3083 3475 4142 5085 6374
3837 4677 5936 7045 8304
2496 3408 4752 5856 6816
1734 2279 2769 3286 3761
5838 7500 9745 11676 13382
4516 4714 6329 8274 9362
2706 3544 5053 6154 7136
4186 5272 6902 7317 8978
2987 3814 4389 5377 6273
3584 4227 5207 6971 7363
3347 5237 5888 7065 8955
6628 8260 10554 11472 13409
2644 3333 4529 5724 6391
1534 1881 2324 2935 3199
4914 6512 8630 8790 11946
4755 6742 7444 9743 10250
4288 6616 6875 9166 10423
6336 8073 9716 11640 13048
4306 4461 5762 7652 8612
2494 2933 4309 5067 5606
4179 4798 6562 6995 9038
1698 2751 3566 3838 4959
4712 6187 8523 10449 10981
4214 5970 7530 9091 10495
3467 4809 5312 6626 8136
4231 5385 6958 9021 9581
4700 7511 8141 10449 11582
6851 8759 9591 11499 14337
6893 8042 9940 12388 13786
2338 2917 4355 4875 5374
1459 1687 2320 3098 3540
5149 7901 10552 11877 15293
1854 2436 3229 3393 4439
1404 1966 2724 3313 3734
1256 1734 2583 3109 3432
1881 2742 3268 4145 4432
2137 3624 4504 5363 5824
5571 6350 8193 9135 12043
5036 6799 8939 10366 10996
1256 1554 2060 2688 2964
6978 8964 9677 12987 14566
2163 2865 3244 3982 4937
4651 5873 6789 7944 9607
3502 5168 7412 7480 9418
2734 2973 3672 5088 5866
5399 8169 9765 11877 13004
4938 6343 7065 8964 10218
3450 3925 4700 5575 6650
2206 3194 3593 4259 5019
1515 1978 2666 3325 3774
6340 8270 9602 10934 12266
2333 3367 4820 4930 5788
4726 6617 8462 11658 11793
5289 7136 7808 9865 11628
4668 6490 7097 9147 11310
2530 4025 4416 5129 6279
4517 7074 8473 8833 11271
2198 3297 4748 5078 6441
6564 7299 10336 11413 12785
2616 3767 5063 5471 6550
4473 7140 8215 10151 11355
2773 3271 4029 5086 5365
4124 5275 5914 7672 9174
4824 7090 9145 9858 12039
5448 7747 10096 11845 14543
1957 2811 3799 4748 5280
4062 4829 6460 7387 8986
5325 8251 9594 10793 14151
4556 6748 9412 9455 12592
1468 1826 2601 3042 3520
2649 4077 5038 6492 7791
4384 7048 8380 10916 12119
3942 5878 7305 7577 9106
3519 5374 6398 7262 8861
4905 7560 8325 9945 12960
5002 6355 8240 9101 11315
1306 1734 2074 2776 3072
3306 4073 4576 5821 6564
4898 6273 8979 11170 12030
5682 8171 9673 11551 12631
1613 2570 3257 4007 4646
1413 2095 2263 3053 3137
3049 3685 4365 5221 6449
2519 3715 3904 4954 5520
2860 4397 5072 6960 7553
1423 1806 2331 2692 3010
4248 5924 8184 8925 11653
4093 5247 7171 9060 9164
3271 4309 5555 5763 7424
4247 6391 8156 9334 11057
3873 5300 6115 8731 9987
4997 7691 9846 11757 13961
4153 5801 6262 7811 9459
2079 2333 3111 3410 4263
5331 6212 7681 10871 11878
2612 4241 4936 6110 6350
3037 4672 5372 6021 7371
1558 2216 3070 3624 4462
2999 3874 4724 6273 6623
4240 6758 8899 10620 11291
6340 7326 9956 11506 12351
3833 4671 6198 7306 8922
3621 4780 6112 6576 8024
3779 4059 5235 6187 8118
6889 8337 10983 11482 14976
2662 3479 4276 4779 6036
1583 1975 2717 3431 3851
4143 5854 7260 9237 10073
1179 1554 2093 2600 3107
3995 5733 7619 8284 10910
5518 8109 8685 10940 14203
4247 5183 7558 8530 9754
2371 2997 3984 4268 5406
3171 3925 5640 5770 6991
3233 4660 5576 6654 7812
3367 5314 6535 7987 8746
1740 2346 3399 3910 4772
5245 7171 7498 9342 11637
3261 5370 6712 7320 9589
2713 2992 4149 5026 5625
5259 6077 7635 10128 10673
3878 5170 6564 8095 8979
4478 5598 7102 8047 9271
1354 1798 2612 2792 3295
1627 2019 2636 3084 3996
3146 3881 4432 5190 6499
2935 3019 4423 4612 6163
4833 6626 8068 9120 10173
1841 2290 2829 3592 4475
5398 8051 8726 10525 11964
5119 7125 7699 10483 11507
3802 4939 6585 6944 8920
6778 8307 9785 11518 15085
2855 3815 5015 5542 6262
3637 3917 6099 6491 7666
3048 3848 4597 6071 7120
4840 8410 9538 11088 12498
4664 7656 8096 10516 11880
2776 3135 4353 4552 5271
2878 3251 4152 5689 6129
2490 3063 3708 4621 5212
5844 7689 8700 10984 12390
2516 3354 4528 5178 5556
3321 4359 5604 6642 6797
3706 6152 7627 8130 10253
2297 3019 3645 4347 5448
5024 7170 9102 10519 12837
5914 7800 10400 12490 13918
1252 1735 2372 2580 2954
1874 2533 2938 3507 3912
1399 2154 3049 3525 3637
5076 7614 8695 11327 12925
2877 3689 4567 5292 5884
2661 3562 4068 4969 6398
3953 4942 5541 7787 8475
5405 7853 10912 11728 14175
2318 2679 3819 4730 4958
5392 7863 8851 11681 13254
2316 3294 3733 5190 5649
1524 2181 3020 3090 4054
2758 3550 5157 5996 6236
1868 2954 3396 3735 4923
4033 6157 6553 8426 9578
3947 5903 7684 8697 10373
6447 8646 10045 11394 13293
4872 7813 9100 11213 13695
3397 5211 6728 7487 9828
6067 8973 9839 11675 13969
3944 5439 6425 8023 9416
3795 4685 7193 7391 9173
2226 2783 3896 4434 4991
1936 2320 3200 3792 4304
3162 4476 5484 6491 8225
2731 4499 5149 5773 7021
1700 2180 2349 2855 3815
2728 3870 5637 6753 6909
2704 3606 4023 5650 5716
1634 2346 2848 3588 3700
2106 2872 2968 3558 4738
6173 6957 9406 12541 13031
4671 6105 8768 10243 11226
3050 3738 4632 5893 6695
2413 3078 3553 4313 5092
3757 5537 7086 8206 8931
5700 6528 9607 11446 12871
1681 2882 2882 3554 4419
5671 6873 8420 10654 11985
4728 6835 9199 9585 12121
2226 3171 4158 5334 5544
1865 2882 3339 4306 4933
2685 3620 5107 5514 6977
3853 5186 7022 8930 9686
4113 5257 6185 8040 8906
6069 7328 8676 11014 12677
1996 2823 3398 4459 5178
2678 2978 3698 4497 5836
3326 4824 5723 7521 8869
1975 2260 3157 3412 4294
1436 1951 1973 2586 3156
3936 4891 5904 6916 8334
2416 3215 3674 4892 5870
2804 3563 4597 5125 6619
5136 7632 9503 11231 13295
2897 4262 5172 5435 6943
4405 6704 8029 9393 10290
4839 6906 8358 11217 11965
2870 3918 5415 5989 7261
4638 6148 7586 8808 9563
6570 7577 9256 12373 12948
1414 2351 2771 3289 3862
5844 6230 8464 10913 11815
4083 6644 7565 8925 10766
4594 6990 8787 9227 11623
3041 3847 4731 6160 7693
2150 2835 3010 3966 4762
4149 4965 6189 8297 9317
4175 5974 7366 8147 9267
5589 6986 8024 9621 11936
1869 3181 3343 4583 4996
2712 3130 3928 5164 5722
4480 6480 7640 9159 11239
2496 2693 3483 4344 5314
4347 6479 8366 9637 10703
4124 4507 6425 8119 9014
2374 3759 4440 5429 5781
2514 3393 4482 4985 6199
5249 9173 10956 12383 13912
2985 3215 4914 5648 6475
3526 5931 6887 8106 9226
3195 5687 6294 8114 9520
1257 1709 2007 2447 3043
3807 4796 6385 6834 8063
1691 2693 3007 3770 3994
4471 5588 6930 7025 9260
3915 5892 7754 8553 10415
1566 2304 2692 3196 3610
1936 2266 2957 3392 3917
6001 7873 8641 10993 12913
3115 4218 4673 5631 6566
3328 4727 5678 6880 7467
6424 7546 9331 11931 15041
3750 4002 5793 6828 7303
2242 3211 3587 4448 5130
4690 4826 6762 8461 8903
4099 5266 5745 7719 8796
5125 6092 7604 9410 12225
4426 6102 8722 11171 12761
4673 5428 7765 8771 10281
4999 8899 10048 11198 13848
2775 4435 5550 6432 7780
5302 5653 7836 9590 10174
2375 3293 4051 4690 5867
5326 7389 9884 10795 14297
4534 5973 6476 8383 10362
2771 3548 4205 5022 5281
2285 2680 3526 4515 4713
2754 4698 4995 6615 7155
5308 6904 8500 10375 11772
3708 5631 7275 8848 9443
2174 2570 3881 4402 5013
4785 5316 7291 9645 10974
3162 3918 5793 6688 8115
4989 7866 9353 12183 13958
3153 4851 4904 6764 8003
4650 5699 7062 8286 9649
2608 3232 4082 4857 5669
2063 3325 3885 4446 5227
5499 6626 9587 11138 13111
2240 3119 3839 5119 5219
3077 3903 4156 5947 6153
5696 8345 9594 12342 14290
4596 7033 8232 9550 11069
2499 3848 5072 6097 7096
3519 4766 5854 8188 9212
2613 3290 3948 5185 5563
6494 8891 9790 11888 14036
4189 4877 6343 7630 8528
5257 8449 10280 11406 13190
2916 4023 5076 6345 7857
5079 8045 9798 11012 12270
3632 4889 5419 6956 8157
5933 7686 9079 11102 12360
3697 4885 6535 8152 8647
5098 5542 7684 9457 10307
4872 5730 7055 10017 11070
4897 6961 9313 11857 13441
3210 4530 6569 7109 7859
5002 6437 7421 10168 10742
4175 4886 6618 8041 8752
4330 5165 6402 7423 9031
2873 4022 4183 5401 6229
4107 5932 7149 8480 10305
4584 7039 8758 10436 12196
1917 2443 3630 4360 4767
4229 5627 6570 9086 10379
1902 2836 3345 4347 4431
6054 7978 9901 11450 13890
1482 2069 3019 3201 4110
4481 5961 7328 9036 11314
3419 5216 5708 6925 7592
4717 5886 7757 9355 10915
3424 5184 5887 8191 8543
3125 4296 5528 6970 8111
1676 2170 3292 3561 4428
6619 7578 8825 11990 13525
2138 2766 3461 3852 4836
4076 6514 8791 9710 11388
3808 5572 6562 6872 8729
3740 4203 5682 6899 8001
5610 6593 8435 9213 12161
4287 6041 7950 9587 11107
5850 7149 9749 11299 14848
1435 1917 2344 2650 2847
7081 7895 9525 13040 15281
5073 6112 8468 10226 11224
3875 5234 7036 8089 9211
2796 4390 5927 6962 8276
3942 5776 6490 8562 9004
1988 2555 2989 3497 4378
3652 4232 6116 6551 8029
1249 1981 2509 2677 3217
4555 6188 8465 11001 12805
2333 3654 4358 5018 5811
3524 5731 6785 8563 9650
4090 5624 6487 7285 9107
3752 4723 4858 6019 7179
2966 3295 4635 4899 6261
6072 7062 8906 10030 12683
2575 3379 4298 5769 6643
3771 6173 7948 9315 10018
5569 6347 7698 10319 12120
2854 3622 4676 4961 6278
4878 5913 7982 8130 10827
4445 6784 7251 9396 10565
3749 4589 5608 6748 8727
5983 7038 8138 10117 12009
3845 6507 7246 9279 10240
5176 6322 7135 8761 9723
1917 3396 3985 4345 5294
2439 3471 4526 5361 6217
2985 3835 4914 5511 5970
4109 4319 5579 6808 8578
3018 4666 5644 7209 8299
4929 6425 8801 10782 11574
5613 7820 9163 11706 13577
5124 5579 8046 9374 10664
6013 7938 8502 11931 12588
3893 4582 6438 7516 8414
6222 7854 10608 11220 13566
3356 3500 4818 5537 6807
2894 4491 5264 5489 7435
1316 1973 2380 3085 3384
5477 6157 7396 8916 11714
5583 7558 7902 11165 12067
4055 5077 6627 7616 9726
2911 4506 5066 6689 8368
1596 1895 2530 3205 3698
3294 4539 5680 6173 7236
1355 1907 2243 2926 3322
3232 4686 5629 6894 7675
2698 3497 4921 6245 7444
6677 7900 10703 11926 14016
2929 4379 5655 6902 8352
1321 1574 2058 2619 3060
6433 7729 8689 10657 12913
4005 5871 7466 7670 10181
5746 5956 9227 10485 11953
5736 6228 8071 9587 11390
3747 4585 5061 6794 8164
2194 2716 3489 4676 4676
2322 3102 3923 4503 5363
2205 2443 3697 4071 4749
2857 4005 5714 6498 7954
2643 3459 4612 5621 6534
4603 6163 7204 8804 11366
5012 5924 7253 8771 11049
3910 4930 6527 7751 10063
3746 5846 6336 8647 9207
4885 5999 7866 8980 10237
2138 3537 4077 4436 5575
3623 4464 5855 6870 7768
4520 4825 6150 8529 9684
2872 3486 4560 5678 6532
1677 2321 2860 3788 4342
1320 1550 2067 2727 3078
1562 1874 2433 3227 3396
4920 7678 8689 11310 13241
4300 5507 5568 8043 8754
2463 3498 4350 5086 6674
4472 5396 8019 8721 11012
4366 6644 7593 8656 10934
3110 4235 4713 6029 7105
2769 4466 5189 5838 7359
4012 5389 5838 7454 8412
5867 7838 9715 11686 13845
5847 8245 10194 11144 14591
4857 6081 6728 7987 10074
3642 3965 5206 6905 7202
2192 2498 3415 3993 4554
2162 2594 3440 4233 4881
3665 4420 5790 6182 7916
3131 3778 5397 6827 7475
2088 3188 4042 4194 5408
5581 6714 8686 10364 11161
3089 5338 6178 6958 7887
3496 3796 4794 6043 6892
6382 6958 8686 10989 14252
5003 7004 9655 11907 13757
4679 5723 7090 8242 9574
4543 7691 9175 10794 12593
1511 1631 2375 2452 3273
1748 2936 3089 4293 4938
2848 3997 4622 5945 7344
1794 2511 3213 3796 4065
2944 3862 4942 6751 7642
4088 4924 5946 7835 8238
4926 6077 7083 8989 9492
5494 7214 8682 10653 11324
2048 3162 3485 4545 4886
3913 5973 7161 9082 10340
2340 2880 4040 4440 5779
2162 2674 3944 4779 5575
6712 8035 8819 11416 12934
3249 3499 4799 5648 7298
3689 4632 5413 6786 7701
2190 3141 3554 4666 4881
4289 5732 7565 8929 11697
6020 8711 9396 11941 14681
1702 2469 2986 3237 3864
4621 6249 8361 10693 12629
6112 7730 8719 11415 12449
5273 6639 7246 9749 10508
7131 7590 10289 12989 14873
6745 8144 9693 11341 14589
4065 6224 6512 8778 10289
1477 1837 2307 2789 2953
3632 4618 5292 5889 7341
3708 6047 6479 8854 10150
5423 8273 9146 11168 12593
3078 4077 5562 6264 7209
5286 6024 7909 9384 12129
3877 5204 6598 7686 9353
4328 6807 7563 9790 11722
2182 2656 3699 4799 5672
1971 2548 3550 3991 4705
3383 4753 5983 6571 7633
4997 6717 7986 10607 11426
1941 2658 3151 3658 4166
4619 5802 7391 9608 10310
1680 2559 3279 3679 4446
4217 5271 6837 7156 9328
2830 4824 5767 6333 7869
5733 6675 8149 10033 11302
3634 3815 5320 6255 7448
5100 8200 10350 11400 13500
6017 7597 10248 12797 13613
3637 4057 5120 6658 8393
4451 5605 6923 7451 8703
3738 5041 6200 6490 7532
5331 5877 8269 10829 11585
3290 4557 5392 6606 7414
4926 7565 9236 10336 11479
4471 5310 7371 8907 10409
2616 3075 3814 4852 5730
1635 2097 2991 3089 4109
1831 2152 2823 3368 3746
6243 8490 10738 11287 14733
2801 3726 4551 5977 7077
5244 6834 8983 10401 11217
6678 7851 10961 11572 13560
6366 7247 10283 11458 13955
3048 5006 5062 7131 7969
4203 5884 7817 10885 10927
1703 2317 2582 3516 4102
5532 6926 8815 10794 12773
6328 8150 10547 10739 13759
3855 4888 5698 6620 8100
1610 2220 2388 3180 3491
4309 6074 8166 9233 10710
7030 8406 10902 12939 13296
4637 5751 7836 9166 9633
4872 6949 8746 9225 11780
2016 2288 2943 3887 4479
5205 5319 6990 9649 10181
4385 5243 6924 7682 8770
7002 7002 9752 11102 13253
5470 7437 9068 11803 13770
3438 4640 6121 6540 7854
3163 4001 5103 5726 6349
3422 4473 5686 6251 7868
1662 1770 2619 2679 3408
