200 10 5
6 91 28 96 22 29 56 31 37 66 93 0 29
10 95 89 69 82 22 93 39 29 36 31 0 50
6 34 66 94 43 78 46 77 88 79 71 0 26
6 94 50 35 42 29 40 25 71 72 94 0 29
7 73 31 65 28 31 37 97 69 24 31 0 35
9 77 88 32 24 91 90 42 59 64 61 0 43
7 57 36 67 27 81 44 65 54 62 97 0 31
6 33 85 76 80 75 69 78 78 84 31 0 26
6 21 83 97 54 56 32 48 28 76 33 0 28
9 81 89 41 71 62 84 43 23 31 83 0 44
5 79 60 80 30 50 56 82 60 39 43 0 24
4 85 91 44 22 82 40 23 78 94 55 0 16
8 29 73 69 74 78 22 36 77 81 51 0 38
8 60 90 58 35 34 96 78 71 62 21 0 40
4 32 48 75 65 35 47 59 77 70 59 0 18
4 91 63 83 24 72 38 32 94 53 57 0 20
10 95 31 47 38 42 73 46 83 74 87 0 46
4 62 24 35 92 87 40 96 58 35 31 0 20
10 49 92 82 89 81 22 63 33 28 85 0 49
6 20 30 79 68 70 90 80 54 72 91 0 27
3 68 86 88 98 47 82 57 41 94 53 0 15
3 66 33 24 66 85 64 98 39 88 88 0 12
7 52 77 33 29 58 91 92 71 61 71 0 33
8 28 74 60 66 59 64 63 26 68 23 0 36
5 24 22 62 99 77 50 53 30 67 22 0 24
8 79 94 24 62 57 63 83 33 83 76 0 36
5 61 63 28 95 82 40 70 60 43 86 0 23
6 63 31 90 92 32 78 72 79 41 90 0 29
9 60 99 71 66 81 93 30 76 98 85 0 45
7 92 64 88 69 90 24 27 43 68 55 0 33
4 80 96 67 48 93 90 94 81 23 57 0 18
4 57 62 80 35 49 25 25 62 42 48 0 16
5 91 71 101 20 21 40 73 78 53 71 0 23
7 35 80 39 64 55 33 64 66 27 75 0 31
6 21 21 52 77 50 82 56 80 62 77 0 28
3 49 28 65 56 81 26 55 78 80 38 0 11
6 95 33 70 59 60 71 34 43 33 56 0 30
7 39 82 50 86 72 75 56 41 68 55 0 33
9 59 100 87 26 67 90 45 23 44 83 0 44
8 34 69 35 98 34 90 58 37 95 43 0 39
7 50 69 60 23 28 83 88 33 96 62 0 35
5 49 55 59 69 60 57 96 50 30 55 0 25
6 52 72 40 35 76 53 89 29 50 27 0 28
4 90 37 44 37 71 79 55 63 55 39 0 20
6 52 47 47 49 101 28 50 50 50 81 0 28
5 59 25 43 39 41 52 61 36 62 55 0 24
10 26 25 44 72 40 93 77 24 38 48 0 49
7 53 79 35 53 30 41 91 59 38 95 0 35
7 63 20 48 31 53 43 82 45 95 52 0 35
4 42 71 68 48 58 45 90 21 36 96 0 17
4 28 79 33 52 99 50 52 33 74 38 0 16
8 89 77 75 92 95 64 60 39 33 30 0 36
7 70 100 100 73 72 48 64 55 61 37 0 31
10 54 48 88 49 63 33 93 79 55 66 0 47
2 49 32 60 65 62 62 39 91 88 33 0 10
5 24 52 30 61 45 81 62 56 61 35 0 22
9 85 75 48 89 54 57 95 61 33 92 0 42
7 73 74 54 24 80 92 66 81 57 90 0 32
9 65 33 62 52 55 43 62 49 73 99 0 44
9 27 94 25 69 93 99 87 74 80 28 0 43
8 28 77 47 80 37 51 65 63 46 96 0 39
3 81 85 68 57 101 43 25 87 97 93 0 13
9 67 47 101 99 75 28 37 26 65 25 0 42
5 74 30 58 43 29 47 60 59 92 35 0 24
9 29 92 49 99 90 35 96 42 51 57 0 43
3 61 47 27 57 76 35 71 98 39 93 0 12
6 77 56 91 81 42 93 24 35 44 78 0 27
4 77 95 79 25 34 96 87 42 34 89 0 18
3 74 56 81 55 33 52 42 52 77 66 0 11
10 22 84 96 90 98 34 28 100 87 27 0 47
4 45 74 82 33 29 55 47 95 61 47 0 18
10 33 78 53 47 75 37 101 75 44 29 0 48
8 81 75 22 99 34 89 48 82 39 78 0 36
3 34 41 46 62 79 95 53 95 63 93 0 15
4 81 65 54 94 24 52 52 79 85 43 0 18
10 65 49 88 59 68 54 85 56 31 95 0 47
4 45 43 50 83 40 21 46 86 89 31 0 20
9 79 49 46 61 46 57 64 81 45 39 0 43
3 48 43 82 79 23 78 56 52 88 60 0 11
8 26 36 69 92 89 90 26 35 38 51 0 38
8 101 89 56 100 49 58 25 85 79 88 0 40
5 71 29 85 21 40 35 74 51 52 77 0 21
6 24 85 28 65 67 20 43 31 22 43 0 26
3 26 90 94 64 93 63 51 70 28 55 0 12
6 39 66 31 33 95 32 39 76 84 32 0 27
10 66 55 94 22 68 44 96 72 59 68 0 49
10 48 61 31 94 44 50 56 71 44 69 0 50
9 59 65 70 31 71 43 47 44 60 44 0 44
10 100 85 73 83 86 92 24 40 61 93 0 48
10 99 55 65 59 55 48 35 97 67 69 0 46
5 75 86 51 66 98 52 89 64 59 52 0 25
3 86 90 99 59 86 41 80 59 71 73 0 13
6 47 30 33 77 90 61 40 86 45 37 0 26
9 54 27 65 46 22 93 90 45 76 76 0 41
10 44 58 67 91 50 25 92 60 89 99 0 46
8 79 48 28 88 34 89 75 87 87 55 0 38
4 54 41 28 68 36 60 46 36 81 63 0 19
6 99 100 35 89 101 86 67 88 29 63 0 30
3 89 95 44 79 40 49 42 101 65 95 0 14
6 28 31 36 43 91 61 79 46 97 53 0 26
9 82 32 96 59 51 60 78 34 76 48 0 44
5 97 98 27 23 28 59 49 22 50 28 0 24
10 51 80 101 50 66 87 70 59 30 42 0 48
6 26 34 43 52 27 31 94 83 87 66 0 30
6 89 44 42 58 38 98 66 86 66 29 0 26
4 75 90 46 84 29 69 97 78 58 32 0 16
3 46 97 47 39 38 55 48 61 45 98 0 15
3 75 37 37 63 30 87 77 26 44 81 0 11
6 64 65 23 39 44 37 29 37 34 91 0 30
10 82 45 76 32 30 85 40 61 75 51 0 50
5 89 92 93 74 78 59 40 23 52 49 0 25
9 70 81 67 26 72 75 66 83 26 68 0 43
8 39 43 31 74 36 34 79 52 101 97 0 37
10 71 40 62 31 24 52 26 29 57 26 0 50
4 91 96 71 96 78 95 89 44 34 43 0 16
4 83 74 47 36 23 68 63 86 45 42 0 16
8 78 92 91 88 78 54 101 30 50 70 0 39
8 100 65 26 76 90 98 37 76 85 43 0 40
9 78 64 32 37 101 65 86 76 86 45 0 41
6 80 66 75 77 82 85 65 62 39 25 0 29
8 25 25 64 74 69 28 69 38 72 53 0 39
2 71 38 52 78 78 48 86 57 68 71 0 10
3 71 75 47 101 62 41 62 85 48 97 0 11
10 20 43 59 68 45 68 30 32 61 45 0 48
4 27 83 48 44 32 64 39 32 65 73 0 16
7 58 34 35 79 49 83 101 69 49 92 0 31
8 43 68 45 52 95 48 22 56 43 33 0 38
8 24 64 48 27 83 79 65 67 88 83 0 36
6 25 78 45 81 32 28 81 54 43 84 0 28
9 76 63 61 62 39 46 70 44 83 58 0 45
8 94 42 62 49 31 66 48 62 60 81 0 38
8 58 41 85 28 23 56 96 98 59 47 0 38
6 53 61 83 22 95 83 40 100 70 38 0 29
7 92 43 43 92 80 33 94 25 95 88 0 35
8 64 46 27 53 94 83 61 38 74 43 0 38
4 46 47 89 24 28 28 32 76 60 78 0 18
4 96 89 36 49 63 57 64 37 31 59 0 20
3 97 29 70 33 36 75 83 96 40 21 0 12
6 91 93 23 21 39 81 99 36 34 66 0 27
9 64 95 47 90 77 70 22 33 60 38 0 44
8 22 84 40 92 70 26 86 23 27 84 0 39
10 90 46 78 65 96 21 77 24 36 71 0 48
8 56 20 62 63 53 24 28 42 96 34 0 36
7 95 73 61 57 93 82 87 43 24 74 0 31
7 45 48 28 83 33 51 99 97 77 45 0 31
6 96 36 57 53 42 42 21 65 97 63 0 29
5 44 69 22 74 37 63 94 30 83 100 0 21
10 44 86 37 30 35 29 27 82 67 22 0 46
10 56 95 50 26 36 65 69 61 75 22 0 50
8 73 45 90 80 67 31 25 85 23 34 0 36
9 69 96 98 54 53 96 51 96 80 47 0 41
5 52 90 96 43 85 48 61 42 43 56 0 22
9 73 80 20 32 48 28 72 45 35 41 0 42
8 37 78 94 100 71 85 37 72 44 37 0 38
5 73 89 82 47 48 88 101 68 24 52 0 22
7 63 67 98 51 50 62 91 84 77 72 0 33
3 31 99 82 48 36 93 20 30 45 56 0 13
10 88 45 98 35 59 80 61 52 55 38 0 46
3 80 29 98 37 54 79 29 22 71 60 0 11
4 59 35 37 77 35 56 74 82 88 36 0 17
5 68 42 73 30 44 71 53 82 49 91 0 23
3 86 97 68 89 47 91 21 101 66 45 0 11
10 31 73 61 22 60 53 79 41 45 73 0 47
6 26 25 92 33 53 64 22 93 100 20 0 29
4 27 93 32 26 41 84 46 76 77 20 0 20
5 72 79 89 59 99 96 89 38 31 33 0 22
5 59 89 43 101 93 70 43 53 43 24 0 22
10 41 46 65 62 84 22 85 27 51 56 0 47
6 26 27 43 84 54 101 99 65 25 28 0 28
3 79 51 22 97 81 96 95 48 101 20 0 14
4 23 38 58 71 50 81 70 64 25 63 0 17
7 26 33 53 82 34 66 49 64 27 34 0 31
8 28 95 78 64 23 47 49 21 56 34 0 37
4 92 83 43 40 42 47 46 74 29 54 0 17
4 46 33 68 67 24 69 29 65 77 83 0 17
8 50 56 32 54 47 27 45 50 64 91 0 39
6 42 81 33 43 49 92 76 76 86 86 0 27
8 35 82 89 56 63 72 80 55 65 31 0 39
4 27 33 28 32 97 48 37 62 84 20 0 18
7 36 33 59 89 20 21 20 60 74 72 0 33
10 78 77 40 39 22 64 61 77 68 53 0 48
2 33 47 30 97 41 48 86 72 22 27 0 10
5 88 46 96 33 81 101 50 54 49 51 0 23
5 85 101 72 80 87 65 36 90 58 68 0 25
5 54 73 32 81 60 46 53 98 33 88 0 24
10 44 70 26 96 86 54 98 83 60 89 0 48
3 63 38 52 82 95 73 56 73 85 75 0 12
7 20 95 73 96 65 22 71 37 46 60 0 32
3 36 83 59 71 92 79 50 51 70 88 0 11
3 57 76 91 23 67 75 59 33 62 56 0 11
7 95 26 59 84 68 49 86 71 30 49 0 34
3 69 78 73 100 65 80 49 25 30 21 0 14
6 50 88 53 62 80 80 27 63 71 61 0 28
8 97 43 86 83 96 66 90 62 43 25 0 37
6 42 95 46 42 43 48 94 87 68 40 0 26
10 59 40 99 62 29 65 86 61 57 90 0 48
10 59 95 44 100 94 48 31 38 44 71 0 47
7 30 58 90 81 25 29 97 35 57 47 0 32
4 55 67 78 60 77 47 24 66 86 100 0 18
7 77 94 28 35 43 66 98 28 28 35 0 34
44 41 30 49 37
129 168 207 236 275
124 142 187 247 260
121 166 200 237 265
140 159 220 255 289
108 165 191 227 272
110 142 194 247 267
136 164 212 220 298
110 151 218 253 296
121 178 213 237 278
101 174 217 237 272
130 168 180 258 269
110 177 192 252 272
140 162 220 252 268
123 179 220 248 298
121 159 219 244 261
128 180 189 224 280
134 151 187 254 266
113 169 195 226 291
134 155 200 233 284
114 165 201 225 297
121 152 211 224 298
118 142 198 238 260
102 162 182 249 296
118 147 213 245 269
134 177 199 220 271
121 159 216 236 284
123 140 208 225 264
113 159 219 257 263
111 149 212 226 279
126 164 185 221 286
132 168 211 251 287
129 157 196 244 289
109 164 204 220 292
103 155 202 238 299
135 143 180 222 269
113 159 182 231 270
133 152 207 245 276
128 164 202 228 270
133 169 210 229 294
118 146 196 258 272
126 162 204 235 283
130 173 181 221 287
103 147 194 221 288
106 140 213 244 283
107 161 183 258 294
117 164 215 230 282
118 169 193 225 297
133 148 214 226 294
107 158 219 235 292
130 173 209 222 264
122 149 182 232 285
140 147 215 253 276
120 161 194 252 298
118 145 192 233 294
127 180 201 256 267
108 178 208 238 289
139 163 212 253 279
135 163 217 229 280
131 153 181 250 268
104 145 210 237 280
108 170 211 241 280
101 173 203 233 262
133 158 200 249 280
139 141 191 231 263
125 164 201 244 294
119 151 183 256 260
140 180 188 238 287
114 175 199 253 290
127 169 205 243 286
124 157 218 230 268
106 155 204 249 272
117 152 191 238 278
113 177 203 248 297
102 149 216 249 294
139 161 209 260 272
127 143 218 247 286
114 146 181 221 295
134 169 213 234 280
107 149 215 240 277
140 179 191 235 265
124 178 189 245 298
117 175 209 259 298
115 161 181 247 278
124 158 185 229 266
119 155 186 235 295
104 170 211 221 297
109 161 182 224 263
135 160 197 253 300
101 176 199 254 276
100 156 191 246 260
105 140 196 242 273
105 147 211 257 278
117 164 193 227 267
127 165 181 237 297
101 174 198 223 300
101 156 197 257 265
124 152 193 245 282
111 176 202 254 274
133 146 220 233 285
111 151 189 228 278
130 179 195 251 298
114 161 182 251 294
101 176 213 259 262
118 145 206 256 260
123 156 207 251 292
106 162 181 257 292
109 157 200 227 271
134 160 182 256 275
100 146 202 257 284
124 150 220 233 277
139 154 183 254 268
115 169 220 246 287
124 151 214 258 269
129 170 213 228 264
109 143 192 223 299
120 164 212 252 271
120 156 183 244 284
124 158 202 242 281
122 162 189 256 266
110 167 203 231 297
136 146 185 231 274
127 144 188 231 268
100 164 203 235 297
118 165 180 256 295
132 156 190 226 277
104 146 180 220 265
100 168 183 241 292
138 156 197 230 283
113 142 214 258 299
112 163 208 249 300
137 176 206 228 281
136 151 187 226 294
100 159 209 246 282
117 152 193 242 267
111 170 215 250 272
103 175 219 236 261
132 167 217 226 285
131 174 186 248 262
116 151 193 222 262
135 178 195 254 297
115 140 218 224 277
106 144 191 243 277
112 158 191 223 290
139 141 180 228 275
116 159 202 231 283
140 159 182 246 299
124 167 185 260 278
136 162 185 236 281
105 156 202 256 271
121 163 192 257 280
132 164 184 229 295
138 180 187 249 290
140 142 210 251 295
113 155 202 235 278
102 156 211 228 294
137 168 220 235 286
119 180 199 237 272
100 145 220 249 273
136 144 184 244 269
139 152 210 249 300
110 140 185 223 274
124 155 210 229 283
134 152 206 227 293
103 142 203 220 272
133 149 190 241 283
133 171 208 250 299
121 161 205 231 288
108 146 206 220 296
140 147 203 232 276
129 174 185 258 273
134 167 220 242 282
100 145 195 231 268
130 158 188 232 288
104 175 184 227 297
109 177 189 244 288
108 164 194 256 260
125 163 184 246 261
104 150 195 242 262
140 144 204 252 292
123 172 212 225 291
103 141 212 242 285
130 150 210 242 298
111 161 188 220 266
122 157 196 234 272
112 159 213 245 285
122 167 181 260 292
112 172 201 256 262
111 162 213 243 276
103 165 204 250 297
122 174 189 233 299
122 175 182 229 277
109 179 213 251 292
128 153 219 223 263
124 175 198 250 265
122 165 206 247 284
100 153 215 228 264
111 174 184 241 271
132 173 182 242 282
136 175 183 223 281
131 160 189 244 278
3751 4883 6015 6857 7989
6210 7111 9362 12364 13014
3156 4327 5212 6175 6904
4070 4621 6392 7408 8395
3789 5787 6697 7958 9535
4740 6117 8354 10635 11496
4226 5095 6584 6832 9252
2869 3936 5680 6591 7710
3397 4995 5976 6649 7798
4453 7667 9561 10441 11982
3130 4043 4332 6206 6470
1769 2843 3084 4046 4366
5330 6167 8372 9589 10197
4929 7171 8812 9933 11934
2188 2873 3955 4405 4712
2570 3612 3792 4493 5614
6174 6957 8614 11698 12250
2269 3391 3912 4533 5835
6576 7606 9812 11430 13930
3087 4466 5439 6088 8034
1825 2291 3177 3373 4485
1426 1715 2389 2870 3134
3375 5357 6018 8231 9783
4258 5303 7681 8834 9698
3226 4259 4788 5293 6518
4365 5735 7788 8509 10238
2839 3231 4797 5188 6086
3286 4622 6364 7467 7641
5004 6716 9553 10183 12570
4168 5423 6117 7306 9453
2386 3035 3810 4531 5180
2074 2523 3148 3917 4638
2516 3783 4704 5073 6731
3202 4816 6274 7391 9284
3791 4015 5052 6229 7547
1253 1760 2014 2555 2985
4000 4571 6222 7363 8294
4234 5423 6678 7537 8924
5862 7447 9252 10089 12950
4612 5705 7656 10076 10622
4420 5681 7152 8238 9919
3260 4336 4537 5538 7190
2893 4127 5445 6201 8079
2129 2810 4273 4894 5675
3005 4519 5136 7238 8247
2817 3947 5173 5533 6782
5791 8292 9469 11038 14568
4665 5190 7502 7923 10304
3754 5541 7678 8238 10234
2220 2952 3565 3787 4502
1962 2395 2924 3725 4575
5050 5302 7752 9121 9950
3729 5002 6026 7825 9252
5556 6826 9036 10964 13833
1280 1811 2022 2573 2684
2385 3927 4588 5249 6372
5848 6857 8916 10639 11732
4330 5227 6956 7341 8974
5774 6743 7976 11014 11806
4481 6246 9043 10205 12055
4221 6641 8241 9412 10934
1322 2261 2652 3042 3420
5596 6647 8412 10471 11774
3347 3395 4596 5557 6326
5384 7063 8655 10505 12656
1438 1823 2208 3086 3134
3790 4871 5087 6439 7763
2061 3161 3594 4567 5234
1407 1870 2267 2686 3160
5838 7390 10259 10823 12610
1917 2801 3684 4496 4910
5626 7307 9180 11438 13359
4077 6383 7320 8941 10706
1539 2245 3253 3748 4425
2512 2909 3774 4693 4910
5979 6731 10258 11622 13456
2290 2931 3632 4433 5915
5772 7278 9171 10075 12054
1186 1650 2378 2653 3061
5330 6813 7270 8943 10084
4969 7131 7571 9813 11934
2466 3686 4401 5452 6272
3000 4197 4718 6436 7243
1498 1907 2232 2761 3206
3223 4196 5034 6358 7980
5105 8341 10351 10842 14568
5460 8062 9112 11214 13165
5950 7050 8680 11145 13214
4857 8459 9564 12206 13262
4609 7187 8798 11330 11974
2634 3511 4913 6064 6840
1374 1922 2756 3355 3628
3052 4275 5030 5915 6956
5217 6776 7433 9730 12192
4655 8015 9120 10271 13815
3847 5939 7498 9780 10084
2366 2899 3679 4668 5372
3339 5291 6072 7633 8234
1872 2054 3093 3275 4004
2896 3937 4926 5942 7243
5729 7887 8591 11057 13126
2745 3875 4380 6038 7071
4857 8459 10236 12446 12590
3550 4361 6193 7694 7814
3207 4067 5394 6539 7606
1705 2603 2908 4126 4687
1644 2366 3013 3418 4080
1484 1771 2014 2830 3039
3009 4391 6072 7724 8535
6210 7511 11013 11663 13864
3485 3861 4587 6364 6714
4954 7278 9472 10591 12355
4598 5597 7930 9560 9967
6460 8511 10662 11413 13214
1753 2299 3084 3581 4799
1929 2635 3404 4045 4350
4690 6095 7149 9530 11091
4970 6331 8092 9693 11254
5012 6653 7761 10510 10920
3199 4854 5899 6712 8628
5314 5705 7227 9022 10701
1280 1451 1892 2324 2695
1109 1815 2245 2598 3282
5673 7931 8651 12302 14174
2122 2507 3052 3629 4446
3234 4537 5593 6834 8230
3809 6395 6966 9172 11111
4978 5627 7104 8293 10202
3173 3986 6004 7237 8386
5049 7346 9372 11218 13514
5216 6699 7840 8677 10692
5178 5749 7118 8601 11187
2909 4622 6073 7147 8192
4105 5331 6767 8484 9359
4227 6471 8182 9513 10350
1863 3161 3955 4261 4712
2650 3351 4352 4533 5714
1582 2099 2244 2989 3158
3142 4088 5224 6008 7089
5950 7843 8591 11189 13082
4495 5471 8515 8749 10818
5097 6923 9180 11678 13311
4041 5699 6888 8041 10455
4320 4382 5592 7081 8540
3605 4940 6274 7174 8788
4070 4622 5289 7147 8685
2614 3518 3897 5474 5852
6266 7463 8522 10869 12940
5259 7811 10112 12814 13564
4365 5879 6924 9266 10094
5422 6735 7556 9402 12110
3046 3971 4125 5491 6394
5890 5974 8832 10555 12404
4303 5901 7688 8943 10578
2253 3443 4655 5029 6483
4531 5555 7272 7768 9452
1556 2351 2599 3094 3550
4609 6681 10133 11468 12572
1506 1595 2036 2698 2973
2373 2594 3582 4246 5114
2540 3231 4268 5143 6317
1374 1716 2322 2532 3127
6308 7155 9694 10682 13785
2996 4129 5900 6394 7903
2670 2991 3812 4833 5674
2935 3773 4588 5513 6592
2672 3553 4522 5095 6350
5085 6873 9695 10353 13927
3930 4127 5696 6509 7742
1816 2447 2602 3626 3836
2288 2850 3752 4127 4808
3109 4506 6058 7175 8323
4820 5857 6968 8597 10671
1777 2987 3140 3872 5064
1862 3020 3225 4161 4910
4221 6407 7578 9998 10154
3385 4412 4980 6656 7061
4065 5861 7618 9452 10233
2530 2602 3684 4549 5270
4068 5687 7008 7438 9617
4953 6778 10189 11630 13695
1310 1510 2112 2433 2994
2563 3715 4336 5073 6133
3060 3936 4912 5863 6814
2697 3827 5124 5893 6854
5865 8027 8699 12494 14030
1353 2075 2424 3086 3158
3561 5195 6828 7789 8846
1142 1826 2256 2763 3281
1351 1925 2091 2576 3304
4158 5962 6200 7799 9432
1535 2517 2994 3527 4102
3594 4295 6145 6257 7378
4598 6486 7338 9263 9819
3181 4301 5368 6435 7398
4809 7355 10333 10957 12686
5226 8190 8660 11341 12751
4234 5547 5836 7757 9038
2458 3161 3306 4027 5072
4464 5451 6438 8309 9466
