1000 10 5
6 46 199 140 173 94 118 89 185 67 60 0 30
4 152 67 52 131 175 138 174 102 125 60 0 19
8 86 169 113 42 49 156 173 180 166 108 0 40
4 184 190 171 125 138 184 135 99 98 160 0 18
10 137 171 150 48 43 64 162 113 179 146 0 50
6 64 70 179 97 92 115 124 103 177 192 0 26
4 134 194 147 109 96 60 84 193 72 47 0 16
8 63 94 165 135 151 155 72 182 175 117 0 37
8 85 97 83 200 81 164 144 52 92 137 0 37
7 75 42 130 121 78 153 99 71 125 91 0 33
9 152 170 147 200 140 179 134 130 84 126 0 41
7 46 193 161 183 113 70 71 132 135 119 0 33
5 120 199 96 43 197 62 127 44 155 85 0 25
5 170 115 73 131 180 74 138 106 169 193 0 23
9 57 93 44 137 129 130 94 55 45 185 0 43
6 98 142 179 69 155 194 169 76 79 185 0 29
6 179 76 185 51 67 199 40 91 165 58 0 26
6 50 68 123 174 70 69 195 116 95 129 0 28
9 115 56 52 115 141 135 153 130 157 71 0 44
2 189 113 71 46 40 191 86 108 148 67 0 10
7 199 47 199 121 104 111 146 136 64 78 0 32
6 111 118 189 42 58 154 147 154 132 42 0 27
4 88 60 159 150 89 136 152 183 77 76 0 18
3 80 76 113 83 171 186 111 60 79 183 0 15
5 53 70 132 183 121 68 190 106 196 121 0 24
5 42 56 187 120 85 103 75 51 45 68 0 23
7 162 56 70 195 72 131 163 90 112 120 0 31
9 95 104 134 119 65 89 99 169 116 173 0 44
10 152 48 187 70 192 134 169 57 158 143 0 48
6 137 148 154 48 72 56 191 194 101 143 0 26
10 155 68 192 80 52 199 70 114 139 114 0 47
6 181 174 113 86 167 55 197 67 146 141 0 30
4 197 131 170 137 159 86 125 187 157 70 0 17
8 44 82 117 169 51 131 140 192 90 44 0 37
8 125 196 109 153 115 136 107 148 129 98 0 40
10 161 131 105 56 142 52 189 137 77 115 0 50
3 137 144 121 80 196 96 180 154 106 146 0 13
4 137 100 135 97 193 124 120 61 122 90 0 19
7 107 55 138 77 177 70 121 141 181 163 0 34
7 72 191 109 126 194 130 174 69 125 49 0 33
10 149 95 102 173 89 139 73 102 106 60 0 46
3 146 110 183 171 63 56 84 118 133 164 0 12
10 131 48 151 149 161 185 136 105 57 161 0 46
5 121 133 104 199 64 145 160 90 69 46 0 23
9 161 41 125 187 155 87 122 195 161 160 0 43
5 145 117 197 136 48 68 88 62 70 197 0 23
7 85 165 62 100 80 192 129 76 144 194 0 35
9 97 145 179 147 195 42 87 87 191 84 0 44
4 148 82 60 149 149 127 109 50 127 71 0 18
10 59 62 73 41 102 133 162 104 184 160 0 50
9 178 198 194 162 182 153 150 78 119 178 0 42
6 185 177 104 51 173 88 107 87 198 141 0 29
4 65 66 193 103 46 185 187 43 161 137 0 18
8 51 62 99 48 113 176 157 147 53 104 0 40
4 57 182 150 41 188 166 175 153 183 187 0 20
7 107 146 96 117 126 190 151 87 175 130 0 32
3 84 54 153 135 77 57 189 83 167 165 0 15
4 86 80 170 166 117 141 95 97 179 153 0 16
5 95 124 132 56 75 191 121 167 103 184 0 24
3 111 109 137 61 51 48 153 113 147 46 0 14
6 103 164 197 163 152 50 123 167 121 182 0 26
5 132 150 59 66 163 94 189 195 141 198 0 21
3 65 71 135 187 164 175 96 60 123 166 0 13
5 77 152 57 199 101 97 77 90 45 117 0 22
3 43 66 124 122 108 198 48 198 63 62 0 14
7 47 60 62 168 76 85 166 144 127 167 0 31
10 123 111 141 180 184 169 84 54 149 87 0 46
4 154 62 128 159 50 103 97 165 119 169 0 20
4 155 128 198 44 84 153 174 93 169 140 0 17
6 177 58 119 47 192 45 135 181 73 64 0 26
7 131 79 68 86 192 89 118 131 174 135 0 35
7 189 122 132 55 163 100 44 53 197 147 0 31
9 191 66 105 168 153 76 56 168 146 138 0 44
8 87 52 195 107 193 89 111 157 131 71 0 36
7 103 100 93 61 69 57 99 124 141 121 0 34
5 193 109 57 72 193 107 142 100 66 177 0 24
7 150 55 103 137 133 94 172 76 93 44 0 31
9 43 175 175 147 62 110 72 186 185 59 0 42
2 77 106 44 175 161 72 169 139 64 78 0 10
5 141 95 81 176 90 78 163 130 132 139 0 25
6 79 81 189 79 40 119 134 176 156 137 0 29
9 113 199 126 90 70 99 50 157 153 151 0 42
8 169 94 146 153 138 115 151 58 171 118 0 38
8 66 181 58 137 43 169 62 110 83 105 0 36
5 175 102 137 78 79 58 101 197 151 58 0 21
3 65 169 101 184 68 75 169 137 135 137 0 12
3 114 44 189 160 181 173 183 143 127 62 0 11
5 145 104 127 145 54 127 180 165 133 111 0 21
7 121 143 139 52 62 96 114 97 159 138 0 32
9 175 54 67 76 145 77 141 111 163 143 0 45
5 97 113 145 187 171 54 177 119 153 111 0 23
9 187 77 180 137 149 56 42 157 58 57 0 44
8 56 86 191 169 52 136 75 118 150 178 0 36
7 150 178 71 103 141 55 138 146 78 106 0 31
6 174 79 109 73 50 59 167 50 142 83 0 29
5 75 174 46 65 149 158 65 191 103 191 0 23
3 54 127 153 167 121 73 53 62 130 42 0 11
7 110 170 153 75 191 68 155 58 102 95 0 31
4 101 57 74 48 101 153 84 141 90 181 0 19
3 55 118 49 114 116 115 174 167 110 119 0 13
8 88 100 116 96 147 65 108 80 40 46 0 36
9 57 153 97 56 79 139 84 119 48 78 0 42
7 166 82 101 173 100 193 170 187 173 74 0 31
5 51 155 56 200 175 78 183 83 63 124 0 24
8 183 98 58 44 180 194 64 150 109 40 0 37
3 174 99 82 60 70 97 94 195 116 186 0 15
4 122 87 162 170 100 185 184 84 161 74 0 20
10 105 193 195 116 127 157 101 66 112 128 0 47
4 181 61 74 57 85 191 48 54 67 43 0 16
9 161 129 113 45 70 107 102 176 73 164 0 42
8 107 82 48 94 131 74 164 124 42 140 0 37
9 151 82 145 51 128 191 123 121 128 41 0 44
8 199 150 142 42 109 57 175 197 81 126 0 37
3 163 129 107 61 77 169 128 181 60 132 0 12
8 76 179 169 90 84 184 109 47 87 152 0 39
5 94 148 58 183 185 175 179 43 159 79 0 25
6 122 105 70 124 80 115 184 83 167 137 0 30
8 192 196 163 133 170 45 192 188 56 193 0 37
9 145 80 192 188 70 190 160 191 92 120 0 44
4 106 173 56 90 157 98 130 169 80 198 0 17
2 63 84 184 180 142 139 51 112 156 193 0 10
7 112 88 127 110 150 141 80 164 57 195 0 34
2 199 68 102 188 184 67 132 163 74 132 0 10
5 141 64 159 160 150 177 94 68 174 115 0 24
7 52 114 96 121 59 117 75 137 103 177 0 32
5 93 96 147 40 142 151 79 86 161 193 0 24
3 42 115 53 193 46 105 183 59 80 125 0 12
10 143 123 81 122 70 61 167 137 126 155 0 46
9 106 169 61 124 122 187 42 155 142 89 0 45
9 58 163 74 175 200 121 152 184 109 52 0 41
10 80 161 44 42 81 196 64 103 55 97 0 49
5 171 189 101 125 151 44 85 166 191 153 0 22
3 109 112 116 181 99 200 88 116 141 151 0 12
7 45 170 155 86 94 102 99 130 75 191 0 35
6 42 158 143 138 173 119 176 151 90 118 0 26
6 166 74 164 44 47 185 66 191 56 75 0 26
5 151 188 51 53 129 94 138 125 193 110 0 25
8 163 190 45 91 82 44 121 60 140 176 0 40
10 107 86 108 109 51 167 41 197 93 170 0 48
5 59 88 50 74 50 189 52 172 159 196 0 25
5 160 49 61 156 121 185 96 191 78 55 0 22
3 200 67 87 149 199 115 48 127 50 152 0 14
3 107 187 57 170 156 91 131 193 167 131 0 14
8 122 162 141 128 161 157 140 125 49 44 0 38
3 104 183 145 56 193 187 155 70 60 138 0 14
8 148 145 88 50 100 151 56 47 88 149 0 40
6 109 131 192 153 165 84 92 147 44 170 0 26
5 193 96 159 62 66 101 145 103 193 139 0 21
5 165 61 196 70 78 142 150 86 160 95 0 22
10 54 137 136 98 100 51 68 116 153 160 0 47
3 153 66 100 119 191 84 103 115 147 111 0 15
6 72 75 149 114 51 133 159 144 99 171 0 30
8 47 103 151 58 44 105 86 98 119 92 0 39
6 172 82 117 62 197 83 86 97 90 109 0 27
3 51 181 178 133 142 151 145 174 105 141 0 12
6 116 115 151 131 103 181 92 62 114 47 0 28
6 174 171 58 145 66 68 88 147 103 75 0 30
5 54 125 85 40 133 109 67 70 45 97 0 24
10 199 115 153 134 54 110 161 66 116 94 0 49
9 41 43 119 65 90 46 136 75 155 148 0 43
5 172 80 136 191 49 66 159 87 124 161 0 23
9 78 127 164 141 94 187 133 128 130 104 0 45
6 88 91 157 62 130 50 89 60 74 72 0 28
5 166 112 64 143 136 67 137 111 167 115 0 23
8 200 138 199 54 78 56 74 95 55 96 0 38
8 73 86 145 77 101 105 134 129 168 185 0 36
7 94 115 104 179 51 61 167 125 63 129 0 32
10 88 93 145 185 193 103 176 179 88 50 0 47
4 102 42 169 110 67 153 93 175 62 169 0 18
5 191 113 80 84 169 125 174 60 77 88 0 24
3 45 52 142 128 117 195 100 140 186 169 0 11
3 187 119 161 97 145 125 110 72 192 187 0 11
4 109 171 169 151 182 156 121 154 48 141 0 19
10 165 91 121 54 123 175 143 159 103 105 0 49
5 197 103 58 169 179 101 78 144 155 87 0 23
9 183 77 121 63 156 64 183 151 48 169 0 45
9 106 177 98 108 52 120 175 63 179 187 0 41
9 131 173 130 186 115 88 151 49 165 152 0 41
10 54 93 64 82 189 108 84 168 136 151 0 47
5 197 172 181 164 193 196 144 140 150 105 0 21
9 93 76 100 57 169 42 47 70 157 109 0 43
9 92 169 127 92 151 197 73 184 159 119 0 44
5 145 119 99 130 121 195 145 194 115 45 0 21
5 141 166 124 127 113 58 161 83 185 94 0 24
9 88 72 116 41 141 149 59 115 146 58 0 41
10 105 54 160 77 111 160 199 155 73 51 0 48
8 145 68 49 110 181 145 88 158 65 93 0 38
5 185 174 131 100 187 90 146 132 92 177 0 22
3 140 142 123 185 132 197 60 139 186 199 0 15
8 161 62 46 199 182 159 168 79 198 98 0 38
10 92 95 82 135 192 129 125 48 51 85 0 48
6 140 50 61 74 139 157 169 114 135 169 0 27
7 163 59 115 129 107 81 121 93 128 93 0 34
6 109 159 100 181 88 108 135 53 139 60 0 30
7 157 59 134 111 169 87 76 158 76 65 0 33
9 50 80 146 93 90 78 187 140 134 169 0 41
4 153 189 58 199 129 64 54 139 143 60 0 17
8 50 146 132 64 116 111 54 96 108 139 0 38
7 144 70 94 142 125 102 88 145 115 93 0 32
5 157 65 195 164 112 153 46 158 112 167 0 25
7 165 193 188 191 180 123 169 87 63 195 0 32
6 106 156 175 165 175 60 186 142 154 96 0 28
5 185 180 153 127 48 46 88 133 105 156 0 25
7 108 155 113 185 197 195 77 172 65 178 0 34
9 121 85 190 123 57 189 117 125 147 102 0 45
7 194 76 77 130 189 191 113 183 117 99 0 32
5 62 157 200 70 102 153 81 176 107 50 0 21
6 52 121 49 58 93 137 158 185 130 132 0 26
3 152 128 153 100 56 185 158 163 90 172 0 11
9 199 106 61 189 132 46 101 177 55 41 0 42
3 100 173 120 194 103 114 187 194 61 193 0 11
6 177 52 112 44 115 44 120 69 144 153 0 29
3 76 85 96 91 177 77 59 46 142 83 0 15
4 164 154 163 194 85 116 130 127 177 50 0 19
6 58 107 76 64 103 108 173 107 77 157 0 29
4 82 133 199 119 107 88 157 103 152 174 0 17
7 44 176 191 105 173 135 78 90 198 135 0 35
4 68 82 181 59 96 93 80 50 65 80 0 16
9 44 136 86 59 100 101 83 112 105 187 0 45
10 162 62 106 83 94 67 112 89 111 113 0 46
6 176 103 42 80 172 182 47 90 139 110 0 27
8 92 74 41 147 117 113 170 174 185 66 0 40
8 195 171 145 198 171 192 195 123 97 181 0 37
8 123 98 75 165 138 111 68 169 188 186 0 40
10 57 59 179 130 170 109 153 132 71 56 0 46
10 178 158 42 183 54 149 193 74 170 196 0 49
6 57 138 104 95 190 131 63 196 89 142 0 29
6 180 109 84 116 113 101 59 80 184 173 0 27
5 160 196 124 152 155 46 44 105 183 185 0 25
4 88 134 92 191 86 53 64 155 79 81 0 17
8 179 42 66 117 46 75 161 128 116 95 0 36
6 192 116 178 67 54 117 100 159 178 109 0 27
9 45 158 142 194 45 177 100 41 66 91 0 44
6 191 131 44 44 91 161 198 152 177 117 0 28
3 45 160 114 136 133 58 86 183 175 185 0 14
8 155 107 83 198 185 117 177 141 66 40 0 39
4 109 74 152 69 167 184 168 43 44 105 0 18
4 162 187 111 184 111 151 135 185 153 41 0 17
5 169 131 47 199 128 46 90 66 185 94 0 25
10 168 70 122 100 131 89 103 183 184 50 0 48
4 151 80 127 63 196 87 66 52 154 69 0 20
10 73 71 92 167 117 133 199 176 152 133 0 49
2 54 138 46 96 53 159 191 143 44 82 0 10
3 74 101 116 186 180 163 78 157 91 176 0 14
6 177 43 50 199 112 159 78 48 62 42 0 29
3 141 101 82 73 80 156 70 165 185 107 0 12
4 49 133 102 78 131 198 58 44 68 135 0 20
6 77 197 61 162 76 111 129 64 54 124 0 30
5 96 121 111 40 75 44 72 116 168 138 0 21
7 167 182 55 70 94 44 70 171 73 66 0 33
7 66 131 109 152 195 48 123 163 196 54 0 35
10 85 74 133 53 149 76 48 175 55 161 0 48
3 133 122 139 194 129 137 104 46 91 180 0 11
3 138 99 87 144 174 102 152 66 167 54 0 13
9 165 134 100 174 55 69 62 145 143 184 0 42
9 136 190 119 73 70 72 56 128 94 146 0 41
3 149 199 52 129 147 182 163 100 82 168 0 13
4 54 183 169 196 196 105 60 100 60 179 0 20
10 60 40 101 109 89 76 135 186 199 114 0 47
3 173 101 171 92 66 118 101 149 130 152 0 11
8 66 182 85 104 160 86 190 116 96 86 0 36
5 109 179 167 133 134 161 69 57 74 196 0 25
2 78 178 68 197 161 159 96 70 44 147 0 10
7 41 94 58 89 77 158 157 191 146 47 0 32
3 109 159 133 48 108 123 54 80 98 50 0 15
5 151 67 155 157 46 84 135 149 164 125 0 25
7 125 113 179 165 133 198 86 66 54 188 0 35
8 97 128 76 76 195 88 94 160 196 152 0 37
3 82 165 152 174 137 62 150 104 122 145 0 14
9 84 47 128 54 85 82 134 185 157 193 0 41
3 194 88 126 60 136 186 42 79 151 129 0 12
5 174 64 160 132 155 97 185 51 175 64 0 24
8 42 79 112 117 114 133 170 162 105 126 0 36
8 100 163 72 79 178 110 170 89 51 75 0 36
10 118 100 77 102 60 180 168 120 74 193 0 48
3 73 120 123 69 188 84 198 88 101 155 0 12
7 144 174 167 121 68 121 44 184 52 152 0 33
3 98 104 87 134 58 185 111 121 189 148 0 12
7 149 165 173 97 133 193 111 185 69 60 0 31
6 42 106 129 53 64 100 127 139 179 91 0 26
6 162 197 182 80 55 66 173 125 102 121 0 27
8 151 78 115 42 147 61 161 176 117 96 0 38
4 50 92 143 182 41 103 153 163 137 161 0 16
4 198 49 182 87 142 41 117 192 193 61 0 16
7 154 127 173 181 139 145 70 73 162 82 0 31
10 132 148 87 85 96 168 104 106 193 155 0 50
3 199 173 144 93 153 128 148 69 155 43 0 12
5 80 44 110 115 83 135 121 191 90 56 0 21
7 121 56 68 126 55 64 74 90 68 60 0 31
8 177 175 40 163 103 122 110 156 187 130 0 38
3 69 94 119 148 100 64 183 95 166 167 0 14
9 118 121 71 49 82 85 57 85 171 146 0 45
3 112 98 142 83 91 147 162 111 60 69 0 14
3 113 129 103 57 82 109 102 147 139 101 0 12
9 85 138 78 121 165 158 156 109 103 66 0 45
5 64 68 172 144 120 145 40 134 108 171 0 25
4 106 154 180 132 70 141 195 62 148 139 0 20
6 185 169 115 139 108 56 50 56 123 112 0 27
3 58 175 127 164 188 62 55 95 138 171 0 14
9 61 58 194 66 167 114 74 65 115 83 0 44
9 155 165 74 133 183 199 199 77 68 56 0 41
6 105 117 54 139 143 143 110 45 196 125 0 30
5 62 196 70 121 157 124 114 168 169 185 0 23
10 161 85 111 80 135 191 179 165 103 85 0 48
7 140 190 100 96 41 124 105 131 152 104 0 33
8 191 76 43 170 82 139 47 62 83 128 0 36
4 168 189 75 95 150 142 200 58 182 114 0 16
8 164 104 92 66 126 182 171 169 94 40 0 38
10 120 133 137 109 194 196 47 146 83 149 0 48
6 87 109 42 76 192 56 47 161 104 171 0 30
6 129 87 115 86 159 106 161 58 199 80 0 30
3 116 54 137 197 57 125 50 86 151 168 0 12
3 192 163 171 41 44 75 70 164 90 103 0 13
6 120 125 187 114 121 134 137 75 127 113 0 29
6 99 54 171 150 42 168 48 169 159 133 0 30
7 101 134 56 70 197 75 147 41 146 134 0 35
5 127 159 42 145 96 71 160 118 52 118 0 25
6 89 95 89 141 171 101 69 55 194 76 0 28
3 85 149 149 93 67 67 82 155 50 89 0 15
6 199 196 199 189 133 153 163 84 175 122 0 28
4 147 103 128 198 120 135 103 124 56 147 0 17
10 188 113 52 159 55 193 114 83 74 98 0 47
3 76 167 196 133 155 49 174 172 73 191 0 13
4 126 189 193 107 62 82 85 43 65 55 0 19
8 119 177 130 176 195 150 75 65 167 57 0 38
10 60 157 197 178 137 121 169 61 161 167 0 48
3 125 145 48 147 174 53 185 189 62 167 0 14
6 111 151 144 68 186 46 104 157 168 100 0 29
8 167 167 100 177 55 102 157 197 106 96 0 36
8 134 47 138 187 185 68 98 46 117 154 0 39
8 74 62 87 152 117 47 117 68 60 138 0 40
2 161 72 177 191 81 41 70 63 119 154 0 10
4 143 106 131 150 193 58 102 177 50 128 0 16
3 187 138 138 65 120 87 105 87 171 179 0 15
6 55 167 179 193 116 110 176 51 80 165 0 28
9 142 199 178 141 127 57 91 70 51 54 0 42
4 163 195 159 105 177 56 101 128 75 79 0 17
4 166 61 136 51 88 124 125 92 152 100 0 20
9 124 77 48 189 119 79 141 64 52 107 0 42
8 129 137 117 186 102 188 113 125 178 153 0 38
4 48 125 96 179 115 126 105 94 59 184 0 16
4 102 70 182 85 121 102 95 177 153 48 0 16
7 52 195 66 192 128 74 161 124 129 119 0 33
4 82 141 117 173 82 163 133 146 80 179 0 18
6 108 152 127 115 132 145 162 163 179 164 0 29
4 172 71 130 197 155 122 141 185 109 66 0 19
5 133 167 156 167 70 141 152 133 157 52 0 22
8 162 135 51 102 108 151 129 88 120 169 0 38
5 115 69 73 82 123 42 109 44 80 175 0 22
4 78 92 90 174 128 141 101 123 157 98 0 17
3 66 133 191 143 101 44 172 77 199 155 0 13
4 146 199 54 177 75 189 85 157 132 69 0 18
4 126 102 153 55 42 52 91 45 151 66 0 17
4 68 73 124 62 60 107 148 69 192 90 0 18
3 134 88 150 76 168 197 176 189 40 160 0 13
7 103 153 130 84 59 60 130 42 42 74 0 35
10 66 139 68 104 134 116 78 129 137 151 0 49
5 165 83 95 179 151 46 145 129 121 66 0 21
7 200 131 175 44 102 108 61 137 138 131 0 32
9 147 81 142 155 72 115 136 139 133 73 0 44
10 95 78 135 150 143 165 195 78 64 111 0 46
10 90 123 67 107 116 146 70 192 132 110 0 46
7 161 200 189 142 74 173 53 175 192 123 0 32
8 69 105 143 134 143 109 62 199 108 171 0 39
7 109 97 117 199 159 84 186 64 120 183 0 32
9 43 105 45 194 175 115 99 49 50 44 0 45
4 195 189 74 154 42 180 149 89 97 62 0 19
8 60 126 42 162 81 181 117 179 57 98 0 37
3 80 62 91 98 112 105 171 99 72 199 0 11
7 83 170 156 127 140 65 184 173 47 128 0 31
9 96 80 191 186 196 95 116 59 132 168 0 42
8 82 167 53 88 56 68 127 181 137 153 0 40
7 127 126 48 108 74 52 87 64 54 145 0 35
5 195 98 103 84 188 172 130 169 64 119 0 24
5 102 83 110 66 118 178 62 180 173 179 0 22
8 55 193 48 76 56 79 62 98 151 162 0 40
7 154 148 159 110 169 195 197 47 151 113 0 32
3 163 110 192 128 49 188 141 101 118 193 0 14
6 189 47 68 126 131 121 91 111 169 52 0 30
9 165 64 194 123 111 59 85 164 52 190 0 45
10 157 79 99 65 95 92 131 198 106 133 0 46
6 60 68 48 167 182 97 104 199 149 166 0 28
9 88 126 90 106 166 95 71 98 76 153 0 45
4 175 103 156 165 46 189 160 48 50 151 0 20
8 106 173 149 123 52 88 121 133 167 136 0 38
3 131 190 173 112 186 189 61 157 171 158 0 15
3 122 137 65 78 141 176 155 43 118 42 0 15
9 148 153 139 172 145 65 164 86 103 92 0 43
9 49 120 139 109 189 48 165 93 185 127 0 45
10 132 191 173 142 187 93 169 121 83 142 0 49
7 185 46 79 179 97 125 143 194 113 194 0 31
7 176 109 197 42 191 148 190 83 163 76 0 33
10 191 128 157 106 79 80 100 188 103 94 0 47
6 76 167 131 194 51 131 80 199 119 139 0 29
8 123 167 179 174 128 50 100 117 95 162 0 37
3 171 135 91 47 68 159 109 64 199 113 0 11
4 169 101 92 164 42 100 159 53 146 57 0 19
8 143 95 165 142 98 154 109 183 157 169 0 38
4 126 68 105 118 80 72 45 141 68 166 0 17
3 115 140 183 118 187 199 157 177 137 103 0 12
4 137 76 85 88 54 80 42 189 52 157 0 17
6 94 183 163 193 197 43 101 45 157 195 0 29
3 72 86 68 162 196 195 44 90 47 72 0 15
3 47 189 155 144 176 182 152 103 167 107 0 12
5 178 123 56 154 57 103 56 61 192 117 0 21
6 101 117 125 102 161 51 166 128 193 163 0 27
5 141 112 93 136 78 166 113 67 113 94 0 24
10 183 146 74 152 199 66 50 40 47 113 0 50
8 93 88 87 140 194 171 168 98 53 50 0 36
5 161 163 107 157 129 111 163 122 128 51 0 25
4 184 55 44 179 86 156 194 191 103 139 0 20
7 64 64 137 89 179 199 103 162 143 135 0 32
4 64 54 193 173 90 133 51 153 157 113 0 19
9 43 106 100 165 140 121 129 151 80 147 0 43
10 172 171 80 48 192 132 161 126 95 46 0 48
4 153 77 123 163 47 41 86 192 124 168 0 16
4 46 55 107 140 144 191 111 187 76 178 0 20
10 171 179 66 195 97 72 163 193 78 82 0 49
10 199 139 190 147 141 141 64 101 185 63 0 50
6 143 73 96 126 160 189 195 58 107 105 0 26
4 197 181 101 177 51 150 166 150 54 153 0 17
6 186 177 92 197 200 184 86 44 160 153 0 30
4 190 43 176 159 81 150 196 101 82 48 0 17
3 91 80 177 42 85 75 47 67 174 180 0 13
3 193 154 77 112 45 107 194 111 159 161 0 11
8 107 153 87 88 160 196 128 116 125 141 0 40
10 68 167 46 133 87 135 138 192 83 101 0 46
6 103 40 143 141 85 48 63 73 198 134 0 30
10 52 118 65 96 42 105 62 60 189 56 0 48
10 44 177 82 94 172 44 151 187 146 191 0 48
5 182 134 65 124 88 190 124 85 169 189 0 22
9 186 50 87 74 179 42 47 88 49 186 0 45
5 160 127 151 137 135 131 78 94 121 185 0 22
9 85 185 184 52 197 68 52 87 50 186 0 41
10 105 115 65 145 154 113 179 182 166 173 0 50
9 51 157 90 159 43 133 128 130 43 150 0 43
6 105 107 181 113 113 186 85 87 110 131 0 26
6 130 180 64 196 112 139 144 59 143 102 0 30
9 56 101 129 163 44 167 165 141 165 177 0 45
10 173 157 161 184 183 52 74 183 147 99 0 48
4 109 54 117 100 191 107 152 71 160 195 0 18
5 95 179 41 54 191 193 158 138 117 145 0 25
5 136 111 108 128 95 47 113 84 103 72 0 21
7 189 162 82 115 178 121 130 96 122 168 0 31
6 64 88 115 162 86 44 80 173 173 171 0 27
10 71 200 97 43 141 117 125 160 54 183 0 49
9 123 104 191 85 194 76 42 171 113 153 0 41
8 62 63 151 159 113 59 185 156 105 188 0 39
10 94 85 107 66 161 199 93 178 61 178 0 46
4 89 153 198 109 195 184 176 104 151 158 0 19
8 171 157 119 92 168 171 153 42 130 87 0 39
3 199 50 159 81 67 114 116 44 145 130 0 12
3 178 73 82 178 148 159 42 160 73 116 0 13
5 101 186 41 79 135 116 173 118 133 129 0 24
3 179 92 108 118 63 174 56 146 50 144 0 14
9 46 55 46 120 51 119 176 198 193 92 0 44
5 149 113 176 99 147 90 131 150 100 173 0 25
8 76 194 144 101 151 115 45 143 151 51 0 40
5 59 94 69 178 173 164 117 95 79 177 0 23
10 56 128 182 138 145 102 181 130 94 42 0 47
3 172 125 134 110 141 131 119 155 124 172 0 13
8 85 111 141 50 149 66 151 189 161 109 0 36
4 92 74 94 97 191 115 50 163 187 173 0 16
10 101 135 164 65 193 90 155 192 126 177 0 47
10 110 190 196 114 119 126 83 66 188 133 0 47
6 199 89 186 121 189 101 95 91 62 82 0 26
10 106 144 101 67 77 175 53 148 116 45 0 47
7 52 43 54 145 178 170 125 86 121 141 0 31
2 72 132 128 91 156 60 110 62 66 170 0 10
5 114 136 168 48 44 119 64 94 68 79 0 22
4 183 187 61 121 174 112 98 79 41 79 0 19
6 123 189 114 140 99 135 90 116 110 169 0 27
5 129 187 154 169 97 87 182 82 112 70 0 23
3 82 123 98 87 83 94 184 161 109 101 0 12
10 195 111 90 93 42 95 80 115 191 133 0 46
8 71 179 166 162 110 98 150 185 69 90 0 38
5 171 146 160 161 133 60 102 67 164 164 0 24
3 181 53 163 58 182 193 166 173 57 139 0 15
9 183 140 72 97 104 51 199 146 46 147 0 42
5 142 62 86 125 187 195 162 182 165 49 0 22
7 198 98 62 189 122 174 51 72 48 117 0 34
10 88 129 134 122 186 156 131 144 179 46 0 49
9 139 80 116 88 155 47 159 98 196 188 0 45
4 186 170 181 181 181 48 191 192 187 191 0 20
8 181 138 144 151 143 45 167 132 69 116 0 38
3 158 134 48 84 131 185 42 130 58 60 0 14
4 104 157 171 45 149 176 162 107 117 135 0 18
7 113 105 197 167 49 48 146 195 137 99 0 32
10 139 41 152 72 188 72 93 64 193 106 0 50
2 150 182 175 131 180 62 135 184 147 120 0 10
5 136 162 183 149 47 71 189 92 65 159 0 24
6 88 107 141 152 46 124 137 152 137 106 0 27
7 128 58 196 195 178 109 81 178 189 110 0 31
4 137 171 108 187 53 197 158 162 113 122 0 20
7 175 90 161 52 154 41 186 149 54 89 0 34
8 152 80 68 105 140 106 109 51 127 196 0 36
3 199 149 181 161 182 125 50 168 74 179 0 14
5 148 72 103 82 43 56 158 174 84 137 0 24
10 56 157 94 56 87 139 97 60 163 195 0 48
8 92 133 85 78 127 50 140 62 57 66 0 37
3 133 79 56 115 149 179 103 183 61 181 0 13
10 188 198 98 114 93 75 187 125 60 159 0 47
10 47 155 81 53 69 162 83 143 142 161 0 48
8 44 52 55 78 141 170 175 180 183 174 0 38
10 80 78 161 112 63 141 167 177 178 78 0 46
3 103 187 57 109 153 104 116 139 187 151 0 11
8 165 122 181 113 150 133 143 54 138 60 0 37
9 84 192 148 48 78 187 183 159 144 72 0 42
9 77 68 185 67 111 135 189 165 124 66 0 44
4 100 160 91 48 167 79 83 92 101 80 0 19
8 68 162 126 162 116 186 105 49 86 79 0 37
10 179 193 121 128 131 125 90 149 121 125 0 48
9 129 173 44 134 42 80 139 144 54 49 0 45
9 110 84 161 87 134 119 150 134 180 74 0 43
9 91 164 180 104 46 117 145 125 96 193 0 41
3 149 67 82 70 181 62 120 135 117 191 0 11
9 58 105 127 147 74 150 54 172 51 100 0 41
4 144 126 67 70 199 137 51 55 167 75 0 20
7 85 190 143 141 133 167 147 82 102 173 0 35
4 95 147 43 90 94 197 156 101 125 120 0 20
3 175 73 105 58 56 118 172 151 105 149 0 13
5 123 152 56 60 42 109 107 176 139 172 0 24
9 55 148 129 155 46 132 143 139 42 184 0 43
8 77 52 61 72 181 56 95 156 119 133 0 39
7 115 133 143 174 159 75 121 169 139 183 0 34
10 183 157 136 170 161 184 105 81 47 146 0 50
10 124 166 143 193 179 123 157 105 145 172 0 50
9 98 50 146 95 200 118 78 58 58 133 0 44
4 111 47 72 170 112 110 191 102 65 111 0 17
9 97 98 181 181 189 185 167 183 68 163 0 43
3 165 155 50 183 150 141 110 143 82 107 0 15
10 132 171 177 124 48 160 180 43 138 199 0 49
3 186 136 91 198 129 68 94 186 69 147 0 11
8 87 129 156 76 117 43 68 171 142 133 0 40
7 140 93 109 97 140 73 147 178 78 98 0 32
3 109 155 120 133 58 76 191 161 44 193 0 11
3 140 115 181 88 109 65 71 107 181 50 0 13
10 165 127 125 56 188 80 109 139 190 46 0 47
5 109 69 134 56 118 196 184 132 169 112 0 25
7 186 148 58 47 46 40 155 188 92 127 0 35
10 195 172 123 52 98 185 184 100 149 42 0 48
7 96 57 148 138 42 173 141 91 129 174 0 35
7 84 61 71 53 190 174 113 179 98 147 0 31
8 50 200 64 101 102 123 156 119 101 159 0 36
4 172 155 114 140 193 135 167 199 135 161 0 20
9 42 92 144 116 55 170 137 91 199 194 0 44
8 87 184 185 49 162 139 145 170 74 200 0 40
8 188 168 45 67 104 168 195 61 108 42 0 40
8 195 117 127 44 41 54 177 71 123 69 0 37
8 74 181 92 188 103 68 118 149 89 161 0 37
9 107 60 156 65 73 108 139 185 67 98 0 43
5 117 111 135 151 42 145 87 58 105 103 0 23
10 82 174 131 82 60 115 41 139 106 145 0 47
5 143 135 128 138 106 165 91 71 123 160 0 22
5 145 105 85 99 138 141 59 184 132 60 0 23
10 67 82 157 184 123 136 48 175 136 51 0 47
10 105 71 62 114 117 60 113 174 187 131 0 46
6 168 89 74 73 96 123 67 98 112 161 0 30
7 177 72 96 80 111 150 196 157 181 115 0 32
7 78 128 185 135 100 162 98 146 125 146 0 35
9 198 58 123 117 91 50 69 98 158 60 0 44
6 71 144 64 138 40 186 90 191 183 200 0 29
10 129 41 90 135 100 90 159 114 98 135 0 50
6 56 83 109 63 57 124 93 62 112 136 0 28
8 147 93 95 188 51 58 195 140 47 94 0 40
10 196 168 149 197 84 195 135 185 47 68 0 47
4 131 142 146 196 61 93 157 153 98 89 0 20
4 177 98 141 175 74 193 181 84 195 64 0 19
5 198 101 143 42 194 153 43 141 93 139 0 23
10 187 190 184 82 45 192 92 85 176 169 0 48
5 72 90 118 41 71 63 156 113 42 124 0 25
5 135 193 155 161 48 70 55 121 129 161 0 21
7 185 191 110 193 150 54 127 56 92 165 0 34
7 109 71 113 199 178 137 119 71 158 91 0 33
9 143 72 66 126 154 49 186 91 130 48 0 44
10 66 72 44 147 60 151 126 125 71 124 0 46
5 144 191 154 164 65 123 77 176 53 102 0 25
8 72 97 82 183 183 195 164 174 75 140 0 39
6 158 173 169 166 155 47 83 45 56 72 0 29
5 156 106 129 141 170 137 102 104 55 107 0 25
6 115 72 95 193 175 140 125 157 102 84 0 26
8 199 185 56 86 139 50 71 197 142 53 0 40
7 191 162 83 159 98 186 173 45 144 151 0 35
7 132 131 179 171 191 86 60 191 49 45 0 33
8 128 184 134 180 133 48 49 185 181 103 0 36
5 175 157 179 146 168 131 106 64 58 196 0 21
9 165 131 117 96 56 141 83 170 120 94 0 41
3 168 118 74 85 62 168 176 50 40 99 0 14
5 89 196 82 179 105 75 48 137 52 196 0 24
4 116 106 193 167 125 43 126 164 168 48 0 20
5 104 169 54 200 68 109 169 196 67 81 0 23
7 151 61 135 80 65 158 196 78 129 117 0 31
7 80 144 127 58 107 145 193 197 140 57 0 35
8 132 83 135 83 174 179 116 158 128 172 0 40
6 67 62 64 167 167 190 62 144 47 48 0 27
2 121 89 171 85 113 46 125 88 81 120 0 10
6 191 155 104 46 198 141 113 176 158 178 0 29
8 159 175 90 80 83 96 53 156 112 75 0 40
6 161 148 160 146 64 170 69 66 173 66 0 29
3 103 136 87 144 183 40 194 161 98 120 0 13
5 151 111 119 113 62 191 96 139 48 169 0 23
7 97 60 46 60 52 173 85 124 197 42 0 34
4 49 133 170 160 112 77 93 187 94 88 0 20
7 74 139 180 84 86 67 161 88 182 58 0 33
7 40 183 127 177 156 171 165 198 186 146 0 32
10 91 124 189 104 159 155 41 49 67 149 0 46
5 108 114 176 179 181 149 95 140 90 65 0 21
7 111 59 57 198 110 146 176 118 178 119 0 32
6 52 187 72 175 153 141 138 138 173 165 0 27
7 68 104 180 120 88 57 118 74 87 42 0 31
9 88 133 58 138 101 135 67 78 106 191 0 45
3 190 137 127 130 58 159 107 141 172 194 0 12
10 60 52 106 176 170 158 126 111 78 54 0 47
8 56 179 174 61 112 105 84 198 85 115 0 36
2 158 98 160 171 44 87 74 177 65 77 0 10
3 95 152 133 105 197 181 104 127 79 161 0 13
6 111 124 47 117 177 135 194 108 179 163 0 26
4 52 67 179 138 197 103 151 81 162 78 0 18
4 137 67 174 133 76 51 48 104 195 92 0 20
4 194 184 70 96 93 159 190 106 169 80 0 17
7 177 107 183 161 66 54 139 149 75 62 0 32
4 90 152 61 151 70 100 180 121 70 79 0 17
8 47 49 164 142 55 177 61 62 197 172 0 40
5 59 111 149 91 196 104 149 172 163 165 0 21
7 59 161 100 175 52 63 127 121 70 156 0 35
7 104 62 101 172 75 125 89 136 56 172 0 34
3 86 184 86 165 152 54 124 129 107 58 0 13
8 110 82 135 62 89 162 58 87 144 127 0 39
9 151 147 181 66 184 158 68 64 170 164 0 42
5 114 163 188 187 42 64 171 49 154 113 0 24
5 176 143 40 104 139 185 48 83 142 186 0 25
10 79 151 54 98 188 122 169 119 60 52 0 48
3 190 175 124 138 97 53 173 135 47 197 0 11
6 42 115 127 76 172 66 158 129 82 95 0 27
4 176 107 80 72 101 135 56 142 73 103 0 17
10 164 101 198 180 73 148 155 72 143 167 0 47
6 155 171 196 72 110 172 197 138 77 163 0 26
3 68 132 113 94 57 188 167 81 53 111 0 12
6 80 94 195 75 78 90 68 60 134 97 0 29
8 166 165 80 60 155 197 93 179 114 189 0 38
4 59 44 90 81 48 114 177 183 74 77 0 17
5 150 176 56 54 135 181 60 100 79 178 0 22
4 62 165 94 111 45 175 41 170 111 62 0 20
5 199 181 198 187 96 80 117 170 82 66 0 24
5 167 68 94 161 113 71 124 148 83 104 0 23
7 65 130 95 137 181 64 78 110 195 161 0 35
6 123 144 184 191 147 80 72 94 70 40 0 28
5 161 60 163 146 120 179 159 55 92 56 0 25
10 103 147 152 58 138 166 151 157 46 46 0 47
4 180 149 188 64 183 75 116 153 48 138 0 16
5 40 90 141 139 70 162 49 167 74 189 0 22
7 123 128 62 119 119 74 44 99 139 146 0 32
3 68 165 179 51 101 181 72 114 125 193 0 13
7 68 139 107 138 84 103 195 148 132 127 0 35
5 172 145 126 156 133 95 67 52 90 166 0 25
3 164 115 136 189 40 76 40 72 181 58 0 13
6 125 166 170 151 89 181 77 171 112 190 0 29
9 43 159 94 189 196 70 171 99 84 179 0 45
8 103 111 200 61 169 169 133 182 111 137 0 40
9 51 189 178 74 180 198 139 104 93 180 0 42
4 187 161 179 68 153 114 189 41 56 137 0 16
6 103 88 82 67 160 187 46 183 169 158 0 29
9 46 187 79 64 136 104 165 146 178 182 0 44
7 145 79 108 68 189 63 167 94 125 100 0 35
7 175 102 51 105 46 154 127 109 199 171 0 33
6 60 186 193 170 79 119 58 53 101 150 0 27
9 125 125 132 48 155 199 87 50 109 95 0 43
5 188 117 119 92 80 142 118 151 106 171 0 23
8 112 58 197 63 63 58 170 126 62 151 0 39
10 45 58 115 175 155 54 129 184 46 124 0 46
5 167 168 51 93 149 70 84 158 94 135 0 23
3 136 176 121 80 123 118 94 157 136 67 0 12
9 46 185 191 131 190 167 142 120 162 155 0 44
5 87 185 149 122 175 70 106 60 166 54 0 24
10 182 105 57 94 149 183 42 80 195 195 0 50
7 55 197 158 47 51 99 67 193 116 130 0 35
4 122 183 55 187 48 136 44 177 185 154 0 18
4 67 88 50 69 136 133 47 139 65 109 0 20
10 61 177 172 72 118 50 129 66 109 178 0 46
6 107 41 76 93 102 100 66 139 193 71 0 28
6 196 44 111 113 55 92 118 113 183 62 0 30
5 88 113 129 169 195 195 65 76 64 175 0 23
9 135 117 163 158 97 195 140 71 66 134 0 45
4 112 185 101 185 173 64 86 107 69 115 0 19
8 78 92 150 154 103 192 59 195 144 46 0 40
5 115 155 189 117 101 125 161 178 195 126 0 24
8 48 60 106 48 166 153 52 191 97 151 0 39
9 117 151 184 86 141 184 83 173 49 100 0 43
6 65 186 92 83 161 129 133 159 179 175 0 27
8 56 118 108 180 94 166 66 59 153 162 0 40
10 72 61 163 79 157 129 70 138 137 152 0 46
7 62 43 186 185 180 80 157 115 42 56 0 33
4 141 149 48 190 185 92 152 44 197 191 0 17
7 41 86 143 93 175 97 78 177 79 116 0 35
8 82 160 53 112 40 136 46 110 117 139 0 38
4 54 149 171 70 183 116 193 155 61 52 0 18
6 164 71 55 78 125 171 186 167 129 103 0 27
5 175 131 95 139 147 152 196 168 96 93 0 24
4 181 62 71 167 117 160 95 85 49 68 0 20
4 108 170 115 170 125 158 142 120 69 175 0 16
10 153 165 149 182 62 181 136 153 142 185 0 50
7 105 195 52 153 111 161 180 104 95 111 0 35
3 142 143 45 195 128 196 74 190 67 120 0 13
3 51 43 131 77 82 185 73 109 68 137 0 13
7 86 72 155 68 41 71 52 176 191 100 0 31
3 40 66 129 68 172 52 50 85 107 111 0 13
3 64 98 62 175 127 51 110 146 199 112 0 11
9 110 109 157 100 66 173 138 92 103 193 0 45
6 180 64 137 88 194 172 119 88 177 84 0 28
10 151 168 173 152 60 65 164 197 154 140 0 50
7 185 90 66 144 72 137 197 178 192 116 0 33
4 66 92 98 68 170 152 54 194 196 85 0 20
6 147 98 165 101 139 193 130 69 70 133 0 27
5 184 88 53 114 84 126 41 97 140 96 0 24
8 54 109 52 50 67 150 185 98 150 132 0 36
7 150 71 179 75 108 197 98 168 76 133 0 31
7 83 66 120 163 97 196 43 149 125 52 0 35
4 145 180 135 111 117 126 137 150 79 68 0 18
10 45 44 131 70 184 165 105 163 110 158 0 46
7 197 49 163 161 51 190 84 82 187 114 0 31
7 61 116 169 48 129 100 52 86 188 191 0 35
4 157 187 88 178 185 89 53 72 111 61 0 17
3 57 53 46 164 159 166 101 119 148 74 0 12
3 90 96 153 51 100 172 53 44 127 153 0 11
5 133 152 135 76 131 141 95 84 137 80 0 22
5 66 78 102 40 63 172 96 197 112 42 0 21
3 171 185 71 87 178 129 90 151 81 63 0 14
10 126 154 158 98 54 159 185 79 148 117 0 46
5 93 161 191 80 147 42 80 174 106 48 0 21
5 137 113 187 91 58 119 138 119 76 197 0 24
9 101 49 64 40 73 182 94 98 133 119 0 43
5 117 42 192 124 84 139 59 78 133 85 0 23
3 170 76 61 88 167 79 158 86 113 160 0 15
8 182 43 43 125 52 171 103 61 53 42 0 39
4 82 164 60 169 98 118 181 70 180 137 0 19
8 137 148 98 135 143 145 165 77 185 161 0 40
3 155 62 73 46 79 138 193 104 53 75 0 11
9 199 160 143 171 131 103 51 60 86 76 0 42
3 158 109 47 116 84 46 81 180 138 44 0 11
5 98 132 190 175 92 166 67 46 184 176 0 22
3 144 67 190 162 125 92 100 80 88 49 0 14
5 116 102 109 55 178 147 172 181 151 116 0 22
9 68 143 59 132 123 155 45 142 52 156 0 45
7 197 161 161 183 121 56 183 199 77 91 0 33
9 150 88 172 62 103 115 181 85 140 191 0 41
6 191 169 159 89 127 135 98 59 69 71 0 27
10 198 191 174 63 191 105 185 46 115 105 0 47
9 116 107 90 153 133 142 50 64 111 90 0 45
9 114 103 139 100 64 109 96 174 69 173 0 42
4 171 99 112 187 178 45 119 190 92 184 0 18
9 82 106 87 117 50 62 187 192 152 45 0 44
4 84 142 46 144 86 62 87 74 80 62 0 17
3 190 130 117 143 169 58 86 78 160 139 0 12
4 137 139 97 92 114 128 76 80 135 187 0 20
9 161 198 137 78 48 43 105 54 114 156 0 42
7 147 56 69 137 88 159 199 135 98 48 0 35
4 92 72 136 52 93 144 140 49 151 61 0 19
4 58 183 49 84 141 47 87 144 109 169 0 17
6 127 98 186 136 165 100 57 99 66 150 0 26
7 172 53 190 161 115 85 143 48 192 96 0 34
3 100 165 129 124 102 123 91 76 182 111 0 11
10 81 119 129 85 181 181 144 199 113 111 0 47
6 175 131 188 56 150 193 139 196 108 182 0 28
7 93 102 64 199 103 192 127 52 85 126 0 35
6 53 157 61 124 113 157 48 190 158 140 0 28
10 178 44 70 58 99 195 143 109 169 186 0 47
7 154 141 150 172 144 194 115 138 93 149 0 34
5 112 54 187 120 118 108 126 87 71 42 0 25
9 130 123 84 97 47 60 141 91 164 172 0 44
5 148 47 45 104 188 119 145 188 187 124 0 25
4 111 185 142 55 58 144 70 52 107 77 0 16
9 91 162 170 54 168 51 43 127 110 145 0 41
3 120 149 197 105 117 181 125 93 149 185 0 13
2 78 179 54 81 153 145 119 129 40 143 0 10
10 137 63 165 139 72 152 180 164 116 163 0 47
4 183 194 100 153 92 177 140 103 159 149 0 16
8 49 191 199 161 116 115 184 79 158 101 0 36
10 136 88 65 144 147 113 197 197 111 184 0 49
6 193 98 53 86 78 130 182 42 90 102 0 27
5 101 78 135 185 175 199 98 120 96 169 0 21
7 80 161 169 52 119 181 84 144 54 183 0 34
3 170 170 197 51 127 51 71 74 104 179 0 11
9 185 47 102 190 89 44 44 43 171 78 0 43
8 170 199 131 54 193 158 48 94 89 90 0 39
4 48 90 103 195 72 50 123 160 95 179 0 19
8 194 54 88 92 104 82 140 151 113 165 0 40
9 158 173 99 121 112 187 154 146 143 144 0 41
8 158 81 123 137 82 171 163 72 174 147 0 38
7 87 128 181 107 110 139 139 116 199 145 0 32
4 46 110 116 163 48 139 197 53 180 190 0 20
7 177 128 48 152 47 87 107 152 154 135 0 35
6 116 172 128 128 199 102 190 122 164 79 0 30
5 169 42 119 67 113 148 192 191 146 108 0 23
6 68 73 146 169 121 65 164 172 147 56 0 28
10 128 82 181 123 179 68 98 116 156 127 0 48
5 145 199 57 42 192 52 165 163 68 149 0 21
3 101 72 122 96 44 78 88 173 60 155 0 13
10 197 122 177 100 53 45 148 164 150 198 0 50
9 94 55 49 51 120 67 63 84 164 83 0 41
4 173 162 193 82 86 158 137 129 44 111 0 19
2 69 43 125 81 66 135 43 44 105 63 0 10
8 173 196 165 129 117 50 45 164 143 143 0 36
7 138 119 42 46 98 167 54 131 168 154 0 35
9 131 109 184 104 188 70 161 85 158 88 0 45
4 151 134 96 129 179 117 111 127 65 124 0 17
9 173 107 106 86 133 189 50 119 58 48 0 41
4 199 149 127 148 138 177 144 117 125 164 0 16
6 76 68 188 192 68 75 189 69 53 171 0 26
6 165 80 46 97 101 194 79 144 142 163 0 29
4 197 47 138 142 87 80 100 87 82 193 0 16
6 198 142 174 96 112 56 86 187 112 109 0 29
4 61 159 113 97 131 79 61 124 168 96 0 19
9 66 125 193 137 82 169 58 147 96 182 0 41
7 63 105 123 78 153 98 199 152 105 120 0 34
9 54 42 41 195 80 177 92 54 153 115 0 43
4 139 193 194 51 122 125 185 78 179 138 0 16
5 131 103 189 170 121 176 81 107 172 71 0 21
3 115 134 99 145 194 146 128 111 190 178 0 14
8 163 98 86 141 133 45 109 76 156 99 0 36
9 144 89 157 80 195 111 72 113 157 92 0 42
7 182 153 132 117 197 72 199 104 115 152 0 31
8 169 56 196 70 155 188 46 70 133 72 0 38
7 152 141 194 151 104 118 65 168 92 153 0 32
3 136 100 113 190 72 189 67 126 80 161 0 14
8 175 165 87 145 41 53 94 148 48 83 0 37
6 159 57 56 112 167 156 111 177 139 68 0 27
9 94 88 105 176 111 141 142 83 65 126 0 45
3 59 76 47 130 143 116 127 88 107 115 0 11
4 171 153 104 52 183 198 67 75 40 66 0 16
9 51 132 155 68 42 51 130 145 139 147 0 43
6 180 81 157 85 152 144 95 146 127 86 0 26
5 189 60 115 107 177 141 103 83 133 153 0 23
3 101 151 111 88 171 158 137 198 198 119 0 11
8 44 199 167 134 184 175 132 177 183 107 0 37
6 64 64 53 114 56 175 186 76 55 40 0 29
3 194 97 77 42 60 138 44 137 60 138 0 12
6 44 181 56 86 108 129 141 148 117 151 0 29
10 113 156 61 173 171 96 69 165 123 58 0 48
7 189 194 159 87 135 124 89 132 186 121 0 34
5 168 105 125 180 165 186 144 48 58 127 0 23
9 92 153 147 159 50 196 134 69 62 74 0 44
8 158 192 68 113 97 141 140 148 79 86 0 36
10 154 122 193 151 136 197 137 45 126 161 0 49
6 79 50 155 184 164 90 184 94 60 44 0 28
5 59 197 197 115 88 52 152 151 158 83 0 22
9 83 139 127 101 106 171 92 63 141 98 0 45
3 59 124 181 74 190 78 135 165 82 179 0 13
10 69 162 186 159 62 182 130 152 137 54 0 47
6 59 70 97 163 88 135 119 107 117 133 0 29
7 131 95 70 172 189 65 91 127 120 151 0 33
10 173 177 99 164 172 145 173 121 143 194 0 47
6 118 90 147 84 125 90 45 151 98 64 0 30
10 127 189 188 168 191 91 130 119 67 186 0 47
9 94 181 61 62 148 158 105 159 196 102 0 42
4 136 121 132 104 106 116 170 53 56 69 0 17
9 147 159 126 71 198 75 150 74 178 123 0 42
6 66 170 125 189 44 54 90 111 90 141 0 30
8 142 113 46 147 158 150 117 172 71 163 0 38
9 106 66 127 100 67 82 154 125 48 75 0 41
10 41 142 62 64 187 96 161 60 141 141 0 47
4 171 113 96 98 103 123 146 182 115 62 0 20
8 172 193 60 124 42 103 193 131 54 147 0 36
7 182 134 155 92 116 128 150 167 44 173 0 33
5 70 113 42 169 145 159 70 114 113 108 0 22
7 108 198 199 187 122 45 164 108 164 112 0 35
5 61 92 145 53 165 62 96 192 134 159 0 25
8 110 147 96 156 131 126 48 127 191 53 0 38
5 61 182 62 78 48 68 147 163 189 118 0 24
3 196 157 89 159 88 105 86 117 59 81 0 14
6 175 70 190 60 156 199 53 195 127 90 0 26
9 165 137 176 118 75 109 94 197 86 180 0 44
6 169 135 70 90 62 149 121 146 159 81 0 27
7 191 59 132 69 56 118 99 173 56 52 0 31
2 146 47 143 42 139 133 163 165 52 194 0 10
10 59 48 195 40 68 102 161 188 126 58 0 46
8 110 123 46 139 169 59 80 82 136 196 0 38
4 168 109 60 122 153 58 163 154 151 59 0 18
4 150 62 41 62 95 145 55 82 45 46 0 17
10 154 115 83 152 188 162 168 85 48 76 0 46
9 178 73 54 177 55 117 70 83 171 115 0 43
2 78 183 78 166 113 186 117 43 169 94 0 10
10 49 105 174 139 106 159 69 92 83 87 0 50
7 189 117 76 162 121 188 194 62 93 97 0 34
9 104 101 141 42 109 72 180 67 147 118 0 44
6 60 176 82 117 105 73 97 197 63 163 0 27
5 98 163 71 197 125 138 61 54 95 117 0 23
7 159 196 115 60 70 171 125 151 111 163 0 32
6 64 163 195 107 142 49 107 130 120 171 0 26
10 92 67 88 87 41 159 74 70 141 103 0 49
9 100 170 144 199 158 134 195 123 185 97 0 42
7 45 61 198 193 127 190 59 131 172 59 0 35
3 135 196 195 49 72 160 145 155 191 169 0 13
5 79 80 187 137 191 199 146 84 146 58 0 25
10 137 113 194 70 71 99 175 50 142 84 0 50
9 116 107 120 103 113 86 117 145 197 114 0 42
7 115 92 196 196 145 165 106 108 172 139 0 31
7 191 103 43 181 162 67 158 136 107 87 0 34
3 178 166 97 90 185 115 143 64 54 198 0 15
6 159 191 118 132 165 172 84 67 154 94 0 28
6 109 122 145 149 106 80 90 143 45 72 0 29
3 94 141 121 92 83 105 133 176 61 120 0 11
10 46 64 98 192 150 142 148 52 113 124 0 46
5 65 152 62 78 63 41 76 98 169 84 0 22
3 107 160 126 199 199 126 131 179 50 186 0 11
7 198 159 161 198 94 87 68 189 148 135 0 35
4 111 94 79 100 154 63 199 92 63 193 0 20
2 40 183 100 93 152 109 46 80 198 114 0 10
4 108 97 102 62 199 149 57 171 62 44 0 19
6 194 117 148 147 153 84 43 145 133 94 0 30
6 170 85 84 145 135 82 41 60 148 76 0 30
8 106 72 66 165 85 175 185 95 103 88 0 39
5 120 51 116 86 196 70 166 162 180 108 0 22
3 145 158 84 66 76 195 191 181 137 171 0 12
4 159 54 169 96 91 157 160 58 79 111 0 16
9 111 160 97 137 59 75 121 63 148 165 0 42
9 92 52 118 82 94 74 104 174 141 163 0 41
8 184 149 62 181 104 133 105 135 52 83 0 40
4 76 55 128 98 113 147 177 186 146 133 0 16
4 143 96 50 180 156 110 87 184 69 110 0 18
6 185 46 177 143 83 199 169 174 133 68 0 30
5 106 150 136 179 187 58 97 161 72 94 0 21
9 143 153 142 137 95 72 183 171 42 157 0 42
8 106 139 181 155 125 98 189 132 81 84 0 37
7 178 118 107 130 84 87 161 50 104 169 0 33
10 193 128 68 72 88 43 103 139 73 152 0 50
5 157 57 121 151 152 116 127 172 134 185 0 24
9 72 116 68 96 109 64 141 57 143 47 0 44
6 96 50 115 67 176 123 47 64 171 97 0 26
5 61 96 185 114 181 55 44 186 151 49 0 22
8 78 167 85 78 96 200 200 139 94 53 0 38
4 109 169 185 151 142 54 80 113 114 168 0 20
4 143 190 195 154 45 71 51 111 113 141 0 16
4 133 151 125 135 111 74 172 53 103 157 0 19
5 185 198 62 190 141 43 155 133 186 96 0 23
10 89 80 97 115 99 191 97 137 128 139 0 46
8 73 100 66 119 41 140 132 185 158 170 0 40
4 117 190 90 54 67 108 134 174 55 86 0 16
9 63 98 152 85 57 147 171 64 100 100 0 45
3 132 163 119 107 159 48 106 65 168 94 0 11
5 121 58 117 127 102 191 47 78 138 118 0 25
4 127 138 98 141 161 128 136 91 82 108 0 18
8 77 189 173 96 56 79 108 90 134 172 0 39
4 103 110 158 56 80 177 134 179 173 186 0 16
5 166 192 103 81 73 96 98 170 65 115 0 24
6 115 135 64 67 115 133 162 43 43 51 0 30
9 69 107 140 176 167 58 172 66 116 120 0 42
9 54 196 80 115 187 67 72 149 96 165 0 43
8 135 43 123 72 84 64 161 195 193 96 0 37
10 148 91 195 50 133 73 101 121 155 162 0 46
8 171 146 114 59 172 144 70 138 145 44 0 37
6 139 102 40 155 135 141 168 119 161 140 0 30
6 145 94 109 109 72 145 161 155 51 183 0 26
4 160 167 155 114 168 44 61 116 88 41 0 16
5 193 162 77 156 67 195 108 147 129 191 0 21
8 47 187 42 118 109 190 149 70 187 194 0 36
7 57 84 95 42 195 159 72 169 176 90 0 32
3 162 193 177 85 61 119 46 161 117 66 0 12
5 96 63 115 103 188 70 193 103 47 116 0 24
10 92 175 182 78 68 183 86 169 107 50 0 48
7 81 113 54 111 82 83 51 105 56 104 0 32
10 183 68 142 130 50 187 125 85 163 183 0 49
6 103 62 43 165 115 162 102 136 142 197 0 28
4 163 124 103 189 196 179 126 71 75 40 0 20
3 70 83 81 66 165 127 126 103 117 49 0 11
3 90 112 57 56 143 181 89 52 131 50 0 15
3 52 52 175 92 138 96 74 62 163 71 0 15
10 59 118 155 117 194 76 90 192 72 52 0 50
3 178 103 135 136 199 125 48 161 101 105 0 14
6 166 83 171 107 175 84 143 110 174 49 0 27
5 72 52 50 50 78 133 48 42 164 49 0 25
5 81 174 186 69 192 118 97 144 165 87 0 25
3 112 147 119 123 42 64 68 169 144 117 0 11
9 121 40 113 84 59 159 61 47 91 143 0 43
5 166 122 183 55 191 173 53 121 175 117 0 22
5 82 100 139 151 110 44 174 103 72 107 0 25
4 123 127 121 184 76 150 44 69 180 92 0 16
7 95 157 83 104 134 145 156 169 171 149 0 34
6 116 180 53 158 151 155 101 160 112 109 0 28
6 179 185 105 121 99 86 185 75 144 90 0 30
7 138 164 90 137 190 106 114 75 95 123 0 35
8 142 100 125 107 66 88 92 115 54 70 0 37
5 168 40 54 44 131 97 181 111 158 115 0 22
7 149 195 72 139 172 96 76 126 187 188 0 33
3 54 103 76 136 199 57 122 199 47 180 0 14
6 137 162 137 50 198 160 84 64 123 76 0 26
5 134 42 58 161 69 44 157 155 42 66 0 25
7 54 58 129 80 114 126 181 60 178 186 0 31
7 110 114 137 48 190 102 115 178 169 146 0 32
4 63 48 130 132 189 60 67 135 114 135 0 19
3 184 91 155 115 175 182 94 177 72 146 0 12
4 184 41 129 111 84 122 64 53 94 121 0 19
6 107 54 189 119 121 56 184 181 68 41 0 29
3 173 126 199 140 60 72 85 139 188 171 0 14
8 185 110 168 144 130 156 172 45 180 48 0 37
4 188 50 155 154 138 161 82 101 54 85 0 16
4 113 153 104 78 76 80 97 187 78 150 0 18
9 198 117 93 151 77 115 59 78 177 94 0 44
7 42 139 82 74 148 134 86 178 65 60 0 34
6 58 154 145 143 136 114 100 65 122 72 0 27
6 114 151 54 87 44 92 70 180 143 131 0 28
194 200 187 173 246
112 161 186 226 267
123 158 180 232 290
117 140 191 254 260
122 175 212 225 261
101 154 217 250 285
113 177 184 250 276
111 171 195 225 283
104 166 196 253 297
106 144 187 253 299
133 178 192 251 272
128 153 193 255 297
123 161 198 229 288
134 156 220 233 264
127 177 207 229 272
132 155 194 222 291
135 142 188 256 268
125 167 208 259 288
138 180 199 249 269
123 158 199 259 279
127 160 211 250 299
133 179 212 250 262
130 155 195 237 280
125 169 212 225 284
104 169 218 240 281
119 163 200 231 273
123 148 206 234 262
119 157 216 237 291
137 173 197 258 299
124 142 185 241 277
103 157 203 229 279
113 168 194 243 273
119 140 192 243 260
126 179 195 220 288
105 154 201 258 279
123 162 182 226 296
105 147 214 242 287
106 178 188 233 272
104 158 191 237 262
129 144 219 253 291
133 180 209 230 264
112 160 208 220 277
126 158 206 243 292
140 140 188 236 263
135 141 207 245 292
103 161 202 236 290
127 169 193 260 268
119 148 207 246 300
112 164 206 236 260
112 172 207 220 294
130 173 204 252 275
131 160 195 230 271
123 171 203 255 273
126 154 191 252 295
127 142 193 257 261
136 147 189 242 296
136 157 200 221 268
131 180 191 247 293
139 180 217 221 278
139 152 208 243 288
104 176 181 256 277
106 157 183 253 274
135 145 212 231 272
132 149 185 254 271
119 142 220 229 294
101 144 193 225 268
117 160 197 248 285
134 144 183 222 300
102 141 206 257 272
126 155 194 245 300
135 173 197 233 269
107 159 194 252 295
126 148 193 223 286
105 176 195 237 275
133 155 184 243 277
129 177 212 241 261
130 143 211 221 276
128 169 201 225 296
124 158 205 250 270
114 147 186 233 297
101 157 208 239 292
102 154 180 229 298
123 177 218 228 295
110 153 206 229 278
133 149 188 225 281
112 142 189 239 283
136 171 198 238 262
127 148 210 236 290
130 165 211 236 295
102 176 195 233 297
139 144 215 224 280
113 162 193 245 263
130 161 183 249 295
103 172 210 225 299
119 154 213 254 265
108 168 184 237 279
102 168 212 244 287
140 163 211 243 278
113 179 206 223 262
135 167 185 234 285
128 163 219 233 282
127 163 219 229 269
134 143 185 222 261
100 180 192 232 291
108 178 194 235 281
109 149 211 235 298
129 169 181 227 278
100 145 186 225 271
130 158 195 259 294
110 141 202 251 286
139 167 189 258 299
104 166 190 240 298
137 177 202 243 261
131 180 195 248 271
130 169 204 223 276
128 167 204 251 290
118 180 202 239 293
116 153 217 233 274
114 163 193 252 284
119 174 194 253 266
139 164 203 220 268
107 175 218 239 263
106 152 220 251 284
129 169 189 238 294
102 149 192 255 267
128 167 185 255 275
119 148 180 225 300
134 163 203 247 261
122 164 205 250 266
132 159 192 228 279
122 145 200 250 283
111 148 196 234 293
139 165 215 225 275
140 142 215 241 261
107 178 185 220 291
119 175 206 221 273
114 140 182 234 260
124 144 210 249 262
121 151 219 246 295
105 165 220 234 270
134 164 184 224 269
108 175 217 232 292
120 175 197 257 286
128 142 180 254 269
126 160 213 231 277
112 141 184 255 293
109 152 210 230 287
128 142 214 248 264
109 144 187 225 261
108 157 187 235 288
138 154 206 231 268
108 159 210 229 292
100 166 202 236 275
140 144 210 248 278
105 160 192 225 298
104 164 184 232 299
108 167 190 232 294
139 175 203 243 265
125 177 191 231 290
100 180 213 233 278
125 143 194 222 273
110 169 186 222 278
126 143 214 227 285
109 168 192 233 299
117 174 202 247 283
134 155 216 227 290
111 153 220 244 287
104 171 193 246 299
129 147 207 238 268
102 173 185 225 282
114 164 212 221 268
102 164 214 223 283
138 174 195 225 269
104 150 193 248 261
120 149 215 226 292
123 167 216 242 298
100 151 208 250 288
110 153 203 255 275
107 155 181 245 266
105 153 202 228 275
132 163 192 230 266
120 145 197 258 284
136 171 205 243 278
134 140 200 254 298
110 143 201 223 275
105 153 212 242 279
107 173 199 234 285
134 155 217 258 271
119 169 212 236 261
133 143 211 249 264
121 179 188 232 294
109 163 186 244 293
116 173 185 260 289
119 163 180 253 280
140 171 190 238 297
117 164 211 258 263
100 157 203 245 285
116 164 191 258 286
132 176 210 246 295
120 143 182 225 285
135 159 182 256 272
136 156 189 245 278
103 157 200 259 300
133 156 212 253 295
111 166 213 237 299
138 171 214 230 268
126 162 198 227 267
100 164 194 222 279
135 149 186 227 286
139 159 192 223 283
125 146 187 234 276
104 158 186 238 264
108 170 187 247 293
111 165 180 252 263
117 140 180 239 297
102 157 202 252 274
140 148 215 254 293
129 152 202 224 274
120 153 207 249 264
127 174 219 230 282
120 142 201 255 299
122 156 214 233 283
128 172 191 251 292
113 143 212 224 287
114 146 190 257 275
138 176 219 250 299
139 169 204 221 263
132 147 198 221 280
101 147 189 221 273
128 158 220 246 260
126 177 189 251 292
107 152 182 231 288
100 154 209 239 296
117 175 219 227 291
105 177 206 221 294
102 145 199 250 277
124 175 192 235 263
126 167 183 223 275
136 174 193 244 278
124 168 211 234 266
109 157 201 245 263
127 148 185 226 292
106 151 218 253 263
135 153 193 231 269
138 162 215 234 272
136 162 199 247 261
104 158 197 233 286
140 153 195 233 278
137 147 193 240 276
116 160 206 232 275
137 157 194 221 297
134 166 216 259 265
139 160 188 220 300
130 178 204 260 283
137 167 193 237 269
116 158 208 249 273
112 163 180 229 281
138 164 212 226 291
115 151 218 257 275
100 154 215 253 294
126 155 220 226 293
103 145 216 226 297
111 169 181 251 287
102 147 194 254 283
134 166 214 255 276
109 149 188 234 293
103 151 220 246 266
111 152 191 245 286
115 167 196 259 296
115 175 205 246 298
115 173 218 234 261
135 151 215 245 300
125 160 189 225 279
140 145 216 225 283
136 175 206 234 266
118 151 201 230 298
123 148 218 253 272
106 153 217 236 277
134 176 184 227 297
126 156 210 239 264
127 149 201 240 285
117 176 201 252 277
105 144 186 248 280
106 145 205 242 267
126 145 191 228 287
138 171 209 252 284
137 166 183 226 276
116 147 189 258 292
105 145 189 234 290
125 156 181 234 279
126 158 198 256 282
116 148 217 258 273
126 160 204 221 284
126 170 182 260 261
109 161 204 232 276
122 161 220 237 275
122 141 192 238 271
137 153 202 229 279
117 175 220 253 297
107 178 200 253 288
107 146 214 230 283
117 162 185 240 263
138 158 211 227 280
138 167 198 247 268
116 157 191 223 270
139 160 219 224 300
137 155 183 233 283
129 169 216 222 292
119 144 185 224 295
104 172 191 237 296
122 148 215 260 262
130 150 186 240 288
117 151 205 246 278
120 142 208 228 272
136 154 217 233 275
103 160 201 256 266
101 168 197 233 294
117 158 208 225 287
110 146 203 222 282
123 147 187 244 299
108 141 196 257 295
133 149 194 259 294
139 174 195 256 288
128 176 189 222 286
101 150 194 248 277
119 160 210 238 263
111 151 209 252 276
114 157 190 244 262
103 143 195 242 276
139 173 199 226 281
121 180 187 231 265
116 173 189 229 294
137 147 197 220 266
113 144 183 248 269
134 168 217 253 279
116 160 186 228 290
123 142 213 234 264
106 161 191 237 270
119 171 187 241 275
108 166 198 247 285
131 143 203 235 269
137 180 201 244 283
101 153 189 235 268
102 153 200 258 299
131 165 219 246 275
124 142 199 259 260
103 154 199 220 297
100 159 189 259 265
120 159 199 229 282
111 154 180 254 262
125 144 198 230 270
119 164 207 237 285
128 160 183 221 284
133 158 214 246 273
114 141 187 244 300
123 164 208 242 291
128 153 217 251 291
117 167 201 227 268
136 155 199 245 276
101 171 214 252 265
100 145 210 225 287
108 166 204 234 293
134 140 213 242 295
110 177 217 251 264
121 155 213 253 290
137 144 198 228 300
121 166 220 232 265
117 148 202 233 285
104 172 213 226 290
139 175 215 226 278
131 165 181 253 271
120 178 195 242 269
124 160 213 233 261
138 158 206 231 300
114 151 194 233 269
125 143 219 224 296
115 158 186 232 265
127 166 200 233 275
127 167 185 248 281
106 156 188 250 280
116 161 194 243 297
134 177 202 235 273
100 164 213 223 299
135 167 211 233 298
120 159 202 258 298
117 176 184 232 265
114 175 214 256 289
113 147 209 222 298
126 178 190 233 263
127 141 201 221 289
131 148 219 242 300
120 162 217 248 263
107 155 193 255 279
103 153 191 251 300
129 170 204 243 262
139 175 198 254 298
137 140 205 243 278
130 140 213 230 282
137 153 195 258 276
107 158 204 220 281
137 151 188 258 270
137 180 181 234 267
125 178 220 246 278
131 142 192 242 271
109 140 215 245 279
128 162 213 226 261
138 164 207 233 262
105 158 196 242 291
111 150 184 238 268
122 180 214 229 297
134 150 214 220 275
100 149 213 223 289
132 146 211 259 272
110 157 199 232 273
108 144 202 222 292
122 167 192 221 278
122 165 205 242 263
109 153 190 238 276
111 142 196 225 277
132 144 185 245 264
106 140 192 220 295
101 180 210 230 263
115 156 183 223 296
127 158 203 247 262
105 160 189 246 277
113 180 209 252 295
140 153 214 234 270
110 140 195 246 287
106 154 195 235 272
140 157 192 232 271
128 163 208 249 297
122 178 218 249 281
134 159 199 232 293
100 160 198 226 300
112 150 203 252 275
100 140 205 230 298
104 149 194 257 263
110 156 216 224 292
129 157 207 243 267
132 176 204 225 271
101 148 195 241 299
121 144 202 224 289
126 176 188 226 265
124 163 214 253 284
140 154 195 237 298
121 153 216 245 281
129 168 180 256 268
125 157 196 225 288
118 180 220 238 262
119 149 186 232 285
123 142 213 224 278
114 173 208 232 280
117 163 196 253 292
109 166 208 239 264
130 147 211 247 265
107 150 216 221 272
122 179 185 248 285
124 155 212 258 273
104 153 219 250 267
137 142 205 229 294
110 147 191 241 291
131 179 193 242 281
122 158 196 231 283
119 143 188 250 270
109 164 201 225 270
110 171 204 248 280
104 173 217 227 297
104 145 218 227 287
138 168 198 251 277
116 170 205 236 267
125 176 188 237 274
120 160 200 237 282
107 161 220 259 274
105 177 196 249 277
124 172 204 230 284
134 167 188 237 289
130 175 195 225 271
119 179 196 227 283
113 176 203 235 275
116 154 204 242 296
138 146 208 227 294
123 177 190 251 262
116 153 186 256 276
117 153 186 227 299
134 145 206 260 293
112 159 207 250 286
101 179 181 257 299
118 146 180 235 279
114 180 210 232 282
136 156 184 235 278
109 148 197 221 269
134 148 198 240 272
134 164 196 233 279
113 159 219 260 288
123 179 211 258 279
136 176 184 232 289
118 149 198 250 300
129 172 188 250 288
112 150 190 257 266
117 156 183 239 286
129 142 196 232 280
118 171 182 234 281
136 159 201 252 281
110 178 180 250 281
136 166 194 229 296
102 156 187 233 297
102 154 185 255 275
120 172 214 239 292
103 156 186 251 300
113 143 196 230 264
128 150 219 249 291
129 142 197 234 285
116 164 217 232 264
101 167 220 246 294
133 153 196 232 281
128 158 183 224 291
127 170 187 251 289
138 140 212 259 295
108 160 213 244 275
115 175 204 255 287
114 167 190 238 263
130 167 193 259 292
119 170 198 231 285
113 177 198 230 295
103 159 205 237 277
133 153 184 246 286
101 173 198 247 268
119 175 205 257 271
140 164 183 258 260
111 145 214 231 273
134 147 217 231 266
139 169 204 249 269
122 161 220 253 281
117 175 203 233 262
138 150 196 230 260
115 144 197 240 297
118 161 209 226 264
136 157 216 259 296
112 162 193 247 261
135 178 197 225 291
132 159 205 230 273
111 161 182 239 283
109 169 189 241 298
111 176 215 255 296
134 180 203 220 290
113 143 197 247 294
121 160 208 260 287
126 176 192 236 289
100 167 198 221 298
131 163 194 240 268
113 163 184 244 286
116 163 197 236 298
116 154 197 231 269
119 177 204 247 269
130 145 220 258 283
110 152 199 247 270
124 177 209 234 298
104 143 182 260 292
107 143 206 225 291
115 154 214 243 281
111 150 215 249 263
107 174 182 248 293
117 150 214 245 262
138 141 219 252 280
124 179 182 256 300
113 146 214 259 280
138 155 192 223 278
118 149 209 249 268
129 147 201 223 269
140 148 206 240 289
134 153 214 255 285
132 170 199 244 267
102 166 212 236 296
112 150 188 252 264
122 160 195 232 274
105 158 211 236 280
101 160 180 257 279
122 167 198 230 278
118 180 180 234 294
122 158 180 223 293
131 179 216 221 296
125 153 203 226 276
116 149 212 234 285
138 164 186 237 287
115 152 192 235 280
104 153 206 258 267
117 169 220 240 298
113 171 181 254 278
138 149 207 232 263
135 159 193 249 297
127 160 196 244 282
107 161 185 252 279
120 145 212 254 281
104 167 203 243 281
135 171 212 255 271
130 158 203 232 272
127 143 215 225 295
139 158 181 257 261
124 140 191 239 277
110 149 188 259 296
114 148 203 242 270
133 169 213 230 266
110 160 212 228 263
103 142 216 221 278
140 156 184 250 264
109 155 216 253 295
133 173 190 253 271
126 149 193 223 292
102 168 206 251 262
108 159 187 237 281
139 140 195 240 266
127 141 181 231 262
101 143 190 256 296
122 160 208 227 299
100 166 210 256 290
121 180 196 236 279
118 149 209 255 275
136 147 191 234 273
118 151 217 230 282
132 141 186 226 267
140 161 194 251 291
100 163 195 229 276
127 165 217 220 299
114 173 185 235 268
136 170 206 242 299
109 176 196 250 268
115 180 216 222 293
108 160 218 259 292
108 178 186 222 261
124 140 216 226 272
124 167 208 231 275
129 150 184 228 282
109 172 215 228 285
102 143 206 250 299
106 170 185 241 292
140 143 197 220 267
117 149 182 221 262
106 179 212 252 296
111 159 212 249 280
107 144 203 231 275
129 180 194 232 264
136 167 189 254 289
110 177 205 246 286
139 152 216 241 276
100 173 185 251 280
140 160 197 232 276
132 155 187 241 292
127 172 187 236 296
116 171 200 245 276
131 142 191 242 273
119 176 217 259 298
134 152 201 240 270
110 157 189 251 285
123 148 192 227 288
116 166 208 254 266
125 168 212 228 271
139 169 191 235 280
128 148 185 257 277
134 156 196 251 271
115 147 210 222 277
121 140 188 251 263
110 158 209 220 292
107 140 188 220 289
139 176 186 226 272
105 146 202 253 265
106 175 212 226 266
110 154 204 251 287
100 159 188 239 286
128 146 219 250 273
133 174 209 236 275
102 168 206 225 264
135 165 202 252 300
136 176 194 233 279
130 143 199 247 299
115 167 208 233 282
110 145 203 253 300
125 148 180 226 289
129 144 189 256 288
123 147 185 225 275
114 148 209 248 293
110 142 208 226 287
125 165 181 252 264
120 166 194 231 282
100 153 215 234 267
124 178 180 222 260
115 167 196 248 266
137 142 202 228 299
103 162 220 220 299
101 167 220 248 281
103 170 207 231 282
117 150 198 249 294
102 167 199 227 271
124 149 201 233 275
140 160 212 232 294
128 161 186 224 261
105 140 213 242 261
118 156 184 238 290
110 145 209 229 298
137 155 203 224 278
111 140 202 244 292
118 157 217 230 281
111 162 189 223 295
112 161 195 245 263
130 140 215 222 290
124 177 206 258 275
117 168 203 237 260
101 178 208 243 271
114 150 210 251 264
138 147 207 257 295
107 147 192 247 271
129 162 196 239 274
101 156 196 231 280
123 174 191 255 285
104 154 208 228 293
128 176 200 249 289
117 154 193 250 282
119 175 201 224 267
122 164 219 220 276
134 162 214 241 299
124 175 183 234 286
130 143 201 239 282
104 158 203 259 275
116 163 206 244 291
106 166 199 231 275
104 159 192 242 288
122 172 218 238 275
120 147 212 222 261
138 160 194 231 277
115 159 197 245 290
122 174 217 230 273
109 161 202 244 271
102 143 190 249 264
138 141 207 223 271
123 143 194 240 272
117 162 180 233 284
122 165 194 232 277
138 141 198 239 276
125 158 181 236 261
138 141 213 257 286
111 142 209 237 282
136 140 197 254 271
123 142 213 258 287
120 170 185 248 291
126 174 199 253 293
104 144 219 232 275
138 166 216 258 260
110 158 219 245 299
131 168 185 229 274
130 152 194 259 291
108 156 193 257 273
133 147 195 220 282
130 173 217 243 265
104 167 194 244 291
133 160 201 242 280
134 180 220 248 263
105 148 196 232 278
115 156 200 255 285
116 153 204 252 276
126 143 186 232 272
125 151 200 237 294
133 171 201 238 262
121 179 202 228 264
139 152 217 239 282
132 170 217 249 263
123 168 187 229 280
137 180 206 245 300
101 145 215 250 260
114 151 204 232 288
135 149 187 248 269
140 151 219 237 282
104 140 189 224 261
131 164 183 257 288
130 177 206 255 297
125 141 198 247 300
113 158 209 249 283
140 171 187 252 286
109 175 186 255 265
105 167 182 237 289
114 156 219 248 261
103 165 183 238 271
136 147 207 257 276
138 140 213 233 300
109 150 196 247 275
103 142 193 235 267
104 160 192 237 297
109 172 201 256 284
107 146 199 247 292
109 144 195 224 274
126 176 208 228 286
130 144 213 239 267
136 146 219 238 297
135 165 186 243 282
110 140 182 227 294
103 141 194 243 266
111 148 180 235 271
129 152 207 250 270
115 168 184 242 261
132 177 197 254 285
127 146 196 257 300
126 146 205 220 276
130 177 180 222 263
131 163 186 232 265
105 176 184 220 297
132 174 213 240 297
140 177 191 226 299
127 180 196 259 291
127 150 180 227 290
100 148 184 257 286
100 176 190 260 288
103 179 190 235 299
103 158 182 240 289
101 157 185 240 275
111 148 188 240 293
110 172 193 235 283
107 146 211 221 266
111 142 180 251 270
100 178 201 231 277
113 162 211 242 270
118 179 215 248 290
129 159 216 237 289
116 172 207 230 282
102 147 195 237 273
122 164 194 238 287
115 161 185 220 295
102 157 189 240 276
120 145 193 234 271
110 153 185 246 281
102 162 200 237 282
100 158 219 231 268
133 177 201 254 268
120 165 210 246 290
124 158 199 232 287
100 170 187 223 262
134 167 201 225 295
112 149 196 238 286
140 170 218 237 275
100 151 205 239 275
120 175 186 231 295
115 140 194 251 285
140 179 195 243 266
111 152 211 222 261
126 177 181 222 282
120 170 200 257 285
128 143 202 230 290
106 142 198 243 284
105 168 180 252 299
107 144 201 251 273
116 142 197 260 291
134 159 197 240 279
136 171 185 254 280
112 165 181 246 291
139 163 189 249 289
130 178 192 220 264
132 143 196 253 290
113 158 181 247 288
103 156 209 243 271
125 164 196 237 264
103 147 198 229 280
104 154 210 241 268
107 141 198 228 266
107 166 217 234 300
110 159 200 238 299
137 180 202 240 263
116 179 186 255 297
123 152 208 255 292
107 151 183 228 264
132 149 206 245 274
115 150 200 256 287
129 159 203 227 290
139 160 186 245 282
104 141 220 237 275
135 173 208 249 286
126 144 190 250 267
129 143 212 248 299
124 153 204 223 277
116 153 208 254 297
138 174 208 232 281
107 170 208 232 267
124 142 187 260 292
130 160 197 259 264
127 150 215 250 260
127 151 195 257 299
127 171 204 220 274
129 146 205 220 279
122 176 217 227 266
128 164 190 241 267
118 168 204 235 262
125 169 184 237 274
108 157 208 252 266
102 168 193 251 284
116 176 217 240 271
109 154 194 235 280
103 162 194 237 287
111 160 208 243 284
115 149 203 228 299
126 158 207 234 290
132 175 185 240 291
110 169 206 233 299
113 171 196 228 271
119 147 220 254 272
135 155 202 238 299
126 180 208 220 272
135 142 204 237 279
102 157 181 257 286
135 173 181 257 286
115 140 190 229 289
116 152 207 234 295
103 175 206 259 270
113 143 202 223 283
136 146 182 231 296
111 165 213 234 299
128 151 213 255 282
113 150 186 233 293
124 155 188 229 292
121 176 186 220 296
138 177 186 238 286
138 173 185 225 271
139 157 204 247 276
101 169 215 244 270
137 173 218 251 278
132 158 220 241 281
126 143 218 242 276
113 177 216 259 286
118 150 209 254 285
105 146 181 246 280
132 180 216 241 276
133 154 214 246 282
115 177 200 258 291
139 164 181 238 286
129 163 219 256 289
125 174 216 246 286
127 159 202 244 261
110 165 206 253 265
117 172 193 248 291
140 141 190 227 263
101 174 213 254 299
127 180 185 254 272
128 180 186 251 291
123 173 203 238 269
130 148 211 255 298
116 143 220 244 298
112 152 220 247 292
109 140 180 253 286
111 153 192 255 277
119 177 187 232 294
131 143 195 222 281
102 173 212 235 265
135 152 199 228 288
106 147 195 241 267
124 155 212 226 285
140 157 203 258 291
101 141 182 248 285
116 141 216 245 285
123 168 187 243 265
124 178 213 247 291
105 163 210 241 290
133 165 211 222 277
131 143 210 250 300
137 170 194 238 262
107 151 193 256 282
125 144 214 257 296
107 170 187 258 294
115 171 207 236 266
117 172 205 230 269
140 145 182 235 268
137 159 205 231 283
138 149 185 231 288
103 146 201 252 295
117 179 210 242 298
131 179 220 252 274
131 162 198 256 281
105 145 217 254 298
112 165 190 249 298
114 150 193 255 299
103 175 215 229 295
118 159 210 246 272
114 165 215 226 261
123 172 206 237 262
136 147 183 252 261
108 168 192 248 265
131 179 217 231 285
125 151 219 236 287
118 167 199 244 298
100 151 191 235 293
112 168 190 239 274
110 169 214 224 271
104 164 219 240 298
118 143 203 245 286
104 170 195 247 287
113 158 183 239 265
102 159 218 222 280
123 156 207 236 270
115 159 198 227 289
137 143 191 249 284
116 141 194 224 270
115 176 207 233 283
129 149 213 259 272
138 164 180 246 273
113 155 181 257 285
132 169 197 240 276
100 167 205 233 280
3368 4840 5591 6792 8023
2346 3012 3430 4420 5523
4689 5609 7651 10172 10412
2204 3160 3827 4061 4710
5058 7709 10861 12512 14262
2946 4612 4794 6512 7188
1784 2746 3131 3611 4541
3856 6152 7262 9373 11002
3930 5337 6929 9373 11076
4398 5884 6346 8295 8988
5256 6282 7923 10467 12190
4067 5323 6545 7568 9517
3359 3909 5511 5836 6612
2929 4081 4772 5278 6268
5685 6674 8353 9557 12526
3924 4127 5462 7436 7784
3258 4351 5418 6745 7500
3873 5050 5582 6983 7544
5420 6961 8766 11408 12288
1278 1609 2120 2511 3002
4264 5738 6795 8011 8396
3519 4194 5276 6411 7573
2258 3052 3827 4061 5124
1568 2545 3281 3611 4227
2864 3922 4811 5556 6564
2838 3413 4749 5394 6038
3697 4876 6707 7358 9033
6036 7621 8678 11363 13168
5961 6825 8891 11580 13309
2686 4092 5289 5966 7267
5319 7906 9129 11433 12843
3579 4209 5771 7302 7813
2150 3053 3325 3751 4909
3893 5707 7448 9558 10335
4929 6490 7290 9051 11853
5258 7359 10711 12112 14363
1386 2324 2455 3041 3549
1984 3012 3640 4515 4991
4394 4905 7457 8613 9906
4398 5950 6908 7601 8724
5160 7370 9579 10131 12755
1520 1905 2483 2927 3516
6449 6449 8659 10868 12110
3114 3252 4772 5646 6728
4437 6933 8697 10160 12483
2929 3897 4449 5992 6176
4173 5189 7256 8621 10513
4936 7226 9075 10396 11452
2024 3106 3737 3971 5305
6508 8660 10210 12611 13762
5511 6730 8201 9671 11394
3575 4969 5897 7407 7929
2276 2781 3448 4548 5323
5089 5689 7731 10292 10452
2729 2949 3790 4852 5933
4361 5034 6411 7083 8588
1973 2710 2875 3716 4407
2233 2890 3483 3547 4460
3345 3657 5003 5843 6924
1464 2474 2544 3596 3890
2764 4092 4768 6590 7137
2844 3054 4463 4862 5724
1725 1946 2415 3314 3535
2626 3133 4851 5049 6481
1422 2026 2713 3162 3765
3635 4969 6117 7700 8847
6173 6633 8428 10223 13813
2048 2829 4131 5152 5453
2150 2644 3308 4176 5113
3519 4508 5132 6069 7006
3753 5574 6800 8832 10338
3915 4597 5994 6924 8879
4628 7754 8591 10440 12113
4797 5589 6634 8760 9984
4394 6028 7219 8205 8886
3129 3441 5075 5315 6637
3976 5249 6241 6986 9189
5216 6645 8621 10512 11352
1148 1479 1870 2342 2983
2533 3934 5211 5987 7313
2966 4476 5230 6653 8655
5174 7444 9167 9587 12402
4188 5824 7839 8714 10577
4797 5373 6779 8111 10129
2360 2991 3980 5031 5956
1641 2062 2387 2867 3156
1405 1637 2321 2607 3203
2738 3474 4442 4967 6207
3272 5642 6250 7467 9517
6264 6489 9686 10091 12612
2607 3736 4450 5647 6061
5729 7093 8062 10968 12993
3716 6202 7571 8111 10777
3697 4783 6614 7886 8227
3140 4882 5346 6885 8104
2354 3874 4887 5624 6613
1549 1802 2332 2684 3070
3511 5559 6397 6924 8134
2574 3183 3525 4457 5427
1672 2128 2858 3040 3678
4581 5878 7895 8255 9696
5637 6016 7781 9336 10975
3108 5590 5962 7203 9034
2600 4282 4666 5652 6757
4041 5522 7818 8706 11039
1944 2545 2725 3416 4183
2008 2910 3731 4512 5433
6118 7435 9175 12185 13830
1768 2265 3243 4028 4589
5847 7023 7948 10847 12570
3856 6152 7040 8892 11039
6037 7798 8898 10703 11496
4855 6670 7225 9187 10039
1569 2038 2459 2687 3324
5000 6522 7966 9800 11322
2958 4510 5060 5986 7337
3488 4599 6521 7001 8232
4226 6041 7151 9336 10520
5244 7666 8546 11144 11716
2372 2798 3462 3751 4568
1078 1760 2191 2402 2642
3612 5177 7491 8546 9668
1298 1700 1900 2391 2953
2456 3586 4619 6132 6421
4105 5354 5930 8172 8812
2865 3561 4330 5412 7213
1617 1966 2447 2976 3144
5620 7554 9441 11512 12248
5949 7165 8651 10271 12568
5010 5954 8211 10262 11616
5447 7261 9615 11478 14370
3067 3640 4741 4961 6062
1689 1713 2591 2904 3144
3753 6240 6485 7711 10198
3102 4560 5367 5757 7110
2973 3650 4743 6096 6773
3109 3609 5261 6237 6562
4848 6049 8771 9851 11812
5048 7930 10571 11244 12972
3359 4110 4610 5611 6738
2384 3860 4785 5115 6436
1688 2460 2768 3610 4016
1801 1997 2530 3568 3779
4796 6089 8105 8789 10538
1576 1983 2586 3582 4115
4368 6089 8411 9211 11493
3337 3701 5575 6460 6876
2298 3034 3938 4737 5494
2384 3464 4125 5182 6349
6495 7247 9693 10868 12608
1628 2395 3161 3446 4393
3008 4990 6071 7092 8263
5469 5625 8201 9684 10854
2843 4330 5195 6086 8059
1256 1978 2218 2796 3601
3032 4686 5330 6507 8245
4179 5260 6100 7301 7962
3008 4258 4594 5555 6973
4908 8830 10448 11428 13634
5384 6158 8353 9558 11752
2538 3897 4289 5118 6407
5679 6444 9641 10226 12838
3060 4714 5386 6535 8385
2699 4012 4656 5692 6521
5101 5899 8219 8637 11032
4004 5517 7931 8796 10344
3336 5482 6186 7884 9581
6072 6918 9740 11198 12608
1844 3124 3341 4062 5089
2744 3946 5099 5315 6444
1130 1814 2365 2464 3126
1527 1924 2155 2486 2971
1984 2860 3678 4724 4972
5888 7310 10546 11085 14321
2837 3850 4979 5577 6866
4508 6804 9371 11262 12973
4518 6282 8334 10467 11287
4395 6365 7432 10057 10919
4943 7201 9505 10728 12938
2781 3433 4043 4842 5598
5168 6244 8481 11106 12225
5993 7534 9030 10703 12244
2823 2949 4210 5346 6271
2648 3441 4835 5364 6613
4313 6282 8703 9934 11452
5144 8314 9563 11243 13693
5100 5899 8257 9816 10310
2626 3728 4675 5204 5754
2004 2154 3176 3747 3972
4606 6812 7154 8827 11185
5240 7834 8938 11724 14077
3140 4681 5005 7032 7815
4054 5552 6130 8614 9533
4209 5140 5710 7151 8922
3869 5422 6974 8526 8691
4108 6447 8334 10057 11698
1980 2798 3257 4398 4874
5024 6697 7990 9359 11222
3849 4585 5835 7212 9133
3384 3984 4560 6412 6812
4361 5001 6058 7852 8908
2892 4405 5610 7264 8413
3333 3909 5310 6336 7387
3782 5653 7253 8069 10179
6219 7705 9641 10361 12072
4041 5194 6347 7275 8556
2108 3454 4085 4674 5872
3519 3883 4846 5913 7449
1538 1759 2122 2464 3126
5259 6141 7865 9840 11605
1152 1748 2057 2630 2917
3140 4940 5433 7175 8510
1673 2485 2710 3792 3957
2231 2669 3430 4553 5656
2966 4563 5869 7320 7958
2389 2525 3665 4329 4993
4524 5329 7081 7851 9603
1928 2457 3323 3996 4236
5723 7840 9866 10361 12702
5528 6541 9256 11742 13767
3302 4221 5789 6302 7653
5128 6890 7650 10051 11692
4189 5300 7855 8299 10632
4568 5849 7611 10292 11013
6356 8105 10084 11511 13766
6820 8291 10007 10840 12899
3837 4272 5753 6420 8133
2735 3979 5114 5979 7384
3208 3959 5511 6162 6512
2150 3019 3223 4278 4976
3860 5482 6563 8328 10381
2708 4167 5654 6465 8005
5156 7710 9647 9999 12816
2948 4966 5779 6199 8245
1436 2039 2797 3512 3891
4845 6835 7499 9177 10269
2277 3016 3304 4025 4963
2321 2968 3291 4159 4738
3108 4210 5286 5861 6662
5240 7546 9659 11772 12636
2549 2969 3710 4531 5853
5202 7408 10693 12409 12899
1359 1540 1941 2322 2702
1941 2277 3021 3287 3820
3953 4708 5782 7175 7581
1256 1906 2375 2808 3445
2809 3069 3910 4671 5572
4119 4419 5801 7212 8292
2444 3370 4337 4884 5787
4530 5190 6412 7304 9814
4698 5819 7571 9077 9287
6681 7689 9034 10571 14413
1438 1968 2254 2871 3125
1790 2181 2519 3092 3509
4880 6645 8747 10470 11478
4600 6693 7390 9401 11534
1803 2141 2767 2949 3795
2308 3029 4371 5152 5512
4708 7247 10116 11903 13831
1394 1714 2431 2497 3235
3716 5229 7787 8147 10705
2783 4235 4535 6287 7188
1028 1479 1951 2552 2843
4296 5321 6859 8171 8844
1643 2244 2831 3522 4408
2583 3784 5511 6162 6662
3893 5329 6696 8587 10023
4263 6188 7262 9595 10964
1618 2460 2880 3455 4184
4723 7103 8949 9605 10713
1628 1821 2591 2951 3612
3009 3850 4547 5411 6709
5049 5229 7787 8111 10200
4905 6310 7427 8435 9588
5672 7257 9659 11051 14317
1484 1785 2627 3048 3276
3506 5058 7172 7800 9154
1617 2122 2218 2735 3577
3915 4845 6521 7421 8196
3311 3883 5237 6252 7423
3167 4762 5437 6816 7491
3998 5481 7079 9436 10653
1704 2329 3291 3884 4285
2025 2329 3067 3660 4605
4286 5310 6489 7823 8816
6859 8310 9160 11311 13813
1400 1773 2278 3108 3517
2213 3054 3980 4926 6103
3884 4846 5621 7266 8662
4796 6013 7534 9740 10728
1632 2081 3049 3624 3834
5679 7210 9191 9956 12793
1773 2390 2558 3652 3666
1316 1942 2459 2796 3325
5498 7254 9911 10676 12387
3059 3534 4811 5962 6788
2749 3069 4051 4591 5592
3167 4734 5950 6842 8031
1506 2502 2810 3554 4044
4716 6433 9427 10132 12465
4805 6652 7596 9852 10795
4149 4749 6341 6821 8412
3183 3851 4564 5693 6176
5577 7546 9179 10716 12973
4596 5289 7238 7403 9912
4941 5589 6598 8400 10201
2072 2714 3467 3563 4684
4531 5481 7041 8524 11223
5000 8266 9178 11388 14221
3668 4449 6461 7812 7872
3909 4509 5590 7212 8653
1412 1821 2471 2964 3348
1569 1855 2715 2976 3549
3953 4475 6304 6768 7987
3098 4810 6041 7692 7992
3543 5890 6906 8166 10303
2933 3960 5211 5636 7188
3088 4097 5695 6228 7909
1853 2214 2815 3672 4498
3032 3957 5499 7208 8273
2270 2542 3308 4415 5010
6542 8187 9175 12043 13548
1673 2298 2467 2897 3731
1927 2860 3697 4724 5276
4530 6090 7991 9056 10006
5336 7257 10043 12108 13260
1604 2208 2671 3428 3680
2995 4156 5666 7030 8017
5013 6238 7174 8147 10128
4727 7030 7303 9021 10347
4648 6930 7570 9171 11773
1379 1479 1981 2211 2673
1816 2313 2939 3980 4317
2018 2529 3266 3806 4197
3256 4490 5218 6396 8133
5175 5973 8957 9840 11100
1810 2747 3258 4041 4603
2388 3430 3750 4832 5512
4544 6982 8327 10386 11983
4987 5443 7725 8942 10234
2201 2890 3226 3915 4540
1624 2458 3035 3772 4301
3374 5058 6610 8526 9880
2366 2979 3953 4439 4962
3605 4127 5782 7523 7552
1965 2936 3792 4191 5656
2208 3508 4169 5710 5842
4568 6052 7573 8713 10729
2450 3398 3970 5600 5777
2134 2457 3377 3922 4603
1555 2142 2702 3092 3717
2313 2890 3304 3989 5125
2270 2695 3649 4193 4653
2060 2547 3376 4404 5413
1607 2141 2715 3157 3795
4488 5364 7606 8796 10197
5741 8193 9860 11134 13144
2865 3264 4189 5157 5808
3240 5482 6859 8076 8492
4408 6389 9251 9912 12641
4976 7646 9395 10775 13491
6173 6449 9809 11143 13582
3528 5674 6955 8044 8460
4727 6054 8318 9879 11322
4393 4617 6346 7307 9613
5453 7480 9911 10451 11937
2231 2821 3849 4439 5428
3856 6374 7892 8373 10743
1538 1935 2376 2497 3070
4070 5125 5621 7855 8413
5048 7486 8200 10176 11310
4969 6410 8531 9332 10452
4839 5539 7220 8096 10512
2744 3634 4667 5604 6469
2758 3155 4829 4939 6525
4609 6330 7451 9292 10613
4073 5322 6411 7467 8812
1786 2348 2600 3484 3946
3188 4690 5651 7512 8413
5228 7254 8740 10947 13378
6173 8152 9302 10821 12570
2808 4602 5975 6255 8385
6083 7524 9505 10496 13422
2408 3189 4050 5172 5972
4454 6698 7002 8828 10082
1718 2635 3220 3851 4347
1703 2214 3146 3341 4483
5427 7664 8180 10031 11321
5724 6354 9056 9956 13018
6427 7261 10742 11869 14712
3728 5032 6738 7700 8165
3539 5125 6380 8427 9220
4849 7200 8987 11809 14113
3750 4940 5927 7059 7610
5151 6484 7336 9409 11038
1516 1549 2266 2685 3070
2479 2669 4058 4381 5371
5215 5823 7420 9816 10500
1827 2696 3479 3751 4790
1653 1821 2266 3108 3252
2338 3070 3087 3989 4551
3633 5172 6391 7145 8074
1974 2139 2891 3642 4078
1316 1689 2591 2952 3361
2697 3412 4484 4757 5493
3735 4438 5600 6302 7086
2528 3802 4715 5820 6997
5558 7510 9211 11912 13413
4400 6490 7715 8255 10704
3359 3759 5361 5511 6887
2008 2989 4271 4471 5793
4233 4681 6763 8300 8716
2098 2993 3792 4420 5200
4652 6201 8697 9558 12569
5865 8026 9227 10619 13357
1960 2650 3291 3884 4220
2188 3070 3811 4772 5533
5447 6967 9615 11037 13586
6609 7209 9261 12262 13212
2764 3649 5003 5732 7683
1725 3070 3581 3922 4483
3458 4690 5500 6701 8893
2168 2696 3462 4211 4466
1373 2090 2468 3210 3614
1251 1990 2309 2783 3257
5609 6129 8571 9371 10812
5068 6449 8981 11328 13215
3188 4630 5861 7062 8173
6729 7546 9226 11147 13020
6152 7833 9994 11963 14268
2692 3926 4807 5489 6194
6039 7164 8965 10451 13198
2208 3530 4367 4983 6613
4600 6159 8334 10344 11287
5008 7009 10261 11512 14913
4480 6417 8353 11063 11321
2868 4065 5627 5835 7605
3879 4719 6221 7302 8022
5949 7930 9191 10136 12207
4856 7113 9371 11580 14365
2187 2601 3647 4043 5215
3159 4410 4710 5661 6637
2612 3432 4505 5324 5976
4349 4783 6055 7358 9251
3275 4140 5843 6627 7599
6330 8242 8830 12556 13144
5134 6447 8047 9236 11821
4610 7030 8591 9293 10230
5483 6863 8567 10684 13123
2346 2707 4058 4267 5295
4454 6757 8123 9059 10932
1412 1965 2362 3048 3516
1425 2168 2715 3119 3444
3129 3537 5075 5940 6372
1506 2110 3035 3106 3821
5376 7886 8150 10924 12552
3108 3884 5311 6462 6837
4168 6129 8771 10012 10692
3160 3275 4726 5278 6775
5178 6918 8988 11339 13690
1711 2337 2519 3157 3665
4400 5698 7067 8327 10201
1913 2297 3019 4012 4333
5131 7718 9458 10587 12703
5178 8047 9599 11668 13172
2712 4508 5653 5913 7735
4896 6824 10257 10680 13502
4287 5217 6148 7792 8599
1168 1710 2061 2372 2682
2758 3882 4146 5226 6040
2288 3050 3811 4515 5371
2897 4356 5951 7005 7410
2423 4081 4518 5739 6383
1496 2074 2459 2771 3420
6173 7692 8658 10913 13306
4949 6660 7421 8561 10310
2864 4306 4714 5459 6804
1703 2650 3056 3536 4137
4880 6477 8579 10175 12445
3045 3221 4587 5005 6481
4190 6028 6470 8546 8920
5692 7506 9124 12556 13537
5273 6895 8380 10226 13468
2688 2909 4130 5212 5872
4264 6051 7877 9512 10880
1422 2516 2544 3610 4199
2133 2638 3251 4242 5035
3656 5770 6731 7435 9036
6809 7810 9210 11762 13913
1098 1490 1981 2222 2703
3225 3561 4763 5772 6540
3627 4438 5302 6302 7545
3511 4938 6800 8072 8940
2468 3590 4230 5171 5592
4633 5994 6266 7899 9838
4256 5373 7138 9012 10813
1814 2418 2642 3512 4044
2696 3609 4571 6180 6396
5624 7498 8794 11484 13741
4782 5263 7263 8596 10373
1542 2233 2376 3054 3666
6401 7482 9457 11856 13219
5288 8554 8650 12012 13500
5177 6318 7382 8713 11261
4700 7186 8613 10730 13675
1130 1704 2046 2817 3038
4448 6374 7929 8854 10816
4334 6561 7822 10554 12613
4981 6302 8635 10132 11629
2440 2859 4172 4742 5541
4782 5263 7300 8670 10558
5576 7882 10427 11147 12684
4552 7524 9911 11081 13242
5728 6588 8439 9987 12096
5257 6488 7513 9195 11944
1405 1880 2067 2773 3191
5667 5749 8702 10631 12107
2168 3210 4271 4892 5512
4033 6135 7150 8937 10057
2288 3350 3811 4772 5272
1698 2180 2519 3379 3808
2864 4090 4763 5555 6853
4867 7621 8524 9901 12698
4025 6211 8006 9255 10816
4531 5211 6266 8376 9737
5058 8660 9911 12362 13412
5958 8760 10260 12862 13562
6169 7226 8062 11364 11452
1895 2474 3649 3939 4654
5771 6330 9342 9944 11450
2094 2545 3070 3746 4047
5986 7898 10791 12408 13781
1295 1935 2244 2575 2894
5529 6009 7851 9212 10412
3688 4617 6315 7692 9517
1306 1781 2310 2497 2916
1776 2050 2818 3378 3860
5272 7624 9082 11621 12279
3384 4460 4935 5636 7287
4629 5575 7186 8061 9567
5336 7738 8746 11484 13597
3823 5925 6625 8447 10443
3449 5466 6675 7916 9188
4833 6490 7318 7931 10452
2268 2869 3951 4952 5893
5332 7049 9162 11452 12640
5048 7050 7690 9451 11572
4008 6690 7931 8851 11933
4856 6041 7188 8892 9928
4189 6041 6818 9040 10595
4996 7019 8481 10159 12827
2676 3552 4542 5325 6200
5601 8329 9599 11621 12655
2868 3199 4851 5688 6238
2538 3506 4588 5693 6223
5836 8329 9833 11009 14018
4792 6587 8382 11972 13445
3218 4299 6191 6762 8743
3688 4937 6859 7788 9004
3893 5259 7536 8727 9217
4716 7666 8018 10924 12905
3401 4359 6217 7117 7610
6909 7059 10961 12612 14012
3480 5022 5106 7179 8412
4528 5849 8571 10372 11212
6495 7295 9035 10492 13079
2368 2989 4191 4992 5372
2460 2802 3830 4249 5124
3229 3413 4749 5531 6659
6440 7353 10283 12251 13692
3309 4260 4985 6112 6687
2150 3496 4463 4967 6229
3816 5110 6403 8580 8989
4035 5290 6446 7668 9055
4628 6962 9295 10396 12333
4654 7370 8290 11834 12847
3058 4185 4961 5761 6962
4610 7030 7030 9137 11479
3547 4592 5230 6478 8510
3283 4485 5411 5536 7412
3259 3987 5289 5887 7189
4648 5969 8491 9371 11413
4839 5750 6520 8306 10057
3803 5026 6347 7767 9253
3752 5517 7427 9300 9624
2465 3558 4631 5051 6270
4641 7021 7431 10426 11410
1941 2095 2909 3260 3694
3249 3825 4642 5987 7140
2548 3209 3930 4892 5652
2469 3713 4265 5808 6430
3728 4504 6583 7886 8723
3648 5855 7116 8517 9848
5408 6849 8490 10211 10852
3519 4276 5492 6275 7356
1279 1439 2161 2261 2963
4040 4592 5259 7465 7581
4969 5609 7651 9572 11093
3198 4330 5462 7523 8597
1490 1933 2650 3158 3523
3068 3897 4910 5301 6130
3748 5450 7219 7764 8954
2068 2849 4331 4432 5573
4629 5157 6082 8262 8724
3496 4969 6923 8108 9452
6127 7968 8750 11650 12478
2655 3138 4064 4694 6145
3272 5386 6603 8044 8396
2924 4303 5060 6411 7600
4318 4349 6056 7452 8258
5724 6355 8156 10407 11803
1220 1725 2290 3084 3565
5742 7529 9787 10680 14066
3607 5986 7571 9228 10452
1218 1810 1970 2371 2802
1542 1946 2728 3327 3587
3545 3831 4977 6096 7111
2132 2727 3917 4151 5089
2649 2829 3731 4532 5353
2389 2746 3308 4278 4959
3208 5226 6251 7340 8845
2167 2814 3700 3751 5096
4568 6930 7410 9412 10733
2864 3579 4336 5093 6291
3823 6170 6871 8762 9392
3918 6130 7355 7559 9974
1412 2089 2845 3379 3808
4220 6952 7265 8670 10192
5217 5889 9083 9503 11437
2984 4018 5003 5555 6612
3234 3759 4610 5712 7063
5240 8266 10331 10955 13692
1130 1582 2277 2762 3302
2870 4600 5005 6519 7897
2389 2440 3360 3751 4552
5508 7013 8565 10399 12327
2764 4664 5522 6563 7708
1340 1917 2555 3000 3372
3111 4185 5898 6711 7988
4911 6850 7382 8827 10044
2321 2848 3223 4330 4925
2428 3904 4520 5423 6304
2789 3049 4331 4831 5532
2408 4162 4450 6036 6733
3229 3689 4541 5347 6360
4629 5434 6555 8447 10233
3564 4826 5246 6619 8301
2908 4285 5011 6137 6912
6166 6683 8988 11386 12844
1912 2825 3482 4155 4780
2957 3353 4433 5292 5952
3528 5034 6058 8044 9133
1608 1933 2507 2963 3757
4068 5820 7291 8902 9322
3133 4210 5311 5711 6787
1816 2207 2493 3066 3652
3721 4301 5375 7465 8045
6039 7029 8830 11307 12207
4608 5889 8411 8891 11093
5091 5889 7907 10554 11059
1768 2538 3355 3531 4685
3111 4069 5463 6392 8394
6125 7754 8194 9955 11980
3683 5119 7081 8867 9287
3506 5785 7007 7469 8790
2978 4167 5519 6789 7762
4308 6847 8095 10289 12311
2952 3367 5048 5762 6291
5196 6796 8162 9215 10737
4700 7738 9487 10362 12157
3113 3804 4656 5807 6912
1641 2122 2338 2807 3360
5729 6301 8766 10880 13169
2768 4018 5003 5603 6780
5508 7259 10161 12662 15013
4384 5189 6310 7922 10128
2331 2601 3412 4620 5197
2469 2950 3711 4512 5513
5252 6817 9625 11420 13491
3088 3985 5835 6340 8049
3759 4960 5440 7572 7932
2768 3828 4473 5324 6499
4508 6895 9686 10542 12028
2365 3392 3430 4230 4952
4608 6690 7851 9932 10652
3297 3417 4859 5483 7189
4025 6328 8591 8591 11674
4351 7191 9471 10676 12095
2789 4600 5600 6248 7627
4688 6009 7930 9972 11773
4700 7692 9165 10454 12479
4101 4926 6644 7701 9088
2389 2729 3615 3955 5010
4489 5645 6521 7852 9148
3998 5329 8105 9208 9931
2132 2818 3322 4296 5233
2978 3924 5654 6194 8059
3297 3729 4883 5387 6684
2228 2809 4051 4892 5853
1896 2521 3483 3691 4508
5558 8110 9461 11161 14763
3928 5645 6836 8587 9217
1699 1829 2806 2897 3783
1620 2311 2688 3366 3587
3635 5218 6304 7359 8072
1321 2324 2715 3171 3535
1262 1659 2321 2773 2916
6219 6624 9325 11576 13287
3004 4125 5387 6928 7601
6459 8110 9811 11962 13712
3341 5158 6479 7635 9253
2468 3490 3830 5112 5712
2816 4167 5627 6167 7924
3080 4234 4810 5987 6948
4220 5553 6958 9012 10165
3697 5435 6242 6955 8289
4278 5750 7676 7711 9672
2420 2925 3862 4349 5394
5712 8060 8428 10775 13169
4039 4442 6242 7421 8755
3648 5539 7116 9077 9637
1980 2780 3513 4159 4959
1280 2002 2399 2784 3313
1152 1759 2123 2674 3181
2692 3794 4807 5247 6062
2529 3097 4463 4674 5494
1941 2250 2726 3245 3890
5298 7323 9072 11282 13353
2570 3664 4568 4841 5745
2624 3874 4859 5868 6516
4394 6159 8181 10719 11365
3183 3252 4772 5140 6246
1854 2154 2921 3612 4093
4571 6328 7030 9099 11089
2326 3145 3697 4420 5276
5529 5649 7931 9572 11052
1384 1748 2002 2608 2884
5805 5931 8957 10806 12024
1229 1571 2310 2619 3115
3001 3089 4345 5600 5974
1730 1997 2993 3624 4030
2648 3750 4080 5468 6415
5678 7840 8965 11396 13197
3440 4761 7238 7668 9088
5667 6815 8867 10590 10672
2978 4275 5924 6626 8085
6166 7906 8705 10774 12890
5858 6849 8740 11667 13107
4544 6562 8117 10806 11478
2403 2655 3521 3971 5089
5728 7622 9559 10703 11672
1776 2849 3308 4160 4960
1605 1929 2422 2915 3372
2688 3610 4411 4971 5272
4418 6226 8243 9756 11689
4033 5469 7011 8937 9987
2212 2916 3887 4800 5256
2151 2440 3173 3956 4637
3258 3935 5211 6173 7657
4531 5824 6845 8103 8920
1339 1979 2233 2519 2916
6542 7153 10210 11244 13266
3704 4770 6087 6983 7376
4314 5890 6555 8026 9813
3844 5049 5778 6871 8412
4755 6824 10116 11762 12232
3884 5143 6947 7900 9805
3384 3734 4685 6212 6737
6169 6653 9647 10439 12420
2608 3510 4736 5612 6538
2104 2633 2938 4124 4620
5338 7266 8456 10466 12189
1633 1842 2584 3223 3913
1138 1589 2101 2502 2842
6589 8047 8799 11855 13454
1752 2810 2986 4092 4252
3788 6022 6562 8544 10417
5594 7653 10742 12164 12801
2789 4465 4952 6438 7330
2865 3096 4358 5409 5808
4701 4769 7253 7933 10213
1207 1659 2167 2729 3038
4437 6116 8310 10117 11494
4064 6250 7499 9255 11596
2079 3278 3829 4876 5408
4288 5849 7971 9892 11693
4477 5914 8006 9196 11247
4796 6698 7915 8675 10880
4169 4617 6827 7660 8556
2729 2929 4391 4771 5952
4734 5785 6520 8517 9882
3308 4209 5471 6822 8833
2377 3252 4473 5601 6131
3116 4154 5051 6592 7601
6201 7305 9947 12012 12972
2423 3538 3874 5094 5493
1724 2311 2571 3313 3717
6358 7309 9810 12862 15013
5175 5995 8416 9031 11329
2479 3373 3430 4229 5009
1319 1640 1870 2332 2662
3788 6346 6634 7931 10705
4628 6099 7465 8411 10407
6309 7975 8605 10181 13467
2167 3070 3342 4414 4959
5216 6159 7390 9319 11903
1608 2377 2954 4124 4589
2608 4586 4950 6772 7500
2995 5201 5520 6826 8684
1656 2538 2922 3852 4637
2937 4563 5376 6972 7988
2117 2821 3583 4572 5580
4518 7062 7924 9647 11616
3646 4974 7185 7526 9057
4781 6115 7751 10805 11623
1608 2858 3227 3708 4445
2381 3412 4442 5094 5682
1660 2516 3020 3483 4072
4652 5733 7787 8543 10416
4880 7234 8705 9671 11856
3170 4567 6056 7359 8476
4644 6242 7382 9055 10919
3688 5162 5930 7051 9453
1436 2208 2657 3372 3877
4449 5374 7152 8670 10040
2978 4141 5005 6654 7600
4598 7300 9011 10677 12703
1108 1748 2420 2553 2960
2136 2842 3226 4076 4300
5168 7104 9041 10589 12482
3232 4117 5185 6043 7475
2308 3920 4312 5141 6039
1483 1847 2221 2486 3258
4152 5522 7263 8818 10595
4069 4939 6333 6884 7987
1208 1822 2471 2880 3313
3488 5085 5404 6710 8568
5528 6729 9323 12060 13693
4769 6096 6640 8273 9056
2561 3506 4864 5118 6016
5553 7798 7974 9779 12421
4328 6130 7210 9264 10272
6281 7016 9909 11281 14223
2976 3985 5555 6816 7965
2318 3706 3970 5556 6591
4823 6489 9056 11307 12298
1516 1855 2571 3392 3796
6307 7482 9269 11291 13125
3953 4969 5375 7378 8132
3704 5455 5983 8130 9616
6542 7670 8893 11714 13595
3909 5350 5771 6611 7932
6213 6730 9222 11903 13643
4754 6646 7612 10386 12109
1759 2662 3564 4143 4619
5259 6898 8243 9966 11100
3098 4420 5951 6882 8413
3960 5862 7991 9170 10196
4395 5791 8129 9360 10919
5037 7811 10210 11009 14113
2208 3189 4011 4771 5993
4941 6490 7282 8651 9480
3836 5917 6148 8427 9813
2714 3353 4587 5622 6436
3753 5295 6416 7992 9253
3309 3734 5161 6137 6862
4378 5709 7611 9740 10919
3105 3825 4883 5459 6973
1955 2249 2614 3442 3960
2712 3675 5731 6174 7163
5948 7621 9162 10967 12596
3411 3897 5141 6762 7221
4007 4442 6583 7699 9281
1249 1540 2051 2241 2783
5344 7047 9579 11696 13674
5253 6622 7914 8827 10690
1934 3070 3755 4188 4818
2116 2423 3189 4432 4977
5989 7369 9072 11926 12156
5470 6459 9256 10762 11192
1278 1519 1960 2582 3003
6359 8560 10211 11011 13712
4395 4973 6981 7491 9499
5376 7754 9559 9999 11716
3465 4438 5140 6519 7221
2722 3874 4703 5417 6038
4009 5418 5898 7596 8780
2816 4092 5419 6564 6928
5006 8242 9467 12311 13929
4880 7402 9125 10091 11394
3823 5400 6801 8237 9813
1347 2116 2533 3093 3744
2783 4009 5211 6087 7112
5758 7459 10161 11411 14963
5300 6645 8705 9839 12192
4101 5435 5745 7451 9033
3748 5756 7015 7933 10179
1703 2575 2951 3432 4078
3340 4125 6171 7124 7628
3924 4504 5868 6913 8684
1394 1990 2299 2431 3004
6219 6541 9395 10914 12846
2252 3464 3992 5666 6305
1494 1913 2001 2839 3158
4033 4909 6661 8027 10128
2328 3049 4151 4691 5913
1038 1760 2071 2602 2712
2155 2726 3849 4249 5390
4089 4389 5470 6941 8893
3338 4959 6401 7031 8983
5000 5898 8318 9957 11010
2494 3309 4103 5138 6459
1497 1870 2266 2759 3517
1944 2826 2986 3531 4749
5805 7444 7822 10007 12024
5667 7103 7595 9236 11123
5569 6289 8170 9891 11052
1624 2714 3451 3916 4332
2474 3123 3934 4529 5016
3968 4749 6611 7241 8442
2654 3012 4589 5094 5808
4754 7444 9082 10889 12024
4374 5559 7744 9410 10557
3473 4828 5984 8130 9253
6608 9010 10811 12061 13812
3201 3705 5147 5915 6780
5068 7798 8810 11364 12816
3623 4274 4716 6199 7448
2846 3595 4829 5643 6370
4758 6622 8219 9359 10880
2549 3190 4051 4892 5232
1768 2650 3307 4060 4252
2231 3278 3677 4724 5541
3229 3252 4381 5233 6062
4653 8014 9809 11695 13766
5088 7210 7410 10172 10892
2056 2890 2986 4027 4668
5543 7795 9146 10721 12117
1438 1637 2331 2816 3290
2908 3584 5511 6111 7463
2024 2745 3971 4457 5268
4259 5469 7030 9879 11167
1784 2457 3083 4092 4445
2864 4258 4498 5579 7069
3939 4299 5861 6671 8443
4292 7276 8915 9882 11142
5814 6545 8568 9815 12397
3930 5449 7226 8929 9892
5712 7139 9763 10407 13123
5189 5818 7521 9557 10779
3038 4239 5471 7452 8563
3024 3675 5627 6382 7423
1977 2698 3002 3900 4252
2612 3748 4483 5198 6123
3788 5878 7571 8688 10453
4265 5290 6763 7115 8876
1580 1725 2531 3011 3612
3297 4090 4666 5724 6300
5144 7257 9275 12300 13549
4008 4617 6859 8236 9484
5251 8340 9173 12654 14419
3228 4798 5807 6620 7460
2348 3450 4111 4611 5392
1549 1604 2012 2597 2961
2064 2394 3086 3476 4257
2079 2244 2785 3476 4333
5158 7309 10061 12612 14763
1646 2516 2950 3399 4184
3545 4843 5951 6815 7410
3283 4059 4960 6412 7037
2633 3634 5436 6362 7463
1240 1825 2100 2751 3291
4910 6459 8309 10977 12870
2274 3860 4741 5049 6503
2958 3984 5261 6162 6812
1832 2650 3451 3627 4188
4190 5858 7015 8070 8920
3817 4125 5134 7068 7320
3248 5050 5771 7452 7962
4593 6275 7606 8096 9987
4633 5596 8114 8743 10631
2604 3684 4388 5379 6569
3308 4993 6314 7767 9682
1576 2362 2671 3358 3849
2868 4404 5575 5835 7058
2608 4109 5486 6011 7463
3666 4442 6304 7607 8879
3336 5450 6250 7916 9197
2155 3012 3488 4553 5048
1232 1918 2627 2675 3373
2345 2974 3944 4496 5142
3343 4621 5753 6594 8394
1927 2011 2684 3498 3989
4301 5226 7189 8300 10003
1848 2826 3323 3739 4540
2330 2691 3845 4674 4908
6081 7226 7930 10836 12024
3850 5279 6164 8750 9703
3573 4573 5329 6491 7464
2808 4686 5751 6536 7853
