200 10 5
189 74 21 27 52 68 65 40 92 90 98 0 189
156 50 95 51 70 39 76 100 73 62 23 0 156
143 56 87 27 82 81 99 28 21 48 90 0 143
125 79 95 30 49 94 65 27 96 81 38 0 125
101 30 33 97 47 83 51 87 62 23 44 0 101
109 33 65 65 83 79 47 28 77 29 89 0 109
138 42 44 55 80 78 41 98 66 58 79 0 138
184 32 53 53 42 77 97 26 33 21 35 0 184
129 71 56 96 51 86 69 92 43 91 36 0 129
138 77 46 29 31 55 69 76 78 58 71 0 138
200 58 24 28 81 70 39 94 43 89 49 0 200
114 77 40 54 94 30 73 95 72 36 88 0 114
179 29 26 30 94 21 32 40 98 94 25 0 179
100 42 26 50 64 88 90 43 20 58 91 0 100
110 97 82 77 21 84 46 36 68 67 86 0 110
151 67 61 62 80 52 80 62 50 87 46 0 151
148 65 27 67 56 56 28 71 61 54 63 0 148
153 76 38 82 90 78 56 27 62 62 70 0 153
158 42 51 22 64 61 63 85 23 26 80 0 158
126 23 85 87 93 43 63 26 94 27 39 0 126
110 97 96 100 79 35 31 74 46 56 48 0 110
154 52 68 58 72 69 87 72 32 99 79 0 154
177 79 34 42 100 68 58 24 84 42 54 0 177
103 96 31 43 21 67 84 88 77 98 99 0 103
143 26 62 97 60 72 65 35 80 83 24 0 143
178 27 61 30 97 55 46 95 31 45 59 0 178
199 34 77 58 90 82 72 57 60 48 21 0 199
110 92 46 78 49 47 83 44 37 46 25 0 110
129 77 31 20 68 27 74 52 70 74 73 0 129
114 93 70 66 94 34 71 81 58 92 29 0 114
194 61 61 99 39 74 48 67 93 24 39 0 194
138 39 49 83 66 75 62 92 77 26 97 0 138
146 30 68 50 27 89 70 90 73 73 28 0 146
189 22 42 89 41 42 32 56 96 34 21 0 189
119 54 95 69 53 87 76 85 22 94 20 0 119
108 41 81 59 69 81 47 96 100 40 81 0 108
174 76 87 46 42 60 61 30 40 46 52 0 174
116 67 26 66 44 62 90 88 97 39 30 0 116
145 86 100 54 25 89 66 91 60 79 55 0 145
176 30 81 72 55 25 58 26 52 70 89 0 176
159 36 58 90 77 64 67 84 50 56 41 0 159
176 46 85 67 76 42 22 84 36 100 67 0 176
182 68 27 74 51 66 83 58 72 28 36 0 182
145 75 46 90 45 36 61 80 26 96 28 0 145
123 61 65 98 100 63 20 37 76 35 97 0 123
160 97 76 71 24 38 76 80 42 21 57 0 160
134 24 33 64 43 45 86 38 47 33 62 0 134
134 92 95 83 91 51 21 81 72 29 36 0 134
196 52 57 31 65 27 56 72 91 24 90 0 196
164 73 73 95 94 45 55 95 39 28 64 0 164
196 71 34 35 33 26 28 91 48 70 37 0 196
164 88 54 75 80 90 45 71 40 38 38 0 164
192 92 55 47 94 47 67 95 68 91 36 0 192
198 97 51 67 65 51 90 65 53 98 59 0 198
176 63 67 44 24 40 43 72 35 76 63 0 176
155 98 89 66 51 75 65 68 99 27 29 0 155
170 28 99 81 83 23 70 65 35 100 68 0 170
101 41 93 30 90 46 90 36 96 54 73 0 101
168 39 26 80 84 92 89 75 46 78 61 0 168
107 49 63 49 50 93 53 21 27 97 28 0 107
144 41 79 31 26 26 64 26 61 39 43 0 144
197 23 26 26 33 30 38 76 54 73 88 0 197
175 97 72 75 36 37 44 34 34 91 64 0 175
102 61 73 23 90 53 77 73 53 74 40 0 102
184 22 27 40 31 32 89 26 40 36 68 0 184
134 39 31 58 29 39 71 42 72 65 74 0 134
146 38 28 93 58 89 65 89 97 38 23 0 146
189 43 60 95 38 33 61 44 97 71 78 0 189
114 34 64 93 42 69 22 94 26 69 34 0 114
114 52 33 64 28 42 40 62 73 33 67 0 114
104 20 32 63 84 91 67 97 38 61 94 0 104
105 34 49 30 99 49 69 57 23 69 67 0 105
198 91 88 20 97 78 84 92 96 31 81 0 198
133 83 51 67 97 92 60 84 36 92 47 0 133
124 66 32 26 90 67 76 58 37 69 96 0 124
127 67 53 51 77 72 82 41 73 53 97 0 127
150 84 99 78 20 32 87 79 50 88 67 0 150
134 21 43 99 47 75 35 82 52 69 52 0 134
175 48 97 34 87 31 83 40 73 99 39 0 175
196 30 70 59 95 31 56 33 81 97 56 0 196
167 89 23 34 79 87 65 95 87 85 65 0 167
120 48 42 100 36 73 73 24 65 73 62 0 120
188 22 55 51 40 27 24 34 93 64 71 0 188
135 26 74 20 79 43 57 36 73 84 70 0 135
185 56 64 55 88 57 20 59 84 27 38 0 185
187 47 55 46 95 56 85 82 66 68 45 0 187
132 24 32 77 69 84 56 53 21 89 48 0 132
155 21 53 100 71 84 86 96 36 27 80 0 155
155 80 65 41 27 75 90 38 93 87 48 0 155
154 94 32 49 79 44 40 22 93 66 33 0 154
147 25 49 44 36 26 36 45 28 33 33 0 147
179 57 93 55 72 94 38 53 22 68 63 0 179
169 21 30 84 66 78 27 56 56 44 67 0 169
161 100 78 73 69 76 46 75 92 96 31 0 161
128 72 94 91 47 81 93 79 94 53 87 0 128
145 63 88 42 83 21 96 35 23 53 31 0 145
150 81 93 44 38 82 60 49 62 62 87 0 150
174 41 20 33 54 78 54 50 95 21 49 0 174
157 98 96 81 27 60 74 44 27 66 95 0 157
141 33 74 70 78 28 28 69 42 33 76 0 141
134 24 76 31 91 55 98 84 91 57 22 0 134
110 30 100 33 23 60 27 100 87 88 32 0 110
187 64 63 60 25 71 26 45 54 40 89 0 187
177 66 84 85 60 53 81 76 37 78 72 0 177
154 86 69 92 57 70 50 81 76 33 81 0 154
127 40 28 21 24 20 97 74 87 28 89 0 127
177 60 50 32 61 68 22 98 68 26 28 0 177
151 32 77 68 24 37 58 29 59 88 39 0 151
179 26 73 94 34 63 45 25 51 88 93 0 179
199 20 62 51 61 27 87 74 71 62 22 0 199
170 42 46 45 69 35 63 61 54 63 35 0 170
147 95 30 97 67 57 31 28 33 44 85 0 147
177 30 50 88 84 71 100 77 94 57 55 0 177
160 87 56 80 48 95 45 47 69 56 97 0 160
136 41 79 40 96 21 51 29 51 35 50 0 136
107 55 95 32 66 32 23 55 28 88 33 0 107
189 48 31 37 95 51 38 38 22 70 40 0 189
182 52 27 22 42 78 73 90 31 89 31 0 182
142 29 23 60 86 66 85 91 41 35 24 0 142
142 29 82 42 59 33 100 84 93 94 76 0 142
117 65 59 50 86 52 78 55 83 61 96 0 117
101 100 34 44 71 72 81 26 59 20 85 0 101
107 68 69 48 45 45 26 33 74 35 95 0 107
178 37 66 24 54 100 94 85 99 84 87 0 178
121 67 36 69 65 94 52 66 97 28 45 0 121
150 87 47 34 54 68 39 40 87 65 80 0 150
198 81 72 27 74 38 40 36 26 71 23 0 198
160 82 86 55 96 91 31 87 40 63 100 0 160
126 63 52 60 38 20 65 83 46 91 67 0 126
108 25 88 44 40 75 75 60 85 51 90 0 108
107 90 75 38 38 87 81 56 82 76 92 0 107
143 37 84 43 40 54 69 57 45 62 91 0 143
158 84 70 89 76 84 63 95 91 49 88 0 158
161 63 51 77 27 69 39 76 25 92 50 0 161
139 75 38 54 100 45 62 98 58 21 32 0 139
197 43 82 54 28 46 73 28 96 99 82 0 197
183 59 63 50 71 99 67 96 48 82 92 0 183
106 48 60 66 51 58 27 28 71 36 86 0 106
157 43 76 23 92 46 42 41 52 80 92 0 157
107 54 50 91 41 72 95 88 35 21 100 0 107
183 70 72 28 61 43 23 26 27 69 98 0 183
138 23 43 78 77 63 54 42 82 69 70 0 138
124 73 45 84 67 49 41 100 23 57 29 0 124
114 28 88 98 46 92 58 41 32 90 31 0 114
198 44 30 48 52 32 55 74 52 25 53 0 198
185 100 71 48 66 46 28 45 75 73 45 0 185
130 65 44 77 81 73 82 82 45 96 57 0 130
163 66 99 49 36 63 68 99 92 30 48 0 163
146 23 28 49 36 20 43 57 97 30 88 0 146
180 40 89 62 36 35 54 77 25 85 84 0 180
103 94 21 54 44 82 43 25 90 64 82 0 103
131 38 96 61 45 95 28 61 37 89 85 0 131
137 59 88 99 69 53 40 41 47 45 61 0 137
108 89 69 33 41 85 23 83 80 76 52 0 108
180 24 69 65 40 73 49 68 82 94 38 0 180
168 55 83 38 47 87 41 91 38 32 43 0 168
161 40 85 63 64 35 38 63 49 50 84 0 161
186 39 46 75 98 99 66 48 95 91 58 0 186
198 28 53 69 50 74 71 73 60 21 62 0 198
177 22 38 88 95 58 66 68 53 57 66 0 177
136 73 99 40 49 50 86 24 50 24 41 0 136
111 42 66 94 84 25 76 34 39 64 45 0 111
193 78 69 84 56 88 76 49 82 54 37 0 193
174 41 47 67 43 32 69 23 48 51 39 0 174
144 49 78 46 92 73 96 41 75 100 91 0 144
197 49 63 49 97 47 31 41 78 100 48 0 197
117 45 80 77 46 74 47 41 43 82 63 0 117
147 41 85 40 22 90 37 40 42 80 37 0 147
145 21 39 65 64 55 62 87 62 82 73 0 145
186 71 37 50 81 73 91 42 95 33 94 0 186
133 20 24 57 59 62 41 55 27 84 22 0 133
179 67 27 46 35 42 31 61 57 25 38 0 179
176 61 90 79 51 79 98 24 26 21 25 0 176
136 34 93 69 48 52 43 78 76 58 63 0 136
192 82 73 58 95 83 73 75 68 32 94 0 192
164 46 75 49 23 21 93 60 94 22 62 0 164
169 95 88 48 28 89 20 43 93 92 54 0 169
166 61 25 22 27 34 73 74 56 90 48 0 166
190 72 99 28 71 33 52 61 82 62 90 0 190
112 89 55 30 30 69 50 89 33 80 40 0 112
139 52 29 69 76 35 78 65 80 52 94 0 139
154 90 80 70 94 70 58 71 37 26 27 0 154
148 30 76 34 79 91 70 46 71 50 91 0 148
103 96 58 75 25 95 99 57 56 73 100 0 103
117 97 54 51 73 53 97 35 51 55 20 0 117
128 31 75 74 75 37 48 99 35 96 22 0 128
190 60 64 88 87 43 91 78 39 51 69 0 190
143 61 60 23 25 54 55 20 56 50 61 0 143
102 62 47 23 78 95 44 27 55 34 79 0 102
150 95 75 54 29 63 64 55 68 77 44 0 150
188 89 82 61 71 72 33 93 65 23 84 0 188
106 35 53 93 85 42 52 55 25 95 44 0 106
165 31 51 33 68 95 86 26 55 53 82 0 165
141 92 56 80 90 45 57 42 32 31 64 0 141
156 82 95 47 60 56 66 55 87 23 40 0 156
186 38 26 62 81 98 38 59 35 78 56 0 186
151 97 33 32 24 28 46 98 89 80 24 0 151
104 62 33 86 56 89 79 83 72 80 98 0 104
160 43 67 78 77 21 20 74 71 54 28 0 160
104 82 22 22 20 77 59 90 94 98 81 0 104
30 42 39 52 37
132 177 204 232 290
121 170 216 250 271
135 150 215 251 277
140 155 194 227 282
139 159 196 245 268
119 168 187 233 274
107 149 181 232 297
108 179 190 223 277
112 175 201 232 273
132 180 201 232 300
130 142 195 247 268
104 152 192 242 267
110 162 198 253 295
102 155 186 247 291
121 162 196 237 275
137 160 183 241 260
134 171 181 243 270
130 161 181 244 281
108 148 189 236 281
134 162 220 251 260
104 162 192 236 275
101 157 186 259 288
110 164 190 231 299
125 154 220 229 269
131 169 209 231 279
104 146 186 244 287
127 180 205 226 285
133 167 212 255 288
126 164 182 223 295
106 168 191 249 276
124 141 193 236 283
109 155 182 240 294
105 168 205 254 287
103 145 204 225 280
112 162 195 224 272
105 166 214 246 265
129 153 192 231 274
129 142 182 252 278
125 164 201 246 273
122 176 203 245 282
132 173 188 248 276
138 174 202 245 262
101 152 214 259 294
106 179 184 234 286
137 178 204 248 262
112 163 214 252 288
128 178 202 222 262
118 154 206 233 267
140 144 190 246 300
104 163 186 236 273
119 161 217 221 277
134 148 203 252 276
133 173 201 226 279
121 156 220 250 300
123 163 202 247 262
126 176 186 232 268
110 180 213 249 281
126 159 194 227 299
111 166 220 239 288
124 179 182 256 284
130 143 190 244 266
113 143 212 246 284
103 170 190 238 295
132 141 191 252 272
109 177 186 237 261
113 180 196 255 278
110 155 209 247 294
110 162 206 249 274
132 146 185 258 276
107 155 181 224 282
108 149 190 244 294
118 150 180 252 288
133 149 206 224 278
126 159 180 238 280
125 171 184 256 286
120 177 215 240 292
116 153 186 228 260
117 158 205 229 262
128 166 200 222 284
121 161 213 247 284
108 144 182 241 283
104 154 212 239 298
112 159 215 226 276
123 178 190 234 289
116 145 209 226 288
109 172 220 244 265
131 158 185 229 261
133 143 218 236 283
137 176 182 221 293
129 180 191 255 293
129 142 213 226 285
112 149 220 223 260
133 149 189 257 284
117 155 187 249 288
101 174 216 223 273
100 162 195 220 294
117 148 192 242 264
126 150 214 233 299
111 149 211 252 265
104 160 186 230 280
106 157 213 234 266
120 158 193 224 300
132 162 193 239 278
113 171 190 250 296
109 145 217 221 264
105 175 211 223 286
118 156 198 236 298
108 158 186 224 262
137 150 220 224 286
122 143 219 223 280
102 168 196 244 291
102 147 181 252 265
140 143 192 243 265
122 171 195 252 297
139 142 200 240 264
106 152 201 249 268
106 156 189 243 282
121 145 182 249 267
131 177 219 223 276
106 176 200 222 273
101 155 211 255 263
108 141 192 240 299
102 161 199 242 270
102 178 217 256 283
102 167 216 228 268
120 175 180 234 275
117 144 203 233 268
116 166 215 240 297
137 161 196 260 300
113 157 184 252 278
127 158 183 251 261
118 171 182 256 291
137 145 190 238 288
136 157 185 238 286
119 167 201 246 288
139 146 198 226 268
137 175 182 249 289
134 157 216 248 287
104 176 198 248 271
139 160 214 260 294
108 160 192 253 296
103 159 198 251 298
122 173 211 237 297
122 166 184 246 296
112 177 198 260 296
131 179 199 229 297
120 162 207 235 262
118 161 206 237 269
119 177 216 231 264
135 145 188 220 296
110 154 188 239 277
109 180 181 245 261
105 174 181 234 263
129 168 185 255 283
116 170 216 241 277
117 144 184 247 260
121 180 211 221 273
124 140 194 232 287
134 141 191 253 278
112 157 192 242 273
112 156 214 224 286
101 164 218 231 280
135 164 204 246 300
112 153 213 243 261
113 149 212 241 285
127 164 220 223 276
120 157 217 223 271
102 179 218 247 266
135 155 206 248 286
130 174 184 247 261
112 180 181 230 280
109 162 213 247 291
130 143 207 252 288
116 170 180 228 276
133 173 218 244 290
111 167 195 235 268
103 141 220 226 291
140 161 203 228 281
120 148 210 231 296
128 158 215 254 288
103 169 210 242 297
109 151 202 236 286
139 166 211 230 288
121 172 182 234 263
107 159 193 246 260
135 151 206 230 274
114 160 183 236 275
133 170 193 244 275
124 140 185 245 295
104 178 211 228 287
140 143 205 226 267
108 140 216 225 298
132 153 184 250 297
115 161 219 253 298
118 163 204 228 278
117 176 190 220 271
117 159 187 233 276
120 149 212 233 286
127 173 204 258 298
114 171 186 248 270
24956 33462 38565 43858 54821
18883 26529 33706 39010 42287
19313 21458 30755 35903 39622
17508 19384 24260 28385 35261
14047 16068 19805 24756 27079
12979 18321 20392 25408 29877
14773 20571 24987 32027 40998
19879 32945 34970 41042 50979
14455 22584 25939 29938 35228
18224 24849 27747 32026 41411
26008 28408 39010 49411 53611
11863 17337 21898 27599 30450
19697 29007 35451 45298 52816
10207 15509 18609 24711 29112
13318 17829 21570 26081 30261
20695 24169 27642 36402 39271
19840 25317 26797 35975 39971
19898 24642 27702 37343 43004
17071 23393 29872 37299 44410
16892 20420 27730 31636 32771
11447 17829 21130 25971 30262
15561 24187 28653 39897 44364
19477 29037 33639 40897 52935
12883 15871 22670 23597 27718
18741 24176 29897 33043 39908
18519 25997 33118 43443 51098
25281 35829 40805 44984 56726
14638 18378 23329 28060 31691
16262 21165 23487 28777 38067
12091 19161 21784 28397 31475
24064 27362 37452 45795 54914
15049 21399 25125 33131 40584
15337 24537 29940 37095 41913
19474 27414 38566 42536 52932
13336 19287 23215 26667 32380
11347 17937 23122 26579 28631
22454 26631 33418 40205 47687
14972 16480 21121 29243 32259
18133 23789 29155 35681 39596
21479 30985 35737 43130 49643
20996 27516 29901 39442 43895
24296 30633 35561 43130 46123
18389 27672 38958 47149 53519
15377 25964 26689 33940 41482
16859 21903 25101 30514 32237
17927 26089 34250 40330 46091
17160 23861 27078 29758 35119
15820 20645 27614 31233 35789
27448 28232 37249 48226 58811
17063 26741 30514 38715 44784
23332 31565 42542 43326 54303
21984 24280 33302 41339 45275
25544 33225 38602 43402 53579
23965 30896 43570 49510 59411
21656 28697 35562 43483 46123
19538 27289 28839 35970 41551
18707 30609 36220 42340 47781
12734 16068 19603 22937 30211
18655 27897 36970 40162 48395
13276 19162 19483 27403 30399
18728 20600 27370 35147 38315
22268 28179 41774 48473 55959
18032 29759 33259 41660 51637
13472 14390 19492 25715 27755
20063 32577 34234 43619 48035
15149 24129 26273 34181 37263
16067 22638 30524 36072 42935
20797 30627 38944 47072 51797
15056 16652 21099 29423 31475
12206 17679 20644 25547 32160
11239 15504 19770 25387 30588
12398 15758 18909 26471 30252
26342 29510 40798 44362 55055
16766 21156 23949 31665 37251
15508 21213 22825 31755 35475
15247 22488 27315 30490 37095
17408 22959 27910 34211 39012
15686 21181 27480 30697 35119
22408 29059 35010 38860 49711
23723 31564 41758 48422 55675
18043 24057 30404 40258 47273
12487 18488 25450 28690 35772
21063 29901 40430 42498 51899
16613 24039 25659 31600 39026
21468 26833 38675 41820 53292
20390 32173 41150 45638 49566
17300 20865 24430 30239 34463
20623 22173 33800 36590 43876
21243 27289 28219 34265 45426
19873 27729 29423 39280 45133
18971 20882 31321 33232 41906
20056 26680 39390 39927 46551
22485 25189 31950 43444 48007
18845 24964 30116 40100 46379
12935 22281 27658 28554 34955
14507 23499 28285 31910 42642
17558 22209 28810 36311 39611
21932 26108 37246 40552 52037
17434 23401 33137 39575 41616
14671 22569 26236 32441 39492
14211 21047 28552 31367 35655
13208 17389 21240 24650 33012
24692 30303 36100 44703 51997
20008 30276 33639 44260 52403
16794 22339 33428 34045 40667
13342 22234 26807 28331 36333
20893 27621 35056 41782 52758
16316 23867 28096 33835 39574
24531 26858 39390 40106 51205
24286 28465 43591 44387 55731
17347 28569 33330 41491 49481
15001 21618 26617 37055 38967
24788 25319 33994 43022 46916
19527 27369 31209 40330 47531
18912 19320 27210 32651 35915
11349 16273 21517 26654 28687
20041 29493 35731 45938 53310
22030 26399 33134 45329 48605
18610 25143 31108 31676 39203
15059 25001 28410 31534 38777
11824 18144 24697 29846 30782
10915 14249 19402 24251 30211
10921 17236 21303 25905 28901
18163 31693 38636 45578 50385
12349 20216 26146 27598 32439
18008 26259 27009 35111 41261
23174 28521 40204 46145 53075
18567 26569 34410 38410 47531
17270 20294 24705 32770 37811
12211 16965 19881 27227 30035
13597 16915 19590 26868 27938
16881 24462 26035 36619 41624
21654 22918 30029 37614 45515
21904 25286 29794 38328 46057
16548 23222 27948 34204 40043
27391 28770 39016 44532 52807
25079 32034 33315 45577 52898
14212 16650 22906 26298 30433
16335 27641 31096 38947 42558
14881 17128 22907 27830 31469
19771 29289 35145 46310 54179
14221 21951 27333 34649 41136
15135 21461 26174 29398 36839
13916 18933 20985 28054 33755
22183 35055 39213 51490 58619
24243 33124 36824 42375 54956
15608 21069 26920 30561 34071
19242 26252 33588 38642 43858
17381 25851 31546 33736 38555
24308 26108 33849 39610 53292
11337 15871 19374 24628 28543
14286 23589 23720 32106 34202
14392 23847 24807 32069 36042
13940 18153 19989 27551 30575
20887 30609 38890 43390 49871
19664 24201 30922 41507 43691
19489 28989 33981 35591 43964
23072 26048 36094 43163 53394
26540 27926 37827 50105 55055
19831 27798 33994 42845 48332
15239 21225 29114 30474 38907
11218 18213 24208 25651 31091
26063 31660 39381 47488 57911
19495 26631 37072 42293 45425
16279 21464 30538 34715 41051
25027 32317 43350 43941 54383
14048 18378 25399 26101 31718
15001 26322 32056 36320 39113
19583 22483 29879 35970 41481
24188 32373 34233 45953 48557
14903 23949 24082 30600 37251
19518 29007 38137 44223 52100
22888 25176 36442 44363 50699
15784 23129 24489 31019 37548
25544 33225 41866 46858 55691
18211 27397 31990 38551 43963
17414 23837 37190 38204 49191
23248 26735 33708 37858 46657
22808 28128 39910 43900 56252
14343 17704 24090 28458 32267
14324 23500 29200 33648 41294
16793 23263 31118 36355 44056
20580 24577 31238 34050 42635
12471 17725 18755 24113 27100
12526 18612 22591 28793 30431
17288 19336 26378 29450 35083
21668 30409 34780 44851 52262
19027 24319 27608 34902 39336
12656 14288 18879 25001 30102
15607 26709 31660 34210 43061
26328 26892 38550 42498 50207
11455 14848 22906 23860 31600
21788 25253 30369 41261 49016
16222 22709 30889 35683 42029
18416 25437 31834 35578 43379
21770 32745 35350 40930 50417
17675 24018 28247 35194 41688
12488 15504 22058 24242 29755
20327 27689 32649 41290 47691
11863 17793 19353 25803 28091
