1000 10 5
10 99 71 47 73 57 75 42 43 30 35 0 50
5 87 56 62 38 72 77 51 56 93 84 0 24
6 46 92 89 63 87 58 81 80 57 99 0 26
4 88 35 59 76 63 58 31 78 28 25 0 19
9 57 51 24 74 57 77 72 38 59 36 0 42
7 26 24 67 58 77 30 91 35 95 50 0 34
6 39 34 42 74 93 58 86 49 67 23 0 28
4 90 42 54 53 56 58 92 61 31 35 0 20
10 77 59 81 98 94 47 29 86 54 21 0 47
10 87 94 50 53 69 89 73 44 23 78 0 47
4 42 62 27 58 95 82 41 28 72 93 0 17
8 61 94 27 74 94 79 49 29 21 90 0 36
10 40 23 33 23 54 58 82 71 47 34 0 48
4 47 80 45 75 73 57 28 98 29 36 0 20
10 95 86 44 65 77 22 94 44 74 39 0 48
5 47 72 27 21 59 39 35 37 44 28 0 24
8 43 55 35 48 42 44 52 67 32 78 0 36
5 95 37 60 57 92 51 25 74 22 88 0 22
9 35 39 64 34 43 96 83 33 88 99 0 44
8 72 41 45 58 63 35 48 30 59 100 0 40
5 75 63 43 42 39 72 79 69 34 28 0 21
6 88 76 80 92 70 37 90 79 60 83 0 26
7 32 59 68 27 25 61 55 91 80 97 0 34
5 53 24 62 69 36 63 58 86 56 41 0 22
5 52 40 87 81 51 83 51 27 98 92 0 22
5 87 60 27 57 37 88 23 22 58 92 0 22
8 34 32 28 28 97 75 89 52 51 84 0 37
9 69 46 42 47 85 49 90 79 24 62 0 42
2 37 62 35 73 62 64 30 39 90 42 0 10
6 34 51 56 76 93 89 38 43 31 91 0 27
10 47 74 41 22 59 26 34 67 42 91 0 49
5 88 27 85 42 54 86 37 24 21 96 0 24
3 70 83 65 34 84 71 45 89 49 79 0 14
9 28 76 26 21 54 64 57 61 77 85 0 41
7 94 43 92 40 96 61 90 21 81 58 0 35
8 79 22 28 67 73 99 50 74 51 46 0 40
5 37 98 62 24 59 54 35 56 60 82 0 22
9 84 49 70 25 93 46 85 22 86 91 0 41
3 34 22 31 51 62 40 50 48 73 54 0 13
10 44 54 70 54 45 35 75 26 73 84 0 47
4 91 75 46 71 88 66 53 51 26 88 0 17
4 83 25 28 76 59 82 33 67 62 44 0 17
6 36 52 30 49 79 64 88 51 37 48 0 29
3 21 79 59 53 84 30 27 67 30 82 0 12
9 96 46 45 39 45 78 34 24 54 96 0 45
7 40 83 88 59 28 94 46 83 33 68 0 34
6 99 40 26 32 94 46 83 47 32 28 0 30
5 46 62 97 51 56 68 57 23 28 46 0 23
6 37 49 92 38 46 43 21 31 52 43 0 27
5 46 41 51 23 98 53 95 44 27 91 0 23
5 39 80 73 85 42 70 36 71 67 58 0 25
9 54 98 33 90 61 48 81 96 53 23 0 43
8 38 87 46 91 93 97 66 54 74 25 0 36
8 45 74 77 44 90 97 81 66 98 93 0 39
8 28 95 90 69 46 60 88 29 84 29 0 40
6 95 92 73 63 28 48 41 70 43 75 0 26
10 62 75 75 89 78 30 63 49 45 73 0 48
3 26 40 34 76 85 97 29 49 82 39 0 12
5 70 39 74 53 82 26 29 79 88 74 0 21
3 33 37 64 24 42 50 52 25 86 54 0 14
8 47 26 94 51 22 74 85 69 37 47 0 38
8 91 29 69 92 90 93 85 90 75 34 0 39
8 40 32 85 65 34 29 61 91 89 28 0 40
5 40 58 34 72 75 77 27 49 77 58 0 24
2 96 70 53 49 96 94 66 92 43 68 0 10
10 40 50 61 43 55 22 68 99 68 99 0 50
5 90 41 21 87 86 38 39 67 50 58 0 25
3 72 39 90 23 67 90 62 30 52 69 0 14
7 75 88 40 50 97 87 54 72 62 36 0 32
7 38 98 34 92 36 31 94 65 99 66 0 35
6 98 54 27 54 71 67 72 67 84 34 0 30
7 40 81 51 72 25 56 63 76 92 30 0 32
8 88 23 63 32 97 47 28 64 81 27 0 37
6 97 46 38 84 80 82 94 96 40 53 0 26
2 88 84 83 37 51 24 61 77 20 37 0 10
6 41 83 47 62 82 62 39 85 47 21 0 28
3 43 62 49 77 69 67 79 73 95 84 0 11
10 62 74 49 25 31 87 51 82 52 69 0 48
7 61 38 63 25 44 52 74 75 59 98 0 32
10 84 79 25 56 32 32 53 62 23 65 0 47
2 35 73 76 80 73 56 90 40 37 21 0 10
9 33 66 23 48 84 79 24 56 27 79 0 42
9 30 86 94 57 86 25 67 27 60 22 0 45
5 96 65 76 79 28 86 58 95 80 69 0 23
7 80 51 69 25 65 34 51 38 92 93 0 31
2 57 73 64 22 55 80 81 77 26 87 0 10
3 21 74 28 55 98 31 81 33 56 66 0 11
5 79 33 45 28 82 42 63 24 53 42 0 25
10 78 49 22 85 96 98 58 47 41 93 0 50
9 77 69 83 62 24 98 84 78 94 21 0 43
5 60 69 73 87 89 22 59 50 81 38 0 22
7 73 96 35 95 62 79 77 92 61 32 0 35
4 55 31 99 68 78 86 89 97 30 53 0 19
3 80 60 68 25 32 21 84 55 55 91 0 11
6 27 40 51 77 59 44 35 91 47 87 0 27
10 42 57 23 40 51 34 54 21 97 42 0 47
8 86 86 21 64 22 22 34 45 44 32 0 39
9 86 73 25 63 31 67 21 44 39 44 0 42
7 28 44 96 86 93 59 84 88 43 69 0 31
4 70 97 62 74 51 35 77 64 67 68 0 18
3 55 35 32 31 69 54 95 72 57 70 0 12
3 65 87 80 69 40 62 86 21 82 69 0 13
5 57 57 61 49 57 69 33 83 56 86 0 22
7 83 59 51 25 65 65 67 35 97 67 0 35
7 68 67 78 34 92 54 81 54 52 77 0 33
10 48 33 99 25 58 76 57 68 63 73 0 49
4 65 35 42 53 36 91 28 70 67 84 0 17
6 49 59 95 61 84 66 39 46 82 92 0 27
5 64 32 51 79 84 26 85 33 45 80 0 22
9 58 22 73 70 43 42 62 34 23 23 0 44
4 34 38 45 55 88 42 36 57 65 98 0 17
10 43 79 72 100 46 42 44 62 87 87 0 49
3 95 54 24 100 51 85 77 85 54 44 0 14
4 92 72 97 72 87 77 28 78 93 90 0 16
10 31 82 53 27 69 82 65 84 31 24 0 50
8 34 20 81 56 74 87 60 92 77 44 0 37
6 39 27 34 31 28 42 55 49 86 83 0 30
10 43 50 59 59 84 76 66 85 85 91 0 48
5 64 56 47 98 59 33 39 57 54 54 0 22
7 89 22 38 30 77 33 21 31 84 95 0 32
8 95 37 82 96 65 57 23 60 41 95 0 39
4 41 82 28 51 39 41 72 25 52 69 0 20
10 41 25 24 45 99 26 97 22 40 20 0 50
5 94 73 73 88 63 73 89 97 86 50 0 24
4 44 82 42 57 58 67 90 71 32 68 0 20
8 63 26 99 86 57 100 75 31 65 69 0 38
5 40 47 20 88 43 79 28 67 27 94 0 23
8 49 99 66 79 78 58 28 61 43 83 0 39
7 56 69 35 54 78 82 63 44 66 33 0 34
5 49 42 56 52 27 41 98 85 71 27 0 23
6 97 68 80 84 28 50 74 29 80 64 0 27
8 84 56 78 24 44 64 36 58 67 65 0 39
2 50 50 60 97 87 90 61 26 56 78 0 10
4 21 95 27 85 41 28 31 42 68 33 0 18
9 63 71 20 25 63 42 86 70 83 21 0 42
9 88 29 34 36 98 77 28 79 86 56 0 42
10 80 46 41 62 59 71 55 96 71 42 0 49
6 72 37 93 44 69 91 51 94 57 73 0 29
5 78 96 59 98 77 56 47 22 51 70 0 22
3 32 45 98 78 92 80 40 53 92 84 0 15
3 75 80 59 33 73 59 35 85 94 34 0 13
5 42 72 73 67 86 27 80 78 44 44 0 24
9 54 91 31 70 68 89 91 62 64 43 0 44
3 95 32 47 41 95 60 46 70 83 40 0 13
10 63 98 32 93 80 56 77 81 55 27 0 46
8 50 66 64 36 29 30 94 41 69 76 0 40
10 67 41 23 62 47 86 47 22 32 83 0 49
8 99 86 68 41 51 39 45 90 29 43 0 37
9 47 37 96 24 62 86 70 72 31 88 0 45
10 43 46 46 67 68 47 54 90 83 42 0 46
7 45 75 57 45 48 28 48 68 80 32 0 33
9 97 20 86 54 83 97 36 51 47 25 0 42
5 55 69 24 92 76 98 53 68 99 95 0 21
9 22 34 59 86 85 85 67 87 59 34 0 44
4 62 64 73 27 62 34 73 71 72 80 0 20
7 81 69 32 22 89 63 83 44 64 81 0 33
10 82 59 79 89 23 28 73 85 46 59 0 47
10 54 93 44 71 76 29 71 99 89 35 0 49
6 23 82 47 55 48 42 84 58 32 74 0 27
7 52 83 74 46 66 83 25 41 73 51 0 34
5 70 76 23 72 88 88 44 75 47 98 0 21
8 88 58 38 21 54 47 84 33 64 83 0 38
2 94 39 32 64 37 39 73 80 27 94 0 10
6 39 27 49 63 96 80 87 66 23 27 0 26
10 42 86 87 76 46 54 60 49 46 43 0 48
9 36 64 56 30 74 55 23 53 56 97 0 42
4 39 73 88 78 60 24 41 61 68 27 0 16
9 23 35 30 67 74 29 47 29 63 88 0 41
9 25 50 86 95 50 81 43 60 55 64 0 43
9 87 30 44 55 49 47 38 66 97 45 0 41
8 90 90 28 72 50 47 49 45 25 66 0 38
2 57 66 73 38 51 72 77 50 60 21 0 10
9 41 44 25 22 26 72 33 94 23 54 0 43
5 88 47 68 74 88 65 90 90 82 60 0 23
7 91 49 86 63 24 29 97 62 53 61 0 34
8 83 32 39 53 52 51 51 57 84 69 0 37
8 51 91 74 46 83 56 65 96 28 78 0 38
9 36 78 83 92 31 44 82 57 51 22 0 41
3 60 82 94 73 37 61 41 47 43 56 0 11
7 45 75 32 89 47 39 74 85 92 42 0 32
6 20 41 99 78 67 49 42 29 81 74 0 30
5 76 38 71 78 39 90 47 33 40 86 0 23
4 83 68 59 61 82 52 85 90 24 57 0 20
4 40 51 23 21 66 43 45 65 46 62 0 19
6 20 44 39 97 77 78 42 97 58 82 0 28
6 97 69 70 77 94 28 46 84 86 99 0 28
9 61 70 84 41 32 93 45 82 100 27 0 43
6 24 93 51 46 37 46 86 33 79 81 0 29
10 91 51 74 92 75 43 30 55 50 56 0 50
4 33 24 27 22 59 83 99 91 55 82 0 19
4 69 86 21 97 75 49 59 94 57 77 0 19
10 30 69 98 55 51 39 31 55 59 60 0 46
3 91 71 65 90 39 89 25 52 99 36 0 15
10 47 28 28 84 70 98 81 73 54 55 0 46
2 71 74 71 48 38 52 36 23 39 84 0 10
5 62 99 62 86 70 45 25 84 33 23 0 24
2 50 35 86 84 26 25 20 68 82 63 0 10
5 95 93 74 26 93 62 93 61 28 22 0 25
10 46 85 28 87 59 79 29 93 22 64 0 49
8 26 63 96 88 51 24 29 94 28 22 0 40
8 53 52 82 42 96 29 85 43 68 28 0 36
3 72 72 55 84 33 75 49 47 84 69 0 13
3 51 32 36 65 99 94 97 58 99 62 0 12
7 85 89 75 78 74 66 33 50 83 46 0 34
3 83 56 66 24 54 51 54 46 96 35 0 14
7 52 79 75 86 95 45 55 22 74 35 0 34
7 42 79 80 42 29 36 97 49 48 31 0 35
3 77 46 71 39 99 30 87 69 85 39 0 12
3 46 62 40 26 29 39 82 54 23 66 0 13
5 40 100 27 59 96 80 47 93 89 41 0 25
3 29 86 95 69 98 31 83 93 51 54 0 11
6 27 96 34 80 77 73 65 54 38 56 0 27
9 54 66 63 67 76 20 80 33 48 52 0 41
4 58 95 71 59 85 47 20 22 41 47 0 20
3 26 68 34 90 90 48 42 29 27 83 0 15
7 50 82 50 84 95 39 37 72 24 59 0 31
6 84 28 41 46 74 81 82 92 45 73 0 28
5 37 84 93 76 87 38 58 37 61 95 0 24
5 61 60 86 51 22 65 41 92 49 34 0 25
10 63 20 72 44 94 41 23 30 67 94 0 48
6 21 43 40 61 77 68 32 50 43 63 0 26
4 56 86 53 34 75 44 32 96 94 64 0 18
5 71 54 57 29 97 90 27 88 52 97 0 25
4 33 29 68 87 75 46 47 46 49 53 0 16
4 51 78 79 88 31 34 73 83 94 48 0 18
10 65 90 24 45 84 45 48 63 45 75 0 50
6 31 90 93 57 96 57 35 69 22 30 0 27
10 53 41 98 25 54 80 36 23 76 68 0 47
9 64 38 77 44 34 23 69 72 80 99 0 41
5 31 59 49 30 79 85 97 42 50 72 0 23
6 28 54 59 52 23 66 48 98 91 42 0 26
9 68 81 71 53 30 82 47 25 46 49 0 43
6 67 40 39 59 29 56 78 50 47 58 0 26
5 78 34 32 50 57 94 56 72 23 22 0 23
8 67 93 85 32 91 29 54 52 44 48 0 38
3 92 98 89 52 22 97 55 98 36 72 0 11
7 33 72 83 71 44 59 36 34 21 74 0 31
8 22 52 43 82 96 99 47 59 38 92 0 39
10 57 64 70 45 41 82 31 78 21 70 0 48
7 30 87 75 81 46 42 42 65 20 30 0 33
7 35 78 57 46 79 75 71 59 35 51 0 33
6 63 100 21 37 56 83 97 78 81 70 0 27
3 85 89 21 28 42 66 44 85 22 47 0 13
10 59 69 58 21 58 71 72 56 36 42 0 46
6 96 39 50 56 41 25 56 38 46 47 0 29
7 23 59 79 68 74 62 57 46 42 54 0 31
9 24 97 36 46 24 51 95 64 84 85 0 44
4 86 88 47 32 83 69 85 35 63 58 0 20
6 82 75 62 49 83 81 44 84 39 37 0 27
6 31 36 52 88 45 68 49 74 89 91 0 26
7 53 96 79 73 87 97 81 50 34 73 0 33
5 26 51 98 48 98 96 88 28 64 53 0 22
6 22 39 94 82 56 86 88 44 69 64 0 26
7 61 66 47 91 44 85 81 22 47 31 0 33
4 48 53 34 90 42 51 96 29 60 49 0 16
8 82 29 92 28 47 98 73 76 71 51 0 39
8 53 40 32 48 63 96 82 48 47 58 0 38
4 84 67 45 41 46 40 97 82 71 30 0 20
6 81 94 97 95 37 84 78 88 96 32 0 27
8 55 79 92 25 82 64 89 97 50 42 0 40
7 49 21 33 57 30 62 23 54 41 22 0 33
3 54 33 82 83 32 99 42 36 23 32 0 12
7 45 28 91 42 43 95 88 22 90 90 0 34
9 60 94 33 30 75 39 35 85 63 38 0 43
10 81 31 87 65 44 95 49 65 74 40 0 49
7 95 23 48 87 60 61 64 41 37 73 0 34
3 45 33 70 33 51 73 30 76 87 27 0 12
8 75 66 49 32 87 72 67 30 100 34 0 37
5 50 85 73 54 78 53 96 41 55 28 0 21
6 76 92 66 40 86 84 95 57 51 44 0 30
6 87 64 40 44 35 90 35 46 96 58 0 27
9 42 80 40 59 62 79 81 48 68 34 0 41
7 62 72 62 79 33 28 50 55 44 38 0 35
3 67 50 59 78 98 40 40 65 76 85 0 15
3 42 95 90 93 98 25 50 83 92 29 0 15
10 65 46 47 54 67 48 95 26 89 70 0 50
4 29 24 36 38 71 76 86 75 68 93 0 18
10 70 75 76 79 34 73 87 27 37 74 0 50
7 33 64 66 29 60 36 38 23 61 55 0 35
5 93 50 84 70 24 27 82 59 68 56 0 23
4 71 80 37 85 59 65 52 90 36 83 0 16
8 60 74 88 61 88 73 32 98 44 56 0 39
4 65 67 71 26 95 98 82 82 73 32 0 17
6 76 30 83 51 70 82 98 81 63 42 0 30
7 89 58 36 90 28 47 20 73 71 68 0 33
4 64 30 76 29 23 27 22 99 43 80 0 20
6 83 98 87 37 88 78 63 33 36 94 0 30
4 63 90 45 97 60 35 70 21 62 60 0 17
7 73 43 54 41 95 35 47 62 33 67 0 31
10 22 51 89 91 85 99 71 56 88 31 0 49
9 38 78 42 31 30 84 92 36 30 25 0 44
5 55 56 80 28 65 45 58 71 94 71 0 22
6 21 27 71 30 66 50 69 59 68 23 0 28
4 80 70 49 31 56 58 63 94 37 32 0 19
6 55 42 95 26 24 20 92 86 49 58 0 27
5 99 51 71 46 96 45 57 100 31 31 0 24
9 54 97 96 24 27 71 47 88 69 41 0 41
8 59 46 25 67 41 77 59 26 99 83 0 36
4 58 67 20 58 44 72 52 42 38 40 0 19
3 28 25 94 56 42 57 54 98 52 80 0 14
8 44 28 86 55 27 24 97 27 54 45 0 38
3 39 91 78 47 39 25 89 94 66 77 0 15
4 43 26 93 79 30 66 49 23 87 58 0 20
9 58 57 62 38 96 89 72 79 74 64 0 45
10 96 53 59 22 57 50 75 81 93 28 0 48
5 93 58 21 29 29 78 99 73 58 26 0 21
8 88 91 70 84 23 78 26 31 23 100 0 37
8 93 65 73 52 66 37 59 70 79 36 0 40
5 91 33 34 28 68 65 48 93 32 63 0 21
7 97 37 28 53 46 35 65 37 23 31 0 33
5 96 27 37 54 46 86 99 90 77 75 0 24
9 34 68 50 36 68 35 80 22 44 82 0 44
4 70 91 64 30 35 90 75 57 74 81 0 18
8 70 46 56 32 88 48 96 21 41 72 0 38
8 59 64 73 53 48 40 81 57 51 49 0 37
5 35 82 51 40 88 29 94 93 97 23 0 25
6 78 98 68 57 80 41 87 25 23 92 0 26
5 36 97 58 88 31 80 46 95 27 23 0 24
7 33 47 35 89 97 84 31 36 52 55 0 31
7 90 60 50 73 21 85 72 90 34 20 0 35
5 24 64 40 94 61 52 35 82 30 90 0 24
10 55 84 38 56 59 73 30 50 80 43 0 49
5 27 66 21 91 85 94 85 63 66 56 0 22
10 68 24 22 51 49 95 20 77 35 83 0 49
10 47 32 29 82 85 91 77 24 81 79 0 50
9 95 21 98 65 64 69 46 22 33 86 0 45
8 48 27 80 99 66 83 74 64 85 86 0 40
5 72 51 80 71 22 32 56 33 45 32 0 25
9 23 82 35 90 24 77 73 91 50 59 0 44
4 77 32 37 96 25 62 65 56 95 85 0 19
3 75 37 86 43 91 37 94 93 88 63 0 15
7 73 29 64 45 95 69 90 34 64 28 0 35
7 67 88 80 48 58 82 78 30 76 49 0 31
10 90 91 22 21 37 45 53 73 83 25 0 47
9 98 58 66 84 36 46 22 67 83 25 0 41
3 66 50 42 32 61 45 71 69 92 93 0 13
9 89 62 38 47 44 83 26 82 98 32 0 44
10 66 66 51 33 76 43 49 57 98 63 0 48
8 33 64 54 78 40 49 33 96 46 31 0 40
4 63 54 39 40 24 96 46 28 72 80 0 20
8 98 65 60 49 30 63 27 24 33 37 0 39
5 54 82 68 79 63 21 86 61 92 68 0 25
5 28 73 84 91 54 87 84 48 42 53 0 25
9 29 74 63 39 73 22 92 23 26 73 0 45
7 71 38 80 62 82 97 93 30 84 56 0 32
7 59 84 29 86 55 32 65 65 32 54 0 31
3 69 90 68 40 76 91 79 39 74 86 0 12
6 43 62 98 77 94 82 75 93 40 32 0 27
9 22 31 89 95 48 51 42 84 49 56 0 42
4 87 30 89 84 33 79 94 90 66 56 0 16
7 52 46 62 97 81 39 27 56 46 31 0 35
9 91 31 57 45 55 55 59 60 32 36 0 43
4 59 91 54 85 39 29 87 95 98 22 0 16
5 22 25 73 77 63 24 38 21 24 76 0 21
7 74 20 54 34 26 86 73 60 44 69 0 34
5 93 51 86 63 59 23 35 50 51 51 0 25
5 81 41 79 81 73 41 32 68 90 41 0 22
8 74 80 31 95 24 21 96 46 95 79 0 39
9 35 76 78 49 46 70 91 23 58 86 0 44
4 28 95 24 74 37 99 92 21 47 37 0 16
2 76 86 81 78 70 90 56 74 98 55 0 10
8 94 64 54 85 82 76 90 81 95 63 0 38
5 45 22 26 52 26 96 25 93 45 88 0 24
3 60 97 42 66 56 65 52 82 97 59 0 11
4 51 50 66 41 28 63 41 36 100 78 0 19
2 84 84 72 96 92 33 83 21 30 43 0 10
9 23 73 88 86 73 47 66 42 34 75 0 44
5 94 72 29 44 76 39 51 83 76 77 0 24
10 56 24 72 41 38 24 64 94 78 53 0 50
3 51 29 80 64 84 78 29 74 38 79 0 13
9 33 78 88 69 27 52 93 48 39 26 0 44
8 21 69 67 54 28 72 72 46 21 67 0 40
8 85 35 26 45 92 53 54 78 24 53 0 40
2 22 81 96 79 46 84 68 22 93 93 0 10
3 70 24 31 33 52 48 44 87 76 70 0 15
5 59 91 73 87 91 37 28 55 30 56 0 25
7 46 68 54 22 45 51 78 30 78 63 0 32
7 60 68 31 58 82 65 41 23 97 49 0 31
6 44 86 65 45 65 49 27 97 99 50 0 30
10 77 56 45 94 98 65 55 76 41 76 0 46
7 77 33 56 23 51 47 49 43 94 93 0 34
3 24 49 23 88 52 72 24 81 58 84 0 14
5 63 66 62 73 62 56 30 47 22 83 0 21
10 94 46 82 53 82 27 80 73 47 36 0 48
3 71 65 33 26 29 66 65 25 78 81 0 13
3 94 86 76 98 88 27 78 94 64 80 0 14
8 96 99 25 55 63 57 65 83 30 73 0 36
6 28 28 28 24 97 55 51 43 33 51 0 28
10 48 74 51 91 95 66 70 69 87 53 0 46
8 56 45 71 58 96 56 97 68 22 69 0 40
7 94 66 53 77 26 88 37 42 69 23 0 32
7 50 44 71 74 84 49 50 96 61 59 0 34
10 50 97 55 61 21 79 29 87 77 39 0 49
10 23 77 88 99 41 89 70 36 50 64 0 47
5 65 96 71 54 28 72 48 84 79 76 0 22
2 77 44 30 72 52 34 83 68 84 80 0 10
7 30 50 63 94 97 29 52 65 42 43 0 31
10 53 50 74 98 75 30 72 76 34 87 0 47
2 83 23 80 69 85 84 39 54 74 92 0 10
8 92 57 67 39 27 69 21 90 86 37 0 36
6 57 51 26 30 30 37 42 84 26 34 0 29
3 75 60 68 76 37 89 54 21 79 77 0 11
3 55 56 35 58 29 75 63 83 86 99 0 13
7 34 40 91 74 79 37 38 33 20 36 0 34
8 27 91 28 39 75 44 43 20 61 80 0 40
5 29 69 76 76 64 31 86 77 38 74 0 22
4 92 48 36 29 49 88 61 31 28 65 0 17
10 32 22 100 57 71 51 72 48 74 35 0 50
8 38 26 33 53 99 68 52 60 60 69 0 40
9 29 47 93 45 77 51 70 54 28 27 0 44
8 51 31 58 20 27 82 56 23 36 72 0 36
7 99 61 92 57 93 65 62 74 20 90 0 34
3 42 90 71 51 80 78 96 55 26 23 0 15
8 60 99 95 78 22 26 40 67 35 99 0 39
8 22 86 42 33 23 31 74 39 65 25 0 36
8 39 59 88 42 41 47 51 60 78 21 0 36
5 66 81 74 90 32 99 91 68 60 96 0 24
7 79 69 33 43 73 78 30 88 73 42 0 34
7 68 62 96 33 88 78 57 62 57 84 0 32
5 59 73 90 85 95 59 74 39 44 95 0 22
6 27 61 74 81 65 98 88 42 60 22 0 28
7 78 78 27 66 48 86 93 21 91 36 0 33
4 51 71 82 20 36 54 53 99 83 70 0 19
9 86 59 37 99 27 96 67 89 79 73 0 44
7 34 76 83 99 68 32 94 25 96 54 0 33
5 70 63 39 59 39 84 91 45 58 76 0 23
8 76 21 81 34 91 99 44 87 69 53 0 40
6 79 24 56 96 50 98 48 85 57 64 0 28
5 37 65 72 73 51 91 26 93 47 60 0 21
2 49 85 31 94 37 58 86 34 98 46 0 10
7 29 39 55 58 65 21 34 64 42 28 0 32
4 58 97 69 95 21 58 75 91 73 59 0 20
5 53 28 87 97 97 33 32 61 34 76 0 22
10 26 58 54 73 81 99 36 98 88 81 0 49
7 29 35 44 81 49 64 95 48 34 93 0 32
9 32 87 75 43 43 70 32 42 21 75 0 43
3 22 69 32 71 23 61 23 83 31 54 0 13
6 50 64 23 86 49 65 80 64 91 32 0 27
6 87 72 29 48 70 83 40 96 27 76 0 27
7 31 40 43 80 39 31 45 67 69 45 0 32
2 69 77 54 68 98 30 32 32 71 21 0 10
8 45 32 69 34 87 30 49 47 83 94 0 39
3 41 21 46 50 30 59 49 61 43 29 0 15
7 30 49 64 72 57 89 61 98 55 67 0 32
8 58 99 35 28 61 89 58 55 66 44 0 38
7 56 65 53 24 30 75 56 32 71 54 0 31
6 62 44 73 29 50 45 50 63 43 51 0 28
10 75 73 72 93 63 69 96 94 95 95 0 48
9 100 95 33 75 38 46 29 89 94 36 0 45
5 62 73 31 35 70 44 44 86 42 55 0 21
8 93 98 86 92 81 57 58 28 28 68 0 40
7 96 74 88 20 66 21 24 81 68 93 0 33
3 88 25 69 42 96 47 73 66 72 83 0 14
8 54 36 74 60 37 22 66 66 37 67 0 37
8 83 90 82 42 58 52 78 65 49 28 0 37
7 88 63 43 48 35 31 78 48 27 83 0 33
10 29 52 43 92 24 24 93 44 32 97 0 49
9 79 87 99 84 45 40 62 69 38 83 0 45
10 24 25 73 88 85 74 58 68 77 41 0 48
4 63 42 57 22 36 91 78 78 61 93 0 16
9 90 56 84 40 34 25 91 41 38 73 0 44
3 41 79 91 83 82 63 51 84 80 76 0 11
8 43 57 77 29 24 85 58 68 53 30 0 40
3 62 65 96 71 84 39 47 84 56 89 0 13
9 97 61 36 69 36 84 77 70 21 29 0 41
10 67 59 66 77 71 21 50 34 64 51 0 49
6 88 91 49 66 78 73 97 30 71 33 0 26
2 95 57 84 72 31 47 30 94 33 49 0 10
3 68 61 73 54 60 36 63 49 77 86 0 15
6 63 90 91 38 94 26 24 55 23 20 0 28
5 75 66 78 97 80 20 55 37 76 79 0 22
8 96 96 94 78 57 97 69 99 38 68 0 37
10 39 34 52 68 47 75 49 39 24 68 0 46
7 79 98 84 81 48 61 40 24 48 86 0 34
3 22 75 90 99 64 80 93 27 31 69 0 15
9 48 68 30 80 64 64 23 98 72 60 0 45
10 26 96 49 40 57 51 92 39 50 91 0 47
6 43 78 88 82 74 84 88 24 55 80 0 28
5 94 51 62 72 68 75 84 47 46 95 0 25
5 30 72 77 51 21 82 99 98 80 97 0 25
9 68 81 89 34 90 53 37 72 86 90 0 42
8 72 54 64 49 53 78 46 88 48 64 0 40
4 50 25 26 34 37 74 85 54 86 74 0 20
2 94 27 35 63 100 97 89 21 55 42 0 10
10 89 20 21 99 23 66 23 90 78 38 0 50
9 20 44 30 95 60 54 84 51 94 43 0 45
9 97 52 71 63 43 85 84 89 87 93 0 43
10 71 61 76 21 94 89 41 95 63 65 0 48
10 95 98 22 84 48 65 35 30 28 45 0 46
5 25 59 59 94 39 31 34 24 25 51 0 25
3 66 84 50 92 54 72 39 96 62 34 0 15
8 28 71 39 39 45 89 89 90 62 83 0 39
4 36 96 84 89 43 39 27 96 35 20 0 20
7 75 98 22 64 57 40 92 39 26 48 0 34
4 34 49 77 31 60 24 31 35 56 48 0 20
5 24 56 54 38 47 39 85 93 83 46 0 23
4 86 83 46 57 79 75 60 75 80 40 0 20
3 36 59 36 97 47 69 52 49 56 51 0 14
5 59 63 89 53 92 44 78 72 81 95 0 22
3 54 83 48 80 27 62 60 31 45 64 0 11
3 86 67 23 92 48 43 52 31 23 55 0 14
9 33 91 70 58 26 32 53 75 98 32 0 44
9 23 82 80 42 47 70 49 67 72 70 0 42
7 70 98 38 65 85 36 21 26 46 87 0 35
3 85 57 46 63 31 64 77 25 88 47 0 12
3 74 50 97 34 59 61 63 82 70 38 0 12
5 77 45 92 83 22 20 63 40 77 65 0 22
6 99 44 46 62 73 64 79 28 63 87 0 27
3 88 73 26 26 85 60 52 80 90 30 0 13
7 52 76 97 42 97 27 50 81 27 81 0 33
4 25 38 88 70 58 69 86 49 83 59 0 19
10 67 35 84 25 60 42 25 65 24 88 0 46
10 47 39 97 85 26 22 94 72 87 67 0 47
8 32 91 36 51 26 74 60 72 61 60 0 37
8 33 55 59 74 49 94 51 74 79 72 0 37
5 62 42 97 80 55 49 58 63 21 66 0 25
10 34 68 84 88 54 81 31 80 21 83 0 48
9 84 41 75 78 59 30 61 35 98 22 0 41
9 50 61 78 28 93 31 27 31 55 76 0 44
3 56 43 90 39 22 27 59 85 76 29 0 14
7 43 25 29 65 84 94 28 20 45 21 0 32
7 41 29 74 77 27 45 98 30 25 58 0 34
3 50 59 77 97 91 31 89 36 55 65 0 11
5 51 71 63 49 25 51 56 98 81 98 0 22
9 37 45 84 34 75 62 67 71 47 28 0 43
4 78 95 86 75 89 95 77 46 49 37 0 16
7 70 90 61 25 55 34 80 45 98 58 0 33
4 91 77 23 31 66 21 60 84 84 51 0 17
7 40 72 99 27 90 45 20 59 83 82 0 35
4 33 99 47 41 38 23 75 98 93 27 0 20
9 50 95 82 91 56 45 78 78 87 96 0 45
10 96 44 27 96 84 50 33 77 70 60 0 46
6 86 76 97 50 50 27 89 62 86 92 0 30
7 43 29 88 64 97 44 80 39 41 65 0 32
4 89 71 42 65 75 29 36 38 28 65 0 20
10 36 61 99 35 80 87 72 25 79 88 0 50
5 35 62 54 55 99 32 37 65 91 45 0 21
6 90 88 92 80 20 79 26 42 79 34 0 26
5 83 97 85 23 95 48 100 24 75 36 0 23
5 58 82 84 75 64 42 34 43 42 30 0 24
10 27 38 24 82 99 48 35 61 48 34 0 46
9 71 44 46 84 79 53 78 28 46 72 0 45
6 68 70 39 60 73 26 89 67 23 95 0 28
7 81 74 72 27 80 65 79 90 77 81 0 32
5 24 83 71 25 62 59 99 28 66 59 0 25
6 40 82 69 43 65 51 32 34 83 44 0 28
5 50 51 93 89 98 21 100 52 45 51 0 22
5 41 37 73 59 95 90 68 88 54 94 0 22
7 27 53 95 81 84 42 37 50 53 90 0 33
10 82 45 72 83 71 54 94 65 49 99 0 46
8 74 88 51 50 90 85 84 56 43 92 0 36
3 50 96 35 51 45 49 31 91 43 81 0 11
5 99 85 86 31 52 59 57 57 86 40 0 21
3 67 39 50 47 57 70 43 91 93 33 0 12
2 95 44 45 74 78 55 66 96 48 21 0 10
6 65 61 85 96 38 50 48 21 73 73 0 28
8 24 25 70 94 28 51 62 83 64 97 0 36
4 61 33 86 24 95 29 21 30 48 57 0 16
7 55 23 90 86 84 92 52 97 54 99 0 32
6 39 57 63 60 30 35 21 34 64 36 0 29
6 54 82 64 96 94 39 85 43 24 42 0 26
8 32 47 44 39 53 54 54 75 38 20 0 39
10 52 30 75 89 35 32 68 53 72 100 0 47
4 58 42 27 95 33 34 67 84 63 51 0 19
5 38 77 82 90 65 41 36 64 28 45 0 23
4 68 69 60 76 57 94 88 35 57 91 0 19
6 28 21 25 82 41 49 93 77 57 68 0 27
9 58 96 27 72 79 81 71 69 46 70 0 42
3 99 42 53 41 63 53 52 80 23 84 0 12
8 22 78 31 51 77 79 54 21 30 90 0 40
9 86 98 25 61 93 87 49 81 68 36 0 44
8 25 61 58 58 64 58 87 73 72 53 0 40
6 87 73 84 53 28 59 92 68 32 72 0 27
10 83 30 58 62 32 68 41 76 33 34 0 49
6 27 22 58 67 40 73 81 42 41 90 0 27
6 35 66 42 51 78 86 93 72 72 79 0 27
8 60 21 82 76 25 97 63 31 70 23 0 39
9 32 82 57 76 30 28 77 89 36 43 0 45
6 86 48 76 76 68 61 47 29 92 93 0 30
3 52 28 49 79 31 27 23 99 82 85 0 13
10 38 43 26 27 90 28 58 67 54 68 0 46
5 54 96 28 78 65 72 97 67 76 90 0 22
5 68 93 66 46 82 45 89 33 88 62 0 22
6 44 90 47 22 64 73 68 86 68 54 0 28
8 73 63 24 20 60 32 26 48 32 45 0 40
10 61 64 32 83 91 96 67 78 24 44 0 48
9 57 62 46 53 59 50 49 52 43 38 0 42
3 31 80 30 51 38 57 65 89 22 29 0 15
5 51 98 67 62 33 45 66 44 87 71 0 22
9 23 65 48 21 36 51 38 63 74 50 0 43
6 80 95 56 62 87 28 78 42 90 93 0 27
8 95 29 71 58 74 30 94 22 95 91 0 39
3 98 44 40 94 97 53 67 56 100 28 0 14
2 68 50 87 33 60 44 66 86 37 57 0 10
6 28 86 72 21 24 49 77 91 54 63 0 27
8 21 53 59 94 38 96 92 73 33 97 0 37
10 52 70 42 96 46 36 53 98 74 25 0 46
8 83 28 24 69 70 25 59 35 94 52 0 37
7 81 93 74 87 74 83 59 55 41 45 0 34
10 57 45 63 29 27 36 90 26 94 91 0 48
10 66 60 53 65 36 47 39 44 24 57 0 50
8 81 55 22 56 22 38 42 48 37 44 0 36
9 90 58 50 62 61 38 81 41 44 57 0 42
6 87 32 49 98 41 76 68 38 62 67 0 30
4 67 86 22 47 75 48 69 64 71 80 0 16
6 98 88 69 35 24 58 53 38 100 27 0 28
8 70 86 84 96 72 24 70 77 75 40 0 36
5 98 20 35 59 65 73 58 92 60 36 0 21
9 62 53 96 42 93 61 60 65 60 40 0 45
8 94 58 38 29 87 47 95 25 30 98 0 39
8 87 71 97 64 43 88 62 52 63 47 0 39
7 71 85 63 73 37 56 28 45 91 24 0 33
10 46 93 68 33 78 68 34 20 56 71 0 50
10 28 88 54 72 21 95 36 98 49 58 0 50
6 93 29 79 90 79 23 81 32 95 25 0 29
8 24 86 27 95 81 22 89 28 56 57 0 40
6 30 34 78 26 97 44 31 100 95 37 0 27
7 71 76 69 100 79 81 39 75 58 54 0 32
5 99 30 86 60 42 77 64 41 20 31 0 23
6 45 98 77 67 85 55 50 66 77 27 0 26
4 51 92 67 96 91 64 45 27 62 37 0 16
8 24 74 40 55 25 34 24 21 67 37 0 40
4 40 67 46 83 85 33 79 60 32 68 0 17
5 99 95 25 56 71 48 91 91 57 37 0 23
5 65 63 34 86 23 87 51 38 29 23 0 22
10 55 64 67 30 41 74 62 56 66 87 0 47
3 98 53 46 56 87 77 29 57 65 51 0 15
7 50 50 21 66 29 57 31 26 29 63 0 33
6 34 51 37 45 32 24 84 89 33 34 0 29
4 22 70 78 25 58 33 43 52 33 30 0 20
5 43 98 46 67 53 76 92 33 30 70 0 24
4 81 74 61 96 44 51 99 58 94 66 0 17
9 96 41 41 64 91 25 38 71 72 49 0 41
4 72 62 92 41 73 93 42 46 64 37 0 17
6 80 67 56 50 35 22 54 69 59 94 0 28
7 76 75 81 33 42 21 34 68 86 74 0 35
9 39 91 35 63 63 54 54 93 31 93 0 41
5 31 95 82 86 27 63 37 80 59 67 0 21
9 65 24 63 47 43 34 33 22 83 53 0 43
6 25 40 24 66 34 59 43 34 94 67 0 30
5 59 84 62 98 70 85 20 29 100 61 0 24
10 89 46 97 47 89 34 50 45 23 100 0 46
4 55 61 44 71 37 23 37 28 60 21 0 16
8 63 61 27 61 73 49 76 82 93 51 0 38
8 57 83 52 70 54 94 92 29 25 43 0 40
5 50 56 88 53 50 99 90 27 91 72 0 23
7 60 89 29 55 76 62 43 97 69 85 0 33
6 95 26 37 100 63 93 70 23 66 93 0 28
5 76 80 53 21 27 68 65 61 61 91 0 21
5 56 28 62 72 73 81 58 72 65 74 0 22
6 84 39 26 37 27 81 100 25 98 50 0 26
3 37 73 50 84 82 45 29 69 39 82 0 13
5 82 89 99 79 82 45 91 86 64 87 0 24
6 28 60 74 75 53 30 42 67 52 24 0 28
10 96 78 63 84 81 28 78 57 48 80 0 48
3 38 53 52 46 75 26 43 66 37 26 0 15
6 79 43 87 79 62 63 69 38 96 49 0 30
3 51 73 35 29 76 47 81 28 23 48 0 15
8 73 63 63 54 48 96 21 96 30 35 0 37
3 34 90 66 83 38 80 61 97 21 89 0 11
9 25 100 26 89 98 61 31 68 21 65 0 43
7 22 98 49 92 79 64 21 39 22 91 0 31
5 45 83 95 90 36 21 24 69 54 86 0 25
5 78 94 59 55 76 25 56 77 43 95 0 22
8 85 97 32 69 89 58 59 64 41 57 0 38
8 25 69 56 87 74 68 31 35 87 45 0 39
3 91 77 39 40 80 50 96 44 90 78 0 13
9 23 23 27 38 44 27 99 54 90 98 0 41
4 26 79 78 74 31 25 93 95 99 28 0 16
9 86 72 59 51 98 85 60 64 80 41 0 43
3 60 67 95 83 39 83 61 37 58 93 0 13
8 46 92 91 27 100 42 45 70 23 89 0 38
8 38 60 35 44 95 92 62 97 59 29 0 37
6 52 51 97 73 86 39 25 74 70 65 0 27
7 28 87 86 76 90 93 75 81 78 34 0 32
9 22 89 90 79 61 67 59 34 58 30 0 44
7 32 99 39 57 93 90 70 66 52 36 0 33
8 87 65 99 59 40 64 94 79 73 66 0 37
2 58 64 42 83 23 92 94 39 80 93 0 10
6 33 79 99 84 54 79 59 43 87 30 0 29
9 46 98 28 99 40 74 61 31 73 91 0 42
3 32 64 25 78 81 46 20 39 79 90 0 11
9 75 36 93 83 67 88 59 40 42 78 0 42
7 21 28 66 47 39 23 28 95 72 42 0 33
10 83 75 100 80 90 96 30 21 62 35 0 48
3 60 67 32 100 94 84 36 60 26 36 0 11
8 63 86 40 31 80 29 34 35 93 96 0 40
9 62 47 41 94 43 82 43 47 94 38 0 41
9 64 37 75 41 21 83 59 88 95 53 0 41
5 64 89 67 78 98 26 94 60 40 34 0 23
4 77 95 36 92 63 35 49 64 69 22 0 20
5 27 77 82 82 31 24 91 93 25 72 0 23
3 20 54 52 72 26 75 40 91 34 41 0 15
10 96 41 85 29 36 81 31 30 36 48 0 46
7 78 63 39 72 63 95 84 44 83 57 0 35
8 74 29 77 80 42 65 68 61 73 21 0 37
3 79 69 23 87 74 72 66 29 29 83 0 12
10 77 20 61 54 35 48 89 94 97 36 0 48
8 28 22 79 62 94 31 77 54 38 42 0 36
10 74 57 98 56 38 44 38 44 58 98 0 49
3 35 33 64 20 22 39 88 33 38 41 0 12
9 62 69 91 72 89 91 78 98 73 95 0 42
5 24 32 64 62 32 70 92 40 99 27 0 25
9 36 62 28 62 27 79 85 82 81 60 0 43
8 48 27 94 65 71 92 47 50 94 92 0 37
3 90 60 97 48 67 45 94 36 98 52 0 14
4 28 21 49 21 67 31 27 97 32 20 0 19
6 89 64 51 93 100 24 42 68 99 87 0 30
6 67 65 82 35 52 95 91 40 64 47 0 29
10 45 55 64 28 29 34 82 61 43 75 0 46
4 68 57 40 98 46 97 67 81 41 29 0 16
4 63 42 47 45 36 46 89 99 67 78 0 19
3 95 86 49 74 34 58 21 91 77 36 0 13
5 38 81 45 90 85 27 47 22 73 26 0 25
3 31 37 37 92 67 86 73 46 43 54 0 11
7 79 83 75 85 26 66 98 61 42 28 0 34
3 74 52 23 77 71 59 97 99 78 99 0 12
5 82 60 44 47 38 72 28 55 24 80 0 22
7 38 35 58 90 68 78 53 50 52 38 0 35
4 23 50 37 76 49 30 68 36 98 98 0 17
3 91 68 68 97 29 97 68 81 94 52 0 11
8 49 90 95 85 27 40 66 34 52 24 0 40
7 63 64 82 68 36 67 84 53 25 57 0 34
9 98 71 94 58 61 52 81 74 60 97 0 42
4 68 49 40 81 55 27 71 66 63 40 0 17
8 43 22 78 92 27 37 69 59 46 63 0 38
7 21 91 50 35 42 46 29 35 92 35 0 31
5 74 59 58 49 48 99 50 64 81 53 0 24
10 90 25 92 90 57 23 88 62 31 76 0 48
8 25 25 62 41 61 86 78 51 20 72 0 36
5 47 70 52 54 28 99 28 23 60 88 0 24
9 97 58 25 87 32 33 30 50 96 37 0 44
7 68 96 50 45 92 66 31 66 39 59 0 34
9 96 23 99 98 67 70 44 55 29 32 0 45
6 47 55 100 71 70 87 26 63 40 82 0 27
7 42 63 28 81 46 71 66 77 33 88 0 31
7 89 34 33 62 79 78 51 92 90 38 0 31
8 51 69 62 82 64 66 93 74 71 28 0 39
7 46 28 92 82 59 63 97 56 96 37 0 33
2 83 45 57 68 28 98 40 86 86 92 0 10
5 52 86 49 81 52 84 77 43 37 30 0 21
10 31 85 24 64 44 63 20 100 54 36 0 49
6 66 92 97 92 75 52 72 56 64 99 0 30
8 73 37 94 84 95 78 72 38 29 28 0 39
6 99 45 77 38 78 87 31 88 56 68 0 27
8 48 89 29 31 62 67 71 21 97 88 0 38
3 71 99 82 30 74 84 83 97 72 75 0 12
4 86 79 52 82 24 87 55 35 44 44 0 18
5 63 56 68 44 64 22 47 65 44 42 0 21
10 56 86 36 81 95 95 23 86 49 49 0 49
5 29 31 83 21 77 33 86 33 78 87 0 21
4 73 78 73 76 31 88 68 87 90 41 0 20
7 59 97 66 47 93 84 49 63 31 83 0 31
8 82 32 68 73 76 71 32 43 33 74 0 37
6 50 60 34 71 94 42 81 80 63 68 0 27
9 91 88 93 99 28 45 23 75 38 56 0 41
3 62 74 29 59 86 70 54 87 49 52 0 14
3 97 32 72 91 74 89 70 32 53 70 0 14
6 92 33 43 29 44 20 38 64 96 99 0 30
10 38 95 55 77 31 52 72 76 65 64 0 46
8 84 68 30 32 94 85 70 25 26 46 0 37
6 43 21 97 83 61 51 48 79 49 49 0 27
4 49 67 64 75 69 49 40 47 75 71 0 16
9 61 85 60 47 31 98 99 57 96 98 0 45
6 68 83 85 93 75 49 20 41 20 61 0 30
3 94 30 79 45 24 22 28 50 42 84 0 11
9 33 63 69 37 73 62 77 35 31 79 0 44
8 24 29 70 55 28 28 49 30 92 99 0 38
8 27 85 59 51 39 74 63 54 66 21 0 38
10 36 31 56 32 36 98 80 30 81 68 0 49
8 40 20 38 76 68 71 62 36 24 47 0 37
5 86 97 32 95 69 57 40 36 36 62 0 23
7 96 90 29 24 77 56 76 39 54 59 0 33
10 73 79 82 39 87 88 68 64 50 50 0 49
10 98 74 71 78 49 92 45 93 85 46 0 47
4 42 100 60 28 24 40 36 25 31 58 0 17
10 49 68 36 57 44 28 45 42 24 58 0 47
10 48 35 58 30 20 45 51 75 97 70 0 48
8 56 94 76 30 58 38 41 59 46 63 0 40
4 61 25 38 30 63 25 57 93 63 21 0 16
9 56 84 32 45 64 79 36 88 26 65 0 42
10 78 51 98 46 67 26 59 65 50 40 0 49
6 51 99 39 85 94 96 24 81 85 38 0 27
3 58 81 29 89 63 80 84 85 46 95 0 13
6 99 85 40 24 56 92 81 30 74 44 0 26
3 36 64 97 24 50 60 76 35 61 39 0 13
9 59 38 44 76 94 62 58 31 21 52 0 42
8 27 56 94 28 91 99 60 98 27 34 0 40
5 62 94 56 76 88 65 28 47 22 86 0 24
10 33 96 40 53 80 33 41 40 43 60 0 48
3 43 80 64 95 67 38 47 96 53 29 0 14
5 93 29 64 49 44 56 77 78 80 98 0 23
3 71 68 86 28 39 46 45 73 54 56 0 15
7 82 64 32 44 39 54 25 98 83 65 0 35
8 71 70 86 92 63 96 79 73 66 23 0 40
8 87 27 55 56 65 21 33 98 51 70 0 37
5 44 87 48 20 91 46 37 42 72 37 0 23
4 70 69 62 64 76 85 73 65 82 75 0 19
7 36 31 45 47 31 29 79 97 44 54 0 31
3 51 83 56 84 31 63 63 36 55 89 0 13
5 54 88 21 22 26 88 93 43 21 94 0 25
7 68 45 39 42 46 40 35 43 47 47 0 31
5 38 79 91 51 46 94 35 84 81 82 0 22
10 90 72 47 33 81 93 37 53 91 73 0 49
6 67 61 97 97 94 22 50 93 20 64 0 27
10 93 23 35 29 63 33 30 64 81 22 0 50
10 43 83 38 60 75 88 30 37 36 63 0 48
8 51 78 55 66 67 30 71 96 89 80 0 36
8 70 38 84 55 66 61 68 54 83 74 0 36
7 98 75 32 81 100 76 25 33 82 43 0 31
3 34 90 68 22 79 59 76 57 58 40 0 11
8 54 24 90 60 67 51 37 37 75 39 0 38
10 97 75 78 97 37 23 86 92 71 24 0 47
3 55 56 88 58 51 64 68 59 42 39 0 11
5 88 85 81 21 37 61 27 36 32 91 0 23
6 35 59 73 87 77 53 41 50 34 81 0 29
9 94 37 30 77 87 29 35 26 76 43 0 41
4 83 54 64 65 51 35 71 44 42 89 0 17
9 21 35 43 85 51 75 43 54 70 24 0 41
9 91 33 43 94 64 84 76 81 38 39 0 44
6 86 85 40 30 32 74 83 41 96 93 0 28
4 68 20 58 73 65 68 34 70 67 90 0 20
6 31 38 70 32 70 32 31 92 68 91 0 29
6 82 34 30 30 28 71 59 37 29 46 0 26
6 87 72 80 89 83 95 21 64 93 77 0 30
9 88 68 60 27 64 46 23 64 70 68 0 44
3 79 94 71 69 97 35 38 73 87 45 0 14
6 92 49 79 97 85 42 36 38 86 88 0 26
9 37 64 51 92 59 42 37 82 24 29 0 43
8 83 51 89 54 91 60 99 73 59 35 0 36
5 36 97 47 68 64 69 92 59 70 95 0 23
5 79 56 63 31 71 36 79 58 33 67 0 22
10 96 57 94 48 73 56 74 58 58 35 0 50
5 39 93 83 77 70 36 78 57 76 89 0 22
6 85 70 39 97 46 26 23 25 91 77 0 26
8 34 36 58 49 32 51 78 36 41 26 0 37
3 30 39 71 70 42 73 85 91 98 87 0 12
8 63 100 22 40 89 28 64 37 54 33 0 38
7 67 55 71 95 64 42 45 96 53 99 0 35
8 29 20 51 55 99 51 88 77 71 24 0 36
3 33 73 56 90 71 71 38 82 74 78 0 13
5 41 90 94 96 99 41 80 53 50 38 0 24
7 67 33 56 99 42 72 74 67 94 30 0 32
5 33 53 31 44 75 51 55 76 64 24 0 23
6 78 70 72 56 98 58 22 95 64 96 0 27
9 93 71 90 49 28 95 92 40 82 33 0 41
9 85 50 82 92 26 73 92 28 98 33 0 44
8 75 86 54 84 51 53 71 96 69 77 0 39
7 61 63 90 87 24 51 82 54 68 34 0 31
10 27 88 92 39 70 41 84 70 79 50 0 48
9 74 47 32 99 99 93 24 31 80 87 0 43
6 58 40 23 42 46 20 47 73 63 79 0 28
7 85 57 55 74 38 60 43 92 58 59 0 32
5 42 99 88 79 97 82 63 40 92 60 0 23
10 37 54 34 37 55 80 51 92 48 47 0 49
9 57 41 43 79 33 22 92 25 61 77 0 41
3 27 46 91 49 84 31 51 98 48 39 0 15
5 99 29 41 35 88 55 52 53 21 71 0 21
6 67 47 83 34 66 51 63 41 33 28 0 28
6 72 57 32 44 87 73 67 23 55 79 0 26
9 66 26 47 72 28 79 51 70 81 79 0 42
3 23 87 95 54 44 59 30 79 70 84 0 13
8 29 43 99 45 22 20 77 77 91 75 0 40
7 34 99 23 20 43 41 53 25 43 53 0 32
2 92 49 76 52 68 55 99 55 90 31 0 10
5 33 71 53 93 70 36 100 99 69 25 0 22
3 98 96 60 45 95 30 28 54 49 36 0 11
8 45 63 52 72 48 71 78 62 65 37 0 38
4 71 32 97 64 33 67 42 33 23 33 0 20
6 99 24 37 88 73 40 96 73 91 66 0 29
8 30 28 81 89 62 49 95 30 37 62 0 36
10 93 67 62 78 90 24 89 59 92 55 0 49
10 70 86 24 79 98 61 84 75 38 36 0 48
9 50 51 26 62 32 70 68 23 37 21 0 43
3 38 81 99 67 36 77 33 21 26 100 0 11
8 76 40 75 74 41 68 38 80 64 94 0 38
5 45 47 59 31 51 59 50 34 55 69 0 22
4 84 34 31 96 20 32 63 74 65 23 0 18
6 75 93 62 90 40 72 25 42 65 99 0 27
5 29 59 63 65 97 63 26 69 41 25 0 23
5 86 33 72 46 80 98 99 34 93 93 0 25
8 63 97 60 61 80 92 39 79 78 20 0 39
3 62 77 62 80 80 99 49 66 78 72 0 11
3 87 67 62 74 96 20 74 76 66 61 0 13
5 45 94 25 51 65 27 86 37 38 88 0 24
7 90 62 54 80 56 60 32 25 32 84 0 35
7 80 25 91 84 55 76 98 60 77 99 0 32
9 95 80 20 54 55 68 49 77 34 93 0 45
5 58 39 79 31 26 37 37 25 62 96 0 24
9 49 69 89 60 59 54 43 72 76 38 0 42
7 20 90 75 93 85 63 92 61 92 36 0 34
8 63 35 74 93 37 96 32 54 37 75 0 40
10 29 63 94 23 27 68 89 62 74 38 0 46
9 27 69 57 26 37 29 35 97 78 96 0 43
5 37 33 50 41 64 43 41 81 38 88 0 24
5 23 75 40 36 93 61 44 22 94 98 0 21
10 41 27 89 95 54 96 29 24 20 78 0 46
6 42 33 85 82 83 50 27 54 59 29 0 27
4 66 98 96 65 93 93 96 35 46 24 0 20
9 92 87 78 67 70 98 74 51 88 98 0 44
5 81 76 84 82 26 33 52 77 23 66 0 23
7 35 67 90 89 93 68 21 86 33 32 0 32
4 82 79 97 80 78 73 35 76 22 54 0 17
2 64 56 88 41 92 61 22 86 28 23 0 10
7 55 75 37 59 55 32 43 23 56 83 0 35
3 31 77 40 76 24 91 69 80 92 38 0 13
9 63 62 47 44 46 66 96 66 60 42 0 44
9 72 74 42 83 98 85 34 96 28 61 0 42
8 24 96 80 22 70 96 29 40 47 43 0 36
5 86 51 23 71 88 23 66 45 73 99 0 24
3 45 22 89 84 83 90 87 47 64 83 0 15
6 48 49 62 82 27 37 33 93 34 96 0 29
7 42 54 20 87 93 25 34 50 26 48 0 32
5 68 55 27 43 73 40 95 96 89 96 0 25
8 44 99 56 42 40 96 86 52 52 81 0 40
10 36 68 75 88 33 59 62 52 66 28 0 46
4 98 59 22 43 45 77 42 66 70 63 0 16
7 32 77 25 69 89 60 59 89 23 49 0 32
4 58 24 47 58 22 48 55 57 42 84 0 17
8 74 54 34 52 69 81 25 83 86 98 0 37
5 91 80 85 95 26 60 46 90 59 32 0 25
8 83 89 30 40 65 32 37 36 61 89 0 40
10 21 75 88 29 68 90 87 63 63 28 0 50
7 58 91 26 40 23 37 67 27 26 42 0 31
3 87 41 96 71 57 99 94 63 92 21 0 13
5 71 39 96 98 77 92 56 52 84 96 0 25
5 92 81 66 73 22 64 26 83 76 66 0 23
6 71 53 87 58 76 35 29 63 33 45 0 30
7 75 63 78 22 43 84 52 29 69 59 0 31
2 61 98 89 30 44 99 50 72 48 47 0 10
5 29 91 78 52 51 43 77 56 31 49 0 24
8 52 81 27 39 97 41 54 32 69 28 0 39
8 69 76 35 95 36 98 77 30 23 63 0 38
8 41 45 65 84 97 93 77 45 63 41 0 38
8 51 81 21 45 60 45 46 26 32 72 0 37
3 54 83 83 52 70 67 47 55 21 59 0 13
8 26 86 51 54 70 77 70 26 93 36 0 39
4 96 68 81 35 60 31 81 48 31 41 0 17
6 72 68 52 34 74 35 68 28 63 98 0 30
9 32 32 47 63 53 22 66 46 46 87 0 43
9 20 89 95 81 72 54 87 44 43 41 0 44
4 46 68 67 65 23 79 89 24 88 31 0 16
4 95 44 32 91 21 36 27 96 84 84 0 17
3 66 30 32 53 97 70 20 67 81 34 0 15
7 73 90 21 94 72 34 53 79 32 76 0 32
5 73 82 94 39 23 98 58 47 32 43 0 21
3 52 46 49 50 99 66 78 88 91 39 0 12
10 79 37 64 57 66 33 64 23 60 76 0 47
10 38 67 84 50 34 56 38 50 36 47 0 47
10 73 45 51 57 57 67 43 26 90 28 0 48
8 44 94 77 56 58 81 45 52 51 63 0 39
3 37 23 41 78 26 69 50 39 68 82 0 11
10 53 25 39 70 94 96 71 94 37 69 0 48
7 91 75 30 79 33 62 85 42 99 20 0 34
6 67 52 49 58 27 35 67 92 41 59 0 27
6 79 39 34 44 92 72 75 56 25 43 0 27
8 21 96 83 63 45 56 55 70 68 35 0 36
8 43 81 93 20 37 34 41 88 56 63 0 37
4 83 37 53 58 80 32 23 92 65 23 0 16
5 41 54 63 48 75 64 64 48 83 81 0 23
5 73 85 96 98 71 30 24 90 93 51 0 24
3 86 75 82 96 92 78 32 45 91 36 0 15
5 81 57 56 48 21 80 71 46 92 29 0 25
4 82 60 88 77 66 20 71 38 42 70 0 19
8 94 96 71 99 36 30 48 24 36 61 0 36
5 77 92 45 75 33 59 67 92 54 51 0 23
6 60 87 46 29 35 42 91 66 24 36 0 30
7 53 58 25 93 42 20 21 64 97 63 0 31
10 36 68 20 93 93 33 20 93 31 52 0 46
4 97 81 61 93 23 78 86 93 83 74 0 19
4 86 87 96 78 42 80 41 78 60 97 0 18
9 42 56 24 56 72 37 65 79 93 98 0 42
9 54 42 55 25 44 88 52 79 74 57 0 44
6 93 24 85 33 46 45 95 90 75 96 0 28
4 94 36 53 58 94 64 79 32 47 62 0 18
7 84 90 48 57 61 66 60 83 31 89 0 34
7 98 25 61 79 28 61 86 43 69 39 0 32
4 49 41 47 54 70 98 70 98 74 37 0 20
4 40 72 78 41 34 54 52 49 65 88 0 20
9 86 78 80 55 75 63 45 47 45 68 0 41
10 29 85 60 69 62 73 67 88 45 55 0 49
9 29 61 100 83 32 60 90 48 40 51 0 44
3 40 38 94 55 25 66 68 28 44 22 0 15
4 52 95 100 54 36 85 44 23 98 38 0 18
4 49 66 60 77 83 70 37 58 84 21 0 16
7 75 27 77 63 24 60 66 85 23 71 0 34
5 83 67 71 84 95 52 50 85 99 57 0 22
4 59 74 43 52 23 56 34 43 85 32 0 18
7 50 66 78 89 91 65 94 48 59 64 0 34
7 23 26 83 91 31 82 89 21 45 29 0 34
6 98 83 63 33 84 30 46 100 29 47 0 28
7 43 82 26 54 98 79 77 32 59 33 0 32
9 41 72 97 62 50 85 89 96 39 99 0 45
9 88 40 31 32 58 57 57 47 49 37 0 45
7 78 32 69 26 22 66 84 25 55 68 0 34
6 36 45 68 48 79 50 60 90 28 95 0 29
7 73 23 55 97 94 62 96 55 85 70 0 32
6 21 72 71 76 70 96 28 51 81 54 0 30
6 31 86 72 28 83 21 92 35 68 57 0 27
4 61 42 22 21 71 88 73 30 72 25 0 16
245 200 158 152 245
120 152 181 259 292
115 174 197 240 263
137 160 188 221 290
136 180 202 221 285
109 180 208 259 264
127 157 187 252 280
101 178 218 258 281
111 151 207 249 296
128 157 196 259 295
126 146 201 243 281
135 162 219 258 288
123 170 198 221 290
102 151 202 238 265
140 164 207 245 294
131 176 184 224 264
140 163 187 252 282
129 169 181 222 279
111 175 211 236 280
138 164 197 246 276
119 164 201 254 286
109 149 188 255 262
137 162 196 256 282
111 155 193 256 274
134 146 216 229 261
121 155 183 258 285
110 141 220 226 271
130 152 213 253 289
108 171 199 239 280
104 174 200 229 275
121 162 186 258 288
127 162 197 244 266
124 178 182 259 282
110 163 182 233 298
128 150 194 249 282
106 177 195 241 294
137 161 205 228 277
109 154 213 243 283
120 172 213 222 289
137 173 181 240 280
103 179 215 233 279
100 175 187 242 299
127 143 191 238 300
137 169 202 225 263
130 159 183 250 277
124 166 195 224 289
121 157 204 256 292
131 160 180 254 269
122 161 181 249 269
118 164 206 240 297
125 160 201 239 291
139 176 181 243 283
109 160 202 231 279
117 150 213 256 279
109 153 190 258 296
117 162 194 225 281
118 166 210 248 274
113 164 202 255 277
100 158 184 259 288
132 160 191 253 293
136 175 206 257 299
124 178 196 235 292
121 155 218 246 263
123 154 207 245 261
111 177 214 257 264
105 167 181 249 261
125 153 205 253 272
132 166 219 259 283
100 173 204 260 261
107 141 180 223 300
107 172 184 239 285
131 169 189 247 268
100 165 192 222 277
117 170 201 260 269
132 169 220 251 285
137 168 185 246 279
100 167 209 246 285
140 174 182 258 279
131 172 210 220 282
129 144 208 228 273
113 148 193 221 291
133 161 197 259 292
119 161 204 252 277
136 175 211 251 299
106 173 192 239 282
134 158 195 229 292
137 156 218 226 274
106 148 193 243 288
104 147 183 238 293
132 146 180 236 278
128 161 184 258 278
122 170 211 251 261
102 172 195 227 269
122 167 198 225 299
137 162 204 248 282
119 167 213 225 299
116 156 183 222 270
113 149 218 256 291
109 158 186 231 273
110 176 201 230 283
137 143 219 221 284
102 160 212 244 291
113 169 181 250 266
126 153 185 260 278
124 141 206 226 279
116 147 201 243 288
140 140 202 249 274
129 143 214 229 278
128 142 198 257 299
113 148 216 222 289
137 152 220 233 268
132 154 204 258 285
132 146 187 256 270
125 158 187 242 270
117 152 180 225 267
108 174 200 242 275
115 166 219 221 296
136 150 214 231 291
126 175 218 252 300
120 169 207 242 281
113 155 183 231 274
110 164 180 223 294
137 179 194 256 267
139 143 196 232 295
124 143 188 247 266
140 173 220 224 264
136 160 207 245 283
136 150 216 247 296
121 142 216 220 262
131 141 180 243 292
133 153 207 234 285
116 147 188 246 262
114 179 190 221 264
138 151 181 229 288
107 179 180 227 263
115 152 201 224 295
112 164 191 244 293
139 145 181 223 280
116 172 217 239 294
100 145 204 259 283
133 168 182 220 299
132 140 191 257 293
118 167 185 256 279
104 143 192 226 296
110 179 186 256 293
115 149 189 227 268
104 171 187 238 292
111 171 218 227 282
108 173 181 233 267
132 148 204 252 286
115 172 196 259 270
122 163 197 236 265
106 169 215 256 295
121 172 219 227 273
126 179 203 247 281
112 155 197 240 283
118 153 205 246 289
138 147 207 260 279
129 148 184 237 269
128 148 186 220 299
120 143 202 224 280
139 148 189 228 291
106 158 217 237 266
132 159 188 246 260
104 143 180 251 267
109 144 216 241 273
128 166 196 247 265
105 174 207 255 273
135 179 185 232 282
137 157 194 225 263
129 180 205 227 278
121 169 181 242 277
137 152 204 242 269
121 172 192 249 274
126 152 180 221 299
101 150 216 240 264
118 179 186 221 299
138 146 207 250 270
109 176 187 251 287
100 179 186 227 288
129 170 202 234 264
134 168 180 256 282
133 151 219 223 266
117 176 194 241 282
106 164 215 249 267
116 171 208 250 273
120 171 199 247 262
129 161 188 258 278
108 157 182 220 297
130 145 201 258 287
127 159 214 234 298
103 153 204 223 299
119 151 213 253 277
127 155 220 256 282
126 164 218 236 292
118 159 192 228 300
105 142 210 226 272
109 173 210 253 286
118 174 207 241 273
139 152 205 236 260
111 167 220 228 285
133 151 183 239 280
134 151 202 228 292
106 169 181 258 294
107 156 200 241 297
132 167 192 224 296
126 146 192 228 293
115 167 211 223 285
137 157 219 253 289
117 152 212 220 261
112 176 212 254 266
103 165 211 240 260
106 155 181 259 264
111 171 185 249 280
122 169 180 243 265
127 142 219 236 275
122 153 189 239 277
125 147 207 236 288
132 172 192 246 261
111 151 191 251 298
127 153 186 255 290
123 173 191 230 264
129 164 183 248 275
136 172 181 252 300
102 170 180 243 260
136 156 204 254 280
118 164 212 235 297
123 150 181 233 284
110 170 206 257 293
135 147 211 255 299
100 148 200 228 283
107 176 204 254 274
103 168 181 221 261
104 175 202 221 291
133 163 192 235 281
101 179 207 239 285
138 140 215 231 282
120 153 200 252 293
129 176 214 224 282
110 140 213 234 287
105 165 208 260 264
135 152 187 220 261
100 151 218 242 293
123 154 181 250 262
101 159 211 248 296
107 164 215 224 298
121 180 211 251 298
123 158 196 242 287
106 167 217 237 299
112 167 200 254 278
120 165 205 254 291
138 168 200 229 299
129 151 180 259 298
126 179 217 225 300
100 168 203 240 284
127 178 181 227 298
101 146 188 234 268
108 157 218 237 297
104 174 206 223 270
128 143 185 259 260
120 155 198 226 262
105 149 202 222 275
135 143 197 246 266
118 167 197 223 295
118 160 197 238 290
127 179 191 243 275
119 146 191 223 291
121 166 180 257 291
140 141 194 237 266
133 157 202 222 271
120 167 196 244 300
135 146 181 226 261
126 168 190 245 270
131 151 211 260 296
125 179 184 221 273
121 153 190 231 292
117 166 201 250 286
111 143 210 226 293
120 180 193 248 283
110 148 202 222 268
110 172 182 256 264
123 171 185 232 285
102 142 190 229 292
122 177 216 222 284
125 154 200 234 263
118 158 211 225 274
120 156 189 250 283
127 158 196 220 300
116 158 183 244 268
133 141 218 258 296
128 145 213 235 290
108 148 189 244 293
139 152 203 236 283
132 153 211 253 292
128 174 180 235 298
131 172 218 224 264
129 155 218 236 285
133 147 196 238 291
121 153 195 245 273
119 166 181 230 296
139 159 192 239 268
136 164 205 237 278
121 163 199 257 262
110 176 193 259 268
101 168 186 229 282
123 174 199 240 297
113 159 182 241 262
139 148 203 238 265
140 170 216 259 274
104 167 180 251 273
111 141 182 234 285
115 163 218 226 261
140 180 205 258 264
115 162 187 233 281
131 164 198 224 270
124 176 199 239 288
125 146 208 224 266
140 156 219 256 271
129 159 191 231 290
116 150 189 229 288
111 147 215 222 275
100 174 190 249 297
108 142 186 221 297
133 143 185 248 262
116 156 205 220 281
133 153 218 252 289
134 147 219 253 293
100 164 204 260 270
108 144 218 233 288
109 169 180 239 294
131 144 185 221 300
123 152 185 256 272
127 176 204 243 283
134 152 189 232 293
129 165 197 227 295
112 177 193 246 291
105 165 199 246 292
122 171 185 222 290
118 145 194 225 273
105 154 185 234 273
114 177 206 246 292
136 156 197 244 275
138 148 218 226 271
104 144 205 222 278
131 148 197 245 262
138 166 210 259 291
106 156 200 242 266
118 179 182 244 296
125 156 186 245 299
138 145 211 256 270
124 177 207 243 271
106 173 199 258 261
136 151 187 226 262
111 162 184 251 286
127 164 191 221 282
101 165 216 247 264
103 156 193 221 300
123 168 202 256 273
112 176 206 247 297
101 154 192 222 277
114 163 202 226 271
139 141 204 231 260
120 169 217 246 261
116 180 189 240 263
101 155 205 234 289
106 166 185 260 290
112 172 186 245 264
129 156 200 235 299
116 142 214 251 294
113 175 208 250 286
137 141 182 240 274
130 163 183 260 281
132 179 188 259 281
109 164 194 224 271
134 180 215 248 265
126 141 204 239 271
121 161 204 256 286
117 160 214 233 280
136 140 204 223 290
101 170 183 226 269
102 173 210 220 276
104 148 216 236 261
101 173 214 249 282
111 176 189 237 291
131 163 203 223 267
123 152 189 227 287
114 150 186 233 268
129 178 195 237 267
120 156 192 249 276
137 141 210 223 272
122 163 200 251 281
116 142 205 256 274
123 151 220 246 284
121 156 199 243 271
124 145 215 232 267
113 175 198 254 290
129 171 197 230 291
105 160 208 241 273
111 169 188 258 270
134 163 197 225 282
127 177 184 245 285
100 145 211 237 297
130 171 217 226 298
111 159 200 246 297
108 146 217 257 269
111 157 189 224 275
110 175 209 240 298
121 170 183 223 290
131 174 220 234 261
139 145 215 238 290
135 150 199 226 272
133 160 196 240 274
132 159 180 247 278
139 144 187 259 296
119 150 198 243 276
112 172 204 236 271
103 179 190 257 299
138 162 186 244 292
130 161 183 235 297
107 143 187 239 272
136 176 197 223 276
108 161 212 240 287
120 142 216 232 278
139 158 206 221 271
116 171 220 250 272
119 157 202 259 279
138 147 209 250 274
115 146 182 258 282
124 168 185 248 281
119 149 188 248 296
115 160 211 236 270
123 155 214 239 274
135 165 209 249 264
134 156 195 250 299
131 163 200 258 287
133 149 219 241 295
100 148 219 242 296
133 176 184 222 290
123 155 192 240 262
139 178 204 250 290
135 153 198 226 270
110 155 196 259 271
112 158 218 260 290
133 172 181 242 299
123 175 210 256 276
120 180 204 249 299
113 145 216 238 267
119 163 193 238 284
120 174 203 230 279
104 152 205 229 287
138 159 190 238 299
134 140 200 256 277
121 177 207 224 280
132 159 218 260 297
135 154 202 256 285
100 173 180 222 263
118 171 189 234 287
102 151 190 251 290
109 170 213 242 280
113 143 181 248 283
119 157 190 249 284
104 176 188 236 260
134 155 211 235 293
126 156 203 243 291
103 147 182 256 293
100 156 180 246 264
127 157 212 226 273
130 140 189 235 282
101 150 186 226 289
114 173 216 241 262
106 142 204 220 290
136 167 191 243 273
100 177 189 256 274
121 140 219 231 283
111 155 198 225 282
115 154 192 245 272
138 173 204 237 276
134 165 199 237 272
133 166 211 222 288
134 165 199 241 264
105 143 216 251 261
120 169 219 253 296
129 157 197 237 267
114 178 196 245 293
135 166 214 249 266
122 175 196 260 289
140 176 217 245 282
132 170 192 250 295
121 154 198 247 278
120 140 191 237 264
117 157 212 235 293
137 169 212 259 266
119 175 220 221 289
107 142 219 236 293
108 141 187 236 297
104 152 197 227 262
133 153 200 247 264
130 158 220 232 283
105 152 193 255 288
125 141 182 231 262
139 154 200 226 285
116 151 216 256 296
109 146 185 248 298
129 161 192 259 265
119 153 200 246 281
104 160 181 225 266
103 164 214 242 268
115 140 192 234 281
101 174 208 244 294
118 149 208 257 282
137 161 219 248 299
106 142 187 234 268
117 168 182 220 295
113 142 207 257 299
134 153 208 226 276
115 140 214 223 287
128 140 189 220 267
106 142 185 255 286
103 170 190 241 280
119 168 211 222 282
119 176 183 240 294
111 175 207 242 293
136 174 182 260 261
121 179 193 250 272
109 147 197 244 285
101 143 219 221 283
100 152 180 234 280
119 143 181 234 285
117 154 216 244 264
103 175 203 238 289
114 169 203 250 298
121 169 213 230 283
109 153 207 223 280
137 180 201 258 273
140 165 197 224 268
120 147 212 256 296
114 173 193 222 268
134 150 206 237 276
127 146 182 255 271
125 167 210 255 282
101 176 201 235 284
138 154 198 246 299
118 152 211 223 275
114 145 207 224 298
105 152 194 238 273
135 178 187 222 271
107 145 189 256 262
114 151 192 245 294
139 169 187 238 298
133 168 206 242 266
112 163 203 229 269
124 152 189 243 281
131 162 205 238 261
106 168 183 232 280
108 161 220 241 295
114 156 189 255 267
118 141 196 244 271
134 179 198 257 275
130 180 199 239 298
117 150 211 228 276
136 152 194 234 300
123 156 209 256 289
104 156 181 221 294
124 173 197 243 264
105 168 181 220 295
116 165 201 227 296
104 141 188 249 279
104 154 217 220 275
124 173 203 225 296
114 166 206 260 298
106 157 220 227 270
103 145 198 242 296
115 153 220 242 286
110 166 203 254 300
138 164 188 245 297
140 148 220 234 288
108 157 213 246 287
140 165 204 253 294
118 144 217 223 298
107 173 215 224 271
136 150 199 257 294
118 179 211 251 276
132 142 182 248 265
110 153 213 231 290
135 145 180 259 265
129 141 184 225 271
116 152 186 231 283
127 165 213 249 265
111 178 201 236 266
100 173 200 251 267
128 166 207 245 296
105 161 197 221 274
122 150 217 246 299
124 171 190 234 287
108 149 214 244 266
135 179 208 227 268
110 144 211 260 289
124 159 207 220 294
109 141 189 242 276
139 157 201 228 285
121 176 188 234 288
140 144 196 226 293
125 179 187 227 276
113 150 184 234 275
109 161 195 247 269
112 167 202 258 286
120 145 215 259 299
137 145 207 245 281
116 170 186 240 290
128 158 183 238 268
119 174 216 220 279
131 170 209 232 266
107 146 194 229 265
112 177 219 247 291
113 178 194 257 289
131 168 192 243 290
122 144 194 255 268
105 157 206 252 287
110 162 181 231 284
138 177 216 245 281
123 177 192 259 272
123 166 184 227 266
129 175 219 249 279
112 144 210 249 277
135 152 193 244 277
134 169 216 243 272
117 149 181 256 281
131 163 220 240 268
127 173 197 244 270
121 180 218 255 288
105 154 218 238 296
111 169 196 256 261
123 166 219 232 269
133 142 220 245 272
123 175 209 221 275
103 143 180 221 270
104 144 205 221 272
123 141 218 236 260
102 175 194 245 287
115 154 203 243 290
106 178 220 231 260
140 180 215 247 280
125 142 193 224 261
101 161 212 246 284
108 143 219 237 273
107 153 185 230 274
134 155 207 234 275
119 170 197 240 288
125 140 214 224 291
133 153 194 237 261
124 172 185 233 274
106 175 188 251 275
123 178 210 257 261
121 140 206 250 276
110 166 215 235 277
121 154 195 230 280
109 140 198 250 269
137 180 217 248 293
136 152 211 257 292
134 158 219 229 290
131 176 194 253 263
136 154 199 253 284
117 148 200 257 293
137 148 196 260 265
102 150 200 260 272
119 178 197 222 284
103 158 186 257 271
105 160 207 226 280
103 160 183 254 281
111 150 195 227 288
122 175 209 238 294
139 168 206 220 273
114 180 215 226 278
112 145 207 223 289
135 152 188 244 287
109 151 181 230 273
114 171 182 234 293
129 169 219 221 263
120 145 193 246 295
126 143 203 231 262
120 172 205 253 280
131 159 204 227 274
116 168 213 228 297
132 162 186 241 276
138 169 201 230 293
126 148 186 227 275
109 168 198 245 291
112 165 212 244 291
122 169 202 225 260
117 148 193 243 277
134 163 202 225 297
100 168 186 242 260
135 143 193 242 293
136 172 214 225 281
116 175 216 258 286
122 148 202 233 262
110 161 201 245 275
106 158 216 251 296
115 152 198 249 288
108 160 214 256 299
129 151 184 256 277
135 150 209 235 280
118 165 189 222 284
124 155 214 230 282
126 171 190 222 279
129 146 217 243 298
100 160 192 227 264
124 175 183 224 283
121 161 214 245 279
121 165 201 244 299
124 151 215 241 269
102 158 198 232 273
138 146 206 236 263
112 160 203 249 278
138 178 196 232 272
125 156 184 227 264
108 170 211 236 271
125 147 187 255 271
137 143 195 239 261
117 154 215 239 295
101 153 216 230 260
122 166 205 229 273
105 173 214 244 276
139 169 189 228 274
112 141 208 245 300
105 150 196 223 270
138 155 183 248 295
125 165 216 250 265
109 177 197 228 283
124 171 183 244 279
137 158 187 229 260
106 161 180 225 274
118 167 180 257 285
129 175 219 227 264
135 162 188 228 296
116 154 212 228 268
104 147 209 250 261
112 151 209 248 261
108 151 210 230 294
114 169 209 243 297
110 143 208 237 299
128 172 213 226 280
136 154 194 239 286
126 143 182 245 275
119 180 188 246 278
124 164 214 240 273
111 159 183 249 282
125 174 216 222 275
135 145 192 258 287
134 161 210 253 293
103 171 200 221 268
132 159 183 234 273
115 163 213 231 286
109 152 219 242 265
133 152 218 236 288
120 153 213 238 260
117 176 217 220 290
131 141 217 252 285
117 146 210 243 289
106 144 181 259 276
117 163 219 240 273
134 177 213 258 266
127 161 220 259 279
117 158 202 245 279
127 172 189 244 271
109 180 190 229 288
115 178 180 240 260
123 143 188 227 300
118 157 208 221 273
133 159 192 233 270
113 153 208 223 274
129 159 205 252 272
125 159 207 253 270
109 165 207 234 281
121 157 208 224 296
122 143 210 222 296
132 165 186 253 270
113 144 190 220 261
101 144 206 255 277
111 163 180 224 267
129 157 201 236 290
128 150 184 226 277
125 160 182 239 269
105 142 185 226 260
111 164 218 220 261
138 168 195 251 289
125 180 217 225 293
116 161 180 240 268
103 176 185 230 297
140 174 214 230 283
103 143 208 222 300
115 160 192 237 264
111 156 204 229 286
106 164 185 252 276
137 164 208 254 296
103 171 208 251 290
125 170 195 227 262
118 176 203 235 268
100 143 199 223 271
116 159 188 241 300
112 145 212 257 288
106 155 213 249 280
104 156 197 233 297
115 158 203 242 288
117 144 204 251 292
138 152 206 238 269
132 173 220 248 277
125 178 202 245 287
124 158 185 220 298
117 140 209 247 279
122 153 197 235 295
100 168 218 241 286
116 156 181 232 260
105 170 212 245 283
112 177 195 257 280
122 143 185 238 270
128 145 219 256 291
128 174 196 259 266
135 143 201 244 277
126 146 191 245 291
111 153 203 236 297
121 169 185 230 280
139 146 202 236 297
134 164 193 258 293
100 150 194 221 286
130 169 214 235 292
101 167 206 223 289
135 169 219 225 264
104 151 201 221 289
129 151 195 229 282
119 140 216 239 297
117 162 207 223 273
139 148 204 231 261
127 170 211 224 298
120 172 219 225 289
111 172 180 221 277
112 178 196 254 281
120 174 181 223 289
117 172 207 245 285
128 167 215 231 275
128 149 198 230 269
131 168 181 237 297
140 165 216 225 267
114 174 181 244 262
100 169 186 240 280
109 179 187 253 267
123 176 200 220 295
107 140 195 221 264
106 149 193 235 291
124 178 181 252 291
121 149 215 255 266
114 157 216 237 288
113 176 205 229 274
123 179 204 255 275
109 176 186 257 294
128 172 203 239 282
103 145 201 255 281
124 159 188 242 270
113 156 186 230 264
130 143 218 252 271
114 144 189 232 260
134 149 188 240 265
140 169 214 235 268
118 145 201 227 261
137 180 182 246 268
119 168 215 220 282
123 157 219 230 282
109 157 220 239 262
119 172 201 227 285
135 170 188 258 278
124 152 219 256 285
100 163 206 225 275
131 172 211 257 289
110 166 202 220 260
114 166 197 253 296
137 174 213 251 281
119 149 199 252 260
133 144 196 253 294
126 170 212 246 294
123 156 213 229 274
134 152 210 238 286
119 141 217 223 297
108 154 201 221 289
110 174 204 257 295
137 157 182 240 283
123 145 215 245 268
100 176 210 221 293
121 141 181 259 291
106 171 190 259 269
132 171 202 257 260
131 148 198 260 287
104 170 206 226 263
126 154 215 238 263
112 176 186 241 273
129 173 191 225 262
130 150 182 221 277
129 170 220 254 290
110 160 212 229 293
140 158 220 225 263
129 161 192 249 261
124 148 219 226 288
100 169 216 237 283
123 142 201 256 279
117 156 219 234 282
135 163 199 221 292
124 141 195 246 264
127 165 194 233 280
116 156 220 257 282
126 161 220 238 284
121 152 185 248 265
105 163 218 252 266
121 163 214 245 269
131 146 181 233 286
121 180 186 229 261
128 165 194 223 280
109 146 185 230 261
135 144 202 224 264
102 167 193 226 264
127 149 210 237 271
101 145 207 230 275
124 178 206 243 296
118 149 208 253 278
131 140 215 243 280
113 157 214 257 263
138 159 188 249 298
120 150 219 245 288
126 157 217 240 279
121 143 191 235 295
120 153 181 230 270
115 149 203 260 291
129 172 184 229 298
127 155 207 241 291
123 160 211 259 264
119 157 216 246 295
102 150 193 253 268
115 144 200 252 283
122 141 209 239 295
128 180 185 260 262
133 174 219 260 265
131 162 220 254 261
103 155 216 237 290
134 144 203 222 268
135 145 203 245 270
115 165 211 256 283
105 158 193 233 268
131 176 204 228 288
121 141 209 240 274
125 168 204 256 272
115 177 185 240 272
127 180 215 251 278
132 150 189 242 267
103 159 194 223 282
129 161 190 243 295
124 179 192 252 281
119 149 193 254 289
115 146 216 256 271
115 152 213 252 296
139 170 205 259 276
103 172 191 251 262
133 159 187 254 280
103 146 209 245 290
107 149 191 251 295
102 142 207 238 294
132 159 190 240 271
135 163 193 259 289
105 143 184 258 287
108 178 215 220 270
104 144 198 242 263
119 173 184 224 265
112 169 208 254 289
126 167 187 254 272
140 143 198 243 285
128 180 215 259 280
136 157 193 221 271
130 177 192 247 286
102 148 205 255 266
114 165 195 251 279
115 150 212 260 285
124 169 192 222 284
134 149 201 229 283
128 154 214 251 283
130 178 188 255 268
116 144 217 237 275
118 144 203 257 266
129 167 220 258 270
134 159 211 246 269
114 179 200 231 282
128 151 190 253 272
104 170 214 220 266
139 146 195 225 289
127 150 186 230 280
128 174 213 239 284
132 143 204 243 300
114 170 218 235 275
102 172 206 247 289
131 163 208 247 287
125 180 187 254 292
127 168 200 223 292
124 143 209 254 265
115 160 181 226 297
103 163 212 253 262
6072 7691 9159 13105 14775
2830 4282 4848 5906 6472
3645 4257 5002 5880 7715
2664 3526 3957 4329 5582
4643 7666 8859 11031 11244
4394 5432 6470 8719 9688
2887 5088 6231 7374 8031
2286 3110 4263 5128 6096
6091 7471 9326 12324 14037
5998 6950 9568 11568 13377
2372 2846 3847 4532 5059
4502 6222 7247 8089 10614
4960 7343 9823 11574 12886
2880 3374 4259 5040 6048
6369 8556 8945 10890 12834
3443 4008 4598 6196 6934
4723 6188 6627 8128 10215
2508 3954 4767 5332 6326
6154 7313 8784 10969 12307
4830 6657 8158 10309 11608
2357 3222 4066 5514 5666
3642 4307 5210 6805 7496
3842 5365 6680 8860 9483
3030 3301 4884 5178 5901
2735 3503 4136 5831 6441
2489 3190 4977 5113 6130
4886 5712 8005 9508 10861
4601 7285 8478 10182 11929
1104 1847 2123 2430 2919
3339 4470 5132 7119 7947
6300 8036 9772 12103 13195
3049 4377 4475 6368 6934
1607 2382 2659 3404 4354
5325 6240 8071 10358 11731
3773 6300 6941 8578 10465
5562 6536 8323 9256 11245
2464 3481 4814 5492 6396
4991 7154 8859 9234 12020
1863 2352 2461 3263 3807
4903 8520 10233 11090 13279
1760 3080 3291 4259 5262
2236 2517 3362 4189 5281
4056 5003 5980 6661 7786
1639 2004 2306 3151 3491
5655 7570 8893 10215 13179
4185 5430 7055 8854 10099
4010 4897 5509 7774 8233
2881 3802 4274 5880 6352
3256 4524 5683 6621 8193
2949 3775 4742 5639 6865
3557 4504 4632 6218 7242
4754 6978 8810 10075 12168
4282 5489 7794 9368 10209
4317 6059 7524 10216 11721
4752 6580 7879 9138 11413
3138 4415 5585 6595 7286
5492 7970 9816 12392 13461
1261 1992 2320 3266 3631
2849 3454 4123 5461 6324
1981 2548 3000 3742 4354
4785 6869 7563 9068 11267
4792 6138 8633 9742 10415
4995 6254 8406 9949 10599
2730 4352 5262 6319 6491
1116 1775 1923 2646 2773
6325 7742 10373 12801 13762
3375 4245 5600 6622 7236
1461 2527 2979 3797 3811
3492 4601 5874 7277 9790
3811 6125 6552 8511 10149
4009 5171 5783 7558 8201
3263 5384 6265 7244 9038
4399 6391 7556 9774 10112
3507 4490 5845 6669 7572
1451 1780 1960 2606 2955
2860 4776 5977 7035 8150
1622 2016 2108 2988 3232
6366 8358 10205 10691 13703
4207 4696 6784 7436 8903
5382 7048 9191 10525 13858
1407 1703 2084 2740 3089
5069 6858 8689 10734 11799
6197 7973 9614 11436 13623
2503 4084 4533 5642 6657
4234 4993 6162 7236 9226
1452 1653 2310 2395 2903
1232 1719 2242 2823 3345
2665 3767 4689 6098 7508
6682 7391 9112 11946 14072
5581 7019 8022 11248 12120
2757 3841 4767 5671 5897
3634 6127 6947 8087 9583
2391 3273 3880 4409 5859
1587 1877 2363 2873 3266
3283 4607 5876 6207 8249
5526 7431 8717 10575 12862
4474 5899 8630 10134 11520
4647 6736 7929 9847 11638
3476 5562 6352 7268 8943
2548 2660 4073 4111 5282
1285 2016 2671 3074 3666
1539 2301 2464 3404 3622
2848 3458 4181 5876 6283
4417 5022 7337 8049 9937
3898 4940 6755 8166 9678
6944 6944 10019 12350 13590
2271 2518 3768 4032 4894
3531 3918 5463 7090 8249
2555 3346 4884 5019 6534
6110 6779 9811 10391 11952
2321 2708 3587 4536 5011
6548 7243 9277 12699 13394
1827 2309 2733 3536 3945
1947 2529 2995 3744 4443
5465 8805 10121 12246 13916
4323 6240 8233 8308 11127
4160 4589 6546 7066 8901
6119 8499 10587 12238 14569
2711 3818 4676 5467 6348
3687 5058 5971 7537 8940
4358 6498 7132 8835 11648
2820 3684 3993 5269 5496
7033 7236 9918 11739 14927
3053 3521 4629 6082 6549
2883 3562 4530 4612 5436
5248 6174 7987 9453 10919
3207 3537 5093 5823 6978
4795 5627 8559 8718 10382
4534 4880 6230 8410 10106
3138 3610 4884 5521 6724
3205 4061 5194 6796 7238
4517 7092 7528 8756 10460
1464 1602 1921 2430 3056
1994 3335 3353 4229 4900
4900 6477 8565 9545 12570
4771 6987 8137 10394 12482
6898 7195 8982 11066 13894
3432 5088 6419 7070 8696
2261 3278 4612 5855 6398
2075 2621 2839 3432 4665
1795 1903 2597 3494 3983
2903 4108 4551 6297 6863
4641 6382 8568 10086 13209
1495 2432 2527 3478 3981
5363 6949 8814 10586 12498
4223 6944 7594 9664 11857
5506 8481 10812 11258 13986
4064 6509 6810 8767 10046
6018 6747 9300 11488 13038
5359 8014 9133 12068 12581
4101 5479 6622 7933 8907
4514 7196 9154 10900 12561
2613 3714 4729 4902 5895
5617 7980 9050 11012 12527
2309 3195 4060 4946 5833
3965 5140 6887 8264 9709
6567 6995 9850 12372 13276
6402 7344 9131 11761 13348
3535 4087 5136 6075 8256
4155 4951 6994 7755 9694
3003 3198 4083 4926 6287
4093 6101 8379 9151 10271
1401 1687 1995 2610 2759
2771 3809 4795 6686 7112
5299 7000 10500 11716 13271
5453 7072 8350 10522 11289
1743 2887 3435 4231 4530
5615 7446 7695 9650 11730
5976 6848 8462 9814 11471
5365 7486 8526 9441 11562
4672 6525 6988 9343 10694
1452 1611 2162 2565 2851
5276 7499 8371 10856 11946
2976 3590 4251 5219 7061
3497 5193 7478 8309 9140
4437 6731 6994 8310 11242
5326 5635 7989 9649 10421
4534 7321 7779 10441 11938
1162 2079 2160 2636 3345
4206 5543 6586 7629 8607
4099 5139 5506 7831 8626
3140 3565 5170 5264 6279
2410 3625 3996 4964 5808
2078 3215 4214 4881 5234
3317 4889 5947 7148 7805
3433 4891 5692 7065 7494
5624 7019 8196 11247 12119
3200 4651 5392 6517 8798
6577 7336 10169 13052 14519
2487 3114 4191 4583 5836
2020 3001 4001 4374 5864
5545 7036 9925 11788 12907
1979 2415 3427 3988 4393
5869 7639 10155 10993 13602
1252 1686 2036 2418 3181
2586 3498 5172 5566 6699
1154 1831 2223 2678 3027
3020 4454 5298 6168 6987
6896 7540 10169 11707 12898
4506 6780 8931 9256 11570
4869 5528 6700 8750 10251
1822 2053 2747 3100 3970
1336 2129 2280 3250 3703
3703 5398 6920 8339 10277
1927 2438 2802 3269 4320
4361 5053 6645 7891 10141
4094 5946 7512 7939 10146
1722 1974 2753 3180 3633
1594 2071 2889 2998 3556
2866 4504 5425 6500 6807
1197 1917 2451 2788 3020
2928 4282 5000 7155 7293
4618 7115 7697 10359 11649
2515 3484 3711 5009 5463
1982 2216 3417 3682 4291
3857 4837 5975 7556 8757
3575 4204 5920 6750 8237
3247 4231 4723 6052 6421
2842 3866 4890 6426 7629
6172 7435 9039 12392 14093
3274 4604 5083 6121 7026
2400 3051 3404 4613 5116
3479 4400 4630 6446 7673
1697 2827 2994 4041 4324
2528 2899 3791 4720 5204
5970 8296 10724 11888 15024
3398 4143 4999 6435 7844
5234 8089 9802 12228 13941
5613 6112 8772 10602 12431
2363 3497 4726 5387 6687
2846 4681 5425 6755 7286
4496 7332 7900 9645 11391
2767 4656 5375 5880 7742
3139 3847 4531 5546 6631
3898 6909 7989 9224 11000
1601 1624 2494 2679 3271
3791 4834 6318 7961 9256
5107 6968 8472 8868 11164
5348 6806 10354 11375 13951
3528 5544 6989 8736 8871
4540 5112 6289 7399 8777
2760 4168 6017 6679 8087
1676 2098 2465 3405 3569
4706 7408 9831 11555 13791
3167 4854 6363 6630 8820
3820 5682 6661 7923 9407
5486 7047 8741 10793 12800
2182 3438 4467 4879 6155
3091 4609 5519 7009 7671
3190 4386 5449 6752 7735
4635 5642 6717 7690 10041
2915 3412 4067 5851 6732
3349 4757 5767 5979 7972
3361 5646 6822 8065 9544
2108 2954 3004 3767 4945
4004 5788 7453 9276 10624
4168 6059 8413 9146 11462
2144 3587 4247 4597 5566
3535 3949 5109 7153 7180
4875 6297 8044 9182 10644
3532 5011 6794 7466 9249
1703 1803 2484 3102 3354
4083 5779 6817 7716 10207
5145 6976 8589 10377 12644
6299 8877 9472 12051 13638
4120 5055 6613 7720 10074
1524 2091 2267 3236 3665
5266 5304 7298 8915 10006
2875 3393 4366 4798 5857
3671 5108 5995 7463 9176
3731 4035 5002 6245 7213
5242 6989 7905 10193 11233
4660 5372 7506 9249 10530
1952 2795 2873 3451 4262
1889 2389 2966 3606 4558
5919 8398 10169 12648 14469
2066 2662 3909 4206 5453
6071 9106 9764 12546 14316
3920 5274 7198 7911 9550
2598 4061 4297 6045 6233
2043 2840 3072 3852 4732
4043 5628 7530 9075 11572
2146 3114 3799 3905 4995
3827 4715 6123 7164 8052
3966 5311 7092 7562 9209
2473 3214 3894 5151 5831
3887 4835 5998 6732 9180
2044 2784 3225 4300 4722
4200 4452 6884 8146 9346
6348 7192 10564 11655 14383
4818 6603 8432 10886 13072
3141 3435 4587 5332 6394
3773 4373 6030 7230 8345
2508 3409 3527 4604 5839
3615 4747 6016 6182 7285
3172 3811 5360 5803 7008
5533 6115 8154 9901 12105
4430 5602 7139 8969 9994
2333 3255 3549 4510 5804
2030 2322 2804 3490 3914
5248 6329 7911 9146 10728
1888 2543 3105 4009 4087
2266 3625 3976 5335 5520
4608 7665 8486 10448 12866
5976 8454 9668 11660 14429
2444 3439 3937 5213 5667
5227 5566 7634 8950 9966
5680 6897 8763 10507 11116
2248 3610 3891 5426 5901
3733 4742 6121 7870 9585
2831 4012 5366 5562 6424
6241 8024 9138 11500 11768
2141 3016 3481 4337 5231
5058 6332 7645 8649 10425
4661 6615 7480 8983 10825
3203 3741 5329 5739 6815
3721 4146 5821 6804 7203
3174 3912 4699 5683 7134
3668 4743 5976 7241 9106
3954 5236 7658 7908 9796
2460 4280 4673 6124 7305
5360 7048 9231 10968 14740
3009 3235 4185 5610 5926
5756 7740 10171 10915 13942
6727 7738 11026 12745 14616
6107 6700 9981 11531 13354
4061 6659 8283 10557 10963
2766 3688 5582 5967 7375
4862 7539 8029 10661 13115
2570 2825 3629 4335 5884
1920 2373 2888 3996 4246
4519 6263 7259 8647 10070
4235 4804 5973 7332 9259
6140 7853 9376 10804 14040
4658 7362 8027 10231 12103
1428 2244 2706 3345 3970
5442 7628 8253 9903 12936
5739 7052 9434 10942 13276
4267 6258 7517 9508 11093
2347 3643 4240 5063 6010
5385 6177 7801 9662 10889
3533 3789 5581 5786 6938
2666 3691 5255 5690 7126
5975 6751 8986 11175 11950
4494 5406 6839 8435 9477
3352 4933 6324 7652 8411
1486 2254 2292 3072 3727
3450 4305 5133 6761 8251
5878 6176 8987 10903 11499
2057 2936 3434 4031 4496
3774 6160 7085 9186 9293
5933 6588 8158 9859 11430
1844 2690 3056 4168 4749
2745 3544 4128 4776 6094
3496 5710 7475 8548 9136
2639 3997 4945 5662 7685
2779 3795 4563 5783 6167
4433 6966 8154 9776 11755
4509 6874 8570 9909 12364
1895 2709 3357 3755 4503
1476 1497 2166 2453 2760
4632 6523 8375 9494 10073
2855 4430 4651 5906 6472
1173 1800 2380 2717 3356
2078 3253 3626 5095 5683
1189 1826 1974 2601 2802
5752 6956 8918 10479 13333
2853 3492 5263 6173 7230
5716 8852 10521 12646 14467
1866 1920 2479 3268 3731
5797 7269 8160 11594 12530
5357 7264 7629 10510 11403
4428 6663 7881 9100 11010
1418 1904 2274 2623 2803
1968 2202 3185 3732 4231
3096 4119 5220 6550 7317
3814 5216 6976 7596 9128
4299 4425 6448 7048 9166
3094 5208 5606 6923 8241
4755 8064 9789 10255 12865
3601 5125 7479 8171 9037
1474 2524 3123 3633 4115
2398 3802 4082 5119 6285
6368 7924 9868 10840 12979
1675 2070 2573 3091 3908
1668 2195 2722 3410 3922
4721 6515 7137 8674 9772
3433 4463 5493 7123 7895
6386 6573 9789 10395 12679
4952 6617 8118 10189 11406
3783 4630 6684 8347 8934
4255 5223 7609 8509 9823
6003 7739 9872 12055 13444
5904 6904 10237 11046 12712
2552 3952 4472 5736 6549
1367 1811 2087 2436 3082
3319 5058 6575 7618 8629
5284 8045 8950 12282 12853
1421 1728 2089 2385 2990
4647 6477 6733 8965 10428
2961 4293 6247 7017 8793
1505 1980 2512 2617 3450
1509 2162 2719 3344 4037
3737 5052 7509 8893 9308
4510 6379 7679 9101 11173
2484 3952 4720 5420 6730
2131 2994 3223 3927 5107
6628 8803 11130 11838 13204
5642 5885 8726 9660 11770
6023 6692 8878 10083 12135
4868 5856 7174 8784 10028
4568 5502 6229 8547 9620
2167 2245 2915 4037 4614
4714 5942 7843 9625 10932
4100 6296 7468 8639 9920
3769 6549 6951 9402 10939
3394 3984 4574 6000 7180
4498 5571 6332 8131 10276
3492 4667 6103 7800 8877
3073 3977 4452 5039 6237
3089 4604 6063 6863 8207
4033 4773 7260 7797 9343
2725 3098 4039 4333 5313
5172 7624 9809 11146 12127
3998 5274 6786 8700 9372
3256 3468 4931 5898 6464
4671 5930 7392 10478 11453
3546 4805 5291 7092 8036
2571 3219 4061 5357 6394
1220 1697 2238 2503 2864
4010 5053 6976 7791 8932
2780 3397 4303 5127 5435
3026 3523 4404 5646 6752
6495 8082 9916 12791 14229
4333 4855 7135 7852 9611
4360 6453 9548 10551 12905
1809 2394 2502 3019 3944
3397 4281 5303 6629 7236
3832 4907 5624 6892 7994
4403 4990 6457 7371 8805
1167 1644 2079 2747 2875
4433 6254 8629 10291 11478
2073 2681 2821 3772 4660
4007 5701 6842 8340 8992
4629 6943 7869 9605 11533
3573 4584 6829 7524 8441
3404 4663 5521 6808 8123
5832 8456 9866 11178 13559
4744 6934 9351 10446 13092
2979 3433 4102 5138 6455
5440 5684 8120 10393 11246
4065 5947 6955 7526 9407
1923 2316 3175 3787 4326
5074 5788 7592 9621 10711
3764 6512 6776 8357 9900
3965 5746 6351 7863 9644
5061 7492 9426 12453 14387
4970 7751 9712 11034 12766
5495 6953 8801 12058 13760
1976 2607 3155 4134 4715
4641 7854 8390 10531 11602
1553 1796 2445 2723 3395
5115 6332 8240 9864 11812
1402 2001 2478 3485 3989
4164 6495 7495 10243 10992
6300 7788 10516 11211 13542
3460 3727 5031 6255 7506
1074 1595 1978 2403 3073
1778 2699 3369 3759 4087
3035 4065 5840 6298 8301
3073 3774 4316 5491 6169
3761 6656 7107 9627 10304
5640 6525 10207 10766 13189
3843 5366 6855 7790 9763
1796 2405 2998 3826 4247
6291 7886 9300 10804 12582
6378 7854 9472 11281 12947
3803 4746 6033 6347 8234
3431 4224 5095 6170 6758
2690 3663 5533 6430 6686
5109 7194 9323 10770 12601
5239 6376 8000 9625 10843
2347 3665 4035 5044 6032
1429 1757 2265 2636 2815
6171 8851 9913 13150 14617
6380 8020 9888 11164 12850
5753 7409 8367 10895 12856
5881 7485 9624 12005 13512
5596 6529 8907 11052 12311
2995 4018 5426 6015 7499
2134 2633 3302 4034 4144
4711 6928 8709 8749 11441
2205 2926 4512 4863 6037
3739 4882 6474 8171 10282
2147 3137 4066 4685 5407
3140 3612 4721 5830 6231
2677 3253 4530 4777 5826
1534 2220 2819 3725 4207
2830 3192 4121 5230 5932
1613 1787 2320 2622 3306
1692 2202 3150 3733 4316
4863 6513 8253 11063 13294
5495 6859 8179 11033 11289
4237 5447 7121 8758 10004
1315 2023 2289 2845 3363
1299 2068 2698 3051 3379
2602 3168 4344 5294 6358
2787 4801 5739 6732 8111
1604 2026 2828 3494 3833
4599 5404 7351 8324 10036
2082 2789 3673 4596 5264
5454 7831 8484 10255 13751
5378 6758 9852 12231 14230
5039 5754 7822 8499 10379
4326 5266 8050 8388 10795
3282 3589 4846 5640 6845
5154 6904 8994 12398 13905
4286 7074 7906 10028 11651
5308 7493 9411 9901 12577
1737 2569 2671 3503 4291
3617 5703 6745 7886 9548
4705 6020 6296 8994 9029
1403 2075 2238 2898 3153
2465 3324 4455 5518 6445
4406 6238 9553 9641 12345
1664 2529 2995 3893 4658
4002 4809 6086 7868 9583
2060 2711 3803 4296 4648
3667 6230 7226 8472 10288
2347 3479 4178 5146 6133
5517 7705 9711 10486 12903
5082 7133 9650 10396 13053
4189 5503 6145 7888 8347
4565 5380 6423 7304 8738
2470 3026 4364 5269 6093
5771 8758 9770 11238 13566
2895 3240 4450 5119 5962
3380 3886 4844 6786 7212
2948 3938 4952 6013 6649
2485 4330 4945 5782 6987
6428 7174 9223 11459 13928
5383 6934 9625 10172 12544
3262 4149 5922 6409 8525
3426 4959 6329 7765 8907
3457 4558 4788 5685 6939
3063 4151 5411 7329 7500
2577 3413 4340 5538 6646
3139 3817 4223 5375 6730
4468 5644 6920 8130 8936
5221 7599 9463 10675 12540
4540 5565 6919 8896 10287
1520 1880 2379 2762 3029
2292 3633 3957 5016 6054
1360 2027 2769 3034 3713
1210 1656 2006 2706 2834
3377 4036 5610 6983 7756
4902 6547 7242 9400 10059
2155 2984 3299 3962 4939
3816 4892 6881 7436 9001
4025 4498 5741 6925 8878
3270 4147 5556 6805 7682
4122 6182 7173 8758 11651
5903 8235 9378 11567 12567
2061 3297 3552 4317 5788
2738 3894 4743 5357 6985
2041 2768 3690 4887 5476
2873 4254 5994 6077 7596
5281 7368 8646 9583 12606
1434 2088 2591 3270 3748
4305 6377 8935 9219 10966
4595 6469 8833 10796 13205
4668 6211 8930 9823 11609
3034 4579 5599 7006 8275
6843 8132 9322 12148 14726
3862 4083 6069 6455 7944
2981 4333 5878 6788 7920
5540 6529 8072 10011 11634
5381 6567 9896 10169 13589
3275 5295 6581 6856 8295
1847 2037 2703 3490 3993
5497 8338 9829 11692 12856
2986 3212 4117 5610 5995
2487 3459 4815 5222 6555
3863 4149 5150 7410 7582
5242 5730 7477 9143 11012
5640 7391 9044 11232 13760
5409 7028 9072 10605 11287
1733 2778 3137 3683 4151
2261 3911 4522 5674 6036
5578 7234 9021 10677 12899
2901 4448 5443 6106 7570
4829 5938 8589 9737 11835
1810 2496 2774 3416 4190
1147 1582 2271 2590 2823
3725 4939 5739 6263 7395
4136 5414 7932 9774 10865
5779 7410 9646 10252 13700
4102 5306 7112 9106 10386
4809 5432 6954 7888 9860
5881 8553 9137 11372 13996
7085 7287 9918 11436 14826
4576 6553 6845 8310 10103
4817 6395 7844 9975 11723
3337 4929 5970 7562 8235
1858 2770 3351 4280 4744
3430 4144 6145 7402 8545
5013 5306 7575 8965 10283
2506 3672 4018 5184 6264
5839 7208 8348 10857 12225
4712 6890 8553 8711 11048
5187 6732 8276 9187 10533
3600 4912 6526 7704 8914
5665 8952 11076 12492 14717
5716 9004 9813 13000 14619
3876 4971 5681 7190 8580
4955 5848 7879 10356 10884
2898 4333 5685 6955 7921
3589 5285 5905 7536 9265
3253 4172 5091 5775 6623
3271 4706 5105 6886 7232
2045 2760 3059 3773 4422
5234 7100 8886 10103 11320
1972 2536 3698 4384 4877
3186 3588 4555 5759 6538
3026 3817 4878 5488 6142
5571 7094 8618 12189 13379
2042 2541 3430 3741 4178
4267 5812 6618 8197 9071
3578 5322 6446 7540 8515
2163 3172 4490 4902 6096
2732 4159 4823 6299 6422
2165 2921 3854 4082 4733
5532 5907 9151 10191 11314
2165 3080 3679 3890 4840
2952 4098 5158 6333 7737
3706 5132 7306 7876 9693
5119 5868 9072 9821 10820
2204 3780 4191 5292 6199
5014 6714 8851 10595 12644
3244 5448 6733 7070 7957
3440 4422 5282 6068 6879
5830 6623 9001 10447 12172
1677 2673 3519 4084 4714
4171 5522 8457 9152 10542
4348 6217 7517 9346 11134
3162 3658 4885 5522 6490
3998 5711 6618 8063 9675
3576 4005 6122 6408 8324
2875 3307 4194 5123 5642
2804 3889 4183 5268 6195
2820 4656 5002 6678 7316
1671 2418 2853 3491 3546
2978 3445 5069 6152 6791
3146 4748 6149 6721 7922
5883 7487 9480 11181 13612
1703 2187 3093 3906 4203
4187 5501 6632 7579 8954
2118 2368 3286 4003 4548
5037 5939 8231 8607 10899
1519 2040 2249 2933 3049
5928 6713 8674 11027 12379
3697 4676 6319 8119 9257
3507 3789 5017 6656 6784
2307 3392 4522 5879 6150
4594 6871 7605 8570 10963
4081 6260 7369 10182 10736
1430 2179 2818 3077 3812
4286 6658 7615 10570 11693
1845 2493 3241 3773 4786
5317 7627 9108 10372 12812
1890 2285 2801 2992 3712
4400 6947 8298 8722 10729
4213 5455 7787 8389 10871
3726 4195 5189 6734 7921
3558 4928 5908 7507 8910
5085 7628 8118 10438 13069
4335 5679 7359 7426 8837
4513 5453 7257 9250 11093
1339 1519 2157 2454 2783
3550 5089 6065 7485 8284
5581 6774 8692 9671 11674
1345 1947 2469 2642 3442
5624 6902 7924 10268 11759
4635 5676 6750 7724 9840
6127 7197 9045 11038 13372
1264 1948 2296 2841 3374
4546 6697 8605 9903 11811
5077 7033 8406 9364 10820
4869 6159 8032 10113 11527
3161 3845 4765 5308 7006
2063 3466 3837 4992 5364
3186 3375 4555 5711 6914
2120 2681 3335 3507 4380
5403 8150 10060 12016 13320
4346 5272 7196 8300 9333
4137 6055 7559 9214 10342
1334 1989 2719 3159 3725
5589 7388 9623 12102 13997
3951 5853 7828 9365 10937
6399 7490 9127 12699 13740
1701 1890 2633 2960 3527
5029 7032 8054 9461 12103
3175 3968 5478 5888 7219
5495 7457 8286 9681 12167
4848 5487 8156 9133 11200
1464 2342 2811 3323 3864
2432 3432 3589 4392 5549
3702 4925 6546 7495 8535
3580 4882 5947 7219 8846
5779 7037 10019 11231 12536
1696 2627 3292 3857 4539
2706 2863 4039 4628 5157
1524 2176 2761 3387 3781
3532 4556 5016 5938 6961
1454 1814 2140 2640 3070
3738 5883 7302 8167 9378
1577 1854 2358 3216 3418
3099 3234 4410 5406 5903
4164 5481 7652 8506 10499
1781 2697 3807 4054 4583
1416 1927 2379 2658 3168
4263 7023 8687 9905 11204
4810 5848 6540 7889 9481
4771 6007 8861 10437 12779
1852 2646 3457 3933 4762
5326 5982 7062 9571 11384
3949 5212 6823 7897 8371
2682 4355 4847 5610 6963
6027 8311 8894 11859 13560
5017 5786 6848 8386 9521
2612 3967 4435 5543 6750
5263 7448 8028 11462 12710
4463 6054 7576 7853 9133
6156 7387 8572 10396 13497
3204 4253 5855 6296 7401
3289 4648 6609 7905 8253
3541 4774 6607 7840 8251
4278 5981 8317 9109 11644
3829 5676 7019 8161 9974
1167 1517 2206 2513 3170
2764 3714 4599 4880 6045
6745 7638 9622 11854 14185
3858 4379 5573 7502 8420
4712 7127 7444 9740 11007
3422 4525 5905 6622 7533
4286 6139 7066 9614 10888
1575 2192 2721 2796 3464
2510 2696 3570 4797 5336
2891 3473 4530 5458 6321
5112 8486 9925 10967 13299
2853 3437 3955 5058 5900
2369 3358 4387 4758 5891
3446 4805 6923 7650 8377
4999 5713 8194 8870 10825
3314 4225 5881 6572 7179
4866 7320 9025 9150 12061
1911 2057 3165 3676 4157
1708 2132 3066 3548 4219
3246 4410 5543 7931 8452
5452 7595 10204 11183 12720
5035 6651 8003 9694 9995
3502 4440 6067 7142 7694
1943 2623 3354 4067 4632
5791 7843 8619 11126 12358
3336 5509 5815 7008 8814
1336 2068 2091 2788 3021
5488 6380 8387 10127 13384
4557 6063 8032 8534 10542
5135 6139 7413 8996 10425
5607 7592 10321 11065 13596
4850 5977 7706 9473 10225
2949 3752 4884 5969 6370
3663 5545 6956 7863 9443
6002 7787 10317 11110 14681
5808 6808 9997 10569 14091
2323 2904 3273 4452 4752
5385 6862 9053 10483 12436
4910 7000 10014 12396 13466
4511 6624 7315 9103 10850
2141 2605 3336 3916 4812
5456 6394 7843 9633 11807
6202 7939 9030 11859 13347
2904 3927 5116 6250 7190
1512 2234 2969 2996 3554
3668 4465 5183 6671 7681
1698 2444 2947 3055 3979
4945 6863 7672 10230 11423
4183 7147 7513 9340 12060
3441 4277 5260 5653 6956
5008 6952 10112 10793 14585
1682 2340 2808 3465 3860
2621 3683 4817 5407 6753
1655 2561 2888 3934 4309
4873 5833 7398 9034 10528
4181 6941 8442 10188 11771
4702 6395 7335 8539 9855
2785 4154 4791 5546 6325
1965 2809 3909 4380 5323
3666 5025 5941 7616 9480
1523 1971 2882 3494 3915
2714 3968 5453 6374 7168
3288 4931 6227 7365 9388
2599 3571 4588 5469 6508
5803 7142 10118 12449 14482
3809 4195 5686 6569 7424
6676 8749 11126 12542 14009
6073 8647 9813 11902 13943
4540 5785 6773 8055 10910
4283 5125 7651 9042 10213
3856 4835 6225 7426 9322
1160 1948 2528 2794 3316
4482 6028 6993 8964 10046
4998 8091 10090 11660 13469
1298 2052 2260 2979 3245
2883 3379 4371 5624 6380
3786 4289 6478 7572 8608
5324 7237 8151 10771 11063
2376 2517 3538 4295 4876
5242 6074 7946 10193 12106
4951 6824 9054 10526 13247
3462 4835 5293 6581 8011
2862 3006 4159 4859 6115
3964 4851 5709 7631 8666
2664 3995 5167 5886 7617
3975 5168 6544 7186 8929
4506 7450 9190 9948 12892
1971 2467 3196 3284 3853
2769 4020 5351 5884 7694
5626 6585 8504 9987 12298
4355 5124 7905 8746 10869
2763 3825 4888 5266 6446
3143 3347 4613 5223 5902
6424 8600 10673 11331 15074
2711 3885 4947 5082 6528
2956 4580 4793 5884 7375
4210 6691 7368 9548 10563
1513 2194 2283 2812 3644
4515 6637 7988 9454 10997
4556 5944 7652 8222 9788
4687 5456 7250 8422 9850
1781 2284 2461 3222 4037
3443 4058 5312 5534 6567
3719 5676 5904 7959 8546
2362 3991 4393 5668 6613
3009 4941 5162 6984 7371
5116 7321 8319 9151 12270
4778 6251 8707 9868 11787
4200 5903 7646 9310 11529
3917 5623 5717 7960 9192
5881 7241 10449 12393 12927
4970 6845 9417 10332 12555
3233 5034 5864 6550 7837
4008 5832 6647 8308 8960
2571 4152 4388 6062 6935
6347 8529 10066 11852 13984
4286 6034 8364 10611 11693
1936 2483 2935 3778 4215
2445 3375 4024 4976 5711
3717 4089 6233 7206 7749
3037 3837 5035 6181 6927
5711 6350 8012 10228 11293
1902 2296 2908 3193 3641
4795 5892 8167 9224 10605
4466 5867 5932 8018 8735
1262 1781 2279 2332 2989
2779 3548 4948 5197 6372
1266 1823 2554 2775 3042
4594 6639 7759 8762 11001
2779 3500 3870 5311 5723
3668 4497 6478 7573 8431
3662 5969 7544 8240 10071
6494 8526 10459 12739 14325
5349 8072 9823 10698 12643
4969 7236 8587 11027 12902
1585 2013 2465 2904 3251
4595 5754 7684 9731 10040
3005 3253 4428 5715 6641
2341 3158 3938 4569 5461
3396 4307 5880 6322 7564
3161 3586 4954 5614 6747
3047 3610 5556 5710 7604
4279 6101 7963 8756 11450
1274 2015 2362 2976 3416
1864 2136 2476 3265 3849
3027 3568 5290 6028 6594
3560 6266 7476 7868 10431
3946 4598 5902 8445 9488
4834 7799 8665 11812 12268
3246 4205 4967 6319 6393
5579 6303 8433 11073 12223
3601 5886 7132 7824 9105
5116 6253 8730 9664 10679
5221 8203 8669 11233 12724
5626 7545 8330 9813 11427
3202 3694 4482 5443 6822
2782 3666 4745 5478 6254
5126 7456 9879 10671 13654
3864 4361 6072 6210 7258
2659 3318 3957 5131 5378
5531 6601 9767 10079 12844
2360 3988 5097 5593 6678
4010 4630 6553 8346 9096
2059 2745 3854 4118 4962
1431 1727 2109 2342 3094
4417 5023 6946 8763 9404
1728 2245 2639 3169 3809
5172 6955 9809 11458 12573
5366 6856 9369 10135 12094
4431 5566 6775 9082 9704
2583 4010 5363 6199 6543
1887 2542 3337 3821 4195
3880 4324 5361 6901 8470
3947 5871 6067 7469 8513
3278 4225 4968 5711 7170
4431 5935 7520 9349 10609
6294 6714 9418 10443 12308
1697 2778 3210 3759 4391
4141 4858 6847 7728 8836
1781 2556 3649 4055 4848
4660 6689 7741 9131 11122
3021 3814 5325 6476 7116
5318 5684 8728 9865 11367
5718 7944 10828 13004 13308
4359 5022 5938 7864 9412
1631 2039 2976 3329 3914
3225 4018 5553 6142 7140
2857 3377 4510 5549 6965
3676 4687 5544 7045 8270
3633 4707 6413 8214 9193
1367 1822 1950 2426 3157
3123 3812 5090 5926 7156
4870 6335 8354 10254 10452
4592 6058 8334 9491 11382
3940 5794 7454 9772 10351
4325 5415 7521 9477 10642
1659 1918 2842 3250 4011
5068 7127 7325 10294 10373
2337 3058 3849 4569 4657
4007 4955 6729 7769 7983
4491 6758 9418 10334 12644
5979 6425 9058 9906 11958
2242 2408 3371 4068 4483
2022 2902 3710 4502 4976
1641 2470 3017 3642 4189
4269 5735 6648 7430 9385
2615 3047 4517 5187 5921
1574 2115 2568 3222 3424
5475 8427 8808 11426 12950
6042 8563 10228 11941 13225
6417 7292 9188 11765 12980
4082 6301 7688 8837 11175
1496 1866 2202 2817 3419
6025 8697 9329 12244 13653
4118 5156 6678 8788 9999
3174 4030 5962 7065 7479
3173 4193 5876 6952 8165
5084 6218 7498 9473 10094
3875 6470 7185 9441 9855
2207 2639 3103 4215 4646
2432 3447 4934 5784 6846
2633 3667 4700 6176 7259
1593 2217 3232 3716 4590
3380 4072 4865 6146 6939
2643 3192 3779 5071 5658
3845 5236 6737 9447 10509
2550 4202 5076 5194 6374
3186 4411 6065 7413 8056
3763 5471 5819 7084 8380
5218 7873 9689 11832 13463
2470 3273 3665 4978 5331
2604 2660 3682 4519 5300
5449 7662 9152 11025 11919
6068 7005 8611 9860 12091
3716 5059 5488 7060 8175
1899 2755 3817 4747 4952
3945 5709 6747 8684 9653
3748 4889 6909 8473 9288
2556 3483 3957 4575 5852
2761 3070 4142 4718 5831
5323 6404 8899 10438 11768
6447 8827 9323 12646 13290
5175 6424 9680 10572 12267
1842 2248 3169 4012 4152
2397 3102 4087 4793 5016
2223 2638 3501 4081 4463
3944 6193 6920 7992 9757
2894 3414 4295 5719 6149
1937 3165 3984 4096 4952
4810 5053 6748 7786 10001
4397 5193 6439 7962 9693
3658 4973 6088 6831 8117
4302 4660 6648 7919 9777
5198 7751 9940 10715 12539
4651 7842 9392 11261 13176
4530 5637 7193 8542 9925
3698 5325 5532 7513 8637
4140 5476 6519 7269 9518
3795 4377 6397 7774 8110
3176 4419 4998 6241 8202
1711 2707 3521 4201 4351
