1000 10 5
141 65 35 70 80 51 96 22 56 41 79 0 141
141 35 24 71 26 53 61 38 86 86 42 0 141
129 73 59 33 34 35 25 67 51 76 31 0 129
200 86 68 86 44 71 84 75 79 82 38 0 200
142 82 95 50 23 87 56 52 63 82 59 0 142
184 68 60 67 22 54 57 64 66 62 48 0 184
107 26 33 49 97 57 47 28 43 31 80 0 107
180 66 51 23 97 75 56 30 69 92 70 0 180
177 29 34 50 77 63 95 49 69 38 87 0 177
128 80 33 58 50 31 90 32 44 90 48 0 128
143 65 33 98 23 81 38 29 35 55 30 0 143
190 31 47 44 39 85 91 41 90 53 92 0 190
183 91 37 62 32 61 55 84 57 53 91 0 183
116 68 61 84 23 22 35 100 49 35 53 0 116
145 73 90 60 48 31 59 45 88 42 84 0 145
139 31 31 99 84 69 68 89 61 29 85 0 139
131 67 26 39 49 34 79 56 88 52 42 0 131
179 35 83 88 28 53 44 23 89 89 86 0 179
199 33 100 47 31 81 70 76 100 47 52 0 199
132 53 27 76 28 23 68 52 47 48 97 0 132
114 69 51 84 84 26 77 21 25 41 25 0 114
159 58 74 55 85 36 27 94 79 49 32 0 159
111 92 69 79 43 81 58 48 72 90 88 0 111
123 45 45 100 65 85 25 59 26 48 46 0 123
141 40 93 92 23 26 63 22 69 27 74 0 141
148 93 27 52 42 98 80 40 41 46 53 0 148
162 62 60 63 95 90 28 25 26 73 77 0 162
188 100 87 49 73 78 75 94 26 82 21 0 188
144 72 82 96 23 72 88 100 41 81 87 0 144
170 24 32 56 36 51 30 31 46 25 98 0 170
190 101 51 42 98 50 26 59 48 79 84 0 190
196 26 58 25 49 69 94 31 81 22 88 0 196
106 47 46 47 45 89 85 65 70 58 31 0 106
180 55 90 46 49 88 70 59 48 51 69 0 180
161 38 50 62 70 77 41 71 20 96 67 0 161
126 61 32 26 92 53 91 76 57 32 61 0 126
186 49 34 54 66 85 90 32 88 20 53 0 186
143 98 83 51 41 72 42 72 52 80 67 0 143
172 68 31 28 46 97 30 45 48 78 72 0 172
199 98 53 99 32 82 92 85 26 21 98 0 199
162 40 81 39 69 50 81 60 76 65 58 0 162
152 97 42 98 42 45 34 30 88 83 61 0 152
132 49 44 31 37 64 75 72 70 54 88 0 132
172 80 64 57 27 47 85 87 67 51 55 0 172
116 51 84 76 32 90 86 54 72 65 50 0 116
179 50 68 44 100 79 45 35 68 47 22 0 179
197 79 95 29 93 93 53 25 44 35 73 0 197
175 92 78 67 60 79 37 52 49 67 69 0 175
182 98 37 40 76 65 82 65 84 28 48 0 182
175 73 39 30 22 57 28 94 96 96 101 0 175
121 82 30 31 30 94 34 54 77 51 71 0 121
107 76 94 78 95 29 58 52 70 80 75 0 107
131 100 62 73 72 51 101 75 47 54 84 0 131
196 69 79 71 61 29 20 64 91 74 83 0 196
199 100 90 49 60 73 52 86 44 31 60 0 199
117 74 95 62 77 47 70 88 22 32 49 0 117
179 94 57 86 46 44 92 46 30 91 46 0 179
161 50 40 35 80 50 49 51 27 48 71 0 161
200 53 95 43 24 53 73 73 61 77 33 0 200
141 96 63 55 29 73 93 21 92 56 36 0 141
142 75 88 35 25 32 39 84 40 82 78 0 142
133 96 101 73 72 30 38 90 90 52 93 0 133
188 23 66 95 77 66 29 63 67 47 92 0 188
117 46 80 22 89 56 35 36 42 43 57 0 117
164 89 31 89 73 75 23 85 24 30 90 0 164
118 48 41 41 48 58 86 49 86 74 49 0 118
161 97 51 69 53 40 85 71 52 62 83 0 161
135 21 87 101 82 61 76 74 57 54 59 0 135
170 49 82 56 91 87 55 23 69 60 51 0 170
189 22 30 64 71 54 47 46 22 21 78 0 189
114 20 26 44 48 49 43 83 94 45 92 0 114
186 47 27 71 29 100 25 34 34 81 21 0 186
174 50 88 57 31 87 22 42 74 80 59 0 174
139 25 43 55 69 26 79 91 98 33 76 0 139
121 24 38 85 27 94 62 69 49 96 80 0 121
117 43 86 40 45 74 95 84 75 75 50 0 117
184 57 70 34 66 89 78 48 23 38 26 0 184
186 56 66 33 79 27 29 45 94 27 95 0 186
188 71 41 86 87 56 73 80 63 58 59 0 188
138 54 67 22 71 36 99 87 39 50 88 0 138
127 72 98 36 43 77 45 41 92 60 46 0 127
180 65 71 51 64 44 71 28 57 70 40 0 180
105 64 78 59 53 67 58 56 41 100 25 0 105
103 66 39 99 41 71 63 86 88 88 69 0 103
189 82 72 88 84 101 53 65 82 62 45 0 189
195 35 46 61 49 34 52 81 42 42 52 0 195
165 21 82 48 62 96 60 68 84 29 56 0 165
166 45 65 78 101 46 71 65 66 34 31 0 166
156 57 46 35 89 21 56 39 46 77 56 0 156
107 59 27 36 79 63 39 58 52 51 89 0 107
124 23 66 71 25 74 31 81 94 74 24 0 124
129 66 28 22 65 78 56 28 28 64 38 0 129
150 97 84 89 28 69 43 31 73 27 26 0 150
190 50 36 51 53 44 38 94 90 89 64 0 190
114 24 74 21 60 26 46 101 69 21 93 0 114
154 65 64 97 67 82 24 24 95 52 60 0 154
104 38 36 47 35 97 32 23 85 57 48 0 104
127 35 87 74 49 81 94 42 72 87 99 0 127
165 43 66 82 59 36 72 25 67 69 96 0 165
198 64 83 43 27 74 53 82 36 84 42 0 198
170 85 47 78 21 74 21 79 29 41 89 0 170
172 35 39 85 77 51 90 86 76 53 33 0 172
132 33 84 80 58 100 76 89 84 23 63 0 132
129 42 67 85 41 97 69 28 68 36 57 0 129
173 80 97 99 42 88 87 59 61 54 94 0 173
128 43 66 80 83 77 81 97 36 40 68 0 128
116 56 87 56 70 72 96 54 54 25 36 0 116
180 57 77 67 25 73 84 26 86 23 25 0 180
181 40 32 32 23 39 77 38 41 72 81 0 181
147 53 69 52 63 94 29 93 55 93 71 0 147
175 74 30 34 72 29 87 76 46 25 20 0 175
148 57 68 49 91 48 64 93 35 63 83 0 148
156 39 57 85 71 99 78 76 33 79 68 0 156
172 40 27 55 27 88 70 85 89 76 30 0 172
100 82 22 24 53 29 85 34 42 38 51 0 100
114 27 43 71 65 35 78 50 59 83 50 0 114
118 26 70 30 27 81 21 94 83 95 48 0 118
160 59 59 29 80 54 88 57 68 79 70 0 160
163 70 50 98 96 33 84 30 58 26 49 0 163
172 96 65 65 77 86 54 74 37 57 26 0 172
156 94 74 54 50 38 61 72 64 20 57 0 156
172 64 23 97 22 96 25 92 47 82 74 0 172
197 45 80 32 80 91 93 91 82 100 98 0 197
183 37 30 74 54 27 39 23 55 97 51 0 183
197 22 86 84 63 63 60 93 21 51 69 0 197
142 81 75 76 50 59 87 44 78 53 21 0 142
114 61 53 90 39 89 93 80 68 67 51 0 114
158 95 61 42 87 36 82 48 94 70 34 0 158
119 92 98 52 93 48 71 27 48 87 80 0 119
115 48 29 28 44 63 96 80 27 75 94 0 115
162 42 34 23 91 91 55 54 71 85 65 0 162
169 33 90 41 23 30 71 55 82 91 30 0 169
118 95 46 85 23 99 50 91 86 60 44 0 118
128 96 88 40 20 62 31 38 84 26 72 0 128
132 25 49 28 82 56 59 39 57 97 52 0 132
162 96 53 35 71 94 22 39 80 99 52 0 162
154 65 29 65 91 71 68 52 43 70 89 0 154
132 66 100 66 67 79 74 93 77 64 66 0 132
166 87 31 63 43 99 53 53 65 64 29 0 166
190 24 84 39 97 69 51 84 57 59 89 0 190
134 67 89 32 98 40 21 78 33 48 59 0 134
193 21 38 27 29 26 59 66 81 92 23 0 193
169 94 45 57 44 43 51 87 62 72 50 0 169
164 68 36 100 79 21 82 35 33 31 64 0 164
187 101 76 75 70 34 34 23 85 64 26 0 187
118 23 49 91 72 61 22 94 28 43 25 0 118
133 71 96 36 97 99 70 38 92 37 72 0 133
148 100 36 66 37 27 60 56 80 83 59 0 148
116 52 72 98 24 96 84 89 99 26 24 0 116
154 54 32 23 66 77 70 49 41 23 23 0 154
142 49 82 94 59 59 96 29 60 90 48 0 142
175 48 31 93 97 29 84 62 70 83 39 0 175
160 90 46 30 74 98 57 90 59 53 68 0 160
178 55 61 35 40 76 98 52 61 92 33 0 178
114 33 58 80 33 59 58 61 97 78 34 0 114
134 83 40 81 65 59 70 26 31 56 81 0 134
192 31 54 79 92 41 45 64 45 43 66 0 192
115 56 94 95 60 79 53 99 36 100 41 0 115
184 85 92 100 45 37 24 24 60 53 33 0 184
111 35 44 36 92 91 21 47 86 55 41 0 111
124 64 99 45 53 31 53 39 34 78 52 0 124
136 22 83 35 31 26 80 86 60 54 86 0 136
160 56 23 76 28 37 97 22 45 82 86 0 160
130 77 52 32 42 21 73 72 47 55 20 0 130
117 46 87 72 80 83 38 63 39 46 31 0 117
158 45 80 27 84 74 67 32 72 77 86 0 158
145 51 22 26 29 46 82 33 95 94 70 0 145
200 50 84 66 73 68 58 49 34 50 50 0 200
158 84 28 37 34 80 48 24 42 32 77 0 158
172 39 42 67 25 32 34 26 69 45 53 0 172
136 73 22 80 64 32 43 41 94 32 47 0 136
146 93 45 48 66 34 64 87 25 39 49 0 146
199 83 48 62 30 82 42 31 74 40 91 0 199
133 98 46 55 20 51 94 95 92 54 47 0 133
193 38 85 30 59 32 44 29 97 67 96 0 193
184 100 64 83 26 85 51 89 65 29 76 0 184
192 31 26 93 96 34 22 47 84 54 68 0 192
126 44 31 94 87 55 89 53 26 41 69 0 126
124 79 41 66 90 42 73 83 77 86 44 0 124
134 97 70 91 79 92 26 76 65 92 25 0 134
141 24 84 90 29 37 77 50 69 56 98 0 141
181 78 86 69 85 97 45 80 94 30 99 0 181
193 101 24 32 93 77 39 20 96 45 76 0 193
119 27 98 37 66 22 58 47 28 79 49 0 119
116 59 34 23 59 98 38 68 38 21 63 0 116
178 33 43 83 94 32 41 24 38 28 62 0 178
191 74 78 23 73 84 80 77 30 75 93 0 191
157 39 96 51 58 69 21 89 81 48 97 0 157
191 58 49 47 29 44 88 51 75 97 60 0 191
181 71 92 95 73 89 99 26 75 44 27 0 181
108 68 84 88 55 100 28 40 73 52 67 0 108
165 100 54 22 51 94 73 53 77 29 78 0 165
194 95 90 62 79 96 46 61 38 42 58 0 194
137 90 62 66 64 47 33 93 76 23 45 0 137
168 98 60 50 52 39 99 83 28 86 88 0 168
190 91 75 73 47 56 93 96 55 97 74 0 190
166 81 89 30 40 77 92 38 41 69 74 0 166
109 23 29 55 46 45 35 89 82 67 81 0 109
128 29 80 55 94 26 61 45 32 55 80 0 128
195 35 51 99 100 78 94 59 35 55 21 0 195
122 54 83 93 81 42 22 79 48 88 71 0 122
175 26 31 33 82 87 75 78 59 86 79 0 175
149 98 99 50 98 65 93 72 68 95 95 0 149
134 38 89 48 91 34 43 42 58 101 47 0 134
196 26 75 33 35 94 58 91 77 76 30 0 196
144 52 29 71 79 25 21 30 80 27 50 0 144
184 78 55 94 85 25 96 74 82 100 99 0 184
141 29 80 83 47 36 89 85 61 84 29 0 141
116 62 99 28 76 28 54 52 45 29 68 0 116
147 28 22 50 25 30 88 55 55 73 80 0 147
144 74 61 60 64 68 68 53 40 83 71 0 144
176 66 58 28 80 46 70 55 62 81 83 0 176
174 84 88 56 98 79 29 78 90 97 75 0 174
127 27 58 63 84 88 54 24 24 35 69 0 127
163 79 33 40 42 79 30 66 28 86 99 0 163
149 32 32 76 31 67 26 44 79 30 49 0 149
192 57 63 30 82 91 55 67 71 21 77 0 192
100 71 57 66 64 62 99 33 68 63 51 0 100
110 63 23 42 50 27 42 65 57 68 36 0 110
134 83 43 87 95 34 66 41 67 35 71 0 134
171 55 87 41 20 25 76 68 40 78 27 0 171
108 59 56 46 50 43 89 68 35 76 100 0 108
119 72 58 26 52 76 59 78 42 44 73 0 119
137 80 68 35 49 73 23 76 39 86 101 0 137
120 70 50 41 54 100 88 69 95 97 50 0 120
194 21 71 51 35 70 78 27 67 66 83 0 194
179 94 101 23 71 78 81 79 29 45 30 0 179
171 56 79 100 100 21 21 30 92 67 40 0 171
110 39 91 68 78 96 92 90 67 72 39 0 110
117 41 95 91 62 35 85 67 27 83 47 0 117
149 42 47 92 38 41 79 28 54 86 24 0 149
148 49 77 62 43 23 51 87 37 76 91 0 148
165 57 74 46 53 34 82 94 64 29 76 0 165
179 39 67 21 21 67 73 95 99 52 47 0 179
195 21 98 80 91 44 48 51 76 63 78 0 195
127 66 76 28 67 72 94 40 89 61 20 0 127
149 71 52 63 34 53 57 26 27 43 65 0 149
119 87 78 49 48 71 43 77 28 38 30 0 119
138 64 29 66 79 28 74 65 46 54 59 0 138
118 28 78 75 37 48 28 45 90 39 72 0 118
147 84 34 58 51 79 23 88 63 29 100 0 147
169 27 31 85 86 89 50 99 23 59 73 0 169
118 51 62 39 81 91 59 92 52 35 79 0 118
142 34 100 39 97 96 76 73 26 28 24 0 142
197 96 68 42 38 31 60 91 37 72 40 0 197
139 30 32 54 83 79 39 34 99 74 52 0 139
200 22 31 60 61 43 83 42 35 88 37 0 200
125 78 29 31 69 22 86 33 40 99 100 0 125
113 74 66 60 20 88 37 95 65 63 66 0 113
108 94 47 58 86 61 29 89 59 100 94 0 108
165 50 76 98 67 23 46 50 39 23 24 0 165
148 55 51 69 53 57 59 88 40 72 76 0 148
167 38 72 33 46 73 24 24 95 27 91 0 167
101 92 28 89 52 61 77 79 96 52 51 0 101
102 28 30 74 76 59 49 84 86 21 69 0 102
156 49 90 61 66 68 51 22 84 88 90 0 156
166 52 60 94 21 67 21 59 74 30 28 0 166
189 80 25 62 72 79 78 60 38 20 46 0 189
114 48 56 70 91 90 27 24 21 93 45 0 114
107 94 53 51 79 32 35 99 84 32 57 0 107
129 31 50 68 44 74 88 84 23 23 52 0 129
117 39 28 32 52 36 23 39 98 25 87 0 117
150 51 50 83 86 68 97 25 100 95 84 0 150
144 53 59 61 23 96 67 57 82 72 84 0 144
125 61 47 99 94 91 38 39 50 87 65 0 125
107 44 53 69 47 44 25 47 94 100 47 0 107
184 51 40 100 80 66 21 43 42 41 71 0 184
169 70 49 33 69 46 74 59 49 81 84 0 169
130 36 54 85 43 39 85 42 67 68 37 0 130
124 24 84 41 33 93 40 54 44 90 93 0 124
158 83 54 67 58 25 67 84 91 53 42 0 158
136 46 87 75 68 59 81 92 24 99 31 0 136
163 47 74 38 82 23 76 100 27 54 22 0 163
101 69 20 69 57 38 98 32 97 69 65 0 101
170 46 88 81 39 49 57 21 49 63 36 0 170
126 23 89 66 78 20 53 93 31 21 21 0 126
104 36 29 89 45 54 31 84 43 93 77 0 104
114 21 81 89 66 25 66 29 58 78 31 0 114
115 93 26 55 59 69 58 33 45 83 28 0 115
189 41 94 58 54 63 45 34 46 92 91 0 189
103 81 41 44 25 20 86 83 49 26 32 0 103
197 27 35 35 95 66 34 67 55 60 77 0 197
132 56 74 63 98 49 42 91 92 62 52 0 132
157 35 30 66 77 52 88 56 78 27 58 0 157
184 60 58 41 48 56 50 45 26 34 92 0 184
197 24 87 61 22 33 29 49 29 27 94 0 197
107 53 35 63 64 82 34 65 67 24 68 0 107
113 62 70 73 98 85 63 29 70 79 72 0 113
121 99 35 76 54 82 72 64 84 62 25 0 121
154 53 48 82 31 33 25 101 21 68 66 0 154
179 60 45 56 60 80 63 58 59 73 64 0 179
181 95 22 36 90 90 50 87 89 33 85 0 181
122 27 81 70 21 45 27 85 60 38 82 0 122
154 101 62 21 25 54 36 56 93 62 87 0 154
121 92 38 65 67 29 60 50 69 91 44 0 121
166 53 47 55 91 90 87 72 91 25 28 0 166
120 80 23 64 69 24 49 93 43 66 26 0 120
175 48 23 46 41 89 37 80 61 54 22 0 175
156 58 41 84 47 49 36 89 55 22 63 0 156
180 52 60 92 99 47 87 80 32 30 28 0 180
186 69 49 43 68 59 43 49 53 71 65 0 186
106 70 31 83 100 22 68 27 60 74 46 0 106
191 45 42 66 41 40 42 62 23 32 48 0 191
105 38 65 75 65 39 95 25 71 28 49 0 105
128 22 74 66 41 75 95 50 43 41 51 0 128
160 69 31 31 43 82 67 38 31 45 95 0 160
151 31 91 48 52 74 58 39 68 51 23 0 151
137 31 38 62 28 70 90 39 71 26 62 0 137
200 33 58 44 62 84 60 24 59 24 42 0 200
115 99 88 33 40 77 64 75 54 96 41 0 115
159 35 31 45 77 67 50 68 60 43 88 0 159
189 95 81 34 25 56 51 71 48 20 41 0 189
177 35 96 73 32 93 64 53 28 24 77 0 177
104 55 39 24 27 56 28 39 98 21 93 0 104
131 55 22 93 87 86 95 21 96 73 97 0 131
189 41 89 37 94 28 34 80 88 67 64 0 189
153 26 60 62 86 93 35 78 64 34 37 0 153
119 55 52 61 48 33 38 38 58 85 40 0 119
138 84 97 90 40 74 97 88 46 52 60 0 138
122 59 97 52 91 89 95 95 54 59 31 0 122
200 69 65 68 81 28 81 66 61 49 55 0 200
117 53 84 24 88 94 71 63 27 88 36 0 117
149 55 74 91 64 74 88 93 90 68 97 0 149
177 46 27 51 71 55 78 92 33 44 90 0 177
132 58 59 72 98 59 35 84 54 89 57 0 132
126 22 83 48 66 56 71 21 45 25 28 0 126
176 96 73 83 61 66 31 61 84 48 79 0 176
150 22 40 68 95 96 94 27 58 27 48 0 150
138 30 40 63 24 80 54 91 65 52 31 0 138
183 97 46 98 89 46 94 86 56 30 59 0 183
167 98 91 34 26 23 48 82 74 21 91 0 167
106 42 75 87 67 45 73 73 68 55 92 0 106
117 46 84 36 44 66 72 49 23 27 32 0 117
117 34 40 40 85 100 42 98 51 83 85 0 117
153 99 43 48 95 90 32 32 93 95 53 0 153
172 48 83 38 50 69 66 50 27 36 42 0 172
118 91 53 75 25 23 37 31 84 81 58 0 118
124 82 41 82 31 87 45 21 33 46 26 0 124
190 58 99 74 26 55 86 71 32 89 29 0 190
176 31 101 56 86 42 37 71 48 67 67 0 176
164 24 64 36 69 87 85 91 93 44 70 0 164
164 27 36 57 80 68 52 36 32 90 24 0 164
163 28 84 59 51 55 35 76 32 84 32 0 163
172 45 71 84 28 39 50 60 99 98 83 0 172
188 66 35 92 54 64 97 52 91 23 76 0 188
191 34 88 54 35 21 93 85 42 41 26 0 191
143 73 25 42 40 28 75 29 40 39 41 0 143
152 75 88 100 56 74 32 37 29 58 71 0 152
165 51 72 76 53 94 53 58 67 29 47 0 165
129 52 87 56 24 59 57 75 57 43 83 0 129
156 31 61 83 87 55 44 79 58 75 66 0 156
163 75 49 81 81 22 55 65 39 36 76 0 163
103 24 63 95 81 27 26 61 46 24 72 0 103
105 100 84 40 76 80 57 41 24 56 34 0 105
193 90 32 34 45 36 53 22 22 34 71 0 193
188 76 45 49 39 88 26 59 71 53 52 0 188
146 68 32 51 71 97 73 83 49 52 71 0 146
165 37 72 46 35 44 43 82 45 62 22 0 165
197 31 61 61 81 95 71 22 53 52 48 0 197
147 38 68 90 39 48 80 37 33 29 88 0 147
108 73 59 99 74 24 77 69 76 68 78 0 108
162 54 93 78 73 36 51 32 50 57 24 0 162
174 81 37 75 88 58 87 60 56 101 69 0 174
112 92 62 80 79 33 24 71 27 98 34 0 112
195 99 77 44 90 76 78 64 90 70 24 0 195
133 96 65 58 58 64 70 51 48 48 71 0 133
112 51 55 63 74 27 99 90 71 63 48 0 112
174 35 66 77 48 75 58 23 93 90 53 0 174
171 42 44 21 54 41 87 38 57 78 47 0 171
123 44 97 24 82 95 23 66 43 57 94 0 123
178 61 70 48 91 88 30 100 61 22 77 0 178
174 83 83 75 89 72 55 56 91 67 35 0 174
192 66 93 22 40 20 46 84 82 50 96 0 192
133 58 90 86 76 23 23 27 30 24 39 0 133
132 83 30 29 63 81 78 100 26 93 96 0 132
188 81 90 45 28 61 58 42 71 68 41 0 188
187 58 57 51 47 55 52 27 99 87 58 0 187
117 29 41 51 50 100 64 37 66 61 63 0 117
124 75 42 22 87 59 95 50 70 38 77 0 124
127 74 88 68 83 92 28 72 89 94 47 0 127
186 40 36 100 50 20 34 66 36 23 29 0 186
146 92 50 50 52 76 92 29 35 63 78 0 146
144 45 49 28 73 88 83 84 41 28 66 0 144
139 92 89 21 90 50 26 90 53 99 67 0 139
135 73 61 76 54 42 58 72 63 27 44 0 135
151 88 46 74 38 58 33 78 75 82 49 0 151
186 25 99 49 21 45 59 24 85 38 34 0 186
132 54 77 75 69 64 50 36 48 28 83 0 132
145 96 89 51 63 57 75 97 98 101 73 0 145
172 45 46 73 52 84 86 57 88 39 79 0 172
101 81 27 40 70 36 32 26 94 50 47 0 101
128 92 41 39 30 74 88 72 52 29 53 0 128
114 25 55 35 28 65 58 75 59 96 33 0 114
117 76 56 85 73 89 47 24 20 45 46 0 117
120 50 23 75 87 46 65 25 95 63 54 0 120
185 57 56 61 71 25 47 78 35 38 85 0 185
191 31 34 42 52 23 97 20 60 86 97 0 191
129 72 56 83 79 34 98 67 100 64 25 0 129
136 60 92 86 75 75 35 67 63 37 100 0 136
184 74 56 63 62 30 75 85 35 86 60 0 184
199 74 80 47 97 43 66 44 71 26 89 0 199
119 87 27 37 38 90 85 22 34 29 71 0 119
182 89 40 70 93 61 63 69 34 89 33 0 182
140 45 27 54 28 73 36 79 53 40 69 0 140
183 22 96 83 73 34 70 27 39 90 24 0 183
146 74 83 68 71 82 63 96 38 82 60 0 146
142 73 75 28 42 32 58 81 76 99 70 0 142
138 85 49 75 34 97 42 93 46 86 71 0 138
164 85 52 60 25 45 73 99 59 46 27 0 164
116 97 101 63 85 98 88 99 49 50 84 0 116
143 68 72 49 47 71 22 34 22 84 37 0 143
195 75 96 25 92 41 64 97 29 21 34 0 195
126 66 82 28 56 51 21 93 45 37 89 0 126
171 34 46 47 62 21 57 95 63 76 28 0 171
174 80 88 74 95 91 41 81 101 50 31 0 174
113 40 60 32 33 42 41 73 60 71 70 0 113
139 32 71 66 91 48 36 24 80 24 100 0 139
173 71 55 96 34 35 59 86 68 93 76 0 173
101 55 25 29 46 30 79 67 46 81 46 0 101
152 52 21 38 75 21 80 73 99 31 35 0 152
140 93 51 87 61 89 74 83 89 64 61 0 140
148 44 96 24 51 88 65 42 31 81 97 0 148
117 49 61 83 51 43 70 58 67 83 44 0 117
160 63 55 55 65 99 54 55 51 99 48 0 160
179 72 63 80 36 73 39 76 47 92 35 0 179
151 51 26 47 53 22 82 26 60 43 85 0 151
138 80 70 80 74 63 80 91 98 49 49 0 138
180 74 24 86 93 51 21 21 51 70 27 0 180
192 72 81 53 39 48 89 81 22 42 68 0 192
197 100 90 32 67 47 83 89 28 79 75 0 197
188 91 54 49 35 94 74 68 76 49 41 0 188
156 20 88 73 50 61 27 34 77 31 66 0 156
101 35 41 20 38 82 81 48 76 22 27 0 101
118 34 96 51 55 43 87 43 94 33 85 0 118
177 81 46 95 24 50 89 48 38 34 65 0 177
154 61 22 47 20 85 72 46 101 41 67 0 154
174 55 85 41 61 53 21 74 54 43 36 0 174
160 87 33 59 42 96 64 98 44 70 52 0 160
169 77 83 32 81 25 74 28 26 48 96 0 169
116 69 75 46 64 36 33 77 60 76 48 0 116
138 65 97 71 41 83 71 21 91 21 26 0 138
104 101 30 83 41 50 31 80 93 47 60 0 104
143 86 33 48 97 71 71 33 31 70 31 0 143
196 59 81 26 45 100 46 95 25 41 26 0 196
137 31 82 100 56 35 42 98 28 21 54 0 137
180 57 38 100 53 84 99 42 36 99 31 0 180
128 60 51 33 44 93 77 66 28 44 65 0 128
200 85 21 51 30 87 58 69 47 90 36 0 200
157 91 76 24 35 69 72 32 43 56 82 0 157
129 27 33 30 69 40 43 26 27 41 68 0 129
191 66 32 37 99 93 65 83 87 26 95 0 191
178 84 63 29 55 28 88 58 56 58 86 0 178
155 77 69 73 87 62 92 35 76 70 25 0 155
140 91 63 68 92 26 26 37 29 96 95 0 140
123 33 82 50 96 91 70 95 55 33 31 0 123
187 70 21 88 42 69 100 24 45 81 85 0 187
197 75 83 91 40 74 25 30 96 80 80 0 197
150 75 27 74 95 59 95 32 21 83 53 0 150
174 28 23 38 24 58 21 26 80 54 24 0 174
118 64 80 48 86 91 88 87 37 34 26 0 118
195 32 47 100 62 64 87 100 66 23 31 0 195
163 34 82 49 84 99 39 60 66 84 61 0 163
171 31 100 90 95 28 64 84 40 79 85 0 171
151 60 100 80 38 92 79 63 49 72 24 0 151
195 21 44 84 77 66 101 68 31 24 38 0 195
190 83 57 62 43 84 82 46 74 60 60 0 190
123 43 56 20 56 90 36 46 68 75 39 0 123
115 78 20 40 73 62 98 24 33 23 90 0 115
156 73 93 38 29 33 95 61 96 61 56 0 156
101 22 64 32 57 51 82 98 46 55 95 0 101
177 81 25 82 76 43 23 33 20 89 93 0 177
128 78 48 29 68 54 45 46 88 28 100 0 128
149 72 44 40 62 75 69 84 56 91 26 0 149
189 66 51 31 58 64 40 85 45 61 85 0 189
172 95 88 57 63 46 83 45 27 100 30 0 172
180 49 61 68 68 95 81 54 60 53 25 0 180
191 55 69 57 73 75 26 29 100 23 34 0 191
134 69 49 73 51 85 78 52 42 94 88 0 134
147 46 29 98 81 90 54 37 48 96 35 0 147
170 100 52 64 73 94 54 77 47 62 91 0 170
192 87 47 65 24 89 93 52 39 73 60 0 192
188 81 34 42 89 81 32 51 47 66 55 0 188
185 66 29 75 88 30 46 42 55 94 95 0 185
119 23 34 26 99 52 72 47 39 93 28 0 119
138 69 57 67 80 31 88 43 100 52 32 0 138
175 93 47 82 64 54 88 95 74 38 67 0 175
104 59 74 46 64 36 25 74 37 29 83 0 104
102 36 31 52 27 73 75 76 35 76 74 0 102
166 39 24 77 83 75 52 61 79 59 37 0 166
134 33 58 39 91 85 69 40 65 44 66 0 134
197 85 47 89 86 24 21 100 88 56 57 0 197
100 63 87 82 100 71 27 84 69 73 26 0 100
166 93 68 22 47 25 93 68 31 31 39 0 166
145 71 24 50 87 43 101 49 49 82 50 0 145
158 26 24 30 43 71 49 50 99 35 55 0 158
107 84 87 74 81 100 24 66 85 30 43 0 107
145 74 43 32 48 71 47 86 46 23 52 0 145
111 81 53 72 53 38 88 35 80 87 34 0 111
158 71 26 21 85 48 73 74 69 36 22 0 158
183 80 69 59 89 75 48 25 35 39 89 0 183
144 45 94 67 64 47 86 31 55 29 75 0 144
182 43 23 30 98 69 62 54 68 27 56 0 182
180 23 84 55 95 67 68 75 42 32 67 0 180
166 77 50 93 42 75 89 66 22 61 40 0 166
114 30 82 42 74 87 26 58 85 65 39 0 114
145 39 48 33 49 23 52 21 88 60 101 0 145
109 92 35 29 88 51 82 59 30 50 80 0 109
190 58 41 38 30 53 25 45 88 51 44 0 190
182 35 58 56 93 81 49 56 45 61 44 0 182
130 26 94 38 54 45 25 71 39 32 88 0 130
191 76 78 90 53 82 74 83 42 47 47 0 191
133 33 22 21 44 89 28 27 28 71 98 0 133
109 69 46 78 30 60 77 39 22 23 39 0 109
181 80 90 42 22 69 79 62 85 67 67 0 181
178 38 55 20 28 96 55 34 76 73 60 0 178
187 96 89 45 41 29 94 28 70 42 64 0 187
122 52 97 32 36 90 64 83 61 48 31 0 122
197 38 69 46 90 26 73 31 85 42 90 0 197
189 32 65 56 51 68 93 80 90 40 33 0 189
137 76 93 46 24 76 66 32 63 76 33 0 137
174 86 79 28 42 67 61 69 84 41 90 0 174
179 21 80 33 88 33 59 77 74 42 101 0 179
156 87 53 42 52 85 28 68 95 30 23 0 156
104 31 75 74 67 79 32 33 35 22 37 0 104
116 78 36 80 101 99 26 48 54 68 100 0 116
100 43 44 36 20 54 95 33 97 61 81 0 100
153 22 26 63 68 47 36 70 28 82 78 0 153
145 31 33 63 33 45 79 25 100 90 53 0 145
152 80 86 89 29 64 41 93 86 75 22 0 152
197 30 34 27 57 45 70 25 22 73 50 0 197
180 23 78 44 28 32 45 94 93 66 48 0 180
168 44 32 25 20 43 72 34 31 86 39 0 168
127 100 49 81 87 41 98 31 80 23 34 0 127
112 84 77 89 60 60 89 48 71 99 73 0 112
150 66 81 65 84 51 55 92 60 39 46 0 150
172 31 43 44 48 81 71 56 29 29 89 0 172
157 76 99 61 30 28 45 32 91 38 56 0 157
175 39 60 35 71 82 74 59 40 66 31 0 175
126 55 65 32 32 96 20 53 88 81 85 0 126
132 77 67 26 31 87 47 83 44 93 86 0 132
191 99 57 59 51 49 98 53 80 45 24 0 191
143 73 99 77 78 99 77 61 81 55 60 0 143
154 70 43 56 72 94 73 51 34 70 22 0 154
149 36 82 67 77 71 82 62 89 38 25 0 149
184 53 74 87 76 38 83 40 29 77 61 0 184
141 21 49 22 89 81 94 64 96 48 54 0 141
175 63 36 38 25 71 20 98 51 94 96 0 175
196 81 86 63 100 99 76 45 22 95 62 0 196
115 73 84 82 93 31 22 91 29 65 89 0 115
133 34 65 32 76 85 35 35 66 27 67 0 133
146 65 96 43 78 89 90 71 71 21 84 0 146
110 26 87 36 36 22 62 78 42 20 69 0 110
186 75 23 49 22 63 81 53 23 92 49 0 186
170 73 94 41 79 65 42 72 82 81 60 0 170
142 39 96 93 57 24 22 41 41 81 45 0 142
159 83 69 52 52 101 70 38 66 66 26 0 159
153 92 81 87 20 98 82 67 99 36 23 0 153
145 80 79 91 86 81 37 58 80 92 49 0 145
200 34 72 61 94 54 68 52 62 29 96 0 200
153 48 89 35 72 28 51 70 39 40 26 0 153
139 62 58 61 30 85 91 40 80 28 26 0 139
114 66 60 26 77 71 68 80 29 92 31 0 114
187 77 71 39 96 25 99 56 37 82 61 0 187
195 27 21 44 57 30 89 53 32 44 50 0 195
108 69 71 64 49 46 71 41 46 77 43 0 108
169 60 44 76 81 69 47 57 51 85 52 0 169
188 86 23 32 61 32 30 65 44 88 64 0 188
172 95 88 45 38 45 48 49 72 83 51 0 172
182 71 46 78 53 79 95 27 48 71 45 0 182
184 37 56 50 73 82 47 56 23 27 46 0 184
105 81 68 42 96 87 46 74 57 84 45 0 105
197 75 82 70 40 37 21 89 84 55 21 0 197
177 34 42 98 66 21 92 71 51 84 25 0 177
187 58 67 47 55 54 57 43 95 76 61 0 187
122 35 62 63 31 63 25 26 84 33 23 0 122
177 81 63 99 81 39 28 40 30 29 101 0 177
185 80 30 55 71 29 38 41 60 44 30 0 185
186 41 95 21 26 28 69 21 94 29 25 0 186
155 35 20 25 23 96 74 66 27 34 61 0 155
192 95 74 68 40 60 44 77 48 40 45 0 192
186 21 51 78 72 54 88 46 89 82 59 0 186
125 31 34 63 22 73 61 38 41 38 32 0 125
179 95 35 54 43 53 73 75 98 60 82 0 179
133 31 54 79 94 23 53 90 36 62 40 0 133
192 69 80 56 76 80 94 59 25 23 57 0 192
173 82 90 50 61 64 100 98 87 22 33 0 173
185 42 54 41 40 34 36 90 96 80 40 0 185
175 49 62 64 49 47 43 65 72 69 67 0 175
160 73 25 89 40 49 55 46 51 28 71 0 160
117 23 36 56 43 27 57 41 57 63 44 0 117
182 58 98 63 92 76 38 37 35 20 25 0 182
199 96 45 89 79 26 57 71 44 23 80 0 199
171 37 56 101 72 42 51 67 33 41 82 0 171
154 56 88 82 100 53 21 24 46 52 81 0 154
125 63 85 75 64 45 76 95 29 58 41 0 125
100 60 77 33 71 23 54 87 43 62 23 0 100
186 85 94 56 61 57 87 99 85 27 92 0 186
169 65 22 40 35 91 34 42 79 41 51 0 169
141 82 73 60 80 31 100 39 26 54 55 0 141
161 28 94 25 35 66 59 37 85 91 50 0 161
103 59 82 31 56 58 58 96 99 78 49 0 103
103 26 95 95 80 44 48 90 101 95 78 0 103
139 72 79 28 40 90 61 95 43 69 47 0 139
196 45 48 27 26 42 89 56 56 76 39 0 196
134 89 39 83 29 31 75 81 59 55 36 0 134
146 61 46 21 70 33 51 39 87 74 80 0 146
126 62 59 66 26 85 82 29 43 82 73 0 126
131 26 67 22 74 37 37 34 25 89 82 0 131
156 100 45 45 33 37 85 63 82 81 69 0 156
119 22 22 55 21 32 80 31 43 55 28 0 119
172 41 80 66 81 90 70 98 77 25 52 0 172
194 89 95 67 77 84 95 50 37 48 62 0 194
155 82 51 56 41 31 32 59 68 71 90 0 155
157 37 54 64 61 49 50 54 48 96 28 0 157
148 87 36 46 29 22 87 90 50 80 94 0 148
192 43 94 77 79 63 37 56 25 62 84 0 192
181 93 72 81 85 91 94 67 28 42 70 0 181
107 76 56 84 94 43 97 31 56 52 57 0 107
107 63 48 78 38 84 87 53 56 36 52 0 107
107 98 20 78 73 72 93 101 66 27 88 0 107
185 60 49 45 91 20 99 35 41 101 85 0 185
147 88 71 74 87 91 61 60 40 101 90 0 147
199 65 28 69 37 60 61 55 33 65 99 0 199
130 30 48 34 101 101 77 37 59 31 56 0 130
198 30 96 26 61 42 50 49 46 41 71 0 198
154 51 61 40 81 36 25 33 41 43 30 0 154
120 79 56 30 48 46 33 80 39 64 68 0 120
193 66 70 81 85 68 63 39 62 50 100 0 193
181 34 56 33 48 40 91 94 78 34 99 0 181
166 53 97 53 52 53 70 62 48 36 59 0 166
181 24 89 74 61 100 92 91 24 24 45 0 181
178 65 90 95 100 81 56 68 59 99 77 0 178
160 86 39 22 63 77 60 45 67 88 93 0 160
186 36 86 34 32 58 42 95 96 58 53 0 186
116 38 86 62 70 50 72 66 35 76 84 0 116
107 86 30 33 57 28 48 70 69 49 48 0 107
179 30 96 67 62 62 87 65 23 58 61 0 179
136 82 78 46 93 98 50 55 41 21 97 0 136
187 46 38 33 67 90 38 87 93 77 71 0 187
132 86 56 93 22 70 45 83 88 98 25 0 132
150 47 44 94 65 93 48 31 27 30 62 0 150
191 29 46 32 52 28 76 50 89 63 41 0 191
129 74 69 53 70 42 88 92 57 40 99 0 129
125 44 49 61 53 60 81 66 48 51 32 0 125
163 54 93 76 45 96 61 75 97 56 75 0 163
182 45 27 92 99 49 74 99 44 93 65 0 182
110 74 87 83 74 65 96 98 43 79 50 0 110
157 49 52 47 76 57 31 36 46 84 79 0 157
155 79 81 90 69 41 49 84 36 39 21 0 155
142 67 58 101 29 72 96 93 63 68 47 0 142
101 96 70 27 64 66 43 84 22 73 67 0 101
184 59 47 24 48 30 87 80 28 37 68 0 184
162 68 26 53 75 27 59 60 85 95 98 0 162
118 70 22 78 58 98 49 84 67 67 39 0 118
137 57 34 67 92 52 98 60 49 35 64 0 137
163 71 68 79 80 35 79 45 65 92 72 0 163
101 22 88 38 48 92 80 32 60 70 93 0 101
154 25 81 43 74 62 48 71 98 72 64 0 154
175 31 72 67 58 88 75 73 36 51 86 0 175
169 36 62 48 38 50 95 75 89 92 84 0 169
198 99 88 40 99 45 67 35 63 63 61 0 198
104 49 83 44 51 82 72 75 37 96 64 0 104
102 51 60 82 31 89 68 21 34 44 39 0 102
147 91 44 40 33 48 91 58 98 97 72 0 147
170 22 51 29 69 65 55 52 26 21 96 0 170
198 84 66 81 50 92 72 28 100 75 71 0 198
163 95 31 39 48 89 97 35 59 47 78 0 163
166 32 70 90 25 41 78 50 86 70 82 0 166
125 89 69 58 81 45 61 38 44 64 22 0 125
145 73 26 44 42 28 76 34 26 47 87 0 145
115 55 39 64 65 30 55 54 79 33 46 0 115
190 94 97 83 27 73 38 42 44 47 64 0 190
189 45 94 56 70 69 50 79 62 79 69 0 189
156 32 52 37 21 60 23 49 80 94 68 0 156
196 43 71 61 97 76 23 56 46 76 34 0 196
144 98 65 98 37 91 32 93 30 32 34 0 144
183 22 68 52 79 99 72 28 29 31 73 0 183
185 48 71 93 91 100 58 32 94 50 29 0 185
165 52 40 82 82 24 35 100 101 90 83 0 165
132 81 84 36 61 81 72 75 81 86 58 0 132
155 30 25 75 66 64 60 94 34 35 57 0 155
184 96 47 38 75 21 92 66 26 35 51 0 184
112 96 48 56 82 91 41 99 35 58 39 0 112
170 97 35 47 88 22 69 22 52 59 47 0 170
198 98 61 86 83 92 56 24 99 36 39 0 198
114 44 35 83 59 98 37 27 76 92 73 0 114
196 75 40 30 46 63 65 49 25 101 69 0 196
130 30 82 73 43 81 95 92 22 88 21 0 130
150 38 91 99 35 91 92 67 94 86 74 0 150
149 35 55 92 93 46 55 54 60 43 84 0 149
199 65 46 100 83 85 78 23 70 34 83 0 199
138 85 20 86 69 28 55 96 55 100 74 0 138
170 27 36 49 47 27 87 72 52 97 52 0 170
137 78 25 81 62 40 31 49 65 100 60 0 137
134 94 43 56 83 70 87 91 40 27 95 0 134
158 59 28 74 43 83 41 45 67 84 74 0 158
120 65 85 81 86 81 36 70 82 21 85 0 120
139 55 60 42 73 67 27 61 96 51 47 0 139
146 54 66 69 70 42 67 46 58 31 59 0 146
164 21 88 58 95 91 71 79 75 61 44 0 164
178 75 98 27 30 57 74 43 24 77 47 0 178
184 59 35 37 56 85 30 63 31 40 89 0 184
184 70 91 99 90 38 59 72 29 96 36 0 184
120 99 60 79 89 80 82 74 30 63 81 0 120
169 60 87 66 73 64 59 100 54 79 53 0 169
112 70 84 67 46 93 96 26 57 63 77 0 112
188 57 69 90 42 72 53 64 100 73 61 0 188
154 78 38 93 53 56 25 55 80 54 70 0 154
101 23 49 89 30 30 43 46 52 57 63 0 101
132 68 71 100 82 69 29 97 100 64 29 0 132
176 67 33 55 26 65 35 35 79 54 75 0 176
134 83 71 66 33 48 54 56 85 93 62 0 134
179 23 33 26 24 58 30 30 96 21 33 0 179
107 78 64 89 83 62 30 80 84 49 22 0 107
199 32 32 61 36 84 69 24 70 36 42 0 199
188 20 98 62 38 36 80 84 66 66 50 0 188
130 65 79 87 65 84 65 26 88 56 31 0 130
167 82 49 100 74 22 42 80 53 25 48 0 167
104 85 63 95 44 76 41 57 58 80 69 0 104
175 65 62 46 98 77 27 41 47 81 88 0 175
200 55 45 41 37 23 61 24 70 63 52 0 200
172 22 77 46 54 61 76 64 97 42 21 0 172
191 59 64 91 97 28 76 66 27 59 84 0 191
111 25 23 48 39 42 36 27 98 80 68 0 111
121 55 46 80 41 88 21 52 67 36 75 0 121
176 60 96 66 73 85 95 58 38 24 84 0 176
107 94 26 86 61 30 58 100 81 46 41 0 107
103 67 20 29 41 89 83 23 101 70 79 0 103
153 34 47 94 75 23 43 75 75 68 87 0 153
197 59 66 31 33 23 83 39 65 30 82 0 197
165 47 74 75 40 86 63 56 52 80 20 0 165
151 61 45 95 96 31 83 67 67 35 49 0 151
165 95 64 91 73 94 42 67 85 44 89 0 165
119 39 55 51 34 85 40 92 23 36 83 0 119
118 84 93 34 99 26 42 21 29 46 89 0 118
180 97 26 72 99 32 54 97 51 91 28 0 180
145 22 92 44 97 67 72 53 67 42 83 0 145
150 93 77 34 99 32 23 55 63 74 82 0 150
181 64 76 44 93 54 31 101 81 53 59 0 181
115 40 76 66 97 41 72 88 22 84 99 0 115
137 73 96 92 79 60 32 38 93 39 27 0 137
158 75 81 54 26 79 61 45 95 62 69 0 158
160 78 86 67 84 91 82 60 27 64 96 0 160
146 26 33 33 23 66 39 48 79 25 53 0 146
198 78 85 98 43 26 96 51 56 24 93 0 198
124 31 100 30 99 46 57 60 89 32 49 0 124
116 55 81 29 39 75 85 95 61 68 39 0 116
186 86 66 70 60 85 74 55 74 50 22 0 186
160 86 45 74 87 52 52 50 83 30 58 0 160
137 90 97 34 41 68 67 76 59 49 87 0 137
155 60 72 99 21 81 94 83 48 91 29 0 155
193 26 78 78 97 42 85 70 42 75 84 0 193
118 80 65 78 55 33 21 24 54 71 80 0 118
164 99 31 68 60 93 54 94 98 49 90 0 164
154 37 54 48 94 82 61 37 90 42 89 0 154
110 51 47 23 35 99 84 69 90 37 61 0 110
101 27 33 45 34 23 52 58 79 97 39 0 101
152 49 83 31 56 91 51 34 90 67 20 0 152
189 60 53 85 54 80 75 73 68 71 79 0 189
183 86 97 51 85 28 73 99 60 67 93 0 183
164 34 89 46 44 39 89 80 80 65 20 0 164
120 39 52 71 60 24 21 42 69 41 63 0 120
158 92 39 69 99 76 36 58 61 39 53 0 158
188 39 73 87 82 81 20 74 23 59 24 0 188
176 20 76 65 65 66 46 95 27 60 64 0 176
145 101 94 57 90 76 21 44 31 98 82 0 145
132 51 36 94 93 89 90 75 60 63 30 0 132
109 84 53 26 99 46 65 52 27 52 79 0 109
194 36 82 62 56 26 50 28 71 57 57 0 194
134 61 52 51 91 22 89 69 90 51 72 0 134
174 50 101 43 47 47 91 70 44 27 53 0 174
101 74 80 61 67 60 42 76 39 80 38 0 101
200 41 51 67 50 97 86 27 23 33 57 0 200
135 100 79 77 87 68 54 33 76 46 93 0 135
179 38 39 23 54 39 68 76 23 28 26 0 179
131 89 95 54 23 68 83 87 37 50 86 0 131
176 43 92 89 60 77 78 58 65 97 73 0 176
165 79 87 56 62 44 50 22 77 100 74 0 165
198 57 50 70 57 34 74 42 100 96 59 0 198
123 44 40 40 67 43 94 22 29 42 86 0 123
146 79 61 45 64 53 21 95 55 67 94 0 146
198 67 52 97 93 30 59 80 90 44 79 0 198
160 75 84 92 50 61 60 49 95 21 98 0 160
194 81 43 81 66 47 73 92 32 95 98 0 194
164 97 61 26 80 66 65 32 101 51 43 0 164
102 49 34 87 27 80 68 70 98 76 59 0 102
143 99 21 73 75 88 32 49 72 82 48 0 143
101 94 33 58 51 92 51 63 44 39 99 0 101
155 59 84 43 33 30 39 79 37 91 30 0 155
121 60 62 58 93 98 58 82 59 33 70 0 121
172 33 28 43 54 63 41 39 98 77 63 0 172
165 50 75 82 42 78 65 23 62 78 82 0 165
143 21 97 42 22 54 87 53 75 22 80 0 143
124 86 23 94 69 56 49 40 23 43 34 0 124
162 81 53 43 39 68 59 40 88 94 79 0 162
191 23 52 49 80 27 93 94 31 98 95 0 191
113 96 74 20 35 86 75 35 101 58 39 0 113
128 44 59 45 88 29 36 82 75 38 53 0 128
179 57 29 54 67 72 31 58 60 97 78 0 179
169 74 53 25 31 50 98 93 77 58 81 0 169
200 38 28 79 76 60 28 64 35 50 53 0 200
160 90 96 36 73 33 50 85 66 64 72 0 160
110 76 68 78 30 75 43 32 43 28 87 0 110
174 58 32 59 73 65 26 42 50 79 38 0 174
179 46 34 68 30 43 96 30 101 78 84 0 179
162 49 81 26 54 43 86 21 80 48 60 0 162
120 41 46 30 48 98 92 38 30 48 77 0 120
112 59 97 25 42 48 52 42 53 44 27 0 112
108 71 92 20 54 47 45 74 99 60 55 0 108
180 30 84 52 69 55 39 47 64 65 30 0 180
141 23 78 22 73 45 46 78 82 88 100 0 141
192 91 23 24 31 29 57 57 52 61 25 0 192
177 25 99 47 71 86 53 76 98 85 46 0 177
167 67 56 34 80 48 38 41 40 74 75 0 167
168 38 52 20 82 21 90 89 48 75 73 0 168
139 90 42 60 67 26 32 21 20 55 40 0 139
190 43 99 100 44 31 33 22 39 50 78 0 190
155 94 24 32 63 66 22 68 59 27 67 0 155
192 22 62 95 88 100 38 22 55 22 63 0 192
186 83 38 86 72 24 82 83 71 55 70 0 186
151 80 38 71 71 33 81 34 33 41 88 0 151
177 45 31 90 79 80 29 92 61 92 79 0 177
169 80 39 74 61 43 69 36 91 29 95 0 169
161 89 82 88 21 40 80 65 96 22 67 0 161
152 50 41 100 99 78 75 55 47 45 52 0 152
162 77 25 85 40 62 54 94 34 20 92 0 162
139 89 80 29 67 59 37 41 57 29 33 0 139
167 23 32 25 73 43 31 99 29 53 57 0 167
159 61 82 27 47 83 52 96 83 47 69 0 159
178 94 65 40 21 68 75 46 64 95 69 0 178
126 54 27 25 84 35 45 89 27 46 47 0 126
118 87 72 70 58 57 35 50 85 27 35 0 118
146 25 46 70 28 43 64 81 73 65 51 0 146
118 83 74 91 100 101 47 25 28 48 47 0 118
108 52 52 28 53 86 66 73 65 56 56 0 108
130 98 49 29 43 76 39 43 89 85 70 0 130
179 101 83 43 57 96 67 53 61 30 62 0 179
137 62 63 54 21 52 68 76 97 59 51 0 137
186 45 35 21 44 85 79 44 84 73 83 0 186
174 29 24 89 85 97 25 50 41 69 50 0 174
158 60 37 31 99 49 52 76 23 24 73 0 158
187 79 51 99 34 85 76 59 36 98 43 0 187
141 86 56 76 44 89 95 47 62 46 58 0 141
124 97 45 72 77 43 48 32 21 35 33 0 124
189 46 27 21 69 73 22 71 23 23 39 0 189
194 48 72 48 58 98 40 73 23 53 84 0 194
113 49 87 28 29 30 49 88 96 48 55 0 113
154 84 61 49 36 77 21 51 87 26 82 0 154
174 83 48 29 66 74 95 86 90 71 93 0 174
103 77 49 101 24 39 25 62 89 66 31 0 103
168 79 96 96 52 55 93 64 63 99 54 0 168
105 24 95 91 84 97 44 41 44 92 97 0 105
191 86 36 54 47 58 28 84 28 63 98 0 191
186 29 35 37 32 23 33 75 69 52 86 0 186
152 93 40 59 53 64 63 80 35 53 25 0 152
112 87 55 91 74 61 34 83 92 47 21 0 112
156 36 42 31 73 78 68 30 37 96 88 0 156
195 89 39 71 57 71 82 43 58 26 58 0 195
154 92 84 56 49 67 30 44 52 78 97 0 154
112 69 83 24 31 58 75 81 61 75 47 0 112
116 75 43 42 33 42 67 58 95 78 71 0 116
161 22 89 22 60 70 99 22 64 57 56 0 161
108 62 74 84 63 81 53 20 59 31 44 0 108
154 80 96 48 71 99 47 50 93 71 84 0 154
141 27 94 98 40 49 60 59 82 83 45 0 141
160 55 80 47 85 95 61 45 100 78 47 0 160
129 35 80 49 39 99 48 46 42 99 51 0 129
185 29 49 64 50 91 27 45 63 76 44 0 185
110 79 92 48 56 67 75 59 40 92 26 0 110
146 80 81 78 34 78 89 24 74 88 28 0 146
103 78 83 47 25 23 81 64 51 92 47 0 103
128 44 43 25 57 58 44 88 31 40 89 0 128
146 55 35 60 45 57 72 53 43 51 91 0 146
176 36 88 96 80 85 37 28 75 79 49 0 176
158 55 41 65 91 96 38 99 44 44 96 0 158
150 78 75 30 79 80 52 87 40 87 29 0 150
134 34 43 51 52 21 47 77 66 67 85 0 134
170 83 80 23 35 45 84 95 81 101 80 0 170
182 88 35 99 61 59 46 30 79 42 61 0 182
191 70 89 77 59 51 98 76 99 97 88 0 191
122 29 94 59 101 87 82 21 38 90 64 0 122
185 90 61 42 69 38 51 74 42 37 38 0 185
152 31 76 77 21 27 70 36 48 48 80 0 152
150 71 85 61 46 76 69 95 37 31 93 0 150
160 35 33 86 31 99 75 90 87 43 51 0 160
127 32 51 32 78 90 67 65 79 76 72 0 127
135 60 43 66 23 58 83 42 30 32 27 0 135
163 30 79 51 92 45 24 55 55 33 48 0 163
177 71 69 99 33 90 87 44 93 34 54 0 177
140 73 89 33 48 30 41 95 68 45 42 0 140
191 71 46 42 23 54 65 56 58 71 44 0 191
180 84 46 33 48 30 91 41 66 98 43 0 180
188 92 29 39 54 51 87 88 45 83 27 0 188
161 94 52 57 46 85 23 57 52 81 53 0 161
171 57 32 28 66 56 40 36 39 70 46 0 171
136 46 78 23 64 83 31 77 87 85 41 0 136
192 99 77 75 71 41 87 51 83 96 43 0 192
146 69 52 43 98 39 87 64 97 31 83 0 146
145 21 64 44 86 39 80 80 76 49 55 0 145
174 53 55 34 70 50 23 82 23 86 48 0 174
115 22 28 21 86 99 94 21 88 97 25 0 115
175 91 39 94 44 31 51 47 39 85 33 0 175
142 42 77 51 26 89 47 30 28 38 43 0 142
176 60 83 74 24 64 46 27 75 78 48 0 176
190 80 47 81 91 53 86 65 97 89 79 0 190
116 54 35 93 71 79 23 29 70 66 25 0 116
155 37 30 78 71 86 98 59 63 91 39 0 155
178 56 77 41 76 88 42 76 38 67 22 0 178
180 69 93 85 83 30 55 35 81 26 76 0 180
129 73 75 50 38 64 79 78 100 86 69 0 129
186 60 68 74 61 57 38 42 34 25 29 0 186
168 79 31 26 26 94 30 55 101 20 46 0 168
105 23 45 49 80 42 22 42 71 91 26 0 105
147 60 48 77 35 95 62 55 101 34 52 0 147
152 77 69 32 81 49 77 89 87 28 42 0 152
119 24 98 26 43 58 100 84 23 70 50 0 119
169 46 47 47 64 50 87 83 77 91 83 0 169
154 62 60 77 50 90 40 46 83 57 76 0 154
189 95 33 69 30 100 84 47 64 47 37 0 189
133 51 46 80 33 32 63 83 79 60 66 0 133
162 50 62 93 89 58 56 73 40 23 84 0 162
104 39 79 71 28 62 44 21 66 34 23 0 104
105 53 25 35 78 81 100 83 68 90 29 0 105
150 72 55 51 40 98 30 47 49 66 26 0 150
170 33 36 71 73 62 76 30 74 81 31 0 170
175 36 28 29 67 32 35 73 98 27 42 0 175
138 74 29 74 58 24 95 39 82 43 27 0 138
167 23 56 78 78 58 75 44 56 65 64 0 167
133 60 89 97 62 21 96 88 93 53 91 0 133
116 26 44 100 32 56 98 58 70 29 84 0 116
176 91 36 74 99 61 70 56 63 46 30 0 176
103 29 67 92 80 80 53 27 95 21 50 0 103
139 67 55 82 34 27 61 34 21 79 33 0 139
102 90 83 82 24 42 61 100 46 83 36 0 102
190 68 90 98 48 50 68 84 84 44 29 0 190
121 68 84 22 57 65 96 33 68 55 51 0 121
198 60 59 58 66 51 67 44 56 48 93 0 198
108 82 97 68 93 33 65 31 41 79 94 0 108
134 44 25 21 24 91 39 68 59 40 37 0 134
120 28 99 51 40 22 70 75 43 61 85 0 120
137 40 48 100 25 34 77 33 71 80 93 0 137
181 84 39 34 52 29 67 63 34 60 34 0 181
137 29 31 29 76 89 21 41 68 76 38 0 137
197 85 59 49 63 30 40 95 40 44 91 0 197
176 32 85 63 64 68 88 44 100 58 93 0 176
179 72 48 100 89 93 31 55 26 87 37 0 179
200 98 53 39 66 38 27 43 56 89 69 0 200
111 86 89 43 56 70 82 42 76 31 32 0 111
169 44 56 70 39 40 41 64 41 35 27 0 169
106 65 79 64 38 97 96 24 23 72 22 0 106
117 85 88 87 69 39 36 78 48 48 56 0 117
175 73 55 85 45 39 93 35 61 34 97 0 175
142 94 62 89 21 79 32 70 96 61 43 0 142
137 72 71 37 94 75 39 81 34 70 87 0 137
150 33 99 24 25 24 98 28 76 60 93 0 150
139 80 40 28 24 83 82 23 63 28 54 0 139
197 88 46 76 88 27 36 98 100 28 46 0 197
189 94 82 54 67 61 80 88 90 64 101 0 189
163 42 92 34 56 40 29 58 78 23 95 0 163
109 77 56 85 48 30 77 68 97 95 61 0 109
179 27 45 91 84 45 33 35 47 68 41 0 179
137 70 71 78 70 99 44 21 44 54 89 0 137
172 74 84 55 74 24 78 29 42 25 58 0 172
178 79 35 87 75 41 93 35 80 39 83 0 178
125 83 43 82 89 56 52 88 44 70 28 0 125
108 30 45 41 75 39 91 100 27 80 84 0 108
132 26 98 78 37 91 26 91 42 87 73 0 132
168 61 21 23 35 92 73 75 25 43 95 0 168
103 91 87 63 31 35 87 68 79 27 67 0 103
157 85 30 57 84 89 91 60 74 43 81 0 157
169 94 100 81 95 47 76 43 76 33 79 0 169
133 77 45 58 32 45 29 59 81 92 90 0 133
187 99 26 25 90 34 84 90 33 90 85 0 187
177 51 67 63 73 21 65 81 46 81 30 0 177
158 65 76 96 21 31 97 47 37 89 73 0 158
118 91 85 94 85 59 63 43 56 100 89 0 118
134 59 64 36 68 71 76 97 81 61 75 0 134
130 100 31 67 73 69 66 57 59 32 70 0 130
169 92 28 95 64 51 39 93 81 36 33 0 169
154 63 58 36 91 89 96 54 59 62 64 0 154
137 54 90 77 24 54 49 80 52 49 35 0 137
149 45 22 59 32 82 61 43 32 35 97 0 149
173 59 60 44 75 69 101 91 21 26 80 0 173
191 45 46 87 28 32 71 75 64 59 94 0 191
150 51 51 35 100 91 85 69 83 98 49 0 150
142 72 60 95 60 77 79 91 90 98 83 0 142
109 76 44 50 94 86 39 100 100 72 75 0 109
106 29 75 32 31 35 43 27 31 95 90 0 106
159 31 65 89 100 74 29 64 66 22 56 0 159
199 72 81 25 34 82 97 63 88 89 56 0 199
188 98 85 56 90 96 35 33 91 67 47 0 188
142 91 98 26 46 54 45 94 42 35 34 0 142
197 97 78 65 93 28 88 24 66 73 77 0 197
110 31 73 70 83 74 51 38 74 90 25 0 110
184 25 44 58 49 21 71 89 43 72 26 0 184
118 97 56 55 41 85 24 69 56 71 22 0 118
128 100 52 40 88 100 100 44 45 52 88 0 128
101 29 67 98 81 46 97 91 50 30 54 0 101
103 54 37 23 47 94 60 78 46 82 29 0 103
106 55 43 31 40 47 76 91 70 89 62 0 106
140 200 175 263 223
100 141 183 237 291
115 174 180 248 265
133 144 189 226 291
125 159 210 223 275
138 157 210 255 267
112 164 187 220 289
127 143 181 256 298
135 165 187 245 287
103 158 205 233 282
111 155 218 256 271
119 162 201 249 276
120 143 213 231 265
136 145 199 250 275
132 165 201 257 297
106 149 182 258 300
104 179 185 252 295
121 140 212 254 275
103 162 216 255 274
120 163 187 239 296
140 158 213 238 263
101 176 217 247 263
139 151 214 245 298
102 176 182 225 289
115 148 208 252 264
126 173 212 241 267
116 140 205 255 299
139 153 186 239 282
139 164 195 250 260
112 152 199 221 295
103 161 203 249 283
128 179 193 243 272
125 151 210 245 276
113 140 199 237 294
113 147 197 233 279
124 140 210 248 284
127 180 218 248 295
115 161 201 221 276
132 140 201 240 263
128 180 218 233 299
106 165 208 240 291
112 162 207 235 281
119 148 197 236 261
131 146 198 223 276
135 160 213 231 273
139 176 182 256 272
105 152 193 252 272
129 150 214 244 283
113 168 209 258 269
137 146 181 238 275
134 163 205 229 261
137 173 193 227 269
124 169 220 247 269
101 164 215 255 285
105 147 186 237 285
126 168 191 249 264
109 180 190 246 270
130 148 200 231 286
104 164 209 253 274
134 165 202 256 291
120 168 195 230 277
116 180 203 229 275
122 146 217 220 282
131 172 207 232 269
111 166 213 253 282
124 157 218 241 268
123 142 200 225 276
124 170 188 254 268
135 161 188 257 273
114 174 213 227 267
128 143 214 260 284
123 179 210 237 295
137 149 201 239 276
133 144 215 239 280
137 158 184 256 278
108 161 188 255 278
124 165 196 226 289
129 148 191 238 271
117 157 201 257 280
120 145 216 236 294
131 148 203 248 300
107 160 214 232 295
130 157 191 242 265
114 152 216 251 263
114 148 212 237 287
136 163 200 253 270
112 147 196 233 262
139 155 189 245 264
125 147 210 243 263
102 163 192 221 299
100 171 186 245 273
137 164 203 243 271
140 169 185 228 278
123 152 205 260 266
100 156 203 220 265
103 142 212 242 263
126 147 181 239 265
101 156 214 252 289
107 178 190 251 297
118 167 219 243 276
120 149 195 258 284
112 177 184 258 284
131 167 212 222 284
117 143 192 232 286
108 160 208 232 275
136 161 205 230 270
129 144 218 249 291
131 158 220 242 292
134 147 215 222 285
136 178 212 244 261
118 149 196 256 274
108 154 215 249 264
108 166 196 236 297
110 158 181 236 278
113 157 180 220 282
117 179 184 237 263
116 148 211 255 267
101 173 202 247 291
128 168 188 224 271
105 148 198 254 295
108 173 199 249 268
114 163 217 254 268
103 159 211 236 289
140 149 188 223 296
119 169 195 240 297
127 168 201 240 273
112 162 180 244 284
100 166 206 222 269
106 176 199 260 268
140 168 180 258 287
138 175 195 232 287
111 168 182 225 262
122 174 218 239 285
105 176 215 235 280
131 169 204 247 275
123 178 194 231 267
137 146 184 253 278
110 178 203 232 268
139 163 190 244 286
139 178 204 237 283
137 149 213 227 274
118 143 182 237 269
128 156 216 248 287
138 144 217 239 273
133 150 190 231 295
131 170 216 252 278
109 166 218 237 296
107 174 203 220 261
101 149 187 242 275
108 141 219 226 288
130 142 210 247 274
103 178 181 241 283
115 144 195 233 278
123 164 219 242 271
128 174 215 249 289
128 162 195 242 273
120 175 188 250 290
127 160 184 256 272
121 178 220 240 264
105 141 183 230 262
123 178 217 259 296
107 155 190 229 274
108 178 189 260 287
109 179 206 247 292
125 157 195 231 264
103 145 203 221 286
135 167 199 255 278
118 145 216 245 269
111 145 183 247 261
112 173 201 252 285
128 146 214 249 288
136 146 191 229 287
119 150 185 233 286
126 148 196 244 276
122 180 207 244 299
110 152 189 258 269
133 146 197 258 272
140 165 220 235 300
126 144 206 249 292
128 178 182 249 266
133 168 187 244 278
139 168 207 246 264
137 171 204 237 286
117 178 190 257 289
103 156 182 226 260
132 168 186 239 297
104 166 198 233 270
127 156 203 259 260
123 156 185 246 260
105 151 196 228 295
122 171 192 241 267
139 172 207 259 296
104 153 202 222 294
128 178 198 241 298
110 142 196 220 265
104 151 208 223 286
103 168 190 241 294
140 163 211 220 272
129 149 206 228 280
130 156 192 222 270
125 141 203 238 275
120 147 219 234 300
139 156 204 229 272
115 150 191 259 266
138 145 211 220 291
109 148 210 251 271
123 140 218 238 272
117 165 209 240 287
121 170 209 256 300
130 165 180 220 261
100 180 212 253 288
108 177 185 226 282
102 175 215 223 268
107 180 210 259 281
107 152 216 234 297
107 150 187 237 300
131 154 216 241 271
114 170 183 243 275
118 166 211 248 280
116 168 187 227 294
110 160 216 251 288
138 145 210 250 275
114 163 218 243 278
131 160 202 225 265
131 156 211 246 284
129 151 211 232 263
129 165 210 223 289
134 170 201 254 282
113 144 186 231 279
105 177 182 246 266
115 150 180 245 274
132 159 185 252 264
113 143 208 220 293
131 180 210 241 283
135 149 209 246 280
136 172 180 256 267
125 140 191 228 289
108 145 206 250 285
131 167 217 238 278
102 166 214 256 272
121 165 196 238 272
127 161 180 242 285
113 175 198 226 279
111 172 219 239 297
123 165 197 245 270
113 142 213 259 288
138 156 204 226 292
109 168 216 236 266
140 179 188 257 272
117 159 208 223 264
130 180 206 222 260
100 147 213 240 283
112 174 218 260 292
131 178 205 253 265
128 154 203 227 296
121 163 198 246 288
140 164 211 237 284
135 153 195 243 272
108 172 220 248 292
136 143 194 229 299
128 180 186 228 285
101 171 191 231 286
111 163 215 248 286
132 167 205 223 298
140 152 182 252 282
132 163 180 222 268
111 170 215 240 279
107 146 220 221 260
138 180 180 240 264
134 177 213 239 270
100 155 210 227 286
140 150 216 243 285
102 157 202 240 269
134 144 192 257 283
125 180 190 222 266
132 155 194 222 291
126 178 197 223 297
117 179 182 260 290
140 156 208 226 288
109 158 219 242 271
127 176 201 243 278
128 164 206 228 286
129 147 188 227 274
103 167 208 260 290
100 171 214 250 292
123 145 209 234 267
136 154 182 237 270
127 164 212 231 260
122 180 199 225 290
115 163 180 231 264
118 170 218 237 268
100 167 218 232 286
106 157 183 234 272
103 170 182 222 285
123 148 189 239 274
109 170 188 226 273
104 147 207 228 296
119 155 219 230 291
126 175 198 221 275
109 174 189 228 292
107 149 197 234 261
124 160 200 221 289
130 165 188 252 281
109 171 217 223 298
120 148 219 242 270
122 145 192 260 273
133 173 189 260 297
114 145 215 238 284
107 160 189 253 260
122 173 190 222 266
127 145 193 229 300
134 154 183 260 265
102 168 198 236 279
125 151 195 252 276
140 140 212 252 271
135 170 207 242 286
126 165 206 231 263
104 175 213 236 262
117 150 195 232 288
134 168 216 243 281
114 154 184 226 271
110 157 203 253 278
137 146 181 258 289
126 161 190 233 273
134 156 189 244 298
131 141 182 237 268
107 154 217 256 286
114 164 206 242 265
116 143 185 249 294
101 146 194 226 264
130 143 181 234 269
135 151 196 240 267
124 172 209 220 297
106 166 201 233 271
109 158 207 240 283
128 148 219 227 297
133 146 217 232 284
140 172 210 245 286
107 180 201 249 288
135 142 199 226 293
134 180 207 240 297
110 176 195 245 262
132 162 180 229 290
110 163 199 248 270
123 154 189 239 294
124 180 200 257 264
112 176 216 236 281
112 154 188 253 279
100 172 196 246 281
115 152 187 244 293
103 146 219 234 269
137 167 203 227 271
125 140 190 255 264
131 147 190 259 275
116 156 181 257 274
135 170 189 230 291
140 146 218 260 262
107 152 209 221 271
112 140 219 237 266
109 176 183 249 293
109 145 195 246 262
111 173 220 229 298
114 142 195 247 300
104 168 186 224 262
129 140 183 228 275
116 141 201 248 263
136 169 189 258 287
117 170 183 256 277
119 173 186 250 273
114 149 212 239 294
106 158 187 236 268
100 143 194 257 279
111 144 205 224 290
101 176 216 221 296
108 150 211 247 281
129 174 205 249 294
114 149 207 257 284
129 172 203 224 282
136 144 185 255 294
109 150 184 244 281
118 143 201 253 270
107 177 180 251 272
104 145 196 241 271
126 178 180 221 285
110 167 218 231 273
108 169 216 245 285
115 156 205 260 290
116 160 204 240 294
131 151 186 257 300
130 148 208 230 300
109 143 205 233 298
123 176 208 241 289
100 142 186 250 270
101 150 218 236 299
125 163 180 253 278
102 147 180 230 277
122 143 216 244 296
117 171 215 247 289
137 175 212 241 267
136 168 213 234 288
101 143 216 251 299
109 169 220 260 261
109 149 205 248 300
128 156 213 251 277
117 171 212 254 269
123 154 219 257 292
110 166 202 255 273
107 147 210 242 274
109 180 209 235 270
124 150 185 222 299
136 172 196 258 272
123 175 209 235 266
134 173 183 224 281
128 173 197 258 276
118 172 218 248 270
113 163 213 232 287
113 170 191 230 265
113 171 187 225 275
102 144 180 246 262
138 147 212 235 281
138 140 188 241 296
103 174 206 231 270
108 169 206 241 274
137 159 188 257 279
131 147 190 255 282
108 154 214 247 277
104 146 193 226 262
128 140 182 236 291
110 141 215 240 294
106 152 204 224 273
106 169 199 238 290
133 166 192 246 277
130 174 190 253 276
104 162 195 231 290
116 170 204 230 265
125 144 217 242 260
137 144 217 238 291
110 141 186 249 284
125 178 184 239 267
118 156 186 234 290
130 150 180 258 293
102 169 215 254 278
133 165 180 257 296
109 152 195 259 277
112 142 184 245 272
131 175 198 244 277
132 150 214 257 297
140 172 185 231 280
106 163 200 229 268
100 140 192 227 260
115 162 189 231 275
101 180 220 243 282
135 170 208 259 262
122 168 205 224 295
116 153 203 227 282
122 172 190 234 295
137 168 192 259 285
102 146 181 233 271
137 166 199 242 292
115 174 202 237 288
100 158 189 244 262
114 175 213 238 299
114 164 195 247 265
125 162 208 243 288
106 141 210 255 276
125 175 191 225 265
135 172 192 225 297
119 143 181 251 280
106 159 197 244 300
115 178 219 239 279
112 143 185 248 269
119 142 187 236 300
112 161 219 243 260
136 152 190 246 290
103 149 197 239 271
128 152 203 240 275
108 168 199 257 273
116 167 205 259 265
106 169 188 225 281
114 174 199 224 268
136 159 212 243 295
121 145 208 230 276
119 166 217 224 286
111 179 185 232 289
125 176 200 238 293
124 143 209 253 280
123 150 200 250 286
117 145 203 251 260
128 180 186 222 276
106 176 208 231 266
116 149 205 241 293
102 167 216 237 270
131 149 180 246 263
123 149 213 250 266
101 176 184 256 266
137 143 214 225 295
138 143 207 247 272
111 159 201 237 289
107 174 204 238 270
119 159 206 247 285
108 149 183 245 268
123 170 186 260 268
115 146 198 255 275
101 172 210 252 280
109 161 211 230 261
110 174 204 226 291
125 157 185 239 270
129 160 191 222 260
103 167 186 242 294
103 157 209 241 297
125 176 202 241 283
129 158 209 246 260
121 159 181 243 285
110 142 187 233 264
138 160 193 237 288
131 178 214 260 275
109 174 180 251 288
102 152 200 243 274
127 147 196 245 274
111 144 187 241 299
127 165 219 245 282
104 141 219 254 267
118 153 185 229 288
138 163 187 220 281
106 173 193 223 285
106 152 194 257 288
106 171 208 241 265
109 156 189 236 300
127 146 182 226 300
107 143 190 259 279
128 167 187 243 271
131 161 206 260 293
130 140 186 226 298
125 178 180 257 267
122 180 180 239 294
123 177 212 221 276
126 170 189 250 283
116 165 190 227 267
128 142 187 224 285
106 159 215 246 289
105 145 204 244 273
137 180 218 238 278
123 157 192 235 264
125 164 190 241 296
128 157 190 221 280
126 141 211 226 285
132 170 219 247 299
104 144 212 225 264
124 176 205 257 292
128 168 199 236 298
106 153 186 228 267
116 171 192 233 272
139 157 192 246 270
105 177 186 245 284
104 167 201 244 279
111 174 216 260 266
137 143 210 233 298
120 152 198 231 291
133 150 188 241 270
139 167 209 249 283
122 165 198 222 285
122 160 204 227 275
129 157 218 244 284
133 167 213 234 278
131 145 180 240 296
138 170 185 241 300
122 164 209 234 266
112 145 200 222 295
120 177 188 260 264
102 150 212 255 289
133 162 209 224 276
135 153 197 257 260
140 174 184 238 264
100 154 197 238 273
122 156 185 260 289
135 155 213 227 279
134 149 186 247 281
116 156 202 238 261
110 156 218 241 283
124 152 199 255 293
119 172 187 252 274
126 175 194 241 279
123 175 204 255 276
125 177 201 248 265
106 167 187 227 288
108 173 216 249 267
122 153 213 221 262
123 151 193 244 275
125 145 203 252 261
136 141 194 245 270
124 160 180 230 266
111 169 205 237 295
106 174 196 255 283
139 152 192 248 262
117 161 206 254 266
130 155 190 227 283
110 151 205 223 262
102 147 215 260 292
116 156 181 251 295
119 160 192 249 262
107 140 204 238 295
136 148 182 230 272
130 155 191 243 300
123 144 201 254 270
133 166 206 226 300
133 176 209 235 270
114 175 209 254 279
102 165 186 228 291
108 141 188 255 284
118 165 218 254 291
139 163 216 254 289
107 150 210 246 281
113 179 199 251 298
124 167 217 259 295
100 168 185 228 282
110 148 201 236 277
111 157 205 224 291
132 159 216 251 281
128 179 190 250 269
128 168 196 227 289
101 167 200 222 270
137 162 213 221 282
114 166 195 220 295
108 177 218 229 284
113 162 209 227 278
128 175 218 239 297
102 151 209 246 269
118 177 180 222 281
104 142 202 232 296
109 173 181 244 268
138 170 212 243 260
117 147 180 232 278
119 147 192 239 286
123 143 200 233 282
138 145 188 245 272
128 180 190 223 268
129 141 192 253 289
134 153 203 258 276
116 146 209 241 290
114 148 198 235 293
122 165 194 236 285
113 180 203 226 291
109 171 197 242 300
129 173 196 259 295
137 142 188 225 266
120 155 204 228 263
136 163 219 235 282
119 179 199 220 281
121 154 186 222 268
131 143 213 228 278
120 166 189 243 270
101 156 200 241 267
106 141 183 255 260
128 159 186 253 270
127 148 194 248 292
122 152 199 254 288
119 144 192 229 282
107 159 201 254 264
137 142 203 224 297
109 169 206 249 281
131 157 181 226 297
133 170 205 225 273
136 149 180 221 269
100 156 217 234 269
100 164 214 223 272
109 180 207 224 274
120 161 183 248 272
138 164 215 257 277
140 171 189 228 262
100 175 215 248 263
135 161 203 228 278
137 147 217 242 277
121 178 196 250 290
131 168 182 234 280
115 175 187 252 262
114 152 180 249 297
120 166 186 238 297
104 176 210 234 260
131 178 219 242 267
115 170 192 224 280
111 155 198 260 293
139 166 219 253 283
132 144 217 257 273
110 153 218 240 262
131 146 202 255 285
115 152 191 227 271
123 169 208 253 271
100 161 210 228 270
140 177 196 246 267
112 170 207 220 294
128 161 219 253 266
106 152 204 248 272
115 172 181 228 284
121 151 189 243 284
134 165 190 231 278
100 150 206 258 293
128 163 204 260 287
108 144 180 223 271
138 158 188 246 266
123 175 189 243 291
102 168 220 247 290
108 160 192 247 285
115 142 216 227 265
117 145 189 227 300
114 152 206 231 278
133 155 200 256 289
132 161 203 234 277
134 154 215 227 277
102 177 184 233 260
109 152 220 220 279
124 157 206 250 267
111 174 182 229 288
104 147 206 246 282
130 169 197 244 281
109 175 201 227 293
120 151 211 239 284
116 176 208 247 281
138 143 212 245 288
113 140 181 249 263
109 147 207 258 278
127 169 220 240 295
125 169 191 260 267
102 180 184 255 273
140 147 188 240 291
133 164 195 223 274
108 165 215 227 293
100 161 184 226 283
120 160 196 235 293
106 158 196 245 269
101 164 191 242 280
126 163 200 239 260
138 165 190 256 296
109 154 181 226 274
138 177 189 255 272
112 161 184 244 263
111 154 199 222 291
105 155 186 248 273
112 175 220 236 284
115 149 196 246 289
102 172 193 232 286
101 154 200 228 290
103 177 201 251 267
116 145 181 222 283
133 148 197 252 265
104 145 184 231 299
125 173 208 256 265
128 154 198 255 282
119 148 180 256 272
105 169 185 243 272
118 180 207 221 275
111 157 193 241 293
128 165 214 253 275
136 172 180 256 288
135 161 208 254 299
118 157 220 252 269
123 152 194 255 279
113 175 196 257 290
138 140 209 224 278
117 172 217 251 274
136 149 181 239 260
131 173 192 220 266
130 150 206 236 269
110 152 211 249 281
128 144 218 245 261
139 172 202 255 268
108 161 199 258 294
116 151 200 226 284
110 163 205 251 271
105 158 180 250 290
123 163 197 229 283
114 150 220 239 280
114 148 216 229 262
138 165 198 230 270
130 157 185 254 279
101 159 195 237 287
113 147 213 246 260
127 154 205 223 278
109 161 201 238 275
123 144 188 233 295
109 152 209 252 273
115 174 217 254 279
102 171 182 254 280
135 153 196 258 285
140 171 189 247 276
138 179 202 231 291
132 180 211 255 298
129 166 215 243 284
108 141 195 253 290
113 171 207 239 280
121 144 217 250 288
121 148 218 224 292
123 180 182 243 289
103 162 196 251 274
109 178 180 221 286
105 150 213 245 277
112 152 208 220 289
130 173 216 241 261
133 145 202 254 278
132 159 219 254 282
104 170 197 220 282
138 143 184 246 260
136 149 203 222 296
135 176 214 253 279
130 179 214 251 272
131 142 215 232 275
125 154 190 241 266
103 173 183 259 296
137 168 213 248 267
121 171 208 254 263
123 165 212 247 263
121 177 211 236 294
113 162 205 227 299
125 163 208 246 262
100 166 191 238 287
130 166 185 220 271
104 169 212 253 281
130 147 211 234 278
128 179 189 225 266
122 179 216 226 292
100 143 203 247 279
134 148 187 250 269
103 158 194 253 273
127 150 186 234 285
113 165 182 249 269
118 145 201 251 283
118 161 202 248 269
119 157 182 254 267
113 170 201 231 277
133 170 220 241 274
102 158 202 249 271
111 176 203 255 262
104 168 216 252 292
100 145 200 259 260
131 179 212 220 294
129 153 197 244 286
127 165 187 243 290
111 162 183 260 269
136 163 186 248 266
123 171 216 228 300
121 173 203 256 283
102 161 217 225 273
131 142 180 230 261
101 162 185 252 262
127 140 187 232 283
128 162 216 239 284
138 153 207 238 297
118 165 200 260 268
126 143 215 247 260
104 155 188 230 270
117 160 198 222 283
103 153 188 225 293
109 150 198 254 272
136 170 190 248 293
120 140 204 243 291
122 162 184 222 273
128 149 180 232 298
104 165 187 233 285
124 171 196 246 267
135 141 189 221 299
128 140 211 255 275
105 177 216 221 271
128 163 207 228 262
124 155 184 246 281
105 154 219 226 269
106 158 184 259 282
133 140 197 251 288
139 155 205 235 291
114 160 211 259 285
101 156 215 256 277
118 149 189 220 270
127 154 206 242 275
119 178 192 251 284
130 165 205 230 261
128 153 206 230 267
133 157 194 226 262
132 171 193 252 267
115 177 195 237 289
120 168 208 231 280
121 155 186 238 270
105 168 203 233 265
125 145 192 223 293
132 143 218 230 297
109 158 203 234 278
135 151 203 252 268
119 163 197 236 283
119 168 211 245 279
135 154 182 231 275
100 169 216 239 263
113 163 196 251 295
112 168 182 230 292
121 146 181 233 280
128 146 185 234 273
130 161 207 223 267
105 153 220 223 292
108 156 215 230 279
140 157 209 245 274
125 173 208 241 284
121 140 211 250 260
130 143 196 248 286
139 165 180 242 274
136 161 195 225 299
101 175 181 246 265
121 174 194 255 265
105 171 220 230 292
102 157 218 240 270
120 173 200 259 274
126 147 210 253 275
116 146 207 238 280
130 168 208 233 282
108 168 209 249 272
125 174 211 239 282
106 156 205 224 261
103 179 202 222 265
109 153 206 234 286
118 175 198 239 284
132 150 184 243 274
103 159 211 224 290
127 142 200 257 264
126 171 191 235 272
137 149 193 257 298
103 153 189 230 298
131 174 215 251 282
136 171 204 228 277
101 171 200 227 281
124 145 184 239 267
104 152 218 225 280
113 166 184 255 280
108 168 195 255 296
136 165 197 236 281
139 152 217 220 264
111 165 186 240 300
124 148 197 253 278
125 174 210 252 295
107 169 181 257 279
124 174 189 251 266
125 169 195 241 299
110 168 188 235 288
137 154 212 257 279
123 160 205 226 295
138 152 219 222 292
121 157 191 242 280
113 180 206 230 288
110 175 184 221 270
103 165 205 229 284
135 143 183 253 290
113 142 189 229 268
139 156 204 244 272
127 162 199 242 264
121 174 198 245 292
139 155 188 244 297
105 142 211 237 283
136 152 200 259 281
125 143 211 248 285
125 141 202 232 278
110 166 184 256 281
112 180 206 239 286
124 142 197 247 271
131 163 191 239 272
110 148 213 235 287
111 156 206 241 284
128 166 203 248 299
101 146 204 236 266
109 166 197 258 286
138 150 195 249 281
116 175 200 246 286
128 177 189 232 261
112 173 191 260 293
119 160 182 253 274
135 140 192 248 287
115 169 190 254 277
110 176 192 236 275
121 175 213 233 268
126 154 192 245 279
137 174 197 225 270
130 151 184 236 296
101 179 214 238 296
116 158 204 254 292
112 152 206 253 290
100 154 220 256 262
100 141 219 247 289
117 179 195 237 263
116 176 190 258 282
122 174 215 254 300
131 141 180 253 266
107 158 190 250 267
117 162 199 231 268
138 162 182 229 300
130 165 180 230 288
115 176 181 229 291
103 179 209 249 294
117 140 205 246 282
131 144 213 226 291
111 147 184 243 286
128 153 185 226 279
126 162 198 226 260
108 164 184 236 264
135 162 184 241 285
118 163 188 223 290
129 174 217 231 283
116 146 213 254 266
116 143 193 222 299
14107 19889 25812 33427 41042
16222 24543 25389 34978 37376
17165 18584 24390 29164 37550
25007 31808 42009 44610 55011
19603 22302 29829 36220 37924
20615 30184 34417 40490 53187
13596 15309 19376 27402 31897
24307 29708 33669 44110 51671
18238 27974 36294 41251 49925
14215 19848 27913 32778 34698
17024 23174 28752 35617 39478
22807 27178 40480 43900 50361
24896 26543 36426 45760 50335
15319 19148 23325 29822 34462
15377 21613 26399 37420 43511
14463 24889 25724 35038 41016
15858 18348 27781 33284 36036
18444 29006 38673 45655 49056
23887 32445 37222 47571 58915
18488 20864 28125 31426 34726
11521 20072 24747 28168 29992
22108 24017 34035 38965 47392
11329 19545 20211 24985 32090
14152 18212 25593 31006 32482
17773 24401 29901 33991 37657
17175 20728 30349 37750 44263
22526 24794 30141 38728 45695
26140 30840 36669 47010 48890
16135 21896 28665 31834 42491
17517 27378 34519 42340 48121
24327 34018 36679 46180 51690
24507 29604 41169 48030 54106
11985 14848 21103 25132 31175
20347 26468 35469 41950 50231
19971 22548 33819 39938 45735
16009 22688 27477 31257 37180
21397 29954 37395 41116 51347
18884 20028 28752 34330 37620
22023 30968 37505 40085 51438
21101 32843 41401 47770 57920
18151 26252 33543 38080 45533
18095 22504 29953 35882 39683
17300 19280 26145 29446 36443
23227 27528 36645 39742 46966
16131 20424 21120 29706 31562
18802 27216 34556 45118 48699
25420 29558 42167 48078 55761
19782 29408 36584 45160 47085
24942 26580 32951 43326 50061
23458 28533 35884 40085 45685
16585 20941 23362 27477 32559
13275 18091 23549 26439 28793
13237 21492 28174 33415 37346
20587 28820 36465 46462 55871
25081 33440 38018 49561 52546
12760 21069 22239 28792 31600
23277 26500 35809 41359 51205
16751 26412 33658 40743 44124
26807 33008 40409 51210 58210
16927 23696 27504 32440 39068
16479 25569 28835 32528 39061
16233 19426 28871 29270 37517
24635 32344 38925 43626 50582
12994 19430 24930 29611 33004
20343 25756 35761 39534 43962
14521 16764 23609 26560 32579
19971 27378 30277 40904 43158
18232 21743 25389 34705 36865
19387 29589 36219 38600 45400
24199 27035 40455 49150 53686
14029 20414 23949 27027 33640
25490 27722 37395 44464 51347
23149 25064 37419 41596 48731
19050 21970 25585 35594 38652
13075 19489 22757 30865 33649
14515 19313 22941 26452 33824
23744 27240 35153 43802 49875
21769 29210 37395 47812 52091
22567 27268 40617 44378 55283
18085 20432 28023 34234 41411
13596 20328 27187 29474 37476
23408 28268 34389 43570 47710
11977 15968 22689 26365 27625
11749 15252 21845 24421 29572
25711 30815 37809 47827 51040
21847 28673 38229 45445 51101
22943 25583 31194 40435 43570
20757 24410 34869 40348 43668
15919 25436 29961 34486 46655
10707 18306 19911 26225 29222
16995 20344 25181 30142 33614
18068 21809 23874 29422 35873
18457 22808 30759 39010 39910
19007 29649 38580 41810 50361
11749 16196 24178 27598 29993
19412 22646 27883 36816 40821
10511 16232 22265 26218 30067
13596 22614 24139 31887 37730
19477 27563 36144 40105 45550
23767 29510 38619 51094 56243
19047 30098 31289 43870 48291
22539 28732 36473 38193 48859
15451 18884 25353 30634 37763
13939 20648 26841 29938 35486
23536 27861 35474 39800 46720
16519 18440 27913 31882 37259
15203 18336 25529 28082 33882
24127 26468 38709 39969 51311
24623 32226 38381 44174 47251
17353 21911 28821 37642 40289
18907 26958 37634 43585 46210
15991 24576 29017 34938 43967
17167 24656 28245 36826 43379
19443 27012 30969 37850 48515
11707 17909 18409 23710 26311
13231 16880 24063 29080 30448
11924 20422 23845 29156 34349
20487 26889 30089 35850 43371
17122 24132 32283 41412 48096
18583 29764 34237 42838 46106
17791 25436 33861 39634 41818
17723 27356 36301 40602 49719
27588 29361 37045 43941 58323
21784 30935 35694 43930 54362
25026 33104 39606 47290 53791
15911 23012 25569 34658 40339
11407 18933 23494 25318 30677
16755 27816 31451 41090 42354
16667 20000 21428 30712 34163
15877 20133 22434 26689 33015
17989 27225 29493 36460 42455
20625 29414 36851 40401 48175
12397 20776 25379 27740 33051
16775 21640 26121 31626 35210
16243 23505 25617 30502 35254
22202 23660 29817 40996 45047
16947 27421 31271 35738 41282
18355 21524 25089 32218 37763
23081 29556 33873 39351 46988
26038 28318 40479 43140 52071
15819 19170 24397 31768 36057
24711 30116 41697 47874 55401
23330 24344 36682 40401 46147
21819 24608 31169 37894 48391
24504 31798 40401 47134 51996
12869 19596 25733 27976 34939
14238 23151 27008 29270 34724
14955 22060 27685 35826 40711
12535 16364 25414 26226 33419
20027 21876 32349 38048 42206
14633 25285 25711 34232 40197
20132 25208 34134 40785 48661
19687 26248 35049 38730 43370
22791 30980 38279 44332 51452
14599 18476 22239 27598 31132
16087 23458 25201 33510 38871
24391 30728 35337 49162 52234
13922 20478 25309 27610 30370
19327 25952 33681 42330 48219
13660 19766 24096 28759 32866
13275 19228 23569 28406 33987
14695 24216 25713 35370 39043
17447 28648 32969 39530 46731
16257 20418 25359 30040 34331
12058 16973 23760 25867 33473
21337 26394 31451 40300 43934
17117 21033 31329 35535 39015
22207 29008 36609 49411 52211
17703 27342 31767 39826 45040
22023 25120 36817 42838 49547
18504 19864 25985 31154 39043
17381 21908 27019 34028 41767
25081 29460 39013 48566 54935
16233 23948 27540 32461 39777
21237 29344 36486 49804 51928
24479 26872 36257 47482 50058
26887 31688 42249 45129 57610
15883 18152 25965 31384 36803
15879 22081 22577 30886 32994
17829 22520 25067 32706 37262
19606 23696 29196 34696 37234
24804 30959 36933 42906 51776
22588 34362 36679 49611 55787
12264 18573 21667 26904 30951
15319 19496 21585 27734 34463
18519 29557 35253 41484 48071
24264 29804 38782 49479 49670
19318 24500 29054 38632 40831
20062 28849 37445 43558 56356
22089 30959 34761 43631 48337
15019 18584 22365 27982 31978
17167 25253 33339 36640 48521
24839 34540 38421 46764 57823
15077 19462 26862 30150 36316
17479 25376 34953 37474 48059
19577 31928 36109 45800 55871
23248 27066 35035 36529 45162
14068 16249 22463 24862 30531
16648 19976 24585 28426 34571
24382 27503 39594 46420 53636
14647 17942 26727 28558 36611
24333 27308 35709 40085 47610
17142 22358 28468 38601 39645
18500 19438 28283 29489 39005
21371 29016 41169 49206 53127
17719 20168 31402 34282 39179
21535 30368 38465 44170 52819
17068 23978 29478 36106 42310
15088 19149 20889 25530 30287
14706 26468 31173 37201 42346
15559 25497 26649 32554 40619
17959 30809 37850 39258 47179
18625 31328 36549 45076 48904
13596 19312 27441 29728 37730
17448 24458 30490 38641 48911
19526 22954 32193 35919 40389
21895 32649 35145 46666 52811
11807 16608 21109 24810 28010
12767 18488 20579 24980 32351
14747 21448 28953 33644 38603
23605 24803 35919 42760 47035
12319 17612 23553 26254 30034
15597 19048 24047 26785 31546
17954 21380 28916 33712 38918
15487 18128 25329 27850 31570
25033 32018 40749 43271 56077
23993 30438 35988 45476 50488
19330 24632 31815 39511 47720
11557 19479 20029 27070 29271
13462 17558 21069 28675 32069
19676 23699 27574 37558 39346
16731 21172 30793 32570 43375
21622 29708 34659 39774 46705
24172 26679 37420 44044 50130
26527 33548 35109 49930 52075
15882 17788 24266 28966 36714
16099 21613 30703 37260 42476
15596 19881 25832 28332 33092
14083 22916 29541 35338 37546
14285 19478 23137 28094 32107
18676 23675 26469 35584 41906
19104 29584 33471 38204 47162
13105 20304 25851 28212 35057
17473 23438 27983 34800 38350
22268 27982 41970 51033 56747
19189 21692 28365 31423 40599
21807 33608 43209 47210 53210
17507 22383 23509 32135 34010
13228 17975 23513 25209 29843
14047 19449 22257 23986 28090
16507 24263 35154 39610 46706
16583 25760 32273 38490 43226
21884 29734 34244 42261 44265
12935 15562 20512 22937 29907
12349 16634 20205 25102 29387
21847 25592 32925 36981 44314
22418 25406 32379 40348 45162
20419 32516 41589 46882 55198
15512 16310 22125 26116 34097
13703 19269 19911 24406 30506
13036 22068 24648 29809 36905
12994 19079 25164 29026 33473
19807 25058 30759 33459 44711
20168 21896 26217 36298 40619
16508 20384 22509 27760 33511
11884 18198 23014 25690 29863
19695 26872 40490 40674 47851
23330 30429 30429 40570 44626
17427 23018 27699 31080 35110
12407 19228 26049 28158 35475
22127 23708 34137 38404 45040
13879 21360 27481 32650 36595
21849 23480 31305 41901 46140
12632 18189 19199 22432 26877
22447 26358 32989 37750 49481
15883 22436 24831 28107 37433
12175 18624 18936 27050 30171
15968 17792 23721 25773 32843
12542 18178 25194 27840 31175
24010 33272 37998 45937 52552
13191 16900 21227 23494 29469
25421 28967 37045 44729 53989
13602 22052 27465 34330 38291
15706 26855 33607 39260 45855
22639 26688 38465 43066 49139
26800 30346 35863 46699 53201
13596 17556 22693 24727 27830
13793 20348 22496 25434 32781
13922 19732 21789 27961 31955
18179 26188 33581 36508 41282
17907 29901 39031 41538 51205
19193 28425 33132 42364 49243
12573 20749 22213 27094 34781
18949 22800 29115 36816 42207
13196 20579 22757 27356 33044
17271 24410 34371 37858 49147
14287 18608 26289 27610 34931
22057 30634 34659 38685 48136
17011 27153 29493 35578 45563
19267 26828 35469 42130 46991
23071 29768 37209 41116 53765
13787 17498 19937 26722 29796
20826 32669 41456 42602 56929
12607 15548 23004 25420 28360
15623 18568 24585 33290 34955
21287 27688 30248 41610 47530
17221 21903 32474 35948 42895
14666 21928 25902 34671 35631
24407 34609 38009 44410 53211
14612 16683 22204 26345 34511
21314 24494 29106 41350 42145
19285 31760 37431 44614 52742
22132 26735 34524 44614 48863
14568 14568 22057 26218 28194
17692 22278 27126 31712 37476
23821 31193 38943 43669 49717
15919 26784 32598 36118 40096
13930 17858 23214 27618 34283
18499 23192 29817 33544 38788
13915 18796 22457 27582 33073
22007 31408 40609 50610 55611
16037 17090 21186 30196 33824
18781 23997 28319 34727 40688
23725 27620 33462 43198 52757
17300 18620 24033 31294 35387
13489 19412 27351 32266 36047
20071 28872 36265 42602 46650
17407 21458 27759 37360 44111
13945 20156 26782 31198 36443
23798 26177 33132 42832 49238
22553 25225 32741 40090 44599
13151 18240 22163 23329 31493
12409 19430 23526 27271 31718
12760 18494 24228 28090 33122
19591 22652 33516 34740 45452
22883 25120 37333 39914 48859
16527 20304 24789 28919 33758
13275 22328 24933 30886 35723
25658 26988 37819 42950 55681
23591 31688 36441 42249 52282
18047 28873 31989 40190 42978
21655 26576 29529 37566 47571
17937 26577 32446 40434 44021
21163 26496 32517 41118 50579
23319 33848 37609 48326 49642
21399 33624 41265 45086 53681
16023 22030 26893 36189 39908
15207 26152 29801 37402 42723
18982 25088 30864 40270 48356
13294 18842 28261 30196 34712
21380 26060 31677 35422 42286
20382 22828 30979 41575 43043
13500 15149 19579 26687 28336
12187 16388 19014 26995 28781
26062 32818 36486 44400 56174
26327 27456 40993 48890 49266
15629 22200 30524 32276 39577
18487 23108 36145 39115 43901
21480 34680 36060 49063 57732
16030 21323 28674 36172 38525
11995 18692 23769 24741 32195
18475 23012 31599 40024 48611
18103 29241 32373 38986 45599
14456 15688 20505 25546 30811
22627 27503 39204 48370 51296
18095 22485 25146 34324 38181
13111 19048 20505 28682 31035
20713 30110 32373 43510 47512
19501 25487 36261 40879 50285
13045 19442 23010 29038 32975
17807 25462 34541 45756 49673
19321 25064 35679 38986 50471
19399 33800 41481 42441 56843
14371 19958 28072 32861 37384
17035 22976 27069 32878 38818
21439 28020 38925 48326 53403
24130 32172 37970 41897 52745
15919 16856 21654 29845 34409
13523 18608 22825 30266 34855
14993 18169 25536 32141 34301
19909 32931 33489 46696 50603
15191 21178 28625 35196 39577
18151 25641 25929 31834 41051
15297 23221 30311 32119 37958
14587 22823 29169 33085 38485
17372 23564 30964 39270 43801
21583 29768 37953 44650 54695
17299 19940 24561 33934 39611
18857 21468 30169 33360 43511
18755 24604 35269 40086 51267
12430 17784 21017 24351 29199
12807 18184 23817 32011 34571
11521 17108 24861 26914 34097
14632 19079 21069 29611 32537
12247 17648 21609 27610 33251
22577 26463 39969 45150 54771
22354 32669 41074 47187 55209
17680 22583 27357 31099 34453
18503 22856 28977 31833 39178
18591 26320 39753 46194 55027
21698 33639 43789 51750 51949
12978 17739 24404 29522 35711
23303 28400 38775 45692 50424
16387 23948 29689 35570 37670
22516 28190 40086 47041 53446
16067 24244 29501 37240 39868
15201 20882 29829 34374 38919
15049 24849 28851 32440 37270
20343 24608 30349 36418 49047
15783 19960 22745 29938 31562
17596 25033 29896 33615 38048
26138 33743 35694 43690 54806
16135 21806 24831 32518 34786
20185 29420 37287 42418 46180
19669 28370 37071 40378 49949
12776 19219 21592 26000 29956
15714 23778 26002 31285 38236
17653 24920 31149 42569 45337
13946 14855 21421 23745 28392
20984 21288 28585 36642 45003
14427 24369 28849 32350 37811
15991 25020 30497 35678 40563
16036 18611 22005 30079 32653
20967 23528 30409 40810 45131
19339 27574 38315 44223 49594
15711 22054 29153 34136 39573
17672 19328 25125 32578 40169
19807 25388 38709 43210 52931
20359 29192 39178 43018 52427
20889 33301 39212 46896 57141
25011 31216 36105 46258 52086
20287 27152 29649 39478 43066
10511 16370 19704 23341 29301
13695 20069 24081 27150 31280
22132 25496 38419 42844 46030
21105 22184 33427 36662 44825
19147 24542 32373 43336 49427
20007 28489 29449 38250 42730
19949 26372 31443 39556 49021
15087 17408 20889 29938 33999
14083 23330 29679 35062 38374
13839 17168 18728 26738 30795
15594 21744 27894 37047 39622
21959 27840 36073 48030 53323
17954 23983 27135 33438 37959
23767 27008 38529 46270 53470
17928 22024 23689 29578 35851
21207 32608 40009 45810 53611
15707 21988 30154 35649 40831
14842 20906 24390 29809 35486
19297 34388 42029 46423 53872
24037 30268 37033 46112 46646
18917 26048 31784 34729 45736
16247 21428 28429 31790 39491
15013 21164 23379 28792 36296
25626 31424 35913 48443 53305
20101 28770 35666 45911 53398
20557 24908 29859 36310 43810
20017 30284 35157 41248 50123
11807 18652 22311 28802 30927
22237 34133 41544 46419 58316
18589 26740 31794 40271 43205
21382 27710 35577 41563 49259
16013 21299 31719 38515 41687
24382 34134 37254 43885 51686
25657 32688 36489 42759 56441
14644 17597 22272 30883 34451
12197 18293 22664 28070 34511
17947 27776 34173 37294 43534
11319 14451 18694 25058 27180
21070 25142 33108 41782 53111
14343 20616 28041 31114 33290
20271 22656 28319 36664 43221
19474 28169 37242 45181 51230
22023 26152 34925 41290 47311
19447 30248 35829 46270 49150
22163 31905 39164 49479 50625
14211 22655 25201 30160 37665
16765 25587 29262 32938 39407
23127 27038 36049 41320 50160
23239 27848 39945 44170 53003
22379 31216 40805 42121 53779
20542 33124 34234 42930 53476
14882 20952 23809 28332 34878
17119 19742 28851 34924 38651
21532 26258 35009 43760 50061
12175 15088 21121 26114 27050
13063 18369 18981 22654 28163
17603 29225 34537 38356 44166
15551 19974 27479 32304 39273
20101 32907 42561 46699 53201
13108 14908 18009 24610 26311
20425 24742 35367 41510 44166
14652 25529 26689 37130 38581
21653 22602 33821 35559 46621
14774 15309 22158 26439 29114
16102 23063 29154 34375 41916
11884 19323 22653 26428 29981
18809 25130 32557 39036 45041
19771 27275 33498 44845 49055
17719 24488 26793 37450 38602
20937 26580 36045 46420 50061
18186 30968 37809 45370 50410
18101 26734 35036 38190 43337
12547 19844 23265 25774 33185
18132 22773 26834 34665 39161
14069 17448 20828 24208 28351
19577 31738 35349 45990 55871
18753 28582 38047 43872 54065
16257 22888 26269 31340 36800
24646 30186 39928 46996 49670
16100 21155 24082 32329 37916
11997 15486 20392 25407 28787
24985 28968 34942 42907 52139
23325 31692 38101 46290 48960
20390 32546 33669 46947 53867
12451 18552 24409 29656 33439
25026 28967 38621 48275 53989
20986 27224 35352 45559 56522
17406 22613 30012 33575 38644
18103 24542 38116 44206 46469
21129 27395 33124 41001 51563
21536 25436 29181 34330 43847
11031 18001 20081 23202 29651
12303 17640 22513 29822 33419
10607 17108 20809 24110 26510
16684 23876 28926 36118 45911
18422 21178 26399 32780 43511
16271 21744 28889 39378 42419
25223 32907 36848 47881 53397
23587 28988 37089 46810 52750
21848 23528 31257 37978 50075
15882 22615 22869 32649 33919
13671 20168 20168 26778 32939
18457 26558 31809 33159 41410
21679 29248 32517 43010 48686
18219 25914 29839 35649 41930
22408 24858 32734 39210 49886
13363 20042 27099 31006 36425
13867 19148 26937 32218 36047
26174 34388 41647 45467 53108
17596 22459 27465 33615 37763
19257 25264 29269 37124 45595
19080 23401 28319 32939 41731
23191 25952 38833 41594 52451
18619 23978 30888 34836 42169
18207 25208 37110 39385 46211
24311 34504 40189 50382 57242
14727 19328 22894 27150 34281
14105 20357 24747 30334 35522
16943 24975 28041 34028 39723
15298 17278 21129 27070 29710
19537 32931 34605 45580 52835
17687 28398 34179 41490 47441
15769 24716 30681 36930 37782
21790 22745 33399 37057 47393
18367 23264 30303 35353 44534
19293 21758 27269 34955 39161
27807 33408 41809 49810 56610
18673 25253 30303 33976 43616
16965 22248 28365 31563 38236
14713 17906 24861 27826 32386
24878 31237 39840 43768 51996
25552 28283 35109 46810 57731
14911 18368 19988 26038 32411
20625 27724 35330 39556 44964
21063 27268 37609 41746 55471
20647 30452 32345 44730 45418
18571 27308 38593 46420 52609
24479 29816 38465 41226 50795
14183 16073 20694 26995 27310
27588 34286 36257 46896 52018
17707 27266 34878 42136 48332
22821 29180 34604 48630 54054
16477 18918 25995 27704 34049
23726 26381 32931 43729 49748
21467 28868 37379 44040 48296
20467 29024 40557 44836 52649
19227 23568 30854 39535 45426
22855 33032 35913 48394 52618
23443 32558 36093 44836 51904
15382 21883 25509 31885 34510
22382 31691 35988 44402 47445
14105 22220 24880 30201 38315
20743 33224 41481 47818 51274
21113 26477 36859 38243 45337
22762 27943 35714 45150 50886
21882 25383 35534 44110 45685
21768 22568 31049 39210 43211
14516 18728 21069 26920 31133
20209 30766 37319 43144 53701
21101 34634 39013 50755 56328
23777 26000 32841 42418 44812
18025 24802 31733 39126 40974
16258 19383 23759 28385 35386
11007 15108 20510 22310 26211
18979 27350 39999 48370 54323
19611 26372 30598 42429 49866
16786 22568 27081 35119 36952
17234 22548 32853 38328 47506
14016 15252 18755 23700 28027
13397 15973 19682 25039 30911
17104 20024 27948 35316 37541
26075 32544 40385 44305 58811
17829 23592 28015 31500 36190
16651 25558 30523 37094 40744
12859 20798 23445 28738 36677
14155 18479 24637 33415 37215
18415 25748 34017 39634 45406
16548 19405 25713 30236 34401
18411 25808 36129 42322 48343
21929 34734 38615 48704 57823
19227 25893 33644 40155 45735
15707 26385 29054 35806 44285
16287 21912 29757 34938 41007
21319 30152 39369 43018 55883
23899 28787 39105 45441 50871
13703 19161 20339 26760 28793
13703 17984 20981 24299 30934
10814 17878 21409 23764 28901
25352 29978 39414 40894 52181
16765 24410 28674 32350 43376
21499 35231 43391 45581 56527
14697 21068 27179 29520 36151
25351 34658 43173 47331 58816
15715 23262 32195 37894 41437
14167 21249 21609 26650 33731
20079 27414 38995 44786 57139
19736 31322 32770 44174 48519
22915 28228 35201 40348 43170
21184 26615 32589 42002 50329
21189 26174 34185 42552 50919
19687 22888 32009 37290 45131
25676 26978 34977 45580 50603
14855 20889 22049 25878 31099
13810 15095 20553 27081 30934
23993 27395 36346 46192 49414
15783 19864 28433 32786 39451
21325 27684 37035 43955 54802
16111 21788 25617 31162 37631
16957 27009 30459 33909 43661
20826 32669 37636 46232 57311
16648 22325 25293 33421 38065
17133 17758 23509 28135 33261
19567 25273 33261 37174 42880
24759 29674 39867 42779 51334
13097 19699 21899 24209 30921
19004 24186 29211 34864 42087
20312 22173 33024 35350 43101
17047 23580 26847 34516 38351
10208 15764 20209 24351 26978
19511 25952 33681 46931 47851
20743 25766 30141 40996 43750
14993 17472 22901 29274 34467
16721 20832 27272 34808 39467
19404 23480 31305 37337 45977
10814 16067 20310 25664 26674
21106 21876 31271 34506 45749
19082 29583 36059 43585 49186
22146 26541 30598 38204 50204
26341 33668 40599 44560 54064
14152 15504 18729 22994 27987
10207 15920 22144 23878 27449
14707 24116 31468 32791 39995
18537 30609 35199 38090 46591
23767 31886 36243 49114 53867
22501 26740 35054 41901 45161
23248 28394 31383 37858 43502
12507 21883 26884 31010 32885
19582 23353 29444 33070 40321
15762 16913 24964 27840 31865
22997 33828 37249 47510 55110
24766 31760 34407 44236 52931
17947 27309 29181 39322 40882
22351 29800 35289 48814 58223
17287 23912 26793 34282 42779
19039 32217 38439 42832 47590
24242 32938 40524 44780 49405
18982 28059 31689 36970 46211
14659 20468 26145 34330 38687
21552 25738 33954 39225 43875
24295 26504 39937 47298 50242
12327 17144 24426 26890 29354
22277 24828 34349 43360 48461
22777 30104 37827 44956 53669
14029 19274 23721 28852 30904
19607 31564 41170 44698 52931
18207 23018 25489 31990 34720
16807 25508 31059 33009 44111
19079 23997 32640 37707 39644
21101 30256 40605 49362 54139
15877 23745 24987 31474 39203
20577 25678 32139 41320 48291
18366 22613 26039 31657 38097
13407 20108 27613 34582 39273
20231 25762 32241 41090 45356
12967 17288 21609 26770 32531
19190 21970 26141 34204 36984
17965 25558 27603 35488 42497
16734 27560 36089 40518 47571
19231 28488 34185 43976 50741
21167 26136 39754 41778 48771
21535 26688 34785 41778 55211
13687 18248 24729 27730 33371
22484 26203 33809 43274 48851
14791 18040 22745 26218 31034
25199 28960 40429 42686 52086
15715 27267 28345 35892 40051
11016 15360 22230 22230 28190
16375 20732 27201 33010 35254
19543 30633 32041 40314 50699
13943 19706 27613 32974 37799
23277 30259 35272 43686 50309
11670 18733 21516 24299 31362
23887 30057 41998 47571 56527
21815 33096 39113 46446 52838
17947 18598 27569 31860 37451
18878 23388 30236 41594 43932
11343 15296 21537 26842 28923
22232 29583 38509 42009 51635
25007 33808 38209 52010 53410
17551 30969 31657 43870 46967
26748 28085 35917 45850 55592
14771 18212 21654 24763 30425
13075 19973 26024 27477 35464
17607 28345 32393 39786 49819
12847 17128 20981 25155 31362
10925 16282 20197 25245 27718
15460 25100 29232 37036 42851
24829 32119 39409 47093 51230
22777 27233 31358 42250 48850
16466 23262 27340 34136 41385
22777 29213 31194 42085 44890
13335 19167 21905 29046 31308
13105 18180 23491 26206 34349
18907 27908 33489 44650 49151
16247 25383 31909 34230 41190
17257 22358 29409 36910 43361
18469 31141 34942 42002 51777
11622 17718 23009 26230 33361
14118 24258 27546 34397 36589
18335 22918 28607 35086 44725
21288 23688 31529 40330 42410
15191 21178 26873 33736 43665
24757 34262 41193 50698 52480
15879 19104 24561 31630 34978
13811 17176 20889 29706 31563
19537 31443 34419 45208 50603
18887 28809 33129 35369 44011
15214 21517 26450 33027 40152
19847 25583 33179 39225 42635
26255 33204 34748 49418 55594
15937 19006 24553 29982 35292
19359 25756 36089 41338 44126
18949 23416 29885 39280 42977
12437 19258 21569 28280 31910
13946 14148 21118 22634 28089
17791 26152 32993 38162 41658
25712 28169 34218 45181 49151
23981 31668 35145 40270 48689
21327 24608 33793 38714 44127
13207 18248 25329 29890 33731
20231 22760 34453 38720 41248
26139 32344 37985 47950 50394
19015 28344 35033 45418 51755
16827 21903 29009 32780 41191
14527 21524 27069 33142 35782
11452 17230 19629 27260 31621
23869 31630 38227 44436 54913
15283 20108 29489 32036 37531
19843 25760 37594 39856 45599
13946 16673 20007 23240 27280
26007 31408 37009 50810 55811
13642 21473 26334 32005 38756
20234 26321 38137 44044 46550
16644 20182 26864 29223 36429
19191 28344 35385 41898 48411
20302 23768 31029 38455 48686
21589 30104 41391 49906 54065
14152 21410 26700 31252 34327
14899 24974 26581 37094 40891
26737 30302 38817 51094 56440
22407 27368 30249 39530 44170
26779 34734 39197 44823 56464
21655 29528 34613 41829 48882
13165 16940 21939 24796 28978
15451 20171 27894 36189 41481
11420 17279 20916 24149 28291
18762 22328 33644 38760 44651
14648 17916 26387 27114 35343
21163 30968 31313 41806 49719
17002 26738 32349 41425 45221
15594 25463 25749 31613 40909
13027 18608 26421 30390 34359
18151 24632 33705 35650 46829
24837 33051 41265 46041 49861
15036 16393 22835 28712 31424
16903 20360 28041 32522 36106
18623 30439 35272 39390 50489
23330 24175 31105 41584 43951
27208 29808 40609 44409 59211
21607 28168 34249 40490 44650
14307 19698 23549 27620 29930
22801 24716 37419 40378 47861
22382 27574 34019 43149 47625
16693 28034 29655 41968 47963
16447 20168 25569 29770 32050
13559 19160 23305 28458 29466
13291 17828 22905 26686 28414
21787 31868 37989 42489 52930
15940 22850 28914 32017 42170
24007 31304 39945 47242 50314
17707 29390 33816 42136 50810
21718 27731 30904 36750 45268
17479 28400 35625 42514 47218
18077 20441 29338 32536 38653
24327 34019 35919 42760 50550
18917 27753 33489 35039 45270
19207 27464 38985 47434 53579
24932 27536 34791 46510 50045
15560 23866 29303 38213 41234
22486 26558 32931 41428 50456
19104 27893 30767 42091 45472
19005 23353 32370 40421 45574
17943 24480 30713 37706 40898
19285 25442 29493 41158 43265
15714 23638 27948 32119 38514
22218 28398 36749 40257 45768
16225 25130 32127 39601 43100
19765 31336 36143 45400 46646
13110 21176 27225 31762 36803
11807 17118 23609 30573 30691
19133 26142 30961 32129 42935
15229 18062 23255 28802 33759
13723 17828 20205 26254 31331
14437 21068 23799 33810 34981
24352 29185 33303 44402 47624
16858 23435 29601 31245 41111
22513 32186 37767 47626 52648
17755 28022 37768 39160 47513
20706 22444 28449 36350 41249
18894 30303 34604 47134 49005
17915 19748 26376 32722 39914
15879 20096 26793 29646 35226
26089 28925 39132 44992 56144
22899 32018 38809 50450 52002
14245 16167 24304 27921 29390
16023 23878 28961 35430 41591
20365 27848 34461 38638 49253
10616 15767 19373 23185 30190
18319 25208 33273 42682 45707
14287 17858 19959 26050 30775
22927 26748 38973 46423 55592
22699 30140 34233 41302 50789
19463 22656 27369 35274 45307
11655 18488 20953 26106 31931
19351 26684 30585 38386 41662
26333 27503 36864 43105 58316
19719 21568 32503 39280 42360
11767 19833 24201 24762 30363
14855 18916 24021 26458 30402
19971 24963 29633 39616 45252
11347 16640 23662 24418 29063
16331 24340 28345 39896 43439
18760 19748 27786 35401 40619
22247 24808 32809 37610 46571
14713 20648 27228 33421 36775
18692 28868 39784 47370 51256
12987 16398 20799 24210 29711
18549 22492 30085 35342 40160
12264 18342 19785 25863 29262
16647 21128 26249 29450 33418
18695 22346 30085 33590 38993
23416 27640 34153 39786 46123
20863 27026 30503 39826 42196
17257 26558 29259 35560 43361
16087 22520 27881 30964 37531
20577 26358 31629 40470 45911
19117 30585 36955 42416 48241
23882 27703 36681 42603 55974
16111 17454 26605 28069 36245
20172 29238 37564 43300 51441
20527 22960 30865 38314 40746
17857 24458 29559 35410 42461
19047 26888 33769 39210 44650
17153 19566 23123 29347 34936
13507 22823 29170 32275 35515
18426 26577 31957 40923 48096
19831 29744 32223 40720 51695
16947 20448 25349 32630 39211
24456 27894 35344 44704 52154
23407 28988 37269 40150 48071
19747 28772 41370 41934 54907
17395 25124 34624 37040 44930
23947 26855 35748 41905 46864
17007 23536 28297 32786 38634
23239 26888 40521 48010 49930
18987 20886 28625 36218 41767
20163 23933 26109 35100 39741
23671 28022 33939 39159 52037
11622 20134 20824 28300 30486
21182 30458 33959 44635 46385
14917 24290 31249 32670 41475
17959 27640 38378 42250 47531
22807 32878 38009 49220 52070
14623 17060 24369 29358 31910
17987 22638 32094 36900 43411
23147 29912 37033 41484 50206
19447 30248 37629 44830 48970
16132 22454 27228 30841 36388
19723 29024 38140 41674 48557
17311 30081 33945 37306 44531
11452 16073 21639 24580 30041
17353 25733 29115 35143 41759
20072 22808 27977 36946 41659
12264 18929 25118 26666 34521
21470 24006 33809 43443 44626
19411 26342 29423 36200 41899
25900 28169 36486 48583 56333
13706 20357 25146 30600 39645
21229 28196 34839 40672 45694
14151 17792 21225 23721 28818
10612 17964 21009 23845 29516
18608 21758 27609 35860 40061
17687 25848 37070 38260 47611
19782 29058 32209 44635 49011
14911 23192 26919 35200 40859
22719 27563 32908 39422 46937
18495 20224 28870 29270 35122
12883 19148 21585 27850 34811
21831 26056 34681 44538 48939
12882 17930 21639 25966 30395
14880 23499 25168 35733 38792
12655 17756 19287 25612 27142
23757 32118 37059 45800 56821
13317 20336 22757 28445 34859
27133 30500 41985 50896 55252
13291 17288 22149 24418 31871
18499 20376 29355 29757 39139
14527 18848 22929 29050 33611
15488 24668 28231 31520 39467
19917 31684 33313 40011 48881
14118 22613 28094 31383 38919
26603 28179 36060 49851 57141
19895 25000 33273 40314 47179
24889 27932 36525 43686 48698
25407 32408 39809 48410 52810
13438 19322 21987 27205 32423
23498 26203 31781 41246 50204
11137 15060 22375 25132 30009
15919 17792 23409 30313 32887
21882 25033 36934 43410 49886
17757 20030 28693 32954 39487
15077 22750 25217 35082 38508
16807 27008 30909 35860 42911
17243 19746 27392 34343 37680
25814 32119 37636 47093 53595
20797 27980 40266 44425 54254
18100 25436 33587 39293 46303
13959 18102 22136 27042 32602
18086 26142 36526 42254 47625
14940 22750 26998 35356 39193
23744 25808 33549 42838 48343
20655 31158 35609 43798 50919
16007 22134 23634 29010 32635
12103 18692 20637 28090 31655
15715 21128 24033 33406 36179
22688 23528 32265 41674 48227
11852 17415 19579 26172 28542
17277 27641 30153 37062 43186
20456 29583 36006 39387 45302
16765 20490 25545 32595 37118
25627 32546 36848 42085 50500
23017 26735 32577 41782 52403
15964 28290 33821 37614 46779
13695 18652 24081 29982 34467
15015 20376 27613 33912 38871
13007 20028 28610 33290 34070
16907 23837 37020 41753 48852
18025 27575 30039 36508 40512
15899 24120 26039 35356 38644
18185 25934 32044 37856 44710
22671 24401 31149 43779 46029
20444 30186 36299 47760 51008
17557 24308 29859 34660 40211
19604 23012 25853 32528 42611
14177 17993 19629 25080 31403
12197 18665 19195 24284 30857
16383 28469 33240 39601 46757
23290 27868 40804 48964 56129
24635 27080 40053 42498 54719
15769 20882 26137 34516 40623
25224 30149 36454 44532 54974
13867 17828 21789 24870 28611
19879 30185 33865 43434 48587
15937 19124 21721 28448 33641
15111 20872 24073 28554 37131
13036 17582 21926 23340 28593
11955 15046 21948 26172 27408
12303 15166 20467 23542 31705
