200 10 5
3 31 19 8 15 9 17 20 11 29 26 0 15
9 29 22 24 18 8 12 10 24 28 19 0 43
5 15 24 12 28 16 10 26 14 10 29 0 25
4 28 29 13 9 21 7 20 9 26 14 0 19
4 33 22 24 12 14 21 27 31 9 31 0 19
9 13 12 17 14 11 8 12 25 27 26 0 45
4 21 20 7 32 24 15 16 17 23 30 0 17
7 10 20 33 27 8 29 20 18 15 18 0 31
3 14 24 32 33 11 13 12 8 25 21 0 12
8 33 14 31 31 8 14 15 17 16 13 0 38
8 8 29 21 15 16 29 27 32 16 7 0 38
4 27 31 14 14 17 8 33 25 18 27 0 19
8 32 20 9 9 30 31 7 15 11 7 0 40
9 33 33 7 10 17 14 31 33 18 22 0 43
8 10 9 9 13 9 19 14 11 26 23 0 38
5 12 16 30 10 32 24 19 32 21 21 0 21
7 25 10 21 17 30 23 31 14 27 9 0 34
10 29 10 24 25 10 30 21 20 9 32 0 47
5 17 12 20 16 24 31 13 9 31 9 0 23
9 11 14 26 21 17 8 10 10 10 18 0 43
2 33 18 25 10 10 27 11 32 32 27 0 10
9 8 16 8 20 16 15 19 19 24 28 0 42
9 17 10 15 16 26 21 31 17 27 18 0 41
5 33 10 10 13 9 10 10 31 28 27 0 24
6 28 7 12 33 11 18 12 27 33 11 0 27
9 27 30 29 34 24 13 7 18 31 33 0 44
4 20 16 22 16 8 22 17 32 26 22 0 17
5 11 19 23 19 23 23 18 12 22 27 0 21
8 27 27 26 32 30 15 32 30 13 34 0 39
4 16 22 28 28 7 15 16 11 27 27 0 20
4 19 15 10 27 7 9 25 31 24 18 0 18
6 23 29 14 24 9 13 29 11 10 18 0 28
9 25 17 34 29 22 23 7 8 8 19 0 41
9 24 30 16 8 27 28 9 9 23 22 0 43
10 18 33 19 13 10 31 26 29 17 7 0 49
4 22 25 13 33 9 14 15 29 11 8 0 18
10 31 22 30 11 22 10 10 21 19 12 0 49
10 7 34 9 13 28 31 7 32 18 14 0 46
7 27 24 25 23 12 17 8 13 20 16 0 33
6 12 21 21 20 21 12 22 27 30 17 0 29
9 10 32 24 26 18 33 10 29 21 33 0 41
3 27 13 21 16 9 19 13 22 29 11 0 13
5 8 8 9 22 15 16 17 29 9 19 0 21
6 17 12 27 24 15 20 12 21 7 29 0 30
8 21 13 24 10 18 8 23 14 28 25 0 40
10 10 32 26 33 33 29 17 21 28 22 0 49
9 8 24 20 28 29 8 19 22 28 9 0 43
9 18 8 30 11 11 9 10 9 29 33 0 44
10 22 25 25 25 9 8 25 12 32 22 0 48
6 26 30 17 9 31 11 19 8 25 24 0 29
5 22 7 19 11 30 14 9 31 21 15 0 24
4 34 16 21 17 23 10 31 10 13 27 0 19
7 27 11 27 21 28 7 33 33 22 22 0 35
10 9 29 15 32 26 12 10 20 9 11 0 50
9 8 15 27 23 23 20 9 30 17 21 0 42
5 21 8 16 33 15 12 8 27 32 22 0 25
8 23 30 22 11 15 27 22 25 26 11 0 40
10 9 17 30 33 31 21 15 14 33 18 0 47
7 27 30 21 24 17 29 17 10 32 33 0 32
2 29 24 14 27 16 26 29 8 34 15 0 10
8 7 19 16 14 27 27 19 10 17 29 0 39
10 14 25 29 24 20 10 29 29 29 18 0 47
6 7 28 18 9 15 31 7 17 28 28 0 27
7 8 26 13 20 9 21 25 8 14 33 0 32
8 17 27 8 25 10 26 30 14 13 29 0 37
8 30 34 25 14 11 24 22 34 7 17 0 36
9 17 29 11 28 15 10 8 32 23 26 0 43
6 22 25 13 19 33 28 10 16 17 15 0 28
10 7 12 22 27 12 32 16 15 25 8 0 48
5 33 30 8 11 32 9 28 25 24 14 0 23
4 14 24 22 31 15 22 33 16 27 23 0 19
4 11 31 8 30 22 21 27 31 8 29 0 17
5 27 30 23 24 15 24 20 29 32 27 0 25
8 14 24 26 23 24 19 7 20 21 8 0 39
3 26 27 24 12 18 17 8 33 12 21 0 14
7 13 23 12 28 17 20 25 14 16 12 0 32
6 31 29 27 29 15 7 19 7 7 29 0 26
4 30 14 24 15 33 22 25 26 17 9 0 19
5 9 26 11 23 7 25 17 26 10 32 0 21
3 17 31 34 30 13 14 16 22 10 9 0 12
8 29 13 22 15 19 16 18 27 26 22 0 40
9 17 16 11 8 11 21 13 8 9 16 0 44
9 8 7 17 9 8 25 31 32 18 29 0 43
9 31 20 31 19 14 11 25 26 16 25 0 45
5 14 33 27 17 29 20 10 24 11 8 0 21
8 20 18 27 34 21 27 16 9 21 33 0 38
5 12 25 21 18 17 25 20 8 12 27 0 24
9 19 33 14 7 28 21 15 10 32 34 0 42
6 28 19 22 19 30 14 21 12 28 21 0 29
7 31 20 33 19 31 29 25 15 18 30 0 33
3 25 10 12 9 33 31 29 27 16 28 0 14
5 29 21 18 10 32 23 22 8 24 11 0 24
7 11 32 32 33 25 16 14 7 22 11 0 31
9 32 18 21 31 24 26 17 26 24 13 0 44
4 23 13 14 21 11 20 27 30 34 7 0 19
3 28 20 30 19 29 17 17 11 23 11 0 11
3 11 22 11 17 30 16 12 24 25 17 0 14
6 26 30 11 22 31 29 12 33 7 17 0 30
8 24 22 11 15 33 19 10 18 20 8 0 40
9 13 13 27 28 22 16 7 25 19 11 0 45
8 29 30 34 20 17 9 10 13 20 28 0 36
8 24 28 30 25 18 13 23 11 23 13 0 39
9 22 10 30 26 31 30 31 11 18 11 0 43
7 25 7 17 21 28 29 18 19 13 15 0 34
5 28 34 19 9 29 13 25 26 9 26 0 25
8 12 22 32 20 22 33 33 33 23 18 0 37
5 17 10 22 10 25 30 17 11 13 8 0 22
9 12 13 23 11 23 23 13 17 13 14 0 45
6 28 26 26 26 11 24 10 19 31 31 0 28
9 9 31 11 20 17 34 13 10 13 9 0 45
3 34 30 12 31 20 12 12 33 23 10 0 14
5 14 31 22 19 16 15 13 16 7 17 0 25
8 27 23 11 24 10 17 12 16 9 25 0 38
4 14 9 19 20 26 30 28 13 12 12 0 19
6 9 7 34 17 9 14 25 18 28 8 0 27
10 23 33 28 11 10 29 13 25 9 22 0 48
5 13 24 9 24 21 19 18 32 10 12 0 22
10 31 9 13 30 24 31 11 9 17 10 0 48
6 11 24 23 32 25 30 31 10 32 31 0 30
6 33 32 32 33 12 22 19 13 23 12 0 27
8 22 26 17 26 30 34 16 20 23 28 0 36
6 25 11 20 25 7 21 9 15 7 9 0 30
9 7 10 31 15 29 32 8 33 9 14 0 45
3 24 22 19 28 26 18 26 7 10 10 0 15
3 15 8 14 29 18 33 16 28 11 19 0 13
3 31 20 29 32 29 28 15 32 15 21 0 12
8 11 16 30 23 14 13 18 17 27 12 0 38
3 16 17 11 7 15 24 13 30 33 18 0 11
8 16 29 9 8 20 19 27 31 29 21 0 36
6 26 18 22 20 10 33 33 22 28 7 0 29
3 32 9 18 29 24 21 17 7 26 34 0 14
5 31 16 9 32 29 22 31 33 14 14 0 25
5 25 24 32 12 19 22 27 24 18 29 0 22
9 31 17 10 33 24 14 27 20 29 13 0 45
5 12 29 20 19 24 15 25 23 17 31 0 24
10 24 26 11 25 25 18 8 25 17 15 0 50
6 13 12 24 9 9 10 22 19 32 24 0 28
10 32 14 19 21 31 10 30 8 17 11 0 50
2 17 29 16 11 25 7 19 7 32 12 0 10
10 28 31 16 26 12 32 7 32 30 18 0 50
9 19 28 7 8 10 14 9 12 15 19 0 43
4 29 9 11 19 8 28 13 19 22 20 0 18
10 23 19 13 21 29 16 34 7 22 12 0 49
5 34 10 10 33 32 31 14 32 28 12 0 24
5 18 10 26 10 10 8 17 34 23 33 0 24
4 8 23 24 22 31 27 23 23 18 7 0 17
3 20 16 13 32 28 13 29 8 16 22 0 11
4 30 20 34 26 20 11 30 7 24 27 0 17
8 34 20 17 15 26 27 15 13 14 16 0 37
4 13 30 27 34 22 11 13 32 11 33 0 17
4 29 7 22 16 11 25 26 10 32 12 0 19
6 23 18 31 22 21 10 16 21 26 17 0 30
9 31 18 9 11 20 34 14 14 29 34 0 44
6 30 16 21 33 17 29 19 15 14 24 0 29
8 34 18 16 9 23 21 9 22 19 29 0 40
5 27 21 20 29 10 13 25 32 11 23 0 25
5 16 15 28 27 11 14 18 8 33 20 0 25
6 22 31 24 19 11 10 10 10 10 33 0 28
3 32 18 18 14 32 12 22 23 19 26 0 11
6 30 32 9 20 11 7 26 33 8 33 0 29
6 33 31 31 9 12 32 16 24 16 13 0 27
4 29 13 11 24 32 8 19 17 28 11 0 20
10 10 32 9 10 28 23 30 27 15 14 0 48
4 19 19 29 13 15 18 18 26 16 24 0 16
9 10 22 7 30 13 24 27 28 24 17 0 41
8 33 22 25 30 20 20 27 33 18 29 0 38
6 20 8 25 30 25 8 24 29 12 27 0 29
8 29 18 24 19 21 32 7 7 10 31 0 37
6 27 29 32 8 9 26 22 34 10 19 0 28
10 28 24 21 33 20 17 7 19 9 31 0 50
5 29 29 25 25 18 18 17 16 23 13 0 21
9 8 15 13 22 10 25 14 32 17 16 0 45
8 21 32 23 9 20 16 8 26 26 27 0 40
9 13 26 13 28 30 12 27 10 26 19 0 43
2 30 18 32 11 20 15 8 8 7 13 0 10
5 12 27 23 23 12 12 15 13 26 25 0 23
5 22 7 7 27 19 12 27 7 31 33 0 25
8 19 31 24 16 8 11 17 33 8 11 0 36
5 13 19 26 13 7 24 30 16 28 9 0 25
4 29 15 15 12 22 16 18 17 8 11 0 20
6 30 33 10 12 25 16 21 15 24 26 0 27
4 17 29 7 27 20 27 20 18 15 13 0 20
6 10 32 27 7 14 15 13 29 29 12 0 28
9 18 8 23 20 17 28 24 11 29 18 0 45
5 21 8 22 13 7 17 29 20 30 25 0 22
7 28 16 33 10 16 12 21 23 25 7 0 32
8 24 29 17 23 27 9 18 21 11 9 0 37
2 18 13 7 25 24 9 27 23 24 24 0 10
9 8 15 19 11 29 30 26 11 26 31 0 45
4 14 8 29 19 29 12 12 21 22 10 0 17
10 17 34 19 24 12 24 7 15 26 27 0 47
10 21 15 11 16 17 17 30 19 22 19 0 46
5 24 7 26 31 30 15 14 23 29 12 0 23
4 21 18 28 28 33 8 18 9 19 29 0 17
6 25 13 19 30 11 13 8 14 31 32 0 27
3 31 17 18 22 34 21 22 18 19 26 0 13
8 23 12 25 11 11 23 33 31 28 19 0 38
6 8 12 15 30 23 24 20 10 7 25 0 26
7 23 31 9 10 21 11 24 33 12 13 0 34
10 30 12 15 26 19 24 11 10 18 18 0 50
38 38 43 38 43
105 143 219 237 296
124 167 211 236 299
100 164 191 247 278
131 164 207 223 282
113 151 195 250 297
122 153 182 257 275
103 144 190 225 288
129 145 201 248 272
123 174 212 236 273
120 152 186 231 296
139 178 181 243 266
133 156 219 246 266
105 157 199 232 291
103 141 206 230 268
136 178 210 238 293
108 179 212 244 280
134 175 184 240 262
106 166 213 228 278
108 153 185 224 286
137 162 200 257 296
104 155 200 256 262
127 171 211 258 297
135 170 183 233 299
106 170 186 227 269
104 147 209 221 266
107 144 218 246 275
103 150 199 236 292
140 180 197 245 273
109 159 184 239 269
123 146 208 249 271
138 155 204 227 300
136 149 186 223 297
129 159 186 233 274
132 153 183 252 299
106 179 207 232 281
116 147 219 237 293
114 150 182 236 260
108 176 195 239 297
112 165 187 225 288
134 173 214 235 285
107 170 208 246 261
100 176 180 257 264
113 180 189 230 289
124 161 186 228 288
126 161 187 226 269
108 140 194 248 298
103 152 205 252 273
109 167 187 252 289
107 142 188 228 264
129 146 209 248 277
135 141 185 252 299
104 145 195 249 299
103 168 220 255 287
110 179 217 243 284
120 174 192 237 290
102 164 220 233 294
109 154 197 236 262
130 164 188 259 278
134 161 191 235 268
103 169 180 222 294
104 155 210 260 264
103 159 214 223 300
110 169 212 224 271
111 175 216 257 290
118 140 201 236 275
123 156 203 231 300
101 174 220 228 276
135 165 211 228 285
103 173 209 225 265
140 175 184 234 265
100 176 198 227 296
121 172 220 245 270
117 144 198 239 283
100 171 210 225 271
139 155 182 226 280
131 164 197 227 284
109 162 180 233 265
137 163 190 225 287
123 166 208 250 274
100 170 184 246 279
123 175 207 222 265
107 164 214 222 293
130 161 218 238 262
126 170 193 231 290
121 173 211 230 271
103 157 210 258 280
121 157 198 229 267
133 142 197 220 297
134 157 187 232 282
130 175 186 226 270
126 178 201 223 286
124 170 197 254 289
107 148 216 246 269
140 145 212 227 273
135 142 194 221 278
121 147 215 224 274
110 172 207 241 292
125 156 181 231 289
135 144 190 223 267
128 176 191 250 269
129 160 197 226 287
119 146 183 245 267
114 146 199 256 293
114 146 195 246 288
125 141 191 260 286
139 177 207 243 273
125 140 215 254 267
136 155 219 224 266
108 163 220 240 266
110 177 213 234 278
102 158 182 250 261
129 159 202 249 300
132 162 185 235 279
104 180 182 221 292
129 174 194 232 260
115 144 182 246 296
107 163 195 228 262
139 142 185 252 280
121 142 219 253 295
109 148 190 238 297
130 141 208 235 265
120 164 202 258 276
128 176 196 234 298
121 164 192 235 286
120 154 195 226 297
127 162 206 260 268
120 166 203 241 279
130 154 212 231 276
105 153 208 229 283
126 169 189 226 282
112 169 196 252 277
111 150 214 226 273
111 175 182 246 286
101 169 188 236 260
140 179 215 242 277
120 144 192 230 291
110 178 211 246 293
135 159 202 232 299
100 153 188 258 297
102 176 196 228 271
136 166 220 253 289
101 143 197 239 268
107 151 187 256 282
132 172 185 254 262
127 149 202 232 293
126 165 204 253 264
127 179 191 233 291
126 148 195 245 286
101 163 217 240 273
110 152 181 226 278
103 141 206 256 268
135 178 192 236 260
113 178 211 250 291
129 166 208 244 277
137 156 210 232 285
114 159 191 229 291
102 145 201 232 284
134 177 194 251 260
116 165 206 229 266
116 161 196 236 264
101 162 201 260 272
127 179 182 221 274
112 178 191 253 288
122 151 185 228 283
130 161 181 231 296
127 154 218 253 275
134 145 186 236 269
126 172 212 239 279
103 173 219 228 289
126 157 219 249 296
136 150 219 220 277
100 172 205 257 266
134 167 181 240 296
127 163 208 253 264
113 161 214 229 268
129 150 212 258 297
113 166 202 232 265
125 176 204 255 292
126 175 208 223 261
118 143 191 221 294
108 140 206 237 298
100 140 206 224 291
115 157 207 249 265
101 152 219 250 299
105 169 217 230 291
132 174 181 248 281
107 140 186 229 290
110 151 202 241 266
117 169 199 224 295
123 165 189 242 269
114 179 218 256 262
126 144 205 224 268
108 171 217 220 262
129 149 187 223 280
138 156 214 227 291
103 172 197 250 299
132 159 219 228 278
140 153 182 229 262
137 148 194 245 285
128 145 212 257 268
1581 2152 3294 3564 4450
5339 7189 9081 10157 12867
2506 4108 4783 6185 6960
2496 3124 3942 4246 5368
2153 2876 3713 4759 5653
5497 6893 8198 11575 12385
1758 2456 3239 3834 4907
4006 4502 6240 7697 8442
1483 2096 2553 2841 3286
4567 5784 7076 8787 11258
5289 6772 6886 9243 10118
2534 2971 4170 4683 5064
4206 6288 7969 9289 11650
4436 6071 8867 9900 11534
5175 6772 7988 9053 11144
2274 3767 4461 5133 5890
4563 5958 6264 8169 8918
4988 7810 10020 10725 13076
2491 3527 4264 5161 6588
5898 6973 8608 11060 12738
1046 1558 2009 2570 2630
5340 7189 8870 10845 12484
5542 6978 7511 9562 12269
2551 4088 4473 5457 6466
2815 3977 5652 5976 7192
4714 6343 9601 10833 12110
1757 2558 3392 4021 4974
2947 3788 4145 5154 5743
4258 6209 7184 9331 10501
2467 2927 4169 4989 5430
2491 2797 3680 4095 5410
3815 4179 5216 6253 8326
5296 6527 7634 9562 11244
5683 6586 7877 10845 12867
5200 8779 10152 11377 13779
2095 2653 3951 4275 5284
5593 7358 8927 11574 12750
4974 8104 8978 11003 13672
3703 5453 6179 7434 9514
3893 5025 6214 6824 8275
4393 6978 8537 10095 10711
1306 2296 2348 3351 3442
2380 3788 3977 4839 6079
3727 4838 5588 6849 8650
5047 6448 7488 9049 10770
5298 6867 9514 12162 14612
4435 6544 8824 10846 11749
4802 7356 8236 11097 12726
5143 6824 9033 10954 12682
3748 4241 6070 7201 8043
3247 3391 4448 6057 7186
1982 2762 3713 4740 5691
3611 5888 7709 8934 10055
5506 8958 10859 12159 14210
5047 7316 8072 9963 12190
2556 4108 5509 5834 7360
4367 6168 7889 9450 10490
6117 7716 8844 12182 13076
4295 5160 6120 7529 8586
1036 1698 1808 2229 2951
4062 6053 8199 10150 10306
4847 7481 10067 10490 14110
2977 4571 5733 6057 7327
3558 5608 6920 8233 9290
4373 5187 7446 8741 10185
4435 5623 7316 8325 10810
4349 7490 9469 9813 11878
3787 4628 5917 6393 7990
4950 8312 10041 10809 12730
3227 4033 4240 5391 6105
1906 3352 3770 4322 5634
2064 2932 3749 4174 4600
2932 3607 4959 5984 7085
3906 6677 8199 8784 10579
1953 2178 2556 3173 3930
4199 5256 6312 7273 9098
2841 4220 4688 6068 6900
2610 3105 3618 4284 5463
2590 3494 4376 5259 5764
1206 2048 2216 2962 3358
4927 7008 8289 8889 10610
4714 7224 9425 9777 12902
5597 6931 9383 10243 11276
5677 7658 8693 10404 13060
2548 3641 4440 4839 5701
3920 5974 7989 9814 10650
2911 3776 4761 5505 6418
5593 5971 8283 9249 12484
3893 4561 5431 6737 8188
4297 5783 6146 7467 8920
1771 2500 2822 3131 4014
2983 4088 4736 6105 6946
3323 4595 6705 7635 8349
6167 6387 9337 9997 12022
2572 2705 3695 4208 5292
1338 1624 2374 2473 3024
1546 2416 2906 3383 4098
3757 4688 5438 6939 8680
5407 5768 7609 8929 10690
5767 7928 8603 11259 12115
4651 5768 7100 8145 10342
4648 5702 7145 9565 10423
4908 6285 8565 11017 12609
3883 4971 6638 8373 9802
3132 3532 4783 6510 7160
5150 6557 7667 9000 10110
2757 3087 4739 5597 5884
6127 6983 9864 10089 11980
3030 4572 6169 6729 7458
4956 7973 9594 10539 12520
1434 2220 2556 3510 3664
3232 3982 5058 6234 7510
5023 6164 7038 8939 10612
1982 3428 3466 4208 5558
3490 4706 5246 6273 7030
5527 6919 8744 11818 14218
2361 3594 4299 5025 5774
6679 6823 8888 12105 13450
3637 4267 6579 7599 8860
2950 4003 5138 6435 8029
4687 5083 7497 8469 9550
3607 4928 6068 7749 8290
5767 7928 8828 10539 13420
1822 2468 2888 3534 4300
1567 2010 2543 2947 3871
1531 1952 2480 3129 3226
4567 6316 7722 9167 10612
1437 1701 2341 2550 3046
3786 5516 7497 8253 10198
3661 4909 5489 6563 8188
1574 2374 2752 3537 3888
2782 3758 5359 5659 6835
2448 3858 4012 5421 6302
4551 7613 8469 10630 11710
3367 4304 5168 5817 6657
6007 7207 9609 11509 14560
3086 4992 5916 6897 8214
6757 7957 10108 11609 14960
1006 1538 1888 2590 2980
5106 8808 9809 11409 13560
5855 7145 9468 10888 12437
1824 2582 3555 4312 4834
5249 7407 9171 12554 13828
3175 4136 4448 6105 6298
3055 3583 4857 5577 7042
2149 2813 3476 4310 4498
1404 1977 2109 2572 3211
2149 2523 3323 4174 4872
3743 6039 8038 8889 10111
1877 2592 3086 3851 4736
1963 2686 3923 4874 5102
4057 5348 5768 7089 7810
4978 7840 9292 11009 12814
3748 4822 6040 7085 8043
5487 6247 8409 9289 11410
2857 3983 4783 5734 7285
2556 3633 5034 5809 7110
3759 4964 5440 7037 7289
1283 1823 2275 2528 2936
3371 4677 5693 6853 7666
2733 4382 5436 7030 7354
2547 3588 3648 4429 5490
5382 8552 9176 12153 13834
1959 2424 2968 3657 4538
5337 6609 7429 9480 12146
4833 5859 8293 9623 10460
3893 4213 5402 6853 7811
4669 6372 7853 8852 10333
2890 4852 6141 6393 8102
6307 7857 10958 12459 14810
2863 3157 4608 4629 5827
4506 7748 9234 11575 11980
5367 6688 7248 9609 11850
5468 7017 8953 10888 11362
1137 1618 2149 2299 2690
2974 3457 4884 5943 6841
2832 4158 5059 5809 6635
4507 6344 7352 9189 10522
3157 4383 5209 5584 6535
2367 2867 3829 4429 5891
2922 3787 5571 6408 8056
2006 2807 4129 4489 5831
3227 4404 5805 6981 7430
4551 6847 9864 11259 13465
2316 3726 4783 5069 6412
4231 5576 5800 7945 9002
3966 5188 6891 8482 10741
1107 1518 2029 2420 2670
5272 7613 8963 10089 13285
2098 2813 3221 4123 4583
5364 8421 10255 12041 12323
5803 6632 9439 10313 12338
2491 3941 5000 5069 6036
2200 2541 3187 3800 4770
3733 4219 5787 6138 7867
1345 2244 2569 3259 3897
5023 6050 8331 8673 10574
3647 3986 4740 5963 6822
4665 5039 6604 8339 9700
6407 7257 10609 12859 13410
