1000 10 5
6 22 22 25 21 28 10 7 22 33 28 0 29
5 32 23 10 17 9 17 7 15 30 24 0 25
4 7 19 28 8 27 8 15 26 10 10 0 17
6 24 15 10 19 26 26 7 17 26 32 0 26
6 16 29 26 25 7 29 14 33 8 28 0 27
7 23 25 7 23 31 29 25 20 22 32 0 34
9 33 18 15 21 16 26 18 26 16 22 0 45
7 31 17 13 25 20 26 10 10 24 33 0 33
4 21 22 14 22 12 21 17 27 32 27 0 18
7 16 27 23 17 10 30 33 11 22 9 0 34
4 17 21 11 27 30 24 25 10 18 26 0 20
7 29 15 13 10 25 17 8 13 18 16 0 31
9 31 32 28 8 18 10 12 24 8 24 0 45
4 16 8 21 11 10 10 26 26 16 12 0 18
10 20 17 27 27 33 28 12 20 23 16 0 49
9 26 7 18 29 20 32 33 31 19 15 0 44
10 19 16 29 25 7 18 32 20 31 11 0 50
5 33 13 14 19 27 13 12 20 30 17 0 22
4 12 32 10 26 7 16 16 25 25 10 0 18
6 19 14 25 12 11 11 8 25 31 15 0 30
5 20 9 18 11 22 13 18 7 25 10 0 21
3 16 12 21 26 7 11 29 9 27 21 0 12
8 19 27 29 28 27 31 18 19 10 8 0 38
8 32 27 8 7 9 29 8 15 8 20 0 39
7 18 15 17 27 23 19 13 32 20 22 0 35
5 27 14 22 24 12 13 30 19 8 15 0 21
4 29 15 12 10 16 13 20 23 23 20 0 18
8 33 22 16 7 16 28 15 7 27 20 0 38
3 18 12 14 10 26 17 33 21 7 9 0 11
4 8 14 8 31 32 30 31 28 18 17 0 19
9 12 14 32 14 28 24 21 7 16 14 0 42
3 11 11 29 31 8 20 15 30 21 11 0 15
10 17 24 29 24 13 13 28 29 13 9 0 46
7 32 11 27 14 27 28 30 8 26 25 0 35
4 33 26 15 12 31 22 20 20 14 20 0 19
9 19 12 25 7 22 7 14 23 30 11 0 45
6 13 22 10 14 32 19 26 19 14 29 0 28
4 26 30 11 8 13 22 9 18 16 19 0 17
7 20 8 10 19 11 27 9 15 28 23 0 32
7 25 17 28 31 11 18 20 21 13 16 0 31
4 10 14 22 23 18 31 16 28 29 14 0 16
9 24 30 12 21 13 12 17 26 26 10 0 43
8 7 28 8 11 15 13 28 11 23 20 0 37
4 25 23 18 10 30 25 25 23 11 24 0 19
6 17 17 28 26 15 28 24 33 12 23 0 29
8 7 33 27 9 21 24 27 19 16 7 0 37
2 27 17 19 15 13 16 30 7 32 16 0 10
8 23 29 26 17 30 21 9 9 16 9 0 39
3 27 9 11 31 20 7 21 15 30 23 0 13
9 24 26 21 8 13 17 18 11 20 24 0 45
4 8 26 31 9 15 22 16 14 32 14 0 19
3 21 19 24 12 27 32 17 29 24 22 0 14
10 20 16 11 14 19 19 27 28 15 23 0 49
4 21 32 30 30 8 16 19 7 32 18 0 20
4 21 10 16 30 17 12 19 15 18 23 0 16
5 17 19 21 17 7 29 17 9 29 20 0 24
2 18 19 18 30 21 24 14 25 25 8 0 10
5 13 18 15 20 24 16 15 22 24 31 0 25
4 26 31 9 21 21 32 27 33 32 17 0 18
7 26 23 21 27 30 28 20 26 18 13 0 35
10 16 31 24 22 23 17 13 16 8 24 0 48
5 18 23 12 17 21 32 31 17 32 25 0 24
8 12 30 30 27 25 8 9 11 18 30 0 38
5 9 29 33 9 16 14 14 15 25 24 0 22
2 7 16 17 11 15 26 28 23 32 19 0 10
5 12 24 31 17 19 21 20 32 22 20 0 22
3 32 31 23 31 19 24 17 14 24 30 0 11
3 25 31 13 8 9 12 18 21 10 11 0 15
4 17 11 24 23 27 25 24 8 14 27 0 17
7 23 18 25 22 32 14 13 30 11 26 0 31
3 25 16 10 11 13 13 15 23 13 21 0 14
8 18 8 13 15 14 23 23 26 10 19 0 38
8 32 23 22 22 9 23 17 9 10 26 0 36
4 27 16 14 20 32 10 25 18 23 18 0 16
6 16 21 17 27 28 23 11 17 16 17 0 29
4 26 11 9 13 15 31 30 12 33 10 0 16
9 31 10 17 17 22 15 23 31 10 12 0 42
9 16 10 12 26 16 12 20 32 11 8 0 45
9 9 27 31 15 29 16 28 10 32 30 0 44
3 22 11 21 16 29 16 20 19 12 23 0 12
10 16 15 16 31 19 15 21 11 10 18 0 47
4 32 17 9 18 16 27 29 30 29 8 0 19
7 9 28 33 18 26 14 18 13 30 17 0 33
6 33 28 21 25 8 16 21 15 23 15 0 26
7 26 14 32 23 12 27 7 8 16 13 0 31
6 21 31 13 29 9 21 25 11 30 26 0 26
8 23 29 11 27 16 11 11 32 23 24 0 36
5 19 17 8 18 8 22 33 14 8 18 0 25
9 12 23 7 31 27 31 18 32 22 10 0 41
9 21 9 9 15 15 30 14 13 31 14 0 45
2 12 29 16 22 9 11 15 10 18 13 0 10
9 15 19 21 30 29 9 11 22 32 15 0 41
10 29 33 8 7 30 16 15 21 28 18 0 46
3 19 15 8 20 22 24 33 7 21 31 0 13
3 29 28 30 33 11 17 8 22 17 25 0 14
10 13 20 30 13 19 32 21 8 11 29 0 49
10 23 9 21 30 10 15 10 11 15 21 0 50
3 32 18 25 17 18 9 30 31 33 19 0 15
5 26 21 27 27 22 33 29 27 29 7 0 23
10 30 12 29 20 8 32 22 26 31 29 0 48
8 29 7 26 11 23 13 32 14 9 25 0 36
9 8 12 17 31 22 9 30 28 16 7 0 42
5 22 18 28 24 22 32 10 20 23 18 0 21
10 28 12 25 32 18 17 31 17 8 26 0 47
9 11 24 24 8 30 19 26 26 31 31 0 41
7 28 11 25 23 27 15 24 18 19 17 0 32
6 11 24 18 23 22 32 22 13 9 10 0 30
4 28 18 16 31 19 23 24 13 22 20 0 16
9 13 14 28 18 33 12 28 30 12 19 0 42
4 20 29 20 13 24 15 18 21 23 21 0 18
5 14 22 17 20 15 17 15 17 27 32 0 21
3 21 23 16 32 18 10 10 8 31 8 0 12
7 28 17 19 21 31 28 30 32 11 10 0 31
2 27 25 7 31 21 31 8 13 27 28 0 10
9 22 14 30 18 21 17 32 9 10 31 0 41
9 16 21 31 21 8 19 25 11 29 19 0 42
7 11 20 19 21 32 33 8 7 9 32 0 34
8 7 33 9 25 24 22 8 21 7 26 0 39
10 11 18 15 17 31 13 27 22 19 21 0 49
3 30 28 16 9 31 17 31 26 10 19 0 13
8 28 26 25 30 22 33 15 32 19 15 0 40
5 10 26 15 13 28 11 27 15 25 20 0 25
7 28 9 20 24 21 20 13 21 20 20 0 35
5 30 28 28 23 16 11 15 15 26 23 0 24
7 13 20 7 30 9 29 20 18 32 27 0 32
7 10 24 8 32 16 17 19 22 31 28 0 34
6 18 11 8 31 9 26 20 13 31 12 0 27
8 15 27 20 7 12 14 28 10 28 33 0 37
8 13 18 21 23 25 12 10 23 22 19 0 36
7 28 22 17 29 26 27 20 26 21 15 0 31
7 30 33 20 12 33 30 19 25 9 23 0 35
10 12 32 15 20 29 26 18 32 16 12 0 47
3 21 8 8 8 14 18 26 19 15 33 0 13
3 32 31 16 10 19 15 31 8 33 10 0 13
4 32 23 32 12 12 12 25 14 19 9 0 18
5 7 22 15 22 16 16 29 19 30 9 0 21
6 11 15 19 12 8 26 27 22 26 29 0 29
6 10 8 14 17 9 25 28 25 8 24 0 30
3 21 11 7 24 16 22 23 31 33 10 0 14
5 19 16 30 27 18 15 31 24 27 24 0 22
4 23 8 26 28 28 33 25 30 24 10 0 18
4 25 17 24 28 16 9 12 26 25 10 0 18
6 33 15 26 11 16 25 8 25 19 9 0 29
7 13 21 18 23 32 15 25 21 28 16 0 35
7 9 25 9 12 21 25 31 10 17 7 0 32
8 19 7 32 26 20 16 33 16 32 32 0 39
4 24 27 12 13 9 16 11 9 18 26 0 17
9 20 18 24 20 18 7 21 20 15 28 0 41
10 30 25 25 23 27 12 17 18 16 31 0 47
4 20 21 26 28 23 26 15 13 18 32 0 18
9 27 12 16 22 28 15 22 14 25 11 0 43
8 33 24 16 19 21 8 11 14 29 7 0 36
3 33 16 28 20 16 19 16 25 27 8 0 11
7 28 16 13 12 27 19 19 19 10 27 0 33
4 9 21 7 31 13 21 33 27 31 18 0 17
5 27 26 30 15 26 22 9 14 12 13 0 22
9 13 26 33 16 30 32 21 33 15 13 0 45
7 15 12 22 15 17 11 21 17 11 7 0 34
3 8 26 7 18 11 28 20 12 22 20 0 15
5 21 9 10 22 32 28 26 29 19 22 0 25
6 31 24 10 19 17 23 9 20 29 29 0 28
4 19 19 28 8 9 25 20 18 20 16 0 16
8 24 14 19 32 8 32 28 11 7 14 0 37
7 13 7 7 12 22 9 7 31 25 22 0 34
2 25 29 25 29 10 31 15 24 30 27 0 10
6 13 30 19 30 33 28 17 21 32 16 0 28
4 21 17 33 7 9 11 14 33 9 21 0 20
9 31 31 32 9 33 28 23 31 30 23 0 45
4 21 9 21 23 19 29 11 23 19 22 0 17
6 12 16 29 10 25 8 18 33 25 26 0 30
4 11 29 10 28 20 29 23 14 19 7 0 17
10 14 23 20 30 25 30 25 18 19 12 0 46
5 16 11 31 20 15 31 17 11 9 14 0 21
3 9 30 13 24 9 25 15 33 18 24 0 14
8 24 14 32 16 19 13 19 7 26 17 0 40
8 12 14 19 25 22 33 16 24 16 14 0 37
4 32 17 22 21 23 23 33 27 32 23 0 19
6 20 32 15 14 27 28 12 32 28 14 0 28
4 14 24 27 20 31 14 32 25 10 31 0 18
8 33 20 10 7 12 32 16 23 8 12 0 40
5 23 24 28 14 23 26 28 26 31 20 0 21
4 24 18 21 26 20 10 13 29 28 31 0 20
8 12 15 29 23 31 31 21 24 23 14 0 36
4 12 10 29 14 7 30 28 16 26 31 0 16
3 27 19 15 17 28 31 22 25 26 7 0 13
6 7 13 32 23 30 16 26 32 7 11 0 27
8 17 8 11 14 11 22 12 26 22 15 0 37
10 20 22 10 27 32 8 33 22 25 28 0 48
5 10 17 13 14 14 7 7 15 22 7 0 22
9 27 24 9 21 7 19 18 26 8 25 0 42
4 24 32 16 20 21 8 17 8 19 17 0 17
5 25 23 17 28 32 30 19 22 7 33 0 25
7 30 17 9 20 31 11 19 30 8 15 0 33
3 31 18 31 11 13 9 18 25 20 9 0 14
9 25 27 30 24 26 33 17 33 28 28 0 43
6 32 8 15 9 16 12 25 26 31 30 0 30
3 29 10 18 30 14 23 33 29 7 30 0 15
6 26 29 30 21 21 27 12 13 14 13 0 27
4 18 22 15 8 15 29 28 24 8 8 0 16
4 9 19 24 21 30 7 14 31 30 16 0 16
5 19 26 25 31 15 18 28 22 13 7 0 23
10 20 12 12 32 8 22 11 30 31 29 0 46
8 21 11 26 25 29 25 21 28 10 22 0 38
7 23 11 20 17 10 16 29 33 7 11 0 35
5 8 12 30 10 31 27 19 33 10 22 0 24
3 20 22 13 8 31 33 7 7 27 27 0 15
6 27 8 16 31 20 11 13 24 9 13 0 28
4 23 22 8 17 13 32 16 21 33 12 0 16
7 7 33 15 26 16 26 13 14 11 10 0 31
3 18 18 22 26 7 18 29 15 7 21 0 12
8 7 23 12 8 20 20 23 28 7 25 0 36
3 28 31 25 21 19 17 33 15 9 12 0 12
7 10 19 20 16 11 24 20 12 22 19 0 34
9 16 15 12 31 23 25 21 20 31 18 0 42
3 14 30 20 12 24 25 14 28 29 24 0 11
4 18 22 22 12 24 15 29 16 25 11 0 17
6 19 16 9 30 24 19 18 30 25 16 0 27
6 20 31 25 17 22 13 13 8 25 19 0 26
6 27 8 9 33 31 15 22 28 24 7 0 27
8 22 19 9 22 15 32 24 26 22 9 0 39
6 13 13 29 8 15 31 33 10 8 17 0 28
7 16 26 19 17 30 31 31 26 21 15 0 34
10 23 29 13 11 17 20 32 25 18 13 0 48
9 7 18 18 13 31 10 13 26 9 32 0 45
3 21 13 28 30 33 8 31 17 25 10 0 13
6 21 7 14 15 9 17 12 20 13 26 0 29
10 8 14 9 18 18 28 8 11 20 29 0 49
9 11 16 23 17 12 25 13 10 11 12 0 41
8 25 29 9 7 23 12 15 17 13 24 0 36
3 24 10 15 30 19 15 29 9 23 14 0 15
10 24 20 30 15 22 24 33 13 25 9 0 48
8 12 19 23 13 28 8 32 20 29 14 0 40
9 16 25 17 20 25 25 19 26 20 19 0 44
3 8 29 27 9 20 28 31 19 26 8 0 11
8 21 14 12 7 21 30 18 20 28 18 0 37
5 14 15 11 28 21 10 15 18 21 18 0 21
2 7 24 20 25 11 32 27 12 25 18 0 10
8 16 21 26 14 14 25 16 33 7 18 0 36
10 18 11 31 11 18 24 32 16 16 25 0 50
5 22 32 23 9 17 30 30 33 25 7 0 22
9 26 25 25 31 33 30 23 22 23 24 0 43
7 11 10 10 31 33 23 17 13 18 33 0 31
7 18 24 23 11 19 10 20 30 22 28 0 31
7 24 33 15 33 17 15 10 28 8 21 0 34
5 28 12 23 24 16 33 26 27 22 26 0 25
5 31 26 31 17 9 12 7 20 16 14 0 23
10 17 19 15 20 19 9 28 23 10 30 0 46
5 25 11 14 21 17 27 24 10 21 21 0 24
6 17 9 30 12 11 21 29 16 12 32 0 26
7 10 27 33 28 22 9 23 23 10 31 0 35
10 11 33 19 19 11 21 16 11 19 24 0 48
6 18 9 17 17 7 9 9 31 20 20 0 30
5 11 27 13 22 18 8 15 30 27 26 0 25
10 16 24 20 10 8 10 30 28 12 13 0 47
5 26 9 16 20 15 30 13 13 19 25 0 24
10 13 11 29 17 14 15 17 26 10 25 0 46
8 30 32 28 16 20 13 21 14 14 23 0 36
9 23 11 10 30 33 13 23 29 30 33 0 45
6 13 29 29 16 27 21 7 20 29 18 0 26
10 23 32 15 12 21 25 33 11 26 32 0 48
7 12 8 33 8 31 17 7 21 23 11 0 35
10 33 32 16 7 29 11 27 10 32 20 0 47
3 10 26 33 8 27 26 7 16 31 11 0 13
7 32 31 32 24 26 9 20 19 30 15 0 33
10 19 27 26 14 9 30 28 23 23 18 0 50
10 8 18 31 18 24 22 14 26 10 32 0 48
8 24 25 20 20 31 19 24 22 10 16 0 39
8 14 24 13 22 15 22 17 8 18 19 0 37
9 17 16 10 27 16 10 20 27 29 31 0 45
6 31 32 30 13 21 16 27 22 26 12 0 28
6 25 10 18 31 26 10 22 20 14 11 0 26
6 22 22 20 24 25 29 26 24 13 22 0 30
10 18 25 30 17 7 27 18 25 32 25 0 48
10 11 31 13 22 28 22 25 12 18 33 0 50
8 25 30 28 30 28 11 27 23 21 20 0 38
8 28 28 25 9 25 29 33 13 13 10 0 37
8 13 23 19 22 12 33 12 22 24 7 0 40
3 27 20 22 25 8 30 30 24 13 30 0 12
4 31 23 21 31 19 29 21 33 8 31 0 16
7 25 15 27 33 16 11 15 17 19 21 0 35
4 9 7 8 26 31 14 12 27 10 17 0 18
8 32 16 13 28 17 13 24 30 9 29 0 38
8 29 15 20 21 8 33 18 20 28 25 0 39
6 18 21 21 31 20 11 23 12 21 22 0 30
3 32 16 33 28 29 7 11 28 11 17 0 13
3 33 7 8 11 23 25 11 28 13 33 0 15
7 31 33 14 33 19 20 12 8 23 28 0 34
3 20 9 10 20 16 24 13 13 10 25 0 13
5 13 26 20 15 31 29 27 11 20 30 0 25
3 28 16 20 23 29 13 32 7 8 10 0 13
8 18 18 21 23 12 15 21 18 9 24 0 38
4 8 14 18 19 11 9 21 15 32 18 0 18
6 18 13 25 21 17 8 12 8 24 26 0 28
3 15 12 10 25 24 27 30 9 33 26 0 14
2 23 18 31 25 23 28 28 7 29 33 0 10
8 11 20 16 24 16 27 26 9 13 11 0 38
8 25 26 7 25 27 11 10 19 28 27 0 36
4 29 25 23 29 9 29 24 8 9 13 0 17
5 24 7 30 19 27 23 25 26 11 7 0 23
5 26 18 32 8 15 28 30 20 16 26 0 21
6 27 15 18 26 22 29 25 31 11 30 0 28
8 14 8 8 23 12 32 21 22 19 26 0 40
5 20 18 19 29 11 18 10 15 25 24 0 23
8 12 16 9 30 12 26 33 31 22 16 0 40
9 8 7 28 14 17 25 11 29 20 11 0 44
7 12 12 14 21 15 9 10 15 31 17 0 31
10 28 21 16 8 24 12 11 29 31 19 0 48
4 20 23 21 31 31 29 13 29 15 32 0 19
4 7 17 24 28 27 27 12 27 24 11 0 19
6 29 15 29 8 17 12 12 12 18 14 0 28
6 17 19 22 15 11 20 19 17 22 18 0 26
5 25 28 25 9 10 11 16 30 7 31 0 23
8 27 28 19 22 19 22 27 25 30 17 0 37
8 17 8 7 11 7 8 20 18 14 32 0 37
4 30 8 17 30 19 10 23 13 33 24 0 17
9 12 25 12 20 10 25 22 12 10 19 0 45
5 21 8 13 24 11 13 30 12 28 9 0 25
2 25 21 26 15 10 13 22 24 23 29 0 10
5 21 14 32 16 16 18 33 16 8 21 0 22
4 19 25 32 33 10 9 7 25 11 12 0 20
9 11 15 16 27 23 32 16 26 24 13 0 45
7 24 17 19 30 20 9 15 12 10 28 0 31
6 21 23 12 33 33 14 16 25 9 22 0 29
6 31 32 19 8 32 11 7 25 20 26 0 26
8 8 13 18 31 17 22 9 10 25 31 0 37
10 9 19 10 19 26 17 27 33 14 18 0 46
9 29 7 7 17 15 15 23 27 33 15 0 42
4 23 12 32 23 33 8 13 31 7 7 0 19
7 10 31 20 30 21 22 11 16 28 12 0 32
5 22 26 27 14 32 20 28 18 18 25 0 21
3 14 21 29 22 8 10 14 18 20 27 0 14
3 17 13 20 29 29 27 23 8 33 28 0 12
6 17 21 13 21 18 29 10 27 24 19 0 30
7 13 11 10 22 8 25 14 30 29 28 0 34
10 18 27 25 7 16 32 12 29 19 13 0 50
10 31 21 15 25 28 12 31 12 16 13 0 50
6 24 31 21 8 27 21 33 15 26 15 0 29
5 28 8 10 8 20 17 15 15 17 12 0 21
7 15 21 29 11 23 29 9 8 23 11 0 34
4 11 17 27 8 23 17 24 24 8 21 0 18
4 11 30 29 11 15 31 21 31 17 9 0 20
3 7 23 23 28 7 29 33 14 9 19 0 14
10 27 21 7 18 18 10 30 26 24 16 0 50
6 27 29 25 20 23 11 30 26 21 28 0 28
3 26 15 11 8 18 7 28 30 29 18 0 14
4 23 20 33 7 21 15 20 28 24 22 0 20
4 9 21 23 11 8 29 29 17 33 10 0 17
8 23 12 16 33 33 16 11 8 27 13 0 40
7 19 16 13 11 28 18 11 15 31 12 0 35
9 12 31 13 8 32 33 18 9 30 31 0 45
4 15 12 10 29 19 24 14 33 26 7 0 17
3 15 14 7 29 21 11 18 7 22 20 0 11
9 25 33 14 8 21 7 17 20 8 14 0 45
4 14 32 17 8 15 14 25 15 18 14 0 19
5 13 26 12 14 27 15 18 26 7 8 0 22
9 24 26 13 15 9 11 15 7 10 30 0 45
6 23 26 14 27 29 15 16 18 24 9 0 26
6 25 7 24 31 25 21 26 28 14 22 0 29
10 18 21 8 10 12 13 11 18 10 10 0 46
5 29 10 16 10 26 25 14 16 18 13 0 21
4 24 11 18 9 7 25 33 15 23 11 0 20
8 16 11 24 16 7 22 12 20 29 17 0 40
6 9 9 9 27 12 19 33 15 12 13 0 28
5 20 25 25 17 22 25 29 32 24 19 0 22
9 15 8 29 21 7 20 15 24 25 20 0 42
8 32 31 27 30 9 14 20 26 13 15 0 37
6 7 11 33 10 29 31 31 25 11 31 0 29
10 16 13 21 29 14 16 17 14 10 10 0 46
4 26 27 29 28 16 9 9 21 29 26 0 16
3 13 8 27 9 20 13 18 33 17 16 0 14
6 30 19 23 14 15 7 31 16 26 8 0 29
6 20 15 11 24 22 7 20 15 28 32 0 27
6 27 29 10 31 29 24 22 16 22 20 0 28
9 33 26 31 17 21 16 22 32 15 10 0 41
10 15 9 18 7 18 32 29 16 9 23 0 49
8 7 11 27 30 20 31 11 24 26 13 0 36
4 22 17 9 11 29 31 28 7 33 10 0 18
7 32 29 12 9 22 27 25 15 27 30 0 31
3 31 29 12 33 30 27 17 31 21 25 0 13
5 23 19 17 7 15 30 24 15 23 22 0 21
8 9 23 33 18 29 19 29 24 12 24 0 40
8 27 29 26 31 26 17 24 28 13 28 0 38
5 13 26 10 8 25 19 9 19 29 19 0 24
8 22 23 18 28 26 21 24 23 12 24 0 40
4 10 33 11 31 20 20 11 32 12 24 0 16
7 26 32 23 10 23 16 25 12 30 15 0 33
8 19 28 19 17 14 20 26 29 21 9 0 36
6 27 31 24 21 14 12 20 19 28 23 0 28
5 28 31 19 13 27 14 19 19 10 30 0 22
10 8 25 32 10 18 8 18 11 30 30 0 48
6 31 25 16 33 13 24 25 17 27 20 0 28
9 22 17 32 9 26 26 28 32 21 23 0 45
3 9 20 18 10 17 26 11 30 10 14 0 11
7 26 30 17 17 21 8 28 28 9 13 0 31
6 24 28 19 20 24 27 31 13 18 27 0 27
3 32 33 18 7 32 26 27 17 17 26 0 12
8 32 15 8 32 29 18 8 30 24 24 0 36
10 30 27 10 23 26 33 30 18 10 19 0 47
10 12 22 25 29 32 11 31 19 27 15 0 47
7 19 13 16 30 17 13 30 28 26 8 0 32
4 31 17 10 27 13 12 20 23 8 31 0 17
9 7 9 32 28 29 32 8 31 7 23 0 45
8 15 30 20 10 14 21 28 8 25 10 0 37
3 22 13 22 18 15 10 10 13 27 20 0 11
7 7 31 23 12 25 30 29 18 9 21 0 32
5 15 19 31 17 11 15 14 8 25 11 0 22
10 33 32 8 21 30 20 32 32 16 23 0 49
5 28 14 20 24 33 22 8 25 17 25 0 22
6 26 14 22 21 11 15 21 7 19 19 0 29
7 8 33 22 11 22 20 12 17 18 12 0 35
10 26 31 26 16 11 14 20 16 7 14 0 47
4 21 31 32 13 12 32 15 32 30 17 0 19
3 19 16 12 29 29 32 10 28 18 7 0 14
4 17 18 33 12 19 18 9 7 13 30 0 18
10 20 10 28 33 11 17 30 12 20 27 0 48
10 18 23 31 12 22 17 20 26 33 13 0 50
5 25 21 20 18 18 31 18 19 21 13 0 25
9 18 27 7 12 17 9 9 17 25 10 0 41
5 12 20 12 17 27 26 26 31 8 31 0 25
9 8 28 20 33 30 17 9 27 20 33 0 42
3 33 19 29 21 12 30 12 20 32 33 0 11
6 16 21 22 25 9 27 21 15 30 13 0 26
5 27 10 9 33 19 22 26 21 32 33 0 21
3 19 7 21 12 17 22 26 28 21 23 0 14
3 26 15 11 13 9 29 16 18 28 23 0 12
9 33 19 28 23 9 15 13 19 20 26 0 41
10 7 33 11 33 15 27 7 19 27 29 0 49
3 15 15 11 12 8 24 22 9 20 25 0 11
10 14 21 16 27 21 15 23 16 23 11 0 46
4 31 19 27 26 28 17 12 33 16 8 0 20
3 14 25 18 19 26 33 12 15 25 25 0 12
4 18 24 22 8 10 15 32 26 27 27 0 20
6 7 32 25 8 33 16 18 17 28 19 0 26
4 22 26 26 24 19 9 12 30 14 14 0 20
5 9 25 22 31 20 32 27 17 27 20 0 24
7 8 8 25 18 15 23 30 24 27 29 0 35
10 20 12 29 10 27 16 10 30 23 15 0 47
9 14 25 20 13 8 21 32 16 9 15 0 43
9 22 21 30 29 12 29 25 23 30 11 0 43
5 29 31 10 16 16 25 30 15 9 28 0 22
10 12 30 7 32 8 8 21 27 18 17 0 50
8 10 22 19 9 31 31 13 26 7 7 0 39
6 28 19 10 26 27 7 16 18 29 18 0 26
9 26 32 19 26 13 30 32 11 28 16 0 45
6 18 18 21 14 26 22 31 25 33 13 0 28
7 20 18 21 9 32 28 21 22 25 14 0 33
8 21 23 21 18 21 21 21 24 17 21 0 36
5 30 20 21 31 9 24 15 21 11 11 0 21
6 7 20 32 18 12 19 33 23 29 8 0 29
7 12 12 18 31 11 16 17 26 22 16 0 33
4 31 29 9 29 33 14 25 20 30 7 0 16
8 33 18 11 8 12 26 10 27 20 8 0 40
6 24 32 17 30 20 10 25 22 32 31 0 29
5 24 33 17 14 15 17 11 13 18 22 0 22
9 20 22 12 16 33 31 22 24 32 11 0 42
5 24 25 25 9 12 16 30 11 33 16 0 24
4 8 19 7 33 20 12 27 21 25 27 0 20
6 31 9 12 26 28 22 8 18 30 15 0 29
6 26 19 8 11 29 24 21 23 28 10 0 29
6 8 10 13 29 12 11 26 9 28 20 0 26
9 10 18 21 16 19 21 15 20 20 25 0 42
4 21 13 8 7 12 20 25 30 19 16 0 19
3 14 33 19 30 9 23 7 32 13 10 0 11
6 9 29 16 24 7 19 25 15 19 17 0 26
7 26 14 31 12 9 7 32 31 23 11 0 35
9 32 22 7 8 16 31 7 21 28 28 0 43
8 8 28 16 31 24 12 12 28 29 20 0 39
9 16 15 13 17 27 28 33 33 22 22 0 42
10 13 27 31 30 25 12 22 8 16 10 0 47
8 24 17 27 29 21 22 16 16 10 18 0 39
7 18 11 9 32 27 8 22 23 7 14 0 35
4 24 32 12 22 25 30 21 17 13 25 0 17
9 27 18 22 26 24 10 30 12 19 11 0 42
9 30 19 27 26 22 33 10 12 32 17 0 43
7 17 29 26 18 31 14 7 25 23 7 0 34
10 28 19 8 29 11 22 9 13 12 7 0 48
5 17 27 20 24 26 16 20 33 24 30 0 25
2 24 19 29 15 21 15 8 21 27 26 0 10
6 30 21 27 14 27 7 8 14 29 10 0 30
3 19 9 17 19 12 33 33 14 22 19 0 13
3 23 23 33 23 31 21 25 11 13 30 0 12
5 21 8 21 24 27 23 17 25 21 21 0 22
8 21 14 31 17 22 32 13 10 11 17 0 39
5 18 22 7 24 12 33 26 32 15 33 0 22
4 8 21 23 19 22 8 22 33 9 8 0 18
9 22 17 19 12 24 22 22 21 18 33 0 43
9 11 30 14 29 26 17 12 31 18 24 0 41
6 11 30 24 21 25 19 21 19 8 16 0 28
6 23 22 12 27 29 12 20 9 26 25 0 27
5 25 24 24 26 11 22 14 15 29 15 0 25
4 13 13 12 16 21 9 29 29 18 17 0 17
5 24 17 9 19 18 13 8 28 29 27 0 24
8 11 23 8 9 11 10 8 26 13 17 0 40
5 28 12 21 13 28 20 33 13 29 21 0 22
5 17 32 26 12 18 20 14 10 13 31 0 22
8 33 12 19 31 26 20 22 19 24 18 0 37
7 15 23 26 9 31 8 25 8 18 26 0 35
4 23 31 28 24 21 30 23 25 17 22 0 19
6 23 21 29 30 26 8 7 16 28 25 0 28
10 13 28 16 9 19 20 25 12 31 32 0 48
9 31 27 20 16 12 9 10 20 31 11 0 41
9 24 9 15 13 17 8 31 28 26 30 0 45
9 9 29 25 30 7 33 22 18 16 22 0 45
9 13 23 8 30 28 17 12 33 32 13 0 41
7 27 17 14 11 25 7 19 30 27 14 0 34
7 17 17 19 20 15 9 14 32 9 28 0 34
3 9 29 11 26 25 22 19 10 27 23 0 11
6 9 27 25 7 31 15 19 29 26 9 0 27
5 23 20 22 23 26 29 21 13 13 14 0 21
6 33 31 8 13 33 30 14 33 20 15 0 27
6 26 11 13 14 22 8 22 31 27 15 0 26
2 26 29 23 20 19 29 12 14 11 19 0 10
8 16 13 8 33 8 16 12 21 9 8 0 36
10 30 15 19 28 29 28 31 26 32 12 0 46
3 29 13 20 15 18 27 13 28 19 14 0 14
9 7 9 13 17 24 31 7 21 31 7 0 42
10 27 22 13 32 27 22 16 32 22 22 0 50
5 27 19 27 31 12 20 16 11 20 8 0 21
4 27 19 26 15 9 32 29 10 19 21 0 16
9 19 9 16 14 27 14 19 8 33 20 0 43
2 7 18 21 21 32 31 21 19 19 27 0 10
8 12 20 31 11 18 26 10 22 13 24 0 36
6 16 12 14 15 27 15 13 20 7 15 0 27
8 24 12 31 19 15 29 12 8 19 13 0 40
6 16 17 15 31 13 29 11 7 7 17 0 30
3 14 27 28 18 12 9 11 33 32 31 0 12
4 14 26 31 17 22 25 29 24 33 11 0 17
7 23 29 21 32 8 8 26 29 17 12 0 33
5 23 25 23 15 22 21 25 10 11 12 0 21
8 31 25 27 33 18 22 23 16 9 17 0 40
7 31 9 23 18 25 17 31 9 25 12 0 31
8 25 31 31 25 21 21 30 12 11 21 0 36
10 25 22 20 31 23 15 27 23 33 27 0 46
10 12 30 31 30 24 25 23 24 27 8 0 47
4 10 27 32 13 18 20 15 7 7 21 0 16
10 27 33 24 12 12 19 22 14 16 18 0 48
8 17 23 14 27 28 28 30 11 18 23 0 38
10 7 27 9 16 28 20 13 12 29 28 0 50
4 15 20 29 11 9 32 31 29 21 26 0 18
8 15 14 28 9 33 26 33 9 15 9 0 39
4 20 33 13 27 30 19 11 27 24 14 0 16
7 16 17 23 31 17 30 17 11 15 10 0 35
10 17 27 22 16 32 16 25 31 19 27 0 48
8 25 19 9 27 14 21 11 16 32 8 0 37
7 9 25 9 9 9 21 13 14 8 17 0 32
7 32 22 28 11 21 14 13 27 7 22 0 31
8 31 15 28 32 8 15 9 18 22 13 0 37
7 26 14 27 18 12 15 33 22 21 13 0 33
10 8 27 32 32 25 27 15 33 26 15 0 49
7 13 24 9 11 26 15 23 31 9 15 0 32
9 18 21 13 30 16 25 28 27 23 13 0 45
5 17 8 30 27 14 33 15 25 23 20 0 21
5 10 20 23 26 12 29 10 15 19 21 0 22
6 16 26 30 19 22 24 17 19 32 9 0 27
10 15 16 20 28 13 26 33 19 30 13 0 49
8 26 20 29 14 24 31 27 21 7 26 0 40
8 23 9 24 9 13 17 23 9 22 19 0 37
5 12 29 33 28 15 23 19 7 7 21 0 21
7 22 8 28 28 33 30 8 31 7 14 0 34
10 18 24 20 33 20 26 21 31 31 26 0 49
8 7 10 19 12 24 29 18 12 26 10 0 37
6 26 9 31 32 8 23 29 14 24 9 0 28
9 15 24 16 18 11 21 29 12 26 18 0 43
10 7 33 15 16 22 18 9 29 10 26 0 49
7 17 27 29 22 10 19 17 16 14 31 0 31
7 8 28 32 25 16 23 27 27 14 8 0 35
8 14 18 11 21 9 15 19 13 19 24 0 38
6 16 22 17 15 26 10 32 23 25 20 0 30
3 26 28 13 20 11 21 15 13 30 18 0 11
7 22 30 28 29 32 25 13 7 7 21 0 33
4 8 33 26 16 22 20 10 7 18 22 0 20
8 27 27 15 23 24 23 33 29 31 23 0 38
6 20 20 11 24 15 32 19 17 33 28 0 30
5 28 17 16 9 21 14 23 20 32 21 0 25
6 26 30 33 33 25 18 28 21 8 27 0 28
5 31 14 18 19 28 19 13 9 15 13 0 22
8 11 16 29 19 14 14 23 15 20 15 0 37
7 12 9 7 13 10 11 24 23 32 20 0 32
10 7 23 20 15 27 14 26 20 16 22 0 50
9 13 14 26 9 33 10 10 26 19 31 0 43
6 18 15 16 12 28 7 33 26 25 13 0 30
10 28 32 33 11 11 12 10 25 19 10 0 50
3 12 26 16 19 33 10 9 9 25 22 0 13
3 21 24 14 26 30 26 19 26 20 12 0 14
10 28 24 30 19 21 19 26 19 16 31 0 47
4 33 11 20 19 10 33 32 10 7 23 0 20
3 24 26 24 14 20 23 16 24 9 12 0 13
7 29 23 18 33 22 22 11 9 14 27 0 33
8 30 25 20 30 32 14 26 29 15 29 0 38
8 7 32 16 21 13 12 22 27 19 30 0 38
7 18 30 27 19 29 21 23 27 21 18 0 32
9 16 9 8 7 9 11 21 31 13 14 0 42
4 33 32 7 26 17 12 12 22 26 26 0 18
6 16 26 8 28 9 28 26 24 26 19 0 28
8 9 11 15 13 21 26 12 12 24 16 0 40
9 13 11 30 12 9 12 25 17 25 9 0 43
10 21 32 17 26 33 31 9 19 20 10 0 47
8 9 17 31 10 20 12 21 30 26 17 0 36
4 17 16 29 16 14 13 33 32 17 24 0 17
9 13 17 23 13 12 25 20 14 13 12 0 43
3 15 27 11 19 18 9 27 9 13 9 0 15
8 19 15 11 8 14 8 31 21 14 14 0 39
10 19 8 31 18 14 14 24 18 18 8 0 47
10 27 8 15 26 29 19 22 13 16 16 0 49
4 12 30 10 9 18 31 20 19 12 7 0 19
5 28 11 9 28 30 13 11 32 13 11 0 23
9 12 7 10 15 20 11 28 32 23 23 0 43
8 17 32 26 14 11 33 31 25 24 16 0 39
9 15 22 15 15 20 18 27 21 28 14 0 45
6 23 21 10 12 21 10 9 22 8 32 0 28
3 15 9 15 27 17 22 22 15 14 31 0 12
3 15 22 8 19 29 9 31 30 11 12 0 14
6 9 12 9 11 26 23 8 15 26 11 0 29
8 31 19 16 25 9 17 18 7 10 7 0 38
5 17 31 18 20 31 24 26 8 25 25 0 24
3 12 7 13 10 20 9 18 7 21 10 0 15
7 16 13 7 13 13 10 9 31 18 24 0 34
3 12 18 14 9 24 12 31 17 15 9 0 11
4 32 22 12 13 23 16 20 18 11 14 0 16
2 22 7 10 26 24 33 14 18 10 11 0 10
4 22 17 11 33 13 18 22 19 11 31 0 17
4 13 14 28 28 8 25 32 33 24 30 0 17
6 19 32 28 11 18 15 25 31 22 23 0 26
4 32 9 24 26 16 27 31 21 13 32 0 20
3 28 21 21 14 15 16 24 30 16 10 0 11
8 23 9 30 24 19 13 27 21 25 8 0 39
7 15 30 20 15 9 25 13 21 14 31 0 32
6 12 17 13 20 12 32 8 28 24 10 0 27
9 24 21 14 28 9 8 13 32 12 30 0 45
3 17 12 31 26 8 28 13 8 10 33 0 12
7 32 22 24 25 15 9 7 9 26 25 0 31
10 23 10 24 30 32 29 32 24 22 10 0 46
5 12 18 8 30 27 32 30 8 14 21 0 21
8 19 20 10 15 27 26 31 16 15 9 0 36
10 9 19 22 13 8 22 32 24 23 30 0 48
6 27 25 9 30 15 21 9 25 10 24 0 27
3 26 28 12 10 26 25 17 10 32 25 0 11
8 21 31 27 14 8 16 24 11 13 23 0 39
3 16 8 8 22 23 14 10 16 31 10 0 11
9 8 33 21 26 9 14 31 29 32 33 0 42
10 27 16 32 9 16 29 16 17 27 31 0 49
9 28 9 8 13 16 22 11 19 29 31 0 41
10 28 15 23 7 18 29 21 26 29 18 0 47
6 23 31 9 20 11 24 20 24 31 18 0 26
8 11 27 16 18 10 21 32 27 31 22 0 40
3 8 19 25 31 8 10 20 7 14 22 0 14
5 11 29 17 8 17 30 12 25 33 20 0 21
3 31 17 7 32 26 28 12 17 9 24 0 11
3 29 20 29 14 24 20 10 13 21 21 0 12
6 8 11 9 12 9 29 8 30 26 13 0 27
4 15 25 31 20 20 9 9 32 21 13 0 19
5 8 14 17 32 10 25 23 30 23 22 0 21
4 9 18 28 15 21 20 31 33 23 30 0 18
7 9 31 18 23 14 20 27 17 24 27 0 35
8 24 14 9 10 13 29 7 17 33 33 0 39
2 7 17 26 10 28 28 22 16 30 18 0 10
10 29 28 15 13 13 10 29 27 8 17 0 46
6 30 15 33 11 10 30 17 7 33 24 0 28
8 16 15 11 33 33 25 33 20 12 20 0 40
8 20 28 32 29 28 9 14 27 20 29 0 39
9 12 18 11 32 13 20 25 8 16 13 0 43
6 33 9 9 25 20 10 18 27 18 29 0 29
6 30 14 18 20 8 29 22 30 28 13 0 30
9 12 22 28 20 24 10 23 11 23 33 0 42
9 14 33 23 30 12 14 14 9 7 20 0 41
7 28 12 24 24 15 32 28 10 21 17 0 33
7 26 27 10 28 20 13 15 10 13 13 0 31
8 12 28 23 24 30 23 11 25 32 29 0 40
8 20 7 28 21 30 9 29 8 10 18 0 40
5 14 31 25 10 14 33 23 20 28 32 0 24
10 29 29 19 28 26 23 21 21 25 24 0 49
7 33 24 32 9 15 26 9 17 31 23 0 34
4 28 24 30 9 20 30 21 32 16 18 0 18
10 24 21 12 26 23 13 25 16 12 14 0 50
9 28 18 32 24 9 32 17 7 26 14 0 44
6 10 15 12 26 33 12 22 16 26 16 0 30
8 9 12 33 17 11 33 21 24 12 30 0 37
5 15 18 14 17 27 19 27 28 26 11 0 23
6 8 13 17 31 18 24 7 14 13 19 0 27
4 14 20 30 23 30 28 10 12 33 19 0 17
10 8 11 29 26 26 10 18 24 27 30 0 48
6 28 10 9 24 33 13 8 29 22 19 0 27
6 25 15 12 12 24 19 31 32 15 22 0 26
5 24 32 27 11 15 19 23 11 31 30 0 21
9 9 20 31 28 26 26 30 10 15 11 0 44
6 25 32 31 29 25 11 33 10 19 19 0 26
5 25 12 7 14 22 12 32 27 23 14 0 22
7 22 21 10 32 27 29 8 19 16 7 0 34
6 10 30 18 12 28 21 25 21 15 16 0 27
5 17 9 25 7 8 30 9 27 27 20 0 22
8 22 16 18 28 32 16 19 26 15 18 0 36
2 25 9 32 10 15 27 11 15 12 15 0 10
4 16 11 29 31 18 29 21 18 33 15 0 20
5 25 29 28 12 13 32 26 25 22 19 0 23
10 22 16 11 10 32 16 22 7 20 29 0 48
8 10 9 18 17 23 25 10 16 28 13 0 38
10 33 21 26 31 14 25 8 26 9 19 0 46
4 20 22 28 26 12 13 33 26 33 32 0 20
10 23 21 27 12 16 13 31 11 26 18 0 47
5 18 30 13 22 11 33 29 11 7 22 0 25
3 8 11 7 11 25 13 28 21 25 17 0 11
4 22 32 7 8 28 33 15 18 29 32 0 16
3 23 14 18 32 30 22 26 28 13 16 0 15
8 22 17 25 22 29 10 17 17 17 22 0 37
6 9 10 18 12 17 33 27 20 7 10 0 28
3 25 10 10 31 13 16 31 9 11 15 0 11
8 20 13 26 20 31 27 10 7 13 9 0 40
4 12 25 10 11 7 27 18 28 20 32 0 17
4 20 16 10 9 13 22 13 26 11 14 0 20
10 32 8 9 22 23 29 14 14 33 25 0 48
4 8 30 9 22 31 22 16 25 9 27 0 16
6 27 13 25 12 27 11 30 12 26 33 0 29
9 15 17 14 10 12 18 15 13 10 31 0 44
5 12 7 17 18 10 15 17 16 28 26 0 24
4 16 20 21 8 12 26 12 21 33 27 0 16
6 31 17 24 10 15 33 19 13 11 12 0 30
8 24 9 31 21 31 22 7 17 14 17 0 39
3 26 7 13 12 32 11 22 13 8 27 0 14
8 19 18 22 15 31 9 20 15 17 29 0 38
5 13 17 27 25 11 23 19 19 31 28 0 23
7 24 15 29 7 17 16 24 7 21 26 0 33
7 22 29 11 15 24 14 9 27 29 22 0 35
6 15 31 19 9 14 11 27 29 28 21 0 29
3 30 30 13 18 25 9 20 11 26 31 0 12
5 13 26 23 23 30 18 25 31 26 32 0 25
4 28 22 23 22 30 10 14 21 25 23 0 17
6 31 13 9 26 20 25 11 9 30 24 0 27
3 10 11 14 17 23 31 21 29 16 31 0 11
3 15 8 10 15 27 20 32 26 17 25 0 14
6 33 32 10 28 13 22 23 13 22 33 0 27
3 19 23 22 10 22 12 9 21 29 20 0 15
5 18 15 30 22 13 20 17 22 15 25 0 22
10 26 19 21 20 26 21 32 25 17 26 0 50
8 22 14 25 13 13 22 29 9 15 19 0 38
2 10 9 24 32 22 25 12 25 19 20 0 10
7 28 20 32 7 21 8 26 11 18 29 0 35
6 30 33 19 28 9 21 31 25 23 19 0 26
8 21 30 20 21 22 29 14 17 27 29 0 40
7 32 31 22 12 31 18 29 30 7 9 0 35
7 29 14 7 16 26 19 17 10 8 12 0 34
4 23 8 31 30 27 27 8 12 18 17 0 17
3 33 8 20 25 15 7 8 24 19 9 0 12
8 29 9 22 8 8 33 8 16 23 29 0 40
10 11 13 15 21 11 28 18 30 12 19 0 48
7 20 32 26 29 23 27 21 14 17 33 0 33
7 28 27 27 12 20 30 13 18 33 23 0 31
4 29 33 17 8 24 17 12 19 26 14 0 20
4 10 25 30 24 17 19 24 20 28 27 0 20
9 18 13 23 9 32 11 7 11 9 14 0 42
5 23 10 8 26 17 31 23 11 32 12 0 23
5 22 17 27 31 17 32 8 32 9 28 0 21
4 25 24 32 23 25 19 12 32 29 22 0 20
6 16 20 18 29 16 22 16 26 21 14 0 27
7 27 19 25 28 10 20 18 22 33 13 0 31
7 29 13 17 14 19 33 26 9 14 9 0 35
7 10 31 27 8 17 26 9 30 25 27 0 34
5 23 25 27 20 24 13 16 7 33 14 0 21
9 19 33 11 15 17 23 26 14 33 12 0 42
9 30 17 28 12 31 29 14 23 9 19 0 42
3 15 22 20 25 7 31 10 31 33 7 0 15
2 33 21 20 10 16 26 19 27 21 14 0 10
3 18 14 24 12 31 25 19 7 15 24 0 12
10 27 29 17 17 27 12 19 16 18 9 0 49
6 7 29 32 22 11 22 8 11 14 24 0 27
8 30 9 10 14 27 11 27 30 30 14 0 36
5 23 16 24 27 27 11 12 28 30 8 0 24
6 23 26 28 23 30 21 19 7 26 16 0 28
8 31 29 15 32 31 31 8 7 24 33 0 38
4 33 28 26 9 13 24 17 8 14 33 0 16
10 15 15 23 20 11 33 14 16 14 9 0 50
9 12 13 13 12 14 27 11 30 26 10 0 43
5 20 8 16 31 21 24 23 9 32 25 0 21
7 14 20 25 22 14 16 22 10 32 30 0 33
8 22 25 21 8 14 8 11 11 9 15 0 40
9 14 27 19 7 11 30 15 14 19 33 0 41
10 16 27 8 23 25 27 18 10 12 9 0 50
6 14 12 16 7 7 32 15 12 9 24 0 27
7 28 22 28 16 25 31 18 13 8 30 0 34
10 24 22 23 27 23 33 11 16 31 21 0 48
8 25 26 14 20 26 7 11 8 31 29 0 36
7 10 29 22 12 28 30 11 15 25 7 0 34
10 27 22 17 29 15 25 18 13 7 33 0 48
6 16 20 15 7 31 9 29 17 8 33 0 28
8 16 7 27 31 30 20 23 33 7 26 0 40
10 18 15 19 16 23 32 12 19 23 29 0 50
5 22 13 16 19 16 18 20 10 27 14 0 21
10 16 25 16 24 7 22 9 10 14 26 0 47
7 31 16 23 19 10 9 8 20 14 18 0 31
10 25 33 15 23 21 25 26 30 33 16 0 46
6 26 28 29 13 21 9 29 29 13 7 0 27
4 18 17 24 31 17 11 21 22 25 33 0 17
5 29 24 27 28 15 11 12 16 13 17 0 23
9 21 28 8 29 15 22 9 13 7 16 0 43
7 29 10 31 27 27 10 20 24 28 31 0 31
7 27 21 19 23 11 8 19 30 22 21 0 32
10 15 10 26 20 26 22 15 22 22 17 0 50
4 31 26 21 19 15 24 26 7 22 8 0 19
5 8 24 19 26 24 18 22 25 21 8 0 22
6 24 16 16 8 16 27 14 21 18 8 0 27
8 14 13 24 25 20 8 29 30 11 10 0 40
7 22 16 13 20 26 12 31 9 26 18 0 35
3 7 31 21 32 22 33 28 19 24 30 0 11
6 33 18 27 17 25 18 31 21 29 31 0 26
5 23 15 23 19 30 18 23 32 15 33 0 22
7 26 8 19 16 11 27 13 15 23 10 0 32
8 30 31 18 23 29 29 27 8 30 16 0 37
7 18 21 27 10 20 17 30 26 11 21 0 34
6 27 9 15 27 26 18 29 16 21 30 0 28
5 32 31 21 11 23 13 11 20 32 12 0 21
9 32 30 33 9 18 14 14 11 8 23 0 45
8 10 26 23 18 11 24 33 23 12 13 0 36
8 13 22 18 11 27 22 8 28 15 26 0 36
8 9 14 25 21 13 8 28 31 28 16 0 37
8 8 30 26 19 26 31 12 22 25 20 0 37
5 25 7 13 13 31 11 11 20 19 8 0 25
8 30 11 13 28 22 23 29 27 27 26 0 40
3 21 21 13 26 16 32 17 12 9 20 0 13
4 28 19 16 22 20 14 20 33 20 26 0 17
5 32 21 29 29 10 30 7 10 28 28 0 24
6 31 18 23 30 32 30 27 29 14 24 0 27
4 11 10 20 15 19 33 8 28 21 8 0 16
2 30 33 31 12 30 30 8 22 29 26 0 10
4 7 29 27 26 12 20 11 24 8 27 0 20
4 20 7 7 33 29 19 22 23 33 30 0 18
8 26 30 23 16 21 28 25 8 28 22 0 39
4 24 19 29 26 19 26 28 7 19 21 0 17
5 27 21 16 20 17 19 7 22 9 8 0 23
4 33 23 23 20 21 19 28 33 25 30 0 20
9 29 22 16 19 8 14 14 10 16 22 0 43
3 30 19 8 14 11 14 20 8 17 9 0 15
5 7 31 27 16 9 22 9 31 24 15 0 23
10 28 23 11 8 21 16 31 28 17 8 0 50
8 22 20 25 13 19 12 7 11 25 33 0 38
9 9 9 9 14 13 20 10 26 26 17 0 42
7 24 19 8 13 17 22 32 28 11 22 0 32
4 31 27 32 8 19 32 23 16 25 30 0 16
9 28 18 33 26 28 8 19 24 32 24 0 45
3 22 9 31 31 31 13 29 25 23 29 0 14
10 25 20 29 30 31 10 22 32 17 10 0 47
7 19 25 26 21 23 11 17 19 21 9 0 34
7 18 11 8 25 9 31 17 21 22 24 0 32
9 17 26 28 9 13 11 10 10 28 18 0 41
8 15 18 24 18 31 13 10 8 24 19 0 39
5 12 7 24 27 8 27 15 20 20 30 0 22
6 30 32 22 12 27 8 14 11 32 27 0 26
10 22 32 19 20 21 21 10 10 20 16 0 48
10 24 16 33 22 31 17 29 14 19 18 0 50
9 33 24 29 24 22 29 7 7 32 19 0 44
6 12 18 8 17 26 8 15 22 12 18 0 30
9 24 14 33 12 16 10 25 18 23 22 0 42
9 12 12 20 31 21 25 30 24 25 13 0 44
8 33 27 21 13 32 15 10 25 8 8 0 39
5 16 7 17 27 19 27 21 18 13 17 0 21
9 27 10 30 18 17 14 9 20 30 15 0 44
4 23 21 24 12 30 17 28 9 7 30 0 16
10 27 15 32 29 13 30 29 33 16 13 0 50
9 28 24 19 12 23 27 21 29 10 16 0 44
6 21 20 21 21 24 31 21 17 32 28 0 30
3 17 31 31 12 13 25 9 7 25 12 0 11
5 26 17 19 18 33 17 31 15 8 15 0 22
6 29 29 32 15 26 21 8 29 18 24 0 30
4 24 7 23 13 13 14 9 15 17 15 0 17
9 33 26 23 10 16 25 24 21 12 8 0 41
4 22 10 33 24 29 20 9 28 21 29 0 20
5 25 29 7 28 11 25 18 17 28 31 0 21
10 19 13 12 31 26 19 33 25 28 30 0 46
3 28 26 13 18 7 16 14 27 23 26 0 13
3 14 33 13 33 20 28 27 25 22 27 0 15
9 11 9 11 7 11 9 16 22 33 33 0 41
8 18 13 18 25 27 28 22 33 28 32 0 37
4 11 24 27 9 23 8 32 30 28 11 0 16
7 28 10 25 13 17 23 19 9 15 21 0 32
10 23 30 8 28 11 15 8 22 16 20 0 46
7 32 14 21 17 8 11 16 10 17 25 0 34
6 23 11 32 26 30 16 12 25 15 33 0 30
8 14 9 9 13 7 15 24 13 13 22 0 39
8 20 17 12 28 11 24 13 20 16 10 0 38
5 8 28 20 17 12 26 27 13 12 31 0 24
7 24 32 10 32 13 28 8 26 30 33 0 31
7 19 31 15 10 20 26 22 28 16 19 0 33
7 9 28 27 21 9 26 13 21 19 17 0 34
5 16 14 12 18 23 28 21 26 28 12 0 21
7 31 18 15 23 23 18 32 10 22 22 0 35
7 15 13 9 8 32 15 12 33 30 15 0 32
7 24 31 16 24 15 23 12 29 13 26 0 33
10 32 14 31 18 20 31 26 24 17 9 0 46
3 33 15 23 11 30 22 16 21 7 25 0 15
6 9 29 31 27 25 10 31 22 15 30 0 29
9 20 23 20 22 20 9 32 30 12 32 0 45
10 13 17 33 17 32 18 9 12 20 31 0 47
8 10 17 18 26 32 8 11 14 27 23 0 37
10 28 16 19 17 28 17 23 13 13 16 0 46
8 28 17 32 16 12 8 22 21 17 21 0 38
10 20 10 27 13 19 24 17 8 24 32 0 50
9 28 21 18 25 12 30 13 15 22 17 0 43
10 30 30 26 26 15 19 21 16 22 30 0 48
5 12 28 15 24 15 31 8 31 28 24 0 23
10 21 23 25 12 31 12 25 9 32 22 0 49
7 17 29 33 31 15 29 19 17 15 25 0 32
3 7 23 26 23 23 23 9 17 21 10 0 12
9 11 15 33 20 28 27 29 16 24 31 0 43
9 30 15 15 20 20 27 27 32 10 12 0 45
8 21 22 13 29 29 20 30 30 33 25 0 40
10 17 12 9 17 33 18 22 16 29 10 0 49
5 30 20 31 15 23 23 27 25 22 9 0 23
10 26 10 11 27 8 20 9 7 7 24 0 48
7 22 12 30 33 32 18 25 15 29 19 0 35
4 22 32 14 32 29 29 22 26 26 21 0 20
3 17 32 12 17 13 25 27 18 20 16 0 15
10 15 28 17 26 33 22 13 12 18 19 0 49
7 8 13 19 21 31 17 27 24 22 17 0 35
5 23 30 25 24 8 17 29 9 11 17 0 24
8 13 7 15 24 11 10 31 13 16 25 0 36
10 25 23 32 33 23 18 18 16 13 26 0 49
10 32 8 24 14 24 21 10 9 26 21 0 47
7 32 10 28 23 33 31 9 19 20 14 0 33
6 14 19 8 22 31 8 14 24 17 11 0 28
7 31 19 19 19 20 30 8 9 24 33 0 34
6 18 18 10 27 21 20 27 10 29 29 0 26
7 14 24 9 10 26 22 8 31 12 8 0 34
3 25 30 33 20 33 26 32 12 10 9 0 12
6 27 25 22 27 20 8 10 31 8 17 0 28
10 13 30 20 12 8 9 31 17 29 31 0 50
6 22 18 29 25 20 28 11 25 20 21 0 30
9 31 16 27 14 23 31 22 27 15 17 0 45
5 21 15 27 8 17 21 31 14 23 33 0 21
7 28 18 24 26 9 27 19 19 21 27 0 31
10 33 21 24 13 10 13 20 26 18 23 0 47
3 30 19 28 22 20 15 33 32 7 16 0 15
9 17 24 16 14 13 26 28 19 9 27 0 43
4 12 13 18 25 19 15 14 18 14 28 0 18
9 33 28 20 11 10 26 7 7 14 32 0 42
5 7 10 32 17 18 29 19 23 30 26 0 21
8 25 7 19 7 21 22 14 29 31 7 0 39
9 7 23 8 28 29 32 22 16 23 20 0 45
6 21 19 21 31 8 13 33 14 32 29 0 27
9 26 32 15 28 8 27 24 10 20 22 0 45
5 24 16 30 18 24 33 10 10 21 31 0 23
9 30 21 25 23 22 23 8 17 10 32 0 42
7 17 30 19 10 12 25 18 25 20 28 0 32
10 32 19 11 14 22 27 7 28 10 29 0 47
6 28 21 8 7 27 24 22 8 15 22 0 26
4 17 8 12 10 12 12 15 32 31 11 0 20
8 7 13 30 19 9 14 28 17 26 18 0 37
10 22 15 20 17 20 19 24 16 29 23 0 48
5 12 9 12 10 24 12 26 31 10 30 0 21
8 28 28 29 33 14 10 33 33 22 26 0 36
3 20 13 15 22 17 28 30 15 16 11 0 15
4 18 29 20 29 21 30 9 15 9 15 0 20
10 12 22 11 12 11 13 23 33 12 13 0 46
5 25 18 9 15 32 18 33 20 19 10 0 24
4 28 15 22 13 28 14 32 7 20 26 0 18
3 29 30 13 21 25 29 7 24 29 27 0 15
4 14 25 32 24 11 18 24 25 14 25 0 18
7 8 16 32 30 11 17 20 21 8 17 0 31
6 20 27 15 23 33 31 16 24 14 31 0 29
9 32 8 9 20 19 23 31 8 26 26 0 44
8 19 19 32 11 30 28 24 32 19 7 0 37
5 14 7 20 32 29 7 14 16 7 33 0 22
9 30 24 20 11 7 9 14 32 14 8 0 42
9 32 10 30 19 26 26 18 33 18 19 0 45
9 29 24 28 27 27 33 27 16 11 12 0 43
2 15 12 10 31 22 32 24 27 23 18 0 10
10 17 19 20 18 20 12 33 20 11 12 0 47
9 14 32 15 10 26 17 14 7 21 23 0 44
5 17 13 20 31 20 27 28 32 17 14 0 21
7 10 28 26 31 23 15 24 21 27 11 0 32
5 16 14 30 15 20 29 26 10 30 19 0 23
3 12 30 13 26 16 23 23 21 32 11 0 11
10 11 32 23 13 8 24 17 15 31 13 0 48
7 21 29 25 18 13 31 32 28 18 17 0 31
4 13 11 13 24 19 16 22 12 32 22 0 20
7 8 11 23 28 14 10 17 14 12 15 0 32
8 23 12 7 28 25 32 27 30 23 31 0 39
8 10 19 14 7 30 25 29 16 28 22 0 36
3 25 10 11 10 9 7 18 28 11 26 0 14
5 10 14 10 25 23 31 18 22 33 8 0 25
8 29 12 14 20 23 29 10 24 32 24 0 40
9 8 21 23 22 25 31 29 26 20 17 0 44
10 12 8 27 10 25 30 25 16 28 31 0 49
7 22 12 28 25 22 31 19 15 14 23 0 31
3 32 26 32 19 28 17 8 11 11 10 0 15
9 26 21 24 19 30 9 31 25 15 33 0 41
4 21 24 13 17 9 17 10 23 33 25 0 18
4 17 29 9 11 22 9 20 22 28 32 0 19
2 26 10 7 31 14 7 7 16 19 16 0 10
7 33 8 23 17 28 17 14 28 18 25 0 33
6 13 13 27 22 33 11 18 29 18 25 0 26
10 31 11 18 17 22 20 9 32 25 30 0 50
5 29 26 16 32 9 33 31 23 21 20 0 21
9 16 29 15 25 18 16 26 12 27 33 0 44
9 16 18 19 33 16 11 21 8 19 30 0 41
10 32 13 20 27 29 13 16 31 15 19 0 46
6 21 8 25 20 9 26 23 16 8 8 0 29
8 24 10 19 17 7 19 14 11 29 24 0 38
4 24 25 19 15 7 26 14 25 22 18 0 18
10 17 24 13 12 27 16 13 11 31 28 0 50
4 19 23 17 12 26 13 22 14 22 10 0 19
3 12 17 30 29 30 30 15 21 13 19 0 14
5 10 19 26 20 17 27 30 19 14 19 0 23
160 181 173 248 238
134 180 218 257 268
110 150 216 248 290
116 163 182 245 272
130 157 193 233 290
112 141 180 239 261
120 166 204 244 298
123 160 184 254 288
102 158 203 250 280
135 144 197 244 273
140 165 183 225 279
116 154 186 234 279
107 141 219 230 287
110 159 219 257 282
123 170 183 259 290
140 161 200 231 293
109 163 193 245 283
122 170 181 229 294
111 173 187 221 288
139 147 206 247 273
133 166 191 238 277
115 173 182 250 293
133 165 191 246 261
125 180 219 255 272
108 173 213 243 276
116 175 220 241 274
119 176 188 222 281
100 140 189 225 266
109 162 206 221 262
125 165 186 222 281
124 161 186 246 291
126 149 202 232 290
138 156 180 223 282
135 171 192 250 273
112 147 191 258 267
114 151 182 235 286
105 149 219 251 291
110 166 213 247 290
101 153 180 256 267
122 160 192 259 267
121 167 184 243 294
137 148 185 246 295
101 166 192 228 279
115 174 188 235 296
102 148 196 229 283
124 157 201 230 274
102 157 201 256 260
128 159 202 222 269
118 168 210 241 275
113 169 219 229 269
128 175 208 238 277
136 148 197 242 271
134 174 187 241 277
118 179 198 225 289
125 153 187 258 292
113 159 191 222 299
140 143 195 250 278
129 176 216 247 265
100 142 210 260 280
114 146 207 252 283
137 150 213 260 268
122 159 196 224 280
135 179 185 257 282
114 145 186 247 270
106 150 181 238 262
108 169 199 220 277
138 176 203 244 296
119 179 189 231 261
137 141 211 235 296
108 143 205 222 280
135 175 209 253 262
118 146 214 234 286
125 174 218 229 271
138 144 187 251 291
109 140 192 222 280
126 144 190 249 277
112 174 184 220 265
120 173 220 245 260
121 142 184 248 291
124 169 207 236 280
110 175 185 220 271
115 148 199 224 267
117 177 202 258 295
108 178 207 247 275
126 171 212 242 260
108 153 219 251 290
124 143 193 253 291
123 149 186 221 273
133 146 195 229 299
117 169 217 220 285
140 164 184 226 293
123 164 187 230 274
103 144 185 221 276
137 140 211 236 284
106 176 203 253 278
124 178 185 221 288
112 179 193 243 293
132 167 180 254 270
115 161 200 235 271
131 154 182 256 278
104 169 201 255 300
132 174 183 251 284
119 178 192 244 289
139 167 219 241 271
110 168 180 255 263
103 168 193 232 297
105 152 212 251 298
119 171 218 257 280
109 140 193 250 296
116 159 195 232 279
115 180 203 240 293
123 176 216 222 268
103 147 184 257 267
128 161 217 227 279
101 162 219 256 291
115 155 205 242 290
139 149 216 244 281
106 176 181 229 287
129 160 207 247 260
103 173 213 254 267
110 180 198 242 270
129 156 187 239 269
138 156 190 245 260
138 175 203 245 270
118 156 190 243 261
122 143 185 235 267
116 157 200 238 283
106 147 215 246 297
115 174 214 245 275
113 160 184 220 260
111 141 205 220 285
135 161 204 260 268
138 170 220 227 292
100 177 197 233 287
119 151 181 245 264
139 163 201 252 281
120 179 206 229 280
113 170 205 246 270
114 142 180 232 289
132 156 214 259 279
104 154 217 258 277
136 155 196 225 284
108 173 181 227 287
110 140 190 227 283
136 174 181 227 292
131 176 202 249 265
126 141 205 252 281
124 141 208 237 261
125 158 218 260 284
133 158 215 255 298
137 140 198 229 267
111 180 180 250 289
126 151 192 222 286
102 173 196 239 298
112 147 219 227 274
123 160 180 234 272
139 178 185 245 262
140 152 187 245 275
111 151 193 225 273
121 159 203 253 261
113 166 211 228 277
112 172 191 229 265
101 164 194 238 268
106 156 219 238 283
136 152 219 241 285
110 166 182 225 285
136 151 216 258 267
102 179 181 242 280
138 143 209 242 267
138 160 191 238 269
120 168 202 253 271
113 174 188 258 277
109 177 199 258 281
139 172 195 259 299
120 159 200 223 276
105 164 205 236 267
131 179 208 258 268
113 164 182 227 262
126 153 206 245 260
117 177 196 234 298
138 175 196 220 273
136 163 185 235 275
140 142 180 222 260
119 152 202 241 289
132 167 199 251 278
122 174 201 254 282
117 153 218 239 294
114 150 219 256 270
103 179 188 223 285
136 179 197 247 281
140 175 205 232 264
109 174 193 245 283
120 166 193 247 291
113 176 189 227 275
124 149 200 248 263
130 156 209 251 269
100 146 219 242 298
108 170 180 226 291
102 154 205 249 285
105 154 195 240 265
107 165 216 257 262
113 162 188 237 271
117 157 196 232 277
119 162 219 255 296
116 141 207 233 290
135 145 209 258 274
107 165 185 245 268
117 176 194 245 285
101 174 212 221 268
111 144 196 240 284
117 145 197 225 268
137 165 217 252 265
123 154 212 247 289
137 142 200 220 263
119 174 204 241 292
129 162 184 226 275
109 140 219 227 297
136 172 206 220 297
137 152 204 229 266
123 168 185 239 274
126 148 212 221 283
126 155 182 223 264
109 159 219 234 292
109 171 192 256 278
131 155 205 242 260
129 165 215 248 261
101 175 220 222 261
129 177 200 225 261
103 169 191 232 261
105 170 189 227 298
100 141 211 236 272
118 167 219 246 291
133 159 219 240 299
139 162 189 240 274
138 160 182 222 298
140 178 182 230 271
136 178 183 229 276
125 172 204 242 294
124 168 202 254 276
136 160 216 242 269
139 164 183 252 295
138 173 192 222 274
112 173 194 224 294
133 145 199 234 266
103 173 211 244 263
129 142 181 228 277
103 167 199 222 266
119 151 186 234 271
139 171 188 227 288
130 144 213 231 297
112 177 196 248 298
137 145 210 233 276
136 150 208 220 275
100 165 199 249 286
122 166 188 233 295
109 149 208 253 296
130 163 206 227 271
134 176 195 240 266
140 163 202 227 287
134 179 209 243 292
108 178 211 233 300
117 172 217 227 264
104 157 186 256 266
118 173 216 228 296
118 174 184 258 269
116 174 192 254 276
110 150 214 236 278
115 151 189 247 268
123 176 206 240 270
117 155 197 228 297
132 143 194 255 288
113 167 182 226 285
129 156 216 243 287
119 172 207 248 292
112 157 200 230 284
132 179 213 250 269
132 171 187 236 296
119 146 203 225 282
100 146 215 245 282
125 150 215 240 266
106 145 211 249 287
123 143 200 233 272
128 156 197 234 296
107 171 187 260 279
133 163 210 247 269
111 172 212 239 267
101 143 219 228 286
117 146 199 220 293
106 147 195 222 281
131 153 189 248 281
119 165 195 236 271
113 151 202 255 299
109 141 185 237 271
117 168 185 245 295
123 142 197 238 285
125 143 192 223 290
136 168 195 221 282
128 173 184 238 271
118 172 201 258 277
119 158 180 251 294
136 146 210 252 264
122 148 211 256 262
111 158 199 242 283
128 143 185 253 299
109 143 188 254 285
126 173 217 235 263
101 148 216 222 298
139 162 207 234 285
123 150 219 240 265
113 178 202 249 263
117 150 193 252 300
105 180 205 225 261
114 161 210 226 273
127 179 189 238 271
100 145 194 246 286
137 140 216 255 285
116 174 202 249 296
129 158 187 244 269
106 171 184 225 272
103 173 192 238 289
110 166 200 230 266
133 173 202 222 270
139 148 206 254 296
131 178 216 257 276
118 162 203 238 292
123 150 218 228 281
105 162 185 231 287
115 155 192 233 281
123 152 220 220 271
115 156 184 227 281
101 167 219 247 293
126 154 183 254 298
118 166 220 255 264
107 153 219 259 260
102 146 204 235 286
109 156 189 259 284
118 162 207 248 285
121 148 220 241 293
128 147 208 239 295
104 167 200 242 283
107 163 220 236 278
112 150 196 240 282
101 170 212 252 300
104 146 194 230 299
105 151 196 242 298
110 141 204 251 261
118 160 186 239 273
101 174 197 226 264
136 169 180 238 290
128 166 192 232 267
133 165 199 248 288
126 153 217 254 271
132 172 200 246 266
100 165 193 247 274
138 164 183 230 278
130 143 197 249 264
129 147 220 238 268
125 173 207 254 275
123 164 211 247 288
123 144 208 233 274
110 149 202 251 262
122 144 218 231 282
130 167 220 258 267
135 169 220 224 293
131 142 220 222 271
128 164 212 259 281
111 167 207 242 284
126 173 202 224 277
139 153 182 228 271
107 155 204 220 291
136 166 183 220 272
116 151 196 245 295
140 157 204 229 293
118 179 205 226 272
130 166 200 244 299
138 163 218 244 277
132 167 216 250 300
111 143 206 245 274
133 178 186 230 263
132 172 220 241 290
128 174 201 245 275
107 178 207 250 270
121 159 197 258 290
101 142 216 253 270
112 165 193 224 295
119 149 198 237 280
134 154 182 245 262
126 163 184 240 278
100 168 205 247 288
106 147 182 256 272
110 144 219 229 279
139 176 199 223 293
107 146 216 220 291
139 163 213 250 263
103 153 209 234 277
135 158 192 254 260
124 164 191 249 275
123 144 206 228 289
131 162 190 222 288
140 164 201 225 291
119 167 213 251 269
106 167 205 256 278
122 169 198 242 291
109 166 187 260 300
117 172 200 232 297
103 173 195 254 290
140 151 184 226 273
104 165 185 225 262
120 140 185 225 298
125 154 216 237 299
117 160 185 232 283
137 170 193 248 268
123 166 195 239 276
105 168 191 240 273
132 168 201 233 299
124 169 218 220 273
134 162 214 237 290
117 176 193 259 285
134 165 210 250 262
129 145 202 222 263
129 168 218 223 285
103 143 204 236 268
111 175 186 251 292
140 152 219 244 288
104 161 189 245 281
106 176 219 239 293
119 146 207 249 283
123 169 191 253 277
127 171 213 234 295
134 151 204 244 292
101 173 202 258 290
120 163 200 227 298
134 140 207 237 271
123 154 192 234 298
104 178 189 221 269
119 153 197 230 285
108 148 215 235 266
137 150 212 238 265
124 166 202 256 274
108 152 181 233 281
104 144 194 234 298
128 165 180 224 289
106 157 202 243 298
114 157 215 241 287
113 166 209 228 262
100 153 185 256 276
127 142 213 250 292
114 177 191 253 283
103 159 212 241 279
120 179 187 225 264
134 156 189 251 272
104 155 204 226 287
128 163 218 250 300
124 175 189 226 296
101 144 201 225 269
116 165 202 251 265
140 160 197 255 291
110 173 213 260 277
110 178 191 220 285
133 164 190 230 299
117 143 191 242 277
122 171 207 231 294
129 175 215 237 263
118 167 186 242 261
124 162 205 252 277
140 160 196 232 288
120 161 185 236 268
138 148 198 232 298
110 144 186 251 273
109 163 191 250 283
138 162 216 228 272
112 156 213 250 272
108 169 185 231 262
127 159 206 247 265
126 143 196 250 293
140 145 214 254 265
105 154 183 237 262
112 168 195 230 276
137 145 208 243 299
109 141 217 221 273
116 180 210 243 266
133 143 212 258 279
100 157 218 258 289
130 163 182 240 273
127 179 217 228 272
140 150 194 237 265
102 151 213 244 286
115 144 203 243 298
140 170 187 259 274
127 154 218 233 270
139 157 219 238 282
119 175 193 234 290
117 159 205 237 271
101 176 202 244 291
113 157 189 239 260
124 163 207 240 263
120 169 215 226 270
116 164 205 235 279
113 159 220 233 266
106 177 183 232 265
112 159 183 252 291
105 168 219 226 268
138 168 185 250 293
130 169 185 224 278
130 160 182 232 275
114 169 180 221 288
116 143 214 228 287
101 159 199 231 267
127 157 194 223 268
122 161 209 240 260
129 164 204 255 263
125 143 192 253 293
110 175 210 220 270
133 165 210 227 296
118 174 197 228 262
108 170 196 237 299
133 140 194 247 290
134 154 210 257 274
127 165 217 252 295
138 147 216 229 261
110 148 182 230 284
117 158 181 242 293
133 148 189 236 261
138 158 201 241 264
119 146 182 228 273
110 176 196 250 289
134 141 197 242 295
109 163 198 259 260
116 167 214 229 271
128 153 201 256 298
103 143 211 245 293
119 155 207 245 300
102 174 210 236 270
116 153 199 235 287
133 163 193 234 291
123 165 200 227 261
111 169 216 244 298
139 161 184 235 288
118 171 200 239 266
135 159 191 258 266
123 151 213 250 285
126 180 195 232 289
131 179 186 260 274
109 156 196 248 272
109 164 181 233 265
110 170 206 248 284
114 166 211 231 279
118 150 183 248 293
129 175 200 224 262
128 177 212 255 282
109 162 210 233 283
113 162 186 220 275
102 178 185 220 278
101 178 189 247 284
124 162 189 233 300
121 146 182 240 286
105 179 200 231 287
125 169 220 249 281
136 165 186 220 295
112 143 200 229 287
137 177 207 256 264
116 161 217 231 265
134 156 197 230 284
106 142 191 256 272
110 143 191 257 284
114 144 192 233 297
106 151 186 244 262
136 163 188 222 270
103 147 186 250 288
139 149 193 260 290
101 165 211 231 285
112 141 201 259 274
110 146 188 226 264
140 156 199 252 280
140 179 218 249 267
115 174 190 249 282
133 164 194 222 260
113 149 205 248 295
133 165 212 231 270
135 140 216 232 282
137 180 183 246 291
107 148 200 247 283
106 155 213 243 300
113 164 182 230 288
137 170 219 258 291
104 141 211 224 264
130 148 216 239 263
108 161 189 241 287
124 166 188 229 265
114 153 207 224 298
137 142 183 233 299
107 159 186 255 273
113 174 185 226 275
121 148 183 221 278
118 179 206 248 273
119 145 207 238 264
138 145 185 222 263
102 165 201 225 265
136 149 218 227 269
139 144 194 254 274
100 148 188 222 289
113 146 185 221 277
130 152 205 245 289
121 166 181 253 260
116 167 186 221 283
113 161 195 250 267
102 144 192 260 262
111 147 186 260 270
109 159 215 249 268
133 157 188 255 286
128 149 201 220 273
107 157 208 253 300
113 171 202 233 270
124 154 198 232 283
137 157 190 229 265
140 161 199 226 262
121 174 191 225 281
102 156 183 235 299
121 159 191 250 275
136 145 184 248 282
103 176 197 252 277
131 140 181 247 267
123 171 188 250 269
115 142 189 247 274
128 152 204 222 284
135 152 211 256 275
130 153 209 249 264
101 175 219 248 269
111 148 219 257 265
122 154 218 248 261
129 140 202 234 270
127 170 213 257 272
134 142 208 252 296
126 147 198 258 280
119 177 210 258 278
104 145 193 238 295
126 157 188 227 296
100 153 217 258 273
135 178 215 220 290
112 140 193 260 280
138 141 218 256 289
115 148 184 231 269
139 141 207 255 288
133 164 192 250 263
115 176 206 229 260
137 145 206 260 294
107 176 209 227 299
102 174 183 225 284
106 141 196 259 270
127 173 188 247 277
129 145 186 247 270
107 166 199 231 282
108 163 196 242 285
101 147 194 240 280
108 147 205 227 289
133 168 217 258 281
129 158 194 221 295
132 180 190 232 298
137 175 186 244 299
109 156 215 257 267
121 163 211 250 297
119 150 184 220 268
114 147 183 222 268
107 176 186 228 295
101 141 182 225 298
125 143 208 228 261
119 165 188 257 269
119 150 188 223 270
116 147 187 237 287
124 157 203 223 266
107 140 197 245 268
110 167 217 259 266
131 153 211 230 299
111 165 198 258 290
126 142 201 260 263
137 170 182 232 266
138 140 208 243 284
130 165 189 223 262
107 172 203 238 274
130 170 187 255 283
121 153 219 226 289
140 146 215 226 294
128 173 211 221 291
103 170 204 223 262
128 153 191 235 284
120 160 184 224 276
114 167 181 224 276
127 177 202 251 293
120 178 180 230 287
119 169 191 260 272
106 156 202 244 298
113 170 217 239 264
109 174 214 221 281
135 156 213 222 295
120 145 216 247 279
133 150 193 230 277
139 163 217 241 291
121 164 188 246 286
105 154 190 257 284
125 161 184 223 294
109 159 214 222 281
125 143 208 228 276
110 160 195 223 264
101 144 192 253 280
101 151 203 227 297
111 145 181 259 274
122 180 211 258 294
124 165 191 248 274
101 176 190 234 282
138 163 204 256 266
119 152 180 255 290
118 170 201 231 283
131 143 207 240 300
106 155 202 257 264
123 178 197 259 261
111 141 197 225 267
138 157 209 247 271
117 174 210 241 300
133 148 211 247 292
128 180 183 224 265
120 172 203 248 261
122 143 216 250 293
133 171 205 259 286
128 141 189 254 278
130 164 196 245 284
124 159 201 256 297
109 146 217 223 292
102 157 204 240 277
120 142 194 244 284
138 177 187 245 300
106 170 181 248 269
121 168 183 236 261
108 176 200 228 279
100 161 192 234 293
104 176 183 221 275
100 169 212 242 268
135 167 195 225 288
139 151 180 223 263
102 169 187 259 260
120 164 205 256 268
102 165 188 249 269
120 166 187 252 286
131 168 197 236 294
135 162 191 250 294
110 170 192 242 277
116 151 194 259 298
137 174 198 227 261
107 157 182 258 260
136 144 192 223 264
120 159 209 230 297
131 150 187 250 282
124 170 202 224 286
127 151 203 260 292
122 169 208 258 270
120 147 180 247 269
122 164 219 259 291
131 156 214 235 290
135 169 202 241 265
134 164 217 253 261
107 140 214 231 264
106 167 212 227 295
128 168 213 220 289
119 146 183 250 273
117 171 180 250 276
140 176 214 252 291
138 161 190 257 297
115 143 189 220 295
102 142 195 239 289
108 146 198 222 300
119 176 190 260 269
138 172 210 251 265
107 174 212 256 281
126 147 195 222 269
138 174 190 250 286
140 167 208 229 261
123 162 216 250 294
103 154 201 223 287
105 143 181 227 264
140 164 218 256 281
116 172 213 224 270
123 176 199 241 298
109 153 187 232 278
140 143 197 231 300
102 153 185 235 270
113 146 210 231 260
124 140 214 242 289
109 140 192 256 275
135 179 200 236 265
115 141 200 247 282
131 157 209 251 299
129 176 191 229 288
103 147 212 254 274
123 142 212 255 260
109 151 205 253 297
103 167 216 238 263
122 157 205 223 263
118 144 200 240 286
112 165 217 240 279
109 173 196 257 289
138 179 207 256 295
101 142 193 254 270
113 177 198 247 281
136 159 203 238 271
126 155 210 239 288
112 149 202 236 297
122 167 183 246 290
139 160 207 223 281
128 171 187 252 300
124 143 190 244 261
131 142 204 236 263
108 159 220 247 268
108 143 180 234 263
120 171 205 246 263
102 150 184 255 287
108 179 195 238 270
138 143 188 225 295
119 166 212 254 272
135 154 200 243 283
128 142 184 255 285
127 165 219 235 282
102 142 193 259 272
138 143 207 257 294
103 145 212 253 260
122 167 197 222 268
103 164 187 222 264
127 177 211 229 266
100 170 187 235 270
108 149 182 230 272
111 170 194 228 262
133 154 217 231 288
106 154 191 234 295
112 166 182 246 298
140 167 220 260 267
119 159 190 252 280
133 173 213 242 263
104 168 220 221 276
137 146 208 231 261
137 150 182 233 294
114 142 203 231 278
101 167 200 260 292
132 156 217 230 290
122 180 189 222 288
123 171 220 257 284
114 146 208 231 279
134 179 195 237 267
107 177 208 248 268
129 153 214 229 280
131 162 211 256 289
108 157 183 235 272
104 167 197 255 287
115 176 211 248 296
115 153 220 231 285
115 162 206 242 282
138 155 203 239 298
135 170 196 231 295
118 174 187 227 288
105 175 188 233 268
106 144 198 232 273
118 180 197 232 261
119 170 184 245 274
114 160 201 236 281
107 155 187 259 283
118 156 190 240 275
115 174 219 259 260
120 141 182 237 293
121 154 211 237 273
113 155 204 232 290
137 153 199 260 296
110 147 194 226 285
103 180 193 252 293
122 147 187 256 296
134 145 187 237 271
124 150 182 245 294
109 166 208 240 289
134 161 211 248 263
138 179 186 249 270
139 152 194 222 275
110 172 207 221 273
111 153 210 254 296
107 145 192 226 292
113 150 197 228 297
126 169 198 237 299
133 179 211 235 278
121 175 180 241 282
123 171 214 237 265
128 169 193 226 273
109 145 218 246 292
109 146 180 240 276
139 162 188 223 262
138 158 212 255 285
121 148 187 229 273
106 173 210 224 293
118 148 187 233 278
105 158 206 258 298
109 165 204 244 285
128 175 209 241 269
130 162 187 245 288
136 157 183 236 285
121 165 207 234 268
126 162 200 230 300
123 171 202 259 276
101 170 213 257 296
131 147 220 256 268
120 172 180 225 294
107 158 203 235 289
105 140 211 260 263
103 151 194 259 269
111 176 195 228 293
117 157 197 243 295
140 141 180 241 291
119 146 182 236 300
107 178 191 245 277
121 142 216 234 271
122 172 207 238 264
100 170 218 240 264
124 178 218 224 289
101 173 215 241 278
130 150 182 230 274
133 160 200 233 269
125 179 182 248 274
133 169 215 233 297
111 157 217 258 262
136 177 182 230 262
122 175 214 246 267
131 173 198 233 270
109 175 199 238 276
123 178 218 221 300
117 141 218 229 265
139 172 182 234 297
110 141 187 229 261
134 141 183 239 284
132 169 186 231 283
114 151 212 225 260
116 162 182 256 262
101 179 190 228 300
108 145 210 229 283
126 163 190 242 292
120 157 202 233 269
101 142 189 257 274
137 170 181 223 282
101 161 185 248 283
102 148 207 223 276
130 166 184 221 275
109 166 194 235 286
127 169 210 248 278
135 164 206 239 267
134 156 218 258 298
101 161 194 227 266
115 156 181 239 267
125 176 205 235 294
125 154 212 253 292
129 179 184 253 266
137 147 191 247 298
101 141 191 228 288
120 162 201 220 282
134 180 202 227 280
109 176 200 252 298
138 153 217 247 281
138 179 187 253 262
131 175 199 229 266
122 153 208 226 288
130 177 195 249 296
102 149 194 225 296
120 159 197 239 285
124 146 193 259 266
138 156 186 229 276
117 170 193 227 270
138 177 209 253 290
125 175 188 244 265
129 167 185 221 273
127 143 220 221 277
118 159 211 227 268
127 158 192 233 272
111 162 192 220 285
118 146 193 225 299
132 142 188 227 274
127 148 209 236 288
140 153 180 235 284
138 143 218 232 283
102 155 200 244 285
100 175 182 235 288
137 174 207 258 294
125 158 186 247 285
104 148 219 235 268
109 177 193 221 300
136 140 196 238 265
128 160 213 258 267
113 159 219 220 285
113 169 197 226 270
135 158 201 221 272
113 179 215 229 273
103 177 220 256 271
100 152 209 227 273
109 167 216 256 266
121 145 201 243 274
101 144 205 222 260
101 167 192 238 260
119 152 215 223 283
103 160 194 241 261
104 164 191 234 269
102 168 188 231 264
3895 5231 6334 7466 7785
2759 3760 5412 6213 7264
1981 2782 3106 4178 4638
3390 4093 5030 6071 7554
3034 3818 4872 6467 7061
4089 5655 6948 8309 10146
5544 7211 8291 11443 12974
3375 5225 6711 8263 9254
2440 2602 3558 4405 4928
4770 5621 6233 7663 9500
2329 3091 3732 4693 5594
3326 4381 6802 7143 8911
4959 7165 9867 11578 12704
2223 3071 3305 4675 5234
6870 7899 9812 11331 14371
4805 7183 8504 10793 12466
6109 8511 9061 11463 14714
2451 3817 4126 4875 6350
2512 2656 3720 4459 4928
4000 4991 5742 7153 8324
2424 3644 3833 5263 6167
1606 1991 2304 2965 3146
4759 6851 8334 9703 10349
4221 6758 8319 9490 10778
4069 6136 7712 8448 9603
2508 3707 3960 4675 5915
1809 2531 3415 4064 4803
4151 6167 7841 8411 9970
1385 1826 2058 2455 3105
2365 3070 3545 4687 5543
5302 6268 8496 9757 12194
2080 2351 2712 3358 4244
6220 7877 8843 11513 12572
3929 5156 6697 9044 9359
2175 2880 3470 4478 5449
4734 6715 9867 11308 13109
3089 4659 5976 6929 8134
1726 2612 3072 4366 4553
3913 5131 6156 8301 8558
3760 5188 5715 7546 9128
2202 2378 2971 3949 4734
4352 7149 8268 9817 12011
4264 6449 6967 8708 10966
1947 2823 3736 4364 5392
3606 4564 5841 6683 7960
3783 5820 7449 9486 9634
1290 1601 2032 2233 2704
4611 6563 8202 9412 10739
1478 2208 2859 2990 3511
5769 7886 9372 10723 12479
2594 2822 3755 4611 5163
1886 2447 2629 3387 3892
5791 8782 9714 11037 14175
2509 3070 3751 5173 5854
1817 2555 3068 3565 4799
3370 3442 4692 6013 6686
1299 1771 2172 2483 2663
2509 3560 5262 6514 7014
2061 2638 3738 4549 5108
4805 5260 7467 9113 9393
5866 7643 9420 10765 13454
3250 4307 4451 6181 6782
4341 5521 7080 9400 10274
2341 3311 3994 5250 5778
1089 1701 2002 2213 2784
3045 3883 4477 5380 6526
1318 1981 2091 2554 2885
2065 2125 3177 3538 4454
1845 2442 3498 3787 4775
4195 5436 6491 7856 8135
1661 2054 3008 3289 4018
4759 6623 8296 8714 10312
4978 5194 6743 9049 10490
1753 2251 3084 3565 4495
3664 4186 5522 7234 8047
1801 2796 2956 3533 4254
5049 7277 9252 10303 10933
5454 6400 8292 11173 13109
5465 7447 9120 10397 12334
1329 2112 2232 2653 3266
5415 6967 9365 10541 12563
2232 3374 3849 4915 5619
3573 5885 6843 8164 9089
3285 4457 5524 6305 6773
3357 4753 6801 7794 9004
3233 3728 5030 6591 7580
4438 5375 6708 7969 9842
3335 3660 4887 5738 7489
4806 6940 8909 9032 11699
6310 7391 8291 10183 13199
1240 1651 1882 2313 2754
4232 5915 7597 9074 11331
6312 6450 9718 10869 13078
1387 2299 2651 3302 3628
1746 2503 2601 3107 4046
5497 8782 9468 11920 14371
6610 8361 9011 12713 13514
1734 2426 3012 3538 4079
3023 3552 4197 5901 6408
5000 8123 9660 12253 14414
4762 6275 6599 9049 10238
5007 7487 8075 10261 12152
2929 3518 4611 5074 5704
5179 7907 8472 11999 12375
4232 6899 7925 9525 12191
3369 4874 6796 8045 9550
3579 5141 6552 7723 8413
1753 2250 3100 4013 4751
4881 6689 8202 9757 11732
2079 3251 3666 4333 5288
2592 3707 4548 4674 5642
1245 1775 2220 3098 3218
3977 5002 6739 7049 8663
1018 1630 2202 2573 2924
4724 6365 8417 9935 11904
5848 6268 9084 10261 11816
3613 5995 6166 7799 9772
5041 6251 8085 9646 10153
5056 8488 10449 12459 13097
1439 2351 2586 3159 3524
5170 6251 7492 9573 10774
3460 3911 4762 6138 6514
4840 6136 7117 8588 9463
2842 3755 4572 5845 6278
3914 4587 5932 7533 8558
3953 5349 6812 8105 9636
2871 3979 5817 6655 8033
4264 6449 7930 9078 10189
4078 5771 6636 7933 9374
3450 4381 6367 6833 8850
4735 5645 7152 9113 9393
6496 8001 10352 10681 13738
1309 2312 2573 3042 3745
1557 1974 2365 3199 3446
2512 2944 3630 4549 5072
2529 3770 4338 4822 5894
3286 4941 5957 7147 7844
3429 4271 5412 6973 8685
1857 2194 3008 3639 3919
2297 3398 4786 5689 6108
2458 2801 3540 4063 5126
1953 3125 3270 4099 5180
3199 4071 5522 6596 8222
4770 6101 6346 7958 10234
4202 5643 6476 7981 8493
4923 5509 8007 9841 10973
2118 2407 3548 4042 4451
5134 6488 8950 10673 11657
6260 7436 10117 11998 14020
2476 2530 3576 4135 4820
4782 7751 7751 10763 12441
4546 5447 6924 8005 10310
1131 1914 2168 2642 3292
3705 4861 7240 7504 9056
2101 2731 3072 3991 4638
3068 3927 4081 5403 5777
6310 6850 8427 11038 12389
3783 5145 6574 7663 9296
1824 2396 3057 3808 3929
2834 4161 5287 5713 6939
3145 4827 5360 6425 7434
1625 2635 3116 3821 4302
3931 5783 8115 8819 10485
4634 5178 7458 8207 9704
1109 1671 1832 2263 2865
3818 4238 6060 7237 7489
2049 3591 3632 4853 5614
6220 6445 9417 10903 12029
2356 2731 3259 4059 4587
3609 5051 6072 7603 8144
1930 2969 3207 4399 4723
5023 8153 9166 11881 12940
2928 3622 4106 5452 6293
1690 2237 2812 3135 3878
4209 6571 8212 9453 10694
4856 6634 7708 9559 9929
2157 3127 3470 4326 4992
3538 4295 5780 6873 7294
2115 3197 3540 4225 5378
5530 7011 7852 8812 10934
2866 3434 3897 4948 5789
2811 2851 3612 4453 5214
4293 5482 7284 8689 10418
2122 2683 3196 4029 4462
1595 2273 2625 3315 3680
3168 4141 5898 6466 7952
4227 5560 8115 9485 10004
4953 8604 9036 10717 13694
3002 3949 4345 5447 6195
5890 7361 8622 9757 11101
1862 2969 3293 4178 4825
3009 4161 4836 6188 7289
3738 5819 6249 7504 9089
1746 2096 2812 3485 3696
5600 6718 8999 10806 11581
3009 4390 6582 7273 8954
1629 2561 2712 3403 4380
2763 4169 5547 6736 7709
1689 2475 3132 3854 4254
1721 2651 3468 4125 4205
2608 3737 4336 5464 6247
5391 7233 9028 10685 12756
4531 6166 8334 9703 11262
4069 4945 7257 8168 10164
3250 3490 5028 6205 6590
1614 2486 2787 3688 4034
3285 4939 5444 6873 7994
1625 2795 3405 3549 4302
3450 4474 6088 7453 8818
1414 1751 2376 2713 3230
4942 5950 7824 9085 9553
1485 1858 2556 2977 3482
4668 4838 6812 7493 8956
5007 7319 8580 10135 12278
1429 1793 2036 2499 3039
1862 2390 3736 3872 5063
3682 4655 5574 5952 8033
3572 3963 5316 5967 6930
3331 4547 5007 6466 7412
4924 5782 8280 8632 11051
3538 4351 5108 6257 7406
3715 5417 7458 7969 9942
5241 8219 9228 12301 13358
5905 6986 9237 10903 11714
1686 2156 2807 3237 3406
2938 5086 6393 6451 7583
6331 8684 9812 11038 12803
4232 6940 7843 9525 10715
3789 6131 6816 8185 10743
1509 2125 3178 3553 4094
5673 8026 10524 11821 13982
5329 6370 8772 9612 11974
6126 7139 8328 10573 12070
1528 1771 2013 2454 3292
5190 6597 6745 8523 10041
2866 3749 3854 4822 5810
1259 1731 2052 2433 2954
4473 6059 7284 9157 9950
6810 8010 10812 12113 13463
3068 3618 4037 5557 6504
5944 7450 8268 9559 11796
3481 5374 6026 6957 9128
4133 4505 6181 7267 8260
3511 5893 7186 8309 8956
3235 3561 4537 5713 6939
2378 3852 4589 5119 6132
5484 6957 8568 10777 12480
3346 4115 4523 5460 6926
3390 3754 5550 6019 7736
3929 6206 6871 8693 10444
6586 6970 10092 11197 13262
4090 4510 6252 6613 8264
2509 4136 4987 6238 7164
5743 7813 8847 10964 13879
2625 3586 5004 6085 7118
5990 7509 9488 10455 12480
4834 6347 7032 8653 9589
6310 7346 9102 10227 12929
3493 4665 5446 6330 7606
5193 8555 10140 11196 14414
4104 6031 7607 7958 9254
4897 7390 8754 12046 12516
1543 2260 2820 2976 3862
3903 5753 6083 8527 8891
5809 8711 9612 12713 13814
5289 7210 10284 11341 13358
4494 5900 7383 9647 10466
4560 6523 7634 8893 10004
5274 6986 8877 10273 13379
3706 4014 5444 7153 8078
2947 4353 4744 5889 7424
3879 4690 6492 7303 8624
5721 8267 9948 11917 14030
5609 7861 10012 11513 14214
5025 6813 8106 9513 10235
4894 6338 6930 8745 10966
4770 5850 8132 9013 11294
1209 1762 2592 2953 3398
2010 2410 3452 3853 4270
3719 5085 7397 8728 10059
2224 2584 3612 4207 4910
4874 5938 7498 8905 11262
4182 6680 7304 10153 10895
4000 4901 6312 7423 8083
1452 2247 2768 3120 3485
1524 2155 3298 3433 4304
3987 4974 6778 7493 9977
1387 1922 2547 2899 3668
3285 3835 4737 6213 7039
1556 2156 2547 3081 3537
4303 5748 7688 9703 11376
1971 2549 3342 4280 4893
3285 4715 5191 6873 8274
1732 1998 2770 3345 4004
1260 1440 1932 2243 2915
5178 6395 7422 8410 10730
4618 6239 6635 8581 9770
2015 2935 3429 4399 4723
2746 3645 4151 5786 6776
2866 3076 4422 5305 5557
3425 4154 5920 7181 7350
4449 6331 7972 9693 11334
2954 3299 4266 5832 6891
4369 5730 7532 10174 11414
5553 7623 9560 10353 11585
3140 4598 6709 6895 9253
6682 7786 9948 11244 13694
2346 2860 4173 4573 5049
2156 3393 3850 4744 5010
3285 4210 5416 7069 8414
2739 4692 5342 5863 6800
2631 3714 4842 5211 6293
4709 6634 7005 8819 10041
3709 5375 7190 9116 10597
2339 2390 3684 4348 4859
5229 7841 9102 11218 13334
3235 3961 4687 6113 6739
1069 1721 1852 2263 2734
2275 3817 4236 5249 6372
2209 3331 4012 4613 5334
5995 7796 9102 10002 12164
4319 4598 6398 7887 9190
3808 5173 6276 7466 8017
3077 4223 5290 6201 7606
4560 5560 8078 8449 10411
4839 7463 8522 10639 13217
4839 6521 8076 9799 11816
2347 2899 4193 4193 5163
3689 5003 5900 7277 9007
2129 3518 4611 5200 6167
1773 2166 2573 3569 4186
1425 2003 2652 3073 3181
3219 4600 6582 7783 7814
3477 4974 6948 8003 9738
5459 7811 9462 12963 14214
5909 8111 10362 12413 14264
3518 4302 6392 7002 8511
2697 3097 4380 5032 6209
3545 5689 6812 8241 9636
1935 2945 3972 4261 5018
2249 3011 3932 4813 5654
1422 2391 2980 3541 4214
5209 7310 9712 11513 14965
2949 4238 5500 6789 8359
1549 1984 2868 3528 3668
2369 3211 3732 4793 5474
1726 2970 3361 3855 4502
5450 6771 7211 9533 11614
4490 5821 6732 8133 9359
5994 7436 8966 11173 12974
2151 2611 3701 4331 4620
1462 1903 2212 2719 2939
4509 7436 8697 11128 12344
2632 3127 3488 4383 5296
2870 3156 4346 5491 5822
5815 6625 9912 10723 12074
3259 4509 5394 6617 7163
3576 4766 6131 7176 8366
5668 6634 9580 10731 12618
2319 3140 4254 5285 5516
2449 2890 4372 4633 5654
5209 6690 8812 10333 10693
3789 4743 6172 6284 8218
2892 3134 4853 4897 5976
5385 6898 8916 10891 11815
4116 6190 7671 8967 10522
3664 5028 5870 6509 8047
6404 7049 8384 10501 12480
1721 2491 3276 3533 4671
1914 2335 2574 3093 3822
3373 4389 5696 7118 8569
3790 4249 5520 6195 7925
3313 5023 5752 6341 7630
5339 6816 8211 10017 12273
6772 7997 10694 11969 13586
4761 6022 7788 9012 10814
2007 2584 3720 4423 4946
4133 5529 5778 7143 8167
1725 2247 2872 3145 3783
2697 3665 4233 5158 5789
4289 7131 8292 10013 10814
4607 6052 7498 9817 11034
2433 3418 5197 6086 6494
4489 6611 7732 8973 11814
1913 2394 3180 3805 4494
4432 5093 6018 8098 8660
4546 5879 6636 8653 10022
2808 4715 5752 6929 8078
2341 3245 4016 5646 5998
5289 6922 10525 11005 13406
3902 4939 5584 6256 8218
4824 6580 9733 9913 13110
1539 1803 2355 2763 2906
3202 4754 6491 7267 8601
3655 4277 5196 6871 7033
1497 1979 2304 3001 3314
4438 5194 7428 8221 10418
6167 7625 8942 10447 13550
6590 7719 9459 10587 13691
3817 5355 6828 8045 8621
1811 2850 3497 4365 4740
5499 7616 8922 10903 13109
4042 6153 6930 9633 11114
1296 1903 2212 2565 3281
3305 5547 6252 8141 9294
3090 3333 4060 4985 6020
5105 8096 9077 11038 12852
2650 3090 4082 4963 6571
3634 4476 6276 6886 8685
4104 5611 6487 8133 9919
6449 8001 9083 11669 12609
2346 3165 3717 4554 5258
1479 2363 2686 3373 3836
2385 3035 3630 4206 5396
5961 8123 10476 10572 13118
6709 8110 10712 11862 14514
2934 4411 4836 6488 7139
5504 6776 8622 10263 10755
3235 3636 5062 5563 6589
5427 7067 9168 9378 11984
1142 1584 2257 2609 2962
2895 4561 4847 6539 7606
2950 3202 4611 5137 6062
1465 2265 2658 3443 3948
1281 2123 2640 2881 3530
4888 5996 8499 10222 11617
6036 8292 9370 12410 13587
1406 1892 2355 2586 3259
6174 6956 9396 11237 13446
2028 3471 4052 5173 5814
1449 1967 2412 2737 3590
2690 2810 4152 4753 5434
3207 4014 5004 6097 7762
2089 3572 3792 4433 5394
2865 3683 4740 5533 6854
3789 5191 7538 8238 9324
6449 7060 9976 11199 12469
5341 7149 8698 11021 11796
4653 6547 7795 10032 12098
2297 3178 4280 5161 6571
6410 8261 9011 11213 14464
4143 6134 7890 9490 11636
2973 4092 5602 6279 7476
5094 7481 9417 10273 11804
2809 4295 5192 7182 7742
4200 4696 7041 8263 9650
4113 6383 6887 9121 10202
2172 3350 4464 5074 5873
3490 5203 5435 6538 7670
4432 5159 6249 8296 8990
1673 2491 3276 3629 4606
5129 6530 8732 10013 12014
3605 5086 5492 6566 8598
2231 3179 4435 4963 5933
4881 6941 8496 10555 11144
3370 3850 4739 6133 6998
2209 3471 4272 5213 5553
3199 5173 5551 6393 8279
3867 4767 5521 6683 8685
3051 3728 4978 6305 7216
5133 7193 8706 9714 12362
2460 3336 4097 4516 5010
1307 1848 2058 2675 2885
3233 4223 5342 6565 7216
4910 5611 6872 8133 10094
5170 6934 7967 10161 11538
5392 5782 7734 9061 11636
4629 6059 7824 10556 11480
5132 7672 8989 11763 13315
5392 6329 8436 8904 10622
3929 5471 7467 8763 9534
1845 2884 3157 3940 4468
5344 6689 8664 10387 11144
5427 6159 8440 10763 12613
4770 4940 7288 8649 9023
5049 7403 8796 11390 12590
2809 4211 4887 5763 6914
1380 1460 2092 2443 3004
3279 4240 6523 6643 8204
1517 2351 2742 3172 3471
1606 1726 2556 3109 3362
2208 3464 4808 5689 6372
5080 6368 7109 9373 10661
2803 3949 4786 5028 5997
2530 2710 3504 4279 4784
4395 6503 9171 10505 12312
4724 5914 8335 9976 12232
3930 4771 5247 7265 7685
3439 4168 5898 6304 7304
3485 3935 5487 5962 7064
2032 2986 3293 3991 4944
2817 3827 4932 5701 6518
4048 7051 8092 9773 11654
2495 3465 4170 5271 5734
2737 3597 4566 5293 5800
4449 6264 7967 8375 10004
4069 5751 7187 8238 9779
2156 3032 4193 4440 5068
2977 4968 5136 6509 7434
5385 7643 8795 12109 13982
4314 6899 8992 9279 11002
6220 7571 8336 11263 13199
5860 7616 8337 10093 12524
5340 6571 7474 9525 11289
3885 5757 6132 7527 9807
3953 4872 7288 7765 9772
1120 1760 2201 2554 2951
3439 4250 5250 6034 7250
2571 3392 4401 5053 5474
3493 4439 5520 6898 7114
3259 3728 5004 6591 7632
1109 1761 2112 2213 2714
4798 5951 7572 8184 10670
5437 8015 9074 10501 12066
1521 2391 2756 3331 4200
5596 5890 8160 10387 12194
6710 7710 10512 12863 13713
2676 3475 4569 5305 6209
2218 2362 3468 3677 4190
4739 6375 7838 9903 12227
1179 1591 1821 2433 2944
4798 5339 6816 8509 9410
3736 4277 5439 6520 7142
4770 5851 7292 9133 10935
3309 5291 5892 7513 8684
1618 1702 2376 2917 3554
1862 2782 3378 4417 4434
3837 5522 7074 7570 8957
2697 3223 4233 5389 6272
4129 5730 8452 9813 11734
3698 4815 6429 7608 9314
3681 6275 7572 8509 9734
5345 7049 9166 10823 13216
6261 7672 9083 11011 13691
1978 2651 3212 3645 4190
5337 8123 10380 11725 14318
5292 6129 7003 8943 10958
5909 8561 10012 11963 13314
2440 2873 3450 4657 4802
4806 5899 8319 9763 11129
2025 2891 3131 3724 4638
4594 6276 6521 9113 9603
5241 7499 9420 11917 13070
4042 6079 6709 8634 9819
3529 5451 6604 7949 9102
3543 5157 6553 7174 8663
4375 5560 6782 9189 10855
4267 5786 6612 7405 8660
6281 8684 10400 12508 13831
3497 5195 6732 7469 9070
5094 7301 8382 9913 12389
2151 3750 3897 4633 5852
2231 3927 4170 5447 6262
3357 4385 5114 6304 8114
5939 7164 8930 11773 14028
4209 7171 8012 9253 11494
4634 6264 8152 9226 10410
2866 3476 3917 4632 6209
3817 4872 6812 7799 9773
6723 8684 10155 12557 12949
4301 5968 8041 8560 9819
3762 4379 5528 6453 7966
4567 6116 8225 11022 11710
5399 7017 9371 12607 13930
3543 4474 5964 7236 9222
3719 5296 6522 8554 9184
5178 6205 7156 8449 10274
3099 4421 5592 7514 8655
1539 1649 2134 2873 3204
3342 5456 6975 7636 9419
2249 2830 4032 5194 5494
4190 5559 7156 8601 10047
4210 4690 5982 7573 8414
3510 4486 5462 6238 6688
3229 4883 5331 6985 7910
2936 3619 4280 4897 5734
4190 5523 7597 9189 10929
4266 5291 6796 7405 8654
6760 7010 10812 11613 14114
5901 7751 7880 10591 12527
3219 4450 6012 7423 8504
5309 7760 10662 12163 15014
1478 2143 2378 3003 3758
1927 2390 3078 3625 4087
4897 6638 9930 10541 12422
2610 2970 4332 4793 5274
1413 2104 2469 3146 3745
4102 5489 6216 7570 8759
4341 5824 7878 8525 11338
5216 5406 6965 8867 11377
3433 5099 5964 8174 8750
4755 7319 7782 9505 11564
2188 2675 3306 3991 5019
3313 5023 5780 6957 7657
4770 5810 8292 9533 10574
5944 6246 7967 9559 11323
4803 7766 9459 10588 12469
4906 5374 7860 8185 9698
2373 2458 3310 4331 4672
4309 6375 8096 9559 12442
1705 2201 2787 3328 4170
5079 5938 8007 9568 11285
5697 7813 8519 11905 12234
5693 8194 9126 10842 13881
2156 3070 3717 4763 5087
2355 3323 4428 5994 6040
4782 6332 8010 11194 11624
4260 6212 8397 9724 10466
5995 7075 8471 11488 12884
3594 4183 5640 6173 7658
1293 1894 2508 3049 3614
1591 2405 2840 3275 3794
3606 4477 5754 6741 8221
5216 5977 7232 8715 10084
3370 3875 4788 5437 6302
1824 2621 2877 3388 4229
3477 5315 6234 8003 10181
1340 1760 2113 2763 3039
2186 2330 2955 3981 4526
1039 1771 1982 2533 2784
2237 2390 3089 4213 4553
2100 2918 3208 4263 4587
2999 3702 4926 6436 7138
2570 3051 4092 4453 5694
1495 1682 2333 2829 3038
5080 5977 8163 9724 10310
3240 5611 7020 7949 8622
3006 4006 5925 6952 7169
5499 6940 9822 11173 11758
1558 1690 2436 2821 3254
3946 5281 6615 7980 8445
6174 6542 9580 11605 13630
2655 3097 4170 5431 5894
4293 6383 7572 9301 10021
5001 6970 9276 11437 14175
3412 4250 5088 6142 8006
1109 1693 2399 2851 3017
5275 6953 8397 8592 11324
1241 1550 2135 2874 3094
5806 5932 9168 10765 12152
5645 7263 9028 11332 13195
5709 5791 8499 10468 11822
6261 7719 9036 11763 12375
2999 4587 5368 5967 6774
5490 5810 8252 10413 11774
1507 2475 2938 3190 4200
2151 3665 3855 4738 5979
1175 1561 2168 2863 2984
1533 2087 2267 2977 3338
3493 3925 5034 6682 7304
2042 3165 3793 4402 5372
2277 3434 4128 5095 5999
1827 2657 3504 4333 5055
3789 5156 7187 7958 10130
5196 6562 8475 10075 10972
1300 1591 1952 2223 2964
6081 8291 8751 10684 13722
3846 4911 5219 6845 8386
4369 6251 8612 10293 10694
4728 6367 8241 9763 11597
5127 6461 7924 9473 11539
3316 4274 5319 6451 7787
3219 5291 5592 6853 8864
4251 5933 7656 9463 12531
5135 5873 8541 9361 10715
3936 5456 6216 8494 8891
3699 4661 5840 6926 8384
4649 5891 7492 9493 11495
4970 6291 8132 8933 10654
2577 3370 4740 5894 6446
5399 8194 10645 12704 13047
4463 5212 7186 7832 10180
2007 2981 3576 4657 5234
6310 7110 10062 13014 13164
6038 7491 8020 10221 11718
4150 4210 6252 7303 8534
4820 6116 7005 8264 9708
2470 3967 4681 5487 6316
3519 4601 5060 6898 7655
2066 2611 3735 3855 4927
6730 7018 10332 10860 14126
3465 4682 5709 5979 7871
2687 4431 5316 5811 6826
2698 3224 4023 4948 5978
5290 7051 8108 9869 12158
2973 4353 4718 5837 7190
2803 3905 4455 5535 6460
4089 6063 6131 7833 9772
3222 4574 5169 7033 7358
2341 3442 4456 5381 6570
4077 6131 7824 8617 9518
1099 1751 2152 2222 2824
2710 3130 4272 4452 5914
2769 3345 4980 5694 6431
6394 7211 9276 11053 13310
5292 6204 8258 9170 11072
5575 7555 8659 11329 13170
2109 3091 3812 5154 5694
5885 7578 8660 10494 13832
2734 3986 5362 5563 7039
1385 1583 2300 2521 3050
1769 2571 3132 3581 4238
1524 2170 2892 3809 4214
3746 5598 7523 8412 11004
3117 4070 5080 7266 7686
1351 1991 2332 2851 3247
4969 6611 7652 9933 10974
1726 3003 3242 3991 4808
2770 3271 4092 5133 5333
5721 7306 8651 12253 13934
1897 2731 3228 3709 4542
3809 4157 6015 6973 8714
4673 6831 8900 11322 11630
2961 4283 4740 6229 6277
1786 2267 3165 3613 4286
4150 4720 6282 7423 8143
4572 6797 8202 9411 11714
1872 2082 2966 3471 4102
4874 6852 6966 8525 10084
2769 3967 4681 5717 6016
4035 4729 7140 8263 9683
4664 5995 7186 9078 10023
3722 4099 5493 7379 8076
1570 1979 2364 2953 3422
3109 3985 5037 6413 7439
1862 2492 3702 3804 4978
2763 4250 5520 6493 7493
1329 1572 2146 2697 3138
1942 2489 2629 3443 4214
2871 4601 4899 6710 7277
1825 2531 2757 3553 3929
2385 3883 4412 5029 6152
5009 8061 9612 11713 14665
3961 6700 6966 8411 10464
1009 1701 2132 2433 2694
4735 5856 6837 7887 10094
3624 3937 4692 5811 6852
4089 6771 7492 10374 10414
4209 5751 7187 8973 9394
3477 5621 6404 8480 9160
2049 2833 3190 4297 4876
1581 2027 2376 2845 3542
5410 6490 7651 10013 11774
5289 8171 9228 11629 13310
3837 4993 6414 8560 9848
4257 5405 6150 7050 8105
2149 3151 3652 5174 5214
2730 2891 3852 4473 5294
5049 6689 8790 9673 12488
3023 3460 4313 5763 6500
2613 3581 4254 4716 6020
2549 3030 4072 5213 5854
3303 4574 5628 6979 7303
3730 4568 5592 7671 8353
4279 5750 7677 9078 10199
4463 5314 7288 8003 9874
2845 3560 4254 5074 5578
5638 6899 9126 10639 10975
4503 5890 9001 9715 11102
1599 2516 3192 3418 4439
1289 1691 2142 2212 2904
1438 1763 2208 3014 3290
5742 8390 8831 12263 13538
3789 4762 5789 6816 7870
4978 5806 6851 9265 10706
2769 3443 4548 5293 7095
2865 3986 5472 6705 8107
4113 5558 7536 8449 11415
1913 2827 3051 4173 4318
6910 8611 10512 12563 13263
4610 7493 9128 11021 12097
2656 3098 4107 4675 5663
4564 5753 6281 8263 9452
5610 6691 8332 9173 10453
5052 6652 8868 10263 12068
5159 7711 10062 11163 14365
2844 3872 4899 6143 7143
4769 5586 7424 8717 9567
5577 8267 10236 10765 12974
4437 6347 7175 8689 10742
3715 5213 6370 7901 9466
6730 6874 9468 11101 14414
2865 4295 5192 6594 7574
4529 5851 8413 9253 10414
6209 7010 10712 12113 14464
2298 2950 4044 5390 5789
6355 8424 9412 11105 12468
3574 4381 6212 7670 8756
6035 7232 9626 11559 13768
3493 4763 5168 6196 7790
1760 2509 3616 4331 4672
2838 3276 4888 5878 5994
4696 6503 8827 10892 12785
3202 5188 6708 7391 8167
3914 5035 6572 7149 8430
5909 7210 10012 12013 14314
2137 3146 4135 4573 5315
2407 3817 4324 5667 6372
3735 4844 5600 6924 7978
4049 5690 7732 10174 10814
3964 6206 6942 8658 9849
1506 1760 2245 2631 2995
3285 4040 5472 6227 7502
2473 3288 4456 5205 6548
3913 5355 5867 7885 9294
5153 5931 7671 8263 10411
4361 5825 6369 8581 10214
3482 4015 5332 6846 7322
2761 2992 4296 4969 5537
4869 7166 9912 11128 12074
3898 5159 6492 8438 9483
4329 6167 7392 8869 9481
3783 5561 6820 9449 10633
4005 6634 7227 8819 10004
3460 3585 4712 5638 7389
4769 6651 8492 10173 10893
1765 2012 2612 3172 3693
2186 2424 3139 4348 4859
3057 3971 5268 5653 6782
2763 3844 5223 7007 7358
2218 2298 3324 4125 4718
1039 1460 2133 2544 2614
2450 3351 3952 4453 5374
1863 2963 3378 4009 4766
4962 6914 8241 8944 10387
1709 2901 3191 4008 4604
2493 3438 4198 5303 6271
2229 3411 3892 4573 5254
5729 6632 9343 9945 12398
1599 2321 2877 3523 4440
2585 3829 4197 5671 6868
7010 8360 11012 13013 13363
4531 6053 7232 9589 10654
5596 7277 8958 10177 11059
3337 5387 7053 7085 8846
2202 2346 3340 3709 4190
6175 6760 8201 10498 13244
1605 1998 2854 3247 3906
4755 7860 9412 12233 13738
4498 5314 7390 7832 9874
3913 5771 6060 7116 9230
5052 7021 9032 10550 11657
4455 5704 8124 9022 10895
2958 3949 4302 5227 5887
2791 4613 5420 6461 6982
6202 7354 10284 11005 13454
6559 8110 10562 12813 14464
4761 6919 8064 10353 11982
3129 5021 5922 7663 8624
4839 7403 8874 10429 12446
5069 6742 9692 10177 12554
4494 6329 8046 9451 11012
2908 3265 4275 5032 6272
5950 7491 8635 10176 12994
1897 2795 3004 3645 4622
5259 8761 9412 11663 13414
4673 6347 8724 10221 12026
3549 5411 5922 6973 7844
1318 1881 2036 2708 3028
2517 3531 4434 5205 6196
3219 4661 5622 7784 8504
2015 2663 3242 4093 4689
4724 7145 8991 10632 10673
2410 2830 3652 4753 5875
2550 3245 4443 4990 5747
5207 7141 9396 10685 13354
1791 1999 2598 3393 3862
1659 2216 2922 3403 4290
4232 7391 7924 10345 12027
4523 5449 6930 9485 10966
2154 2330 3004 3805 4350
3978 4810 5835 7853 9422
5023 7647 9580 11053 13308
4566 5485 7186 8445 8955
4150 5381 5591 7483 8113
5431 5939 7578 8671 10739
4189 6547 7878 8411 10388
2673 3682 5052 6109 7118
3326 4506 5964 7019 9067
3738 4961 6513 7537 9816
4293 5757 6744 8071 10180
2802 3770 4443 4947 5851
4244 6136 6311 8448 9884
3945 5483 6860 7597 8493
4234 5588 6381 7471 9023
5023 6680 10040 11329 13446
1644 2201 2712 3614 4155
4041 4709 5464 6480 7612
6220 7120 9552 11488 12838
5697 6967 8801 10776 12845
3931 6412 7782 8300 10855
5438 6819 8614 10731 12802
3999 6014 7840 9817 11338
5459 8261 10212 12213 14264
5513 7536 8999 10376 11580
6250 7787 8987 11773 13838
3138 3622 4220 5441 6569
5938 8096 10155 11479 13146
4041 5195 6412 7372 9614
1485 2063 2436 3121 3325
4351 7321 9171 11064 12742
5905 6625 9912 11533 12073
4809 6891 7211 9013 11774
5252 7753 9959 11528 14175
2424 3230 4865 5994 6063
4953 7259 9324 12446 12926
3894 6171 6837 7993 10269
2349 3150 3952 4873 5914
2110 2125 2711 3628 4379
5840 7164 8930 11577 14715
3754 6241 6697 8588 9709
2913 3418 5197 5629 6518
4401 6203 7464 8581 9518
4909 8341 10694 11773 12950
5837 8377 10258 10540 13597
3342 5720 7107 7966 9188
3650 4211 5108 6453 7686
4532 5451 6812 7935 9160
3259 4665 4743 6461 7138
4531 5756 7322 7934 10112
1341 1895 2616 3109 3157
3818 4967 5108 6453 7350
6109 8761 10712 12313 13363
3940 5201 5952 7003 8114
4914 7886 8967 10723 12434
2592 3749 4590 4653 6314
3636 4381 6771 7112 8229
6543 8095 8565 11011 13973
1660 2126 2817 3449 3930
5772 6073 7881 10290 12226
2386 3053 3359 4171 5108
4797 6353 8917 9463 10934
2445 3413 3834 5390 5516
3948 6992 7422 8905 11714
4869 6535 9462 10318 12749
3411 4412 5141 6547 7898
5409 7076 9102 10498 12119
2332 3276 4359 5925 6316
5764 7151 7613 9379 11858
3241 5163 5932 7949 9070
4803 6967 9742 10494 12986
3390 4327 4796 5759 7164
2189 3331 3892 4713 5734
4708 6264 7782 9189 10300
6490 7883 9900 11485 12830
2823 3286 4590 5431 6272
3645 5807 6996 8185 9590
1735 2351 2727 3598 4019
2509 3531 4112 4712 5894
5759 7094 9764 11651 13446
3106 4307 4427 6085 6397
2476 2656 3449 4459 5378
1524 2126 2877 3433 4335
2169 2927 3630 3973 5090
4164 5591 6274 7049 8694
3170 5115 5811 7321 8656
6082 6742 9560 10881 12378
5116 6634 6930 9374 9707
2892 3861 4390 5051 5866
5133 6436 8748 9505 12110
5859 7976 8786 11218 13334
4395 6418 8354 9688 12743
1209 1601 1982 2403 2864
5838 6872 9083 12187 12516
6082 6875 8196 10089 12158
2466 3581 4065 4780 5684
4425 5675 6699 8109 9293
2885 4036 4336 5625 6109
1429 1848 2047 2444 3017
6106 6874 10573 10621 13310
3667 4940 6553 7050 8322
2550 3171 3852 4673 5454
3561 5195 6156 7053 9135
4611 5704 7539 8788 11676
4762 5122 6780 8185 9878
1787 2082 2938 3317 4046
3510 3836 4511 5888 7114
5530 5730 8732 9293 11334
4497 6831 8812 10749 12554
4909 8586 8930 11528 14126
4256 5404 6428 8011 9127
1884 2381 2801 3718 4289
4273 6079 8992 9648 11002
1971 3197 3486 3990 5414
2594 2670 3736 4535 5049
1289 1610 2142 2593 2683
3738 5258 7239 7272 9419
2947 4405 5134 5889 7034
6760 7911 10062 11063 13614
2382 3770 4527 4822 5747
4540 7799 9692 11277 11937
4109 6243 8582 9320 11207
5023 7693 9948 11789 12249
3518 4215 5841 7060 7960
3847 5483 7803 8449 9894
1827 3017 3468 4297 4694
5959 7611 10762 11163 14164
1966 3051 3698 4593 4973
1465 2307 2686 3289 3780
2355 3875 4336 5326 6086
