200 10 5
7 63 43 61 20 91 24 42 76 41 43 0 31
10 55 87 27 44 75 25 82 32 76 87 0 46
5 73 47 36 27 28 58 86 87 45 85 0 25
4 62 32 40 61 22 43 56 53 81 67 0 20
3 74 41 79 66 98 30 24 53 64 26 0 12
5 99 39 32 63 92 26 48 23 81 65 0 22
6 54 52 23 81 76 94 42 23 93 48 0 29
10 92 37 26 61 27 90 46 44 72 33 0 48
6 28 81 57 33 53 98 70 76 38 42 0 29
9 88 71 24 100 84 43 56 32 40 61 0 44
3 47 21 95 63 85 71 57 89 51 35 0 11
2 93 29 29 68 59 75 33 58 67 98 0 10
4 88 40 82 38 21 52 57 78 100 51 0 20
10 42 80 37 40 29 41 61 43 76 69 0 49
5 68 32 66 96 81 83 94 95 84 57 0 22
7 94 101 37 94 99 44 38 88 52 95 0 33
4 36 86 68 78 25 51 54 21 77 74 0 17
4 73 77 47 80 61 68 42 42 80 76 0 18
5 78 23 30 48 82 58 64 21 22 87 0 22
5 23 54 99 50 79 51 99 55 53 43 0 25
8 69 63 21 64 78 24 40 27 101 95 0 36
10 22 47 74 92 23 50 80 89 37 54 0 49
10 96 59 24 21 65 36 28 96 65 44 0 46
3 38 67 64 44 57 43 50 68 27 25 0 14
4 69 33 34 95 48 61 30 28 101 70 0 20
7 50 74 101 86 37 100 36 31 48 60 0 32
5 95 96 94 92 80 51 81 59 61 33 0 21
6 38 52 30 26 83 86 49 59 66 71 0 29
7 59 86 73 96 73 99 88 50 95 64 0 35
9 33 72 56 96 58 94 100 75 70 28 0 43
4 87 72 26 44 32 23 97 73 67 37 0 17
9 46 50 43 70 52 67 59 69 52 67 0 44
4 77 78 24 37 91 79 54 33 39 85 0 19
3 74 98 69 27 96 33 98 69 86 64 0 13
4 60 86 50 38 73 101 66 68 86 78 0 20
5 87 21 44 74 74 53 75 23 28 30 0 25
9 49 62 92 48 64 34 44 46 70 23 0 44
7 54 76 31 49 73 50 99 82 62 58 0 31
6 34 99 46 59 65 61 70 77 98 77 0 28
10 42 42 62 70 38 37 95 40 25 61 0 50
7 34 20 80 68 28 97 30 61 71 36 0 34
6 95 74 92 52 88 85 34 96 25 51 0 29
5 24 28 91 94 62 73 85 43 21 32 0 23
2 99 45 51 29 21 49 70 72 84 64 0 10
6 43 72 74 71 27 100 34 35 47 42 0 29
4 61 55 38 60 40 60 33 72 85 50 0 19
7 28 88 63 25 33 100 75 87 56 85 0 32
3 80 27 62 70 46 92 59 54 46 69 0 14
8 90 24 43 95 58 86 33 42 64 86 0 37
7 73 87 27 34 37 57 90 58 93 52 0 35
6 96 74 41 46 55 27 100 43 99 60 0 27
8 60 64 44 74 31 98 78 44 68 65 0 37
10 89 67 64 100 82 54 36 28 33 64 0 48
8 95 41 69 42 100 77 65 64 88 69 0 38
8 87 83 59 60 55 36 59 86 69 38 0 37
4 73 34 54 82 92 68 67 82 26 28 0 19
8 71 91 85 83 73 78 84 41 73 55 0 36
6 60 35 74 73 101 66 36 23 86 77 0 30
7 62 69 32 49 56 36 45 77 61 47 0 33
8 62 42 56 56 22 57 43 74 89 67 0 40
10 80 65 43 25 48 45 52 83 61 69 0 48
7 48 54 92 27 96 33 95 49 97 60 0 35
3 100 37 27 47 68 51 28 96 68 97 0 14
9 46 92 26 60 90 48 25 57 96 78 0 43
6 28 45 24 62 76 56 68 70 35 82 0 27
7 25 62 72 44 86 38 71 27 26 43 0 34
10 67 70 86 34 76 38 61 85 79 67 0 48
9 98 22 42 26 24 55 80 58 39 68 0 41
9 75 84 71 34 45 49 77 54 95 46 0 41
6 23 86 57 81 76 53 53 81 57 92 0 30
4 79 60 63 49 52 76 81 52 56 76 0 16
4 62 80 26 82 71 86 80 30 78 42 0 18
7 62 21 89 63 39 52 81 45 59 43 0 33
5 51 25 97 97 92 98 60 32 34 69 0 24
9 70 56 84 82 38 81 75 48 69 33 0 42
8 60 46 84 63 29 43 38 26 95 77 0 39
8 25 91 88 92 93 37 57 42 26 36 0 36
2 28 41 57 58 71 55 93 29 37 40 0 10
4 61 88 98 97 80 30 93 69 30 67 0 16
4 42 72 23 75 22 99 49 78 45 58 0 19
4 30 38 77 73 53 59 64 43 32 93 0 19
9 50 39 53 25 42 22 55 57 76 68 0 41
9 35 69 44 76 96 26 98 77 98 76 0 45
3 44 94 63 83 29 86 65 21 21 23 0 11
7 86 57 37 27 89 26 45 43 54 77 0 35
7 46 64 82 25 43 61 50 47 100 68 0 31
7 31 90 38 45 79 62 42 61 55 50 0 31
10 26 42 41 50 78 31 56 69 52 93 0 48
9 101 99 42 20 65 59 55 44 33 97 0 42
9 73 25 45 66 83 54 37 32 71 68 0 43
5 24 79 26 47 48 24 98 36 80 89 0 25
7 41 73 95 74 48 98 81 86 95 73 0 31
7 87 55 48 21 22 62 49 32 86 21 0 31
5 81 86 87 26 55 62 81 49 22 93 0 25
4 64 101 88 49 60 50 92 97 35 77 0 16
6 30 83 27 97 97 95 79 94 34 77 0 27
8 28 81 93 41 70 50 27 41 26 81 0 38
3 101 62 83 39 95 50 50 83 30 78 0 13
7 76 64 34 46 56 23 27 66 50 44 0 31
4 100 55 24 51 92 51 64 29 31 71 0 17
6 45 96 79 95 42 101 75 53 64 67 0 26
5 92 29 36 57 25 37 21 54 41 41 0 25
8 39 36 57 29 53 72 84 45 61 33 0 37
6 30 41 79 83 85 28 25 50 38 69 0 28
3 76 78 42 66 38 29 35 75 60 24 0 14
9 68 45 38 100 100 67 38 88 95 60 0 45
4 68 38 96 45 78 65 55 26 28 24 0 17
10 67 62 90 49 59 30 49 88 101 75 0 47
2 62 55 82 98 23 86 39 39 24 53 0 10
3 99 58 82 79 34 72 34 65 29 25 0 13
3 95 22 30 33 59 48 25 86 78 47 0 13
5 63 70 60 21 99 77 46 75 96 87 0 21
4 78 100 72 83 75 76 54 27 75 76 0 16
7 37 97 65 58 64 92 90 80 32 32 0 35
3 51 44 31 40 69 82 76 88 23 89 0 15
9 62 95 43 97 96 69 26 94 72 29 0 45
3 96 75 30 55 80 54 60 41 92 35 0 15
10 51 40 26 40 99 97 26 58 57 73 0 50
4 97 100 39 29 53 56 49 53 87 97 0 17
3 91 79 33 38 41 98 73 47 85 71 0 12
6 92 56 63 73 42 25 21 71 66 92 0 26
5 47 81 64 95 30 54 48 50 60 71 0 21
9 65 87 37 25 50 22 98 27 43 89 0 42
5 75 65 70 97 56 60 100 79 64 83 0 21
7 98 92 49 35 38 29 46 63 65 71 0 33
5 62 29 68 44 39 86 63 30 41 99 0 25
9 84 39 25 57 47 22 63 82 30 48 0 44
4 96 48 50 53 73 37 67 39 27 36 0 16
5 63 28 70 42 50 28 42 97 28 84 0 24
4 86 36 31 42 65 98 81 92 93 56 0 18
3 36 97 28 93 57 68 65 55 85 20 0 11
4 81 59 69 80 70 24 53 30 29 35 0 17
7 80 67 84 76 21 47 94 61 59 49 0 35
4 75 90 32 93 89 55 88 96 93 74 0 16
6 92 35 94 75 65 81 37 79 72 31 0 27
4 74 47 89 67 43 63 94 31 94 22 0 20
9 70 84 54 39 44 66 69 39 77 81 0 41
7 21 53 65 74 67 78 47 25 39 84 0 32
6 86 48 21 64 61 36 72 65 41 89 0 26
9 101 91 44 55 64 76 92 65 98 40 0 42
9 84 64 52 57 76 33 68 36 44 62 0 45
9 39 56 31 89 84 50 33 101 40 60 0 42
8 43 77 76 31 87 95 24 74 82 54 0 39
6 78 76 53 37 60 23 96 65 62 49 0 29
4 80 24 52 69 91 23 23 22 42 47 0 16
9 36 87 80 33 33 78 59 36 86 70 0 43
5 23 49 86 68 64 24 28 86 25 83 0 25
7 56 53 23 89 95 61 83 41 86 87 0 35
8 96 24 76 77 34 37 85 39 43 47 0 36
10 26 41 73 66 83 25 55 97 25 80 0 47
9 32 63 47 63 53 82 67 43 37 97 0 44
3 97 76 37 100 70 58 91 70 56 72 0 12
10 36 34 62 23 96 71 92 75 96 37 0 50
3 91 67 89 48 84 96 73 38 47 46 0 11
9 46 75 79 89 77 98 66 81 39 54 0 44
7 98 100 39 91 83 66 41 65 22 40 0 34
7 24 79 44 26 88 95 42 28 37 38 0 32
10 74 47 26 71 94 42 101 53 24 96 0 47
4 27 36 63 78 45 31 80 92 55 52 0 20
4 33 23 71 74 31 56 75 55 34 33 0 19
8 39 95 22 56 101 39 56 66 86 101 0 38
8 87 97 55 55 81 60 64 59 22 99 0 37
8 29 101 82 35 37 64 38 86 89 73 0 38
10 55 70 87 94 62 49 41 60 54 32 0 50
5 72 37 68 21 28 89 79 53 59 28 0 21
5 88 47 24 68 80 81 72 42 85 38 0 22
7 100 73 87 40 71 35 67 92 75 48 0 33
6 88 43 25 81 32 66 65 40 41 57 0 29
8 49 84 40 61 29 72 45 97 40 67 0 37
2 45 65 86 78 85 51 43 48 48 61 0 10
7 98 26 62 90 63 90 101 86 49 43 0 32
10 43 66 101 58 84 61 22 24 82 85 0 46
3 87 42 40 46 26 53 26 75 27 91 0 12
10 42 71 67 25 30 60 65 41 41 22 0 47
6 64 72 56 66 78 47 94 46 60 96 0 27
3 98 23 58 91 36 36 65 88 63 73 0 14
3 39 69 62 79 62 55 79 54 82 31 0 12
7 94 95 31 43 29 92 46 60 64 98 0 35
3 43 27 63 25 72 25 58 52 78 101 0 13
9 61 21 61 66 91 90 74 75 69 94 0 42
9 50 41 77 22 44 43 57 44 85 42 0 41
5 41 97 70 62 83 91 46 26 90 42 0 24
7 94 96 43 50 81 101 81 38 20 33 0 35
10 28 28 73 44 46 50 32 92 70 56 0 50
9 81 22 64 62 94 85 65 59 57 39 0 43
6 64 21 37 45 53 28 26 65 84 93 0 26
6 99 24 69 23 65 23 70 60 78 32 0 29
10 101 45 54 93 49 51 40 54 42 81 0 50
5 62 40 77 76 72 94 52 95 64 34 0 21
10 60 101 61 71 75 30 93 100 22 26 0 48
3 87 24 81 65 35 76 36 92 89 76 0 11
4 30 42 36 62 30 73 79 62 84 89 0 19
5 87 92 59 55 45 25 66 67 69 67 0 23
7 93 76 85 20 49 58 40 52 62 81 0 33
8 42 86 67 89 61 65 47 91 62 100 0 36
6 46 23 43 33 51 96 31 89 33 64 0 27
3 52 25 30 51 60 29 90 36 47 44 0 14
8 29 33 58 101 63 99 57 31 65 42 0 36
7 50 38 100 36 56 35 43 30 95 63 0 32
6 82 41 95 41 62 61 25 56 99 31 0 29
39 42 47 33 40
117 169 215 251 264
121 167 212 256 262
126 148 217 245 285
133 148 199 220 288
126 141 207 243 275
127 149 209 256 262
121 173 197 258 286
130 168 199 225 298
100 162 211 245 282
128 158 205 252 297
115 168 196 223 279
131 140 186 233 273
100 169 187 242 291
113 165 184 231 276
112 164 219 239 300
120 144 191 226 273
120 153 184 235 265
118 179 193 253 287
108 158 184 245 267
130 180 192 237 297
133 140 191 245 281
134 171 211 221 278
108 141 182 254 289
111 179 195 250 287
128 169 206 245 271
125 178 208 233 286
139 151 211 225 273
133 160 216 249 287
111 160 209 234 294
123 151 207 229 296
135 164 194 229 296
132 152 212 249 261
102 179 215 225 292
127 171 190 228 300
140 150 213 249 270
104 175 191 224 295
108 171 204 239 295
100 148 186 254 280
125 160 189 252 295
129 179 196 231 296
137 162 204 221 282
132 161 182 253 267
136 154 216 247 294
137 180 194 255 266
107 169 218 257 286
108 180 204 258 286
110 151 202 223 263
112 180 211 250 266
102 146 198 255 264
140 177 186 227 269
131 147 191 224 264
131 166 215 257 289
118 144 211 259 295
140 178 202 254 296
102 165 206 254 295
131 161 205 236 274
134 180 200 224 284
108 141 196 220 295
117 142 217 253 299
125 161 213 236 282
127 152 212 251 285
124 168 210 221 261
101 144 211 256 286
109 161 214 244 293
110 172 210 243 290
133 161 198 220 292
120 170 200 235 276
106 145 219 255 279
105 180 191 243 282
138 164 215 258 290
132 152 202 225 295
108 167 182 238 286
106 151 207 259 273
101 140 217 235 268
110 180 192 256 291
104 162 202 240 291
121 153 217 235 293
116 178 218 240 278
100 175 184 229 266
135 146 220 237 270
137 178 208 220 289
121 141 196 237 287
130 171 180 236 291
138 175 199 220 300
129 144 204 249 277
139 173 202 255 296
117 154 211 231 296
134 150 186 232 270
129 165 184 258 272
131 169 208 250 280
101 175 211 241 298
124 164 210 238 260
126 161 181 228 260
130 169 212 236 283
124 142 180 248 273
137 145 186 243 300
119 160 199 244 295
136 174 209 243 268
136 151 212 226 300
127 140 186 246 297
139 180 194 231 263
118 154 214 252 285
127 145 196 249 269
109 144 205 230 277
135 157 193 246 296
125 157 188 233 282
121 145 205 221 289
108 141 196 246 270
134 153 215 242 282
133 180 200 238 294
103 154 211 244 268
105 169 186 239 276
106 150 203 243 266
101 146 194 242 260
123 176 186 250 287
103 144 207 223 295
106 176 199 237 280
113 164 194 252 293
140 147 200 222 277
100 168 205 237 283
109 171 213 241 290
131 177 204 225 267
103 162 194 248 276
101 152 214 225 273
115 147 205 239 281
129 170 185 229 287
140 167 183 250 288
122 149 196 234 268
133 147 190 251 281
129 151 183 224 294
110 144 181 225 265
128 161 202 250 287
122 169 198 242 278
124 171 199 220 279
107 177 204 249 285
107 141 216 232 293
107 175 211 225 288
100 153 182 243 286
119 153 184 258 297
117 153 196 253 276
109 151 210 246 274
138 152 185 229 287
125 151 218 239 284
140 163 214 253 269
110 151 196 238 280
127 146 207 248 292
117 172 203 255 279
120 168 213 233 293
110 154 180 221 291
118 168 183 245 297
102 164 213 257 300
107 150 192 254 272
133 141 188 243 271
108 159 208 220 293
119 160 184 236 275
101 171 216 239 293
121 152 191 247 268
100 150 198 249 282
112 153 195 258 295
135 152 194 246 300
132 163 184 245 281
108 177 200 248 282
104 145 202 237 297
119 172 211 227 265
130 148 201 252 299
115 178 188 244 269
114 146 203 227 277
110 167 194 247 268
112 159 200 229 291
134 143 189 236 266
107 143 185 248 267
131 178 190 222 297
107 170 189 241 293
103 165 205 223 299
118 146 204 257 281
123 159 213 234 282
103 173 184 241 281
136 175 211 251 286
120 153 196 253 264
108 170 207 247 279
129 158 195 257 269
102 178 192 259 292
113 173 207 235 279
123 168 199 235 277
140 156 189 234 292
118 156 209 223 284
133 156 216 232 271
113 142 212 220 261
107 153 186 222 284
108 178 219 258 268
138 143 207 248 271
128 158 192 237 300
114 143 193 256 279
133 155 209 251 262
114 156 199 222 269
121 152 213 227 271
117 148 219 235 291
129 171 201 255 261
137 171 202 236 278
121 143 202 242 274
3629 5241 6667 7783 8186
5568 7684 9754 11778 12054
3152 3702 5427 6127 7127
2662 2962 3982 4402 5762
1514 1694 2486 2918 3302
2796 3280 4600 5634 5766
3511 5019 5715 7484 8296
6242 8066 9554 10802 14306
2902 4700 6121 7107 8180
5634 6954 9022 11090 13070
1267 1850 2158 2455 3071
1312 1402 1862 2332 2732
2002 3382 3742 4842 5822
5539 8087 9018 11321 13526
2466 3610 4820 5260 6602
3962 4754 6305 7460 9011
2042 2603 3130 3997 4507
2126 3224 3476 4556 5168
2378 3478 4050 5392 5876
3252 4502 4802 5927 7427
4790 5042 6878 8822 10118
6568 8381 10341 10831 13624
4970 6488 8374 11686 13296
1556 2508 2732 3502 4020
2562 3382 4122 4902 5422
4002 5698 6658 7458 9154
2921 3173 4433 4727 5735
3859 4642 6266 7223 8325
3887 5602 7317 8192 10292
5291 6495 8903 9849 12730
2297 2790 3300 3895 5034
5810 6690 9330 10958 11486
1940 3403 4087 4277 5550
1653 2225 2472 2966 3902
2802 3002 4262 4982 5402
2602 4377 4777 5602 7377
4754 7526 8978 10518 12982
3102 4590 5768 7876 8682
3502 4482 5294 7058 8262
6452 8952 9802 11552 14802
4660 5510 6938 7516 9590
3830 4671 5280 7339 7745
3130 3544 4970 5683 6764
1372 1802 1942 2552 2662
3105 4903 6324 7455 8296
2054 3422 3878 4904 5436
3522 4834 6466 7138 8418
1570 2522 2956 3502 3726
3776 5404 7328 9437 9770
4902 6197 6512 7947 9417
3539 3971 5159 6050 7130
4849 6144 7957 9511 10695
5666 6914 10130 12434 14162
5322 6766 7678 9654 11250
3776 6107 7624 9400 10917
2491 3061 3897 4486 5208
4826 6482 7202 8066 10226
3242 4232 5882 6602 8852
3863 4688 7163 8351 9869
5002 6442 8522 9442 11282
6098 7298 10178 12050 13682
4342 5882 7352 7737 9137
1416 2018 2956 3586 4006
4689 6925 9204 10494 12601
2972 4646 5672 6563 7832
4524 5476 6734 7482 9930
5762 8162 9602 11282 13250
4348 5947 8981 10457 11441
4307 7382 7833 9965 11564
4142 4922 6452 7742 8702
2114 2434 3234 3602 4722
1946 3008 3278 4286 5150
3500 4985 6833 8549 9011
2426 3362 5210 5642 6434
4622 7562 8066 10754 12224
4058 6320 7880 9362 11351
4358 5510 7814 8462 10550
1162 1782 2182 2402 2782
1602 2802 2946 3666 4258
2567 2776 4182 4505 5132
2605 3384 3954 4182 5493
4963 5783 8038 9719 11769
5852 7697 8102 10622 13097
1520 1927 2191 2422 3302
4517 5042 7142 8717 9697
4311 5365 6264 7907 9178
3629 4776 6543 7163 9178
6434 7202 8930 11138 12962
5420 6932 7730 10838 11426
5635 7269 8946 10752 12042
2527 4377 5277 6027 7452
3846 5086 6512 7380 8062
3908 4993 5613 7070 8062
3252 4227 5302 5902 7077
1986 2274 2882 3970 4370
3701 3917 5024 6563 8102
4524 6082 7564 9274 11212
1770 2264 2719 3161 3486
4218 4683 6574 7008 9302
2161 2382 3164 4184 5051
3616 4682 5046 6008 6840
2952 3852 5352 6302 7127
4701 5367 7254 9215 9955
3054 4034 5742 6442 7758
1892 2200 2704 3446 4146
5627 7067 8462 10487 12692
2059 2467 3487 3759 4915
5078 6629 9214 11564 12692
1342 1532 2152 2422 2822
1731 2342 2602 3096 3824
1341 2004 2745 3174 3486
2207 3551 3908 5021 5798
1698 2402 3250 3890 4258
3537 5112 6792 8472 9102
1847 2642 2792 3752 4307
4637 6482 9317 10037 13277
1592 2642 2987 3557 4202
5652 8202 9702 12602 14652
2382 2501 3402 3776 4711
1202 2018 2462 2846 3398
2836 4448 5540 6268 7542
2753 3719 4286 4727 5609
4328 6806 8150 10418 11594
2123 3194 4496 4727 5735
3797 4853 6767 7889 9275
3227 4252 4627 5727 7177
6162 7350 8054 11002 12674
1954 2386 3138 3746 4290
3194 3530 4562 6026 6746
2324 2720 3296 4034 5294
1212 1586 1993 2477 2917
2178 2739 3436 4252 4881
4272 5917 6932 8472 9732
1986 2738 3186 3522 4466
2891 4781 5510 6725 7697
2142 2822 4322 4642 5862
4389 7177 8653 9227 11810
3202 4898 5826 7778 9154
3096 3980 4786 6710 7724
4916 6428 8234 10628 11594
4907 6797 9452 11072 12332
5798 6386 7772 9620 12056
4877 5891 8504 9323 11078
4062 4729 6208 7339 7803
1762 2418 3138 3810 4482
5463 6280 8903 10666 12558
2927 4302 5077 6377 6977
4202 5882 7457 8157 10257
3962 5546 6482 7958 10478
5548 7898 8603 11517 13961
4490 7218 9374 11310 13202
1286 1802 2306 3050 3266
6652 7052 9402 12152 13552
1190 1751 2290 2422 3225
5238 7042 8098 10386 12102
3436 5816 7346 8128 9964
3874 4866 6114 7906 8578
4702 7052 9308 11705 13256
2242 3062 3902 5162 5902
2567 2890 3688 4676 5702
5018 6196 6994 9312 10680
3998 6551 7402 9178 10436
3954 5512 7678 9008 11288
5952 8602 10552 11352 13252
2732 3110 4223 5294 6281
2532 3918 4138 5370 5920
3764 4820 6701 7493 9143
3192 4845 5628 7165 7774
4146 5885 7402 8475 10769
1342 1432 1892 2362 2662
3426 4578 5922 7938 8546
6028 8190 8742 10214 13664
1286 2042 2270 2894 3518
4843 7757 9637 10483 14055
3188 3944 5510 6941 7589
1724 2228 2984 3278 3950
1238 2078 2210 2894 3374
4762 6127 7387 8787 10012
1562 1991 2550 3291 3434
4538 7142 8696 10376 11720
5291 6480 7997 10539 11031
2450 4274 4610 6218 7010
3957 6057 7247 8227 9767
6152 8402 9952 11752 13852
6022 6710 8129 10064 12558
3070 4058 5436 5800 7386
3859 4526 6266 6730 7861
5652 7102 10602 11002 13052
2249 3215 3908 4664 5966
5186 8546 10514 12386 12866
1520 1575 2279 2730 2983
2434 3004 3650 4505 5702
2624 3291 4441 5890 6419
4391 5117 6899 8285 8648
4106 5618 7166 7994 9686
3269 4106 5753 6131 7319
1640 2074 3068 3292 4076
4646 6158 7238 9182 9398
4386 5474 6466 7554 8898
3511 4149 5860 7020 7948
