1000 10 5
10 54 47 44 83 30 64 89 45 99 55 0 47
3 85 58 33 77 60 51 40 75 87 97 0 14
8 65 82 88 29 44 32 29 35 99 88 0 36
9 95 49 89 82 43 57 77 68 46 59 0 41
5 40 25 45 76 78 57 88 35 95 65 0 23
5 84 36 48 74 53 46 77 36 76 50 0 22
3 37 73 51 59 88 50 35 91 31 44 0 13
6 88 67 22 92 90 100 90 21 64 54 0 26
8 58 42 87 85 89 85 73 78 100 31 0 40
8 52 72 65 74 88 86 87 56 50 66 0 38
4 71 54 93 67 54 39 94 53 72 74 0 16
9 90 56 43 79 101 78 76 86 26 87 0 42
6 75 38 92 68 28 55 82 68 82 32 0 30
6 101 60 42 90 98 80 84 47 75 70 0 28
5 24 66 21 38 94 60 28 98 31 79 0 23
6 50 58 100 80 35 85 66 34 87 92 0 29
9 38 24 34 23 86 80 67 62 92 51 0 41
5 91 31 23 92 35 39 40 50 87 36 0 25
5 57 96 63 49 29 31 45 90 44 47 0 23
9 82 32 66 52 81 31 93 83 74 95 0 42
7 87 42 26 24 42 22 46 39 80 97 0 34
7 53 52 39 43 40 52 48 76 97 56 0 34
10 34 77 100 96 70 96 44 54 81 43 0 48
9 94 90 58 51 81 61 32 80 41 85 0 41
7 92 64 99 32 28 69 87 26 73 39 0 33
9 74 75 96 48 30 45 72 32 96 56 0 43
7 28 80 44 87 96 50 57 97 50 85 0 31
7 54 87 39 90 99 73 92 71 96 82 0 33
9 24 40 50 98 37 95 58 37 63 94 0 45
4 101 78 50 39 51 73 24 35 83 80 0 16
9 21 67 39 96 88 25 96 101 88 48 0 41
8 83 22 53 41 29 54 84 34 25 57 0 36
5 34 62 60 91 30 62 67 67 40 62 0 23
5 68 79 32 88 82 78 74 46 58 44 0 25
3 92 44 21 45 63 95 85 57 89 44 0 15
10 33 24 28 99 42 70 86 49 88 70 0 48
3 93 77 64 62 86 40 57 95 35 28 0 12
5 63 80 53 94 58 64 20 75 48 85 0 24
5 64 93 91 52 86 74 33 54 76 70 0 25
6 28 39 38 94 53 64 83 21 69 67 0 29
10 40 69 67 43 51 66 75 30 52 40 0 47
7 41 81 85 51 101 29 100 63 70 82 0 32
7 68 62 57 52 47 67 68 49 20 39 0 35
4 79 50 82 45 71 73 47 32 36 71 0 19
7 90 45 58 35 58 92 30 76 92 73 0 31
4 53 67 78 99 44 85 74 82 32 61 0 20
5 38 75 52 80 48 39 50 97 64 100 0 21
4 75 86 64 92 89 39 61 81 72 97 0 19
7 61 27 87 72 48 37 73 29 99 59 0 32
5 41 26 100 41 65 61 55 41 23 81 0 22
2 91 44 46 60 98 94 47 35 25 50 0 10
6 54 23 42 83 92 97 35 94 86 30 0 27
5 81 51 53 98 60 49 77 81 31 82 0 23
7 66 51 26 61 39 89 78 64 73 40 0 31
5 87 61 29 62 57 57 32 61 98 52 0 23
4 28 75 58 54 73 25 99 31 21 46 0 17
9 91 73 23 37 34 55 23 81 22 23 0 44
10 90 92 60 47 43 95 96 100 63 46 0 48
3 85 95 81 77 67 46 79 90 88 57 0 15
4 54 87 70 49 53 43 62 98 25 26 0 16
7 23 52 59 81 77 29 53 52 79 54 0 33
10 32 49 24 88 48 84 93 78 64 29 0 49
7 44 26 75 65 96 67 53 38 64 50 0 31
6 47 64 84 23 56 49 87 96 68 31 0 26
7 98 51 90 77 87 81 22 35 83 67 0 31
4 95 46 82 94 68 31 67 97 81 24 0 19
6 46 86 61 50 52 27 34 74 44 39 0 30
7 50 43 94 53 101 100 45 73 35 31 0 34
4 31 47 45 82 74 50 26 76 67 29 0 19
4 64 52 25 75 83 76 32 65 63 38 0 20
3 83 48 91 46 22 45 25 27 23 66 0 15
9 52 67 25 74 47 96 86 40 94 39 0 43
7 67 92 100 49 60 65 36 71 60 74 0 33
9 30 93 70 31 54 69 59 77 45 36 0 45
8 66 23 64 55 49 46 77 55 59 65 0 36
10 39 69 63 61 24 36 25 21 85 86 0 46
9 43 73 74 76 78 97 69 51 29 86 0 41
8 33 52 41 30 81 48 76 26 96 42 0 39
6 22 86 56 88 55 52 41 29 74 45 0 26
4 64 91 69 51 38 68 49 32 96 27 0 18
2 89 23 47 86 93 88 60 22 63 84 0 10
6 26 26 67 88 57 46 71 98 76 83 0 28
9 28 52 58 24 47 22 43 34 43 73 0 43
10 100 64 45 52 23 79 75 90 49 62 0 47
6 74 28 65 29 48 33 56 79 42 82 0 29
6 30 79 21 53 95 70 92 66 63 38 0 26
8 48 53 47 45 46 29 39 38 58 42 0 38
10 50 46 36 22 97 68 61 87 76 22 0 46
10 47 66 31 63 27 40 53 51 96 79 0 49
4 95 76 61 77 100 47 29 57 67 55 0 17
5 63 76 69 67 90 25 39 97 74 70 0 25
9 36 22 72 33 20 68 36 43 79 25 0 42
10 58 46 41 56 84 49 77 69 98 74 0 50
4 95 56 80 88 82 34 75 67 86 92 0 19
8 96 77 34 31 82 85 42 44 99 63 0 38
5 66 33 35 58 52 33 31 101 30 69 0 23
10 58 28 55 86 21 30 68 54 91 86 0 48
3 39 81 85 91 79 30 22 89 69 28 0 14
8 95 73 30 72 27 26 100 61 50 84 0 40
6 46 64 101 87 95 31 86 90 77 64 0 29
4 93 70 57 81 51 83 70 38 43 79 0 16
10 86 83 21 93 33 57 68 46 74 71 0 47
10 29 32 61 96 68 96 81 49 30 42 0 50
10 27 78 69 39 99 33 21 99 35 60 0 47
3 78 54 54 37 40 92 100 58 71 58 0 11
3 22 51 93 24 26 98 59 59 26 71 0 15
9 32 94 56 40 81 30 35 42 76 46 0 43
4 93 33 53 66 92 50 51 80 52 27 0 19
3 63 29 29 53 77 48 27 60 37 74 0 12
6 61 22 63 37 93 57 82 94 94 52 0 30
7 67 31 69 96 38 27 23 68 70 87 0 35
3 36 72 33 38 31 74 45 56 58 92 0 15
3 55 45 52 80 64 29 62 86 68 32 0 11
8 89 97 34 66 89 61 69 39 72 84 0 38
3 32 48 54 70 86 20 69 26 22 90 0 14
7 44 43 81 21 88 88 71 100 37 88 0 33
10 50 76 94 66 37 76 56 45 96 90 0 46
3 74 46 98 60 29 99 36 34 20 21 0 12
3 49 71 62 24 62 91 48 48 87 32 0 11
10 46 45 48 75 95 82 91 58 77 100 0 46
7 66 89 36 53 64 90 99 44 42 62 0 35
7 22 48 47 22 31 95 68 22 86 98 0 32
6 67 25 50 37 49 89 89 71 56 50 0 29
7 23 25 92 101 27 87 83 70 96 32 0 31
3 30 85 45 57 68 56 66 72 100 88 0 11
5 97 87 42 80 51 71 65 67 33 95 0 22
7 79 33 51 77 86 36 39 86 72 75 0 33
9 42 83 29 76 48 63 57 93 25 34 0 42
5 70 80 30 58 80 49 59 86 85 81 0 25
3 21 95 27 51 57 41 52 59 44 21 0 11
10 96 51 35 29 89 74 50 31 69 58 0 49
4 56 98 56 98 48 24 49 54 100 59 0 18
10 29 59 36 47 62 100 59 36 84 22 0 49
3 68 89 81 75 26 28 100 54 68 96 0 15
10 61 24 71 72 81 33 21 83 42 98 0 48
9 71 80 52 74 62 52 34 26 99 35 0 43
3 84 97 38 58 54 74 71 26 46 24 0 15
4 53 42 70 25 72 24 65 67 53 35 0 20
10 70 29 84 61 40 101 27 84 21 43 0 47
4 37 69 59 37 83 37 78 84 41 101 0 20
6 49 50 71 99 81 21 76 23 60 32 0 29
6 83 50 55 66 26 46 71 47 29 26 0 30
3 39 21 23 69 65 98 48 96 29 83 0 12
5 86 70 66 90 34 39 38 84 58 70 0 23
8 72 46 76 25 83 89 28 77 62 24 0 37
7 84 84 32 63 78 73 72 52 99 29 0 31
8 29 81 21 58 31 78 37 95 55 93 0 38
3 43 23 62 80 93 22 32 55 85 78 0 13
2 28 34 31 79 98 97 69 53 30 28 0 10
7 72 21 92 81 39 87 57 32 83 23 0 33
9 68 25 59 26 88 81 53 30 58 78 0 45
4 59 83 21 22 55 77 61 44 33 90 0 20
3 49 93 87 25 90 93 82 76 70 72 0 12
3 32 54 92 56 89 68 40 91 50 69 0 12
8 69 82 90 23 51 80 79 88 75 81 0 38
6 39 22 59 37 95 24 42 89 71 39 0 26
8 83 42 93 96 71 52 30 94 53 22 0 39
10 99 46 95 72 99 83 45 100 74 95 0 49
6 71 40 66 65 55 49 25 49 95 56 0 28
3 26 29 49 52 68 95 25 32 36 24 0 11
9 27 35 22 25 37 89 51 89 48 85 0 41
10 51 49 54 63 86 30 59 93 62 23 0 50
10 50 78 47 39 28 64 59 44 44 91 0 47
6 48 62 75 97 99 72 66 80 37 32 0 30
9 88 40 41 84 66 26 90 29 52 101 0 45
9 41 48 96 67 46 88 22 30 80 33 0 43
8 44 91 62 78 98 93 46 48 80 76 0 40
5 91 26 36 89 41 45 34 55 77 30 0 25
6 35 73 98 62 33 48 52 52 28 37 0 27
5 97 42 52 79 43 70 72 25 71 77 0 25
4 59 24 87 20 72 82 83 77 64 31 0 20
9 53 76 67 66 30 73 72 32 81 83 0 45
4 32 47 65 56 50 48 59 92 27 97 0 19
4 68 53 35 46 62 53 78 91 29 31 0 18
4 59 87 43 42 71 97 26 36 89 68 0 18
6 86 25 49 35 75 97 63 71 88 57 0 28
8 57 94 42 73 60 62 64 66 54 82 0 40
8 84 79 97 91 37 98 22 67 83 101 0 40
4 31 36 40 58 91 61 70 43 23 66 0 18
7 22 72 33 30 47 54 94 24 91 36 0 35
10 49 99 40 48 72 93 79 64 22 54 0 49
10 71 85 28 40 38 64 72 60 38 94 0 50
7 55 84 91 98 25 27 97 75 90 86 0 34
10 86 83 37 79 74 20 50 30 51 44 0 50
9 101 30 77 97 87 87 92 98 32 50 0 44
8 59 28 96 37 36 92 76 21 33 101 0 40
10 69 43 64 79 94 25 80 98 22 88 0 49
7 86 94 76 82 82 60 39 58 40 66 0 32
8 57 51 63 22 75 77 22 59 45 68 0 36
6 52 69 98 81 90 29 59 44 23 58 0 29
5 51 73 82 80 55 32 57 23 47 76 0 23
3 64 37 33 26 78 89 40 92 31 30 0 11
2 91 47 42 21 48 91 45 66 25 26 0 10
6 35 30 90 89 57 22 56 64 92 62 0 28
8 79 98 29 74 53 71 96 84 68 77 0 39
10 71 43 32 33 52 95 88 51 68 59 0 50
9 83 85 84 58 64 24 93 32 81 99 0 43
9 50 78 59 32 92 92 62 72 76 24 0 45
7 79 83 44 94 94 86 32 88 37 90 0 34
6 98 34 36 96 47 63 56 61 53 55 0 30
5 48 30 94 30 23 68 61 53 64 29 0 22
5 76 61 39 59 89 52 62 44 73 22 0 24
6 83 31 78 31 76 25 85 70 29 70 0 29
10 23 98 25 44 38 100 45 74 25 90 0 49
3 99 71 91 70 31 62 21 52 72 57 0 14
5 99 50 38 76 100 31 51 94 27 62 0 21
10 56 77 49 93 27 36 61 26 93 90 0 48
8 72 99 81 66 52 95 21 87 100 56 0 38
9 65 70 56 48 80 73 98 29 101 46 0 45
6 85 88 50 64 32 73 34 22 29 98 0 27
3 94 56 88 64 94 92 47 70 88 45 0 14
6 35 50 21 82 31 32 40 39 94 97 0 28
4 89 66 78 66 58 37 98 34 52 33 0 20
4 20 21 20 86 28 50 30 70 66 25 0 16
4 74 41 90 92 89 101 23 24 97 48 0 16
10 78 25 80 25 44 21 52 86 77 80 0 48
4 60 63 70 88 27 63 53 70 79 101 0 17
4 101 39 65 27 61 44 35 36 97 59 0 20
10 50 69 52 101 28 95 94 90 42 48 0 48
8 43 76 21 44 53 36 30 70 35 74 0 38
6 46 99 58 80 23 101 100 65 53 61 0 30
2 30 30 72 61 83 33 53 50 81 70 0 10
6 78 23 43 50 85 78 38 65 49 27 0 26
7 98 87 88 67 95 57 41 22 41 58 0 33
2 95 41 30 73 58 41 35 40 85 49 0 10
9 71 91 89 84 76 33 56 97 59 31 0 43
7 56 70 36 57 41 45 73 92 80 101 0 35
9 95 90 30 83 70 91 43 43 87 36 0 45
3 46 89 69 23 83 42 90 27 26 33 0 14
3 51 78 73 82 31 71 45 74 36 45 0 14
8 49 46 64 48 93 83 28 86 53 63 0 40
2 94 67 62 85 100 42 35 88 59 31 0 10
8 67 62 39 98 69 57 71 74 27 29 0 38
4 82 87 21 70 68 39 32 81 42 98 0 16
4 57 77 86 42 24 89 60 78 64 60 0 16
3 100 40 86 22 23 89 41 63 51 64 0 13
9 46 80 51 45 91 42 89 63 42 50 0 43
4 68 39 45 95 90 32 23 53 49 92 0 19
8 29 69 41 30 64 78 40 22 55 71 0 38
4 61 48 29 86 56 64 86 33 22 90 0 17
5 32 66 26 87 76 45 21 100 31 53 0 24
9 94 79 27 34 42 95 54 80 64 84 0 41
5 50 98 48 71 53 23 78 76 21 61 0 21
6 98 95 44 34 98 57 56 31 56 49 0 28
9 87 55 47 92 80 50 82 21 63 34 0 42
10 52 45 98 49 100 20 42 34 67 85 0 49
4 50 67 23 77 94 47 31 96 70 35 0 16
8 62 71 41 45 85 90 57 41 56 65 0 37
9 38 72 79 32 78 24 93 57 78 47 0 43
7 101 84 61 63 24 33 64 77 24 39 0 32
6 41 93 101 43 24 38 38 57 31 63 0 29
7 51 85 94 24 80 51 58 90 49 23 0 32
7 30 24 48 72 22 98 74 63 74 79 0 34
9 64 88 57 70 83 40 37 23 51 43 0 42
9 73 91 64 90 42 51 100 38 79 84 0 43
7 66 80 96 57 81 60 52 89 35 46 0 35
8 33 70 30 22 41 58 72 94 59 32 0 39
10 45 86 96 99 29 91 63 50 99 53 0 47
9 92 62 53 81 31 99 43 97 87 92 0 42
9 22 74 88 93 32 56 71 67 58 89 0 41
3 84 32 71 70 86 76 39 45 57 39 0 11
4 43 62 46 43 96 42 46 96 41 68 0 16
9 92 71 46 57 53 31 98 71 64 35 0 45
6 81 93 60 66 73 39 57 92 44 98 0 26
3 44 48 35 57 76 38 26 24 73 26 0 13
5 32 42 96 97 48 60 39 72 48 96 0 25
6 76 34 30 67 83 74 23 75 43 66 0 27
3 47 58 54 50 61 57 89 97 89 52 0 11
7 62 78 20 56 58 60 34 53 78 83 0 32
3 96 63 73 94 90 28 23 23 71 39 0 11
2 89 24 73 31 51 87 45 77 77 40 0 10
9 90 27 76 33 53 78 93 92 21 91 0 41
2 85 96 48 67 72 79 84 32 74 100 0 10
9 77 93 62 45 56 48 25 88 39 55 0 42
10 82 34 62 36 86 32 61 57 87 97 0 48
10 68 45 68 44 65 98 24 64 70 88 0 50
9 55 45 23 23 91 87 99 58 28 63 0 41
8 52 27 44 80 68 22 71 20 78 78 0 39
4 64 25 75 61 34 99 71 70 92 49 0 20
6 23 42 46 98 58 20 64 67 98 52 0 26
10 25 23 37 45 51 61 39 95 67 53 0 50
5 59 83 42 63 75 57 32 86 51 28 0 22
3 35 32 82 43 78 37 53 66 69 70 0 11
10 41 30 44 75 21 90 40 25 68 78 0 50
7 85 68 79 90 89 72 21 51 22 49 0 31
10 72 95 30 35 58 86 43 25 35 52 0 49
6 32 80 76 86 24 98 88 65 62 58 0 29
3 52 71 44 65 37 99 92 50 68 98 0 13
3 61 35 91 26 93 47 86 68 33 68 0 11
8 24 84 20 34 28 20 61 21 25 88 0 37
4 51 26 27 86 61 62 76 56 58 21 0 16
9 45 100 98 46 94 71 72 83 38 49 0 43
3 76 29 48 32 94 30 46 63 38 67 0 15
7 79 30 58 30 67 100 57 74 52 92 0 35
3 56 45 20 49 100 59 87 43 92 80 0 11
10 52 24 74 35 41 67 31 75 63 40 0 48
9 82 87 55 70 21 73 32 94 99 46 0 41
5 76 44 76 20 49 87 88 38 28 34 0 22
4 51 81 63 28 26 38 59 42 24 101 0 20
8 48 73 93 87 33 94 94 95 64 44 0 37
7 33 50 88 46 27 92 85 29 54 29 0 32
8 78 31 52 37 46 41 98 88 30 97 0 38
10 66 101 82 53 63 60 68 95 31 34 0 47
8 92 29 35 73 33 94 75 89 80 56 0 39
4 42 36 74 25 97 35 44 94 85 44 0 17
8 78 85 86 87 60 59 62 38 41 49 0 39
3 79 35 75 38 26 45 61 93 44 79 0 13
5 41 46 88 36 84 74 35 40 32 87 0 22
9 82 99 71 44 66 31 97 26 36 25 0 44
4 53 62 55 79 43 58 101 92 21 30 0 16
7 42 42 38 37 68 21 36 21 84 54 0 35
4 42 30 44 46 62 89 58 35 95 24 0 16
10 43 55 40 91 98 79 92 92 33 53 0 49
7 90 65 50 68 82 85 43 83 85 20 0 32
10 61 92 82 22 51 25 74 88 71 96 0 46
5 98 92 28 40 72 100 43 95 95 76 0 24
6 31 99 76 44 24 80 79 89 44 81 0 30
3 70 47 27 98 83 81 98 93 95 61 0 12
5 81 34 67 28 92 51 57 94 38 69 0 22
5 51 82 84 86 60 23 41 43 62 59 0 23
8 24 91 56 79 38 64 27 62 67 66 0 40
9 60 98 65 34 32 82 101 85 33 85 0 43
7 28 88 96 39 61 50 45 76 65 69 0 34
9 22 73 51 88 68 53 31 43 31 83 0 44
6 52 91 45 22 41 29 47 83 34 82 0 27
4 27 43 29 62 83 22 34 28 65 69 0 17
9 89 84 38 57 21 48 75 49 50 63 0 41
6 55 50 45 25 97 55 41 92 42 90 0 29
6 98 36 70 83 59 96 88 26 97 79 0 27
4 59 67 66 62 61 54 56 101 30 36 0 19
8 42 76 67 23 76 33 72 47 46 25 0 37
3 79 32 49 48 36 28 101 71 55 85 0 11
5 33 71 36 49 96 90 26 91 38 90 0 25
6 80 49 56 63 63 50 84 54 23 34 0 27
8 43 64 40 101 64 96 39 69 83 95 0 38
7 66 48 31 79 41 89 30 77 101 34 0 33
3 63 35 77 71 100 90 70 49 45 48 0 11
9 72 46 73 68 76 34 69 71 95 28 0 41
8 45 98 69 38 38 72 65 32 65 65 0 37
7 74 78 98 100 47 83 25 60 25 31 0 31
6 83 86 73 22 71 41 45 37 40 23 0 28
6 100 47 51 32 50 21 94 101 22 54 0 28
6 95 25 58 62 79 21 28 39 100 72 0 29
4 35 53 62 83 26 72 69 61 26 22 0 16
6 48 71 94 64 86 64 39 39 91 91 0 30
6 88 73 83 66 31 98 76 21 80 52 0 30
5 49 37 62 79 87 59 62 65 83 97 0 21
6 91 85 55 43 88 24 99 22 42 70 0 27
6 23 44 51 90 60 63 20 55 48 51 0 26
8 97 67 25 85 23 75 31 74 61 85 0 38
9 50 61 63 96 98 54 90 80 55 66 0 41
4 99 55 51 98 27 38 81 37 91 36 0 16
7 41 93 89 32 59 92 99 88 96 29 0 33
7 46 29 27 38 48 78 96 78 79 45 0 34
9 49 53 65 22 52 52 29 58 99 46 0 43
6 84 60 37 86 81 66 31 64 21 77 0 29
3 52 50 89 75 21 50 94 65 70 84 0 15
9 61 60 82 95 55 42 78 43 83 24 0 44
10 21 81 65 83 87 69 55 52 23 50 0 48
3 58 84 50 51 53 51 49 42 73 50 0 12
8 101 44 82 43 33 97 47 72 76 32 0 37
7 40 62 39 85 40 39 51 27 56 46 0 33
4 66 52 46 73 100 30 53 46 71 59 0 19
6 93 83 24 64 85 26 70 30 34 49 0 27
10 63 71 89 74 101 70 41 20 93 23 0 49
10 96 88 24 100 90 54 92 58 49 51 0 50
9 67 38 94 94 58 32 68 50 37 53 0 43
7 90 89 73 100 43 63 82 86 83 94 0 34
7 40 83 91 25 51 27 25 76 78 56 0 31
10 71 66 50 35 92 70 25 22 67 94 0 47
10 42 66 54 42 29 41 80 86 94 100 0 48
4 57 56 93 99 76 35 59 72 76 21 0 18
10 85 26 66 34 24 38 85 95 93 52 0 49
6 43 45 56 94 28 98 79 84 49 85 0 29
9 62 24 36 27 62 87 74 52 54 79 0 44
10 90 61 66 79 98 69 27 30 87 33 0 48
4 41 92 82 76 98 37 49 53 96 42 0 18
4 90 75 86 82 51 41 98 84 99 30 0 20
7 46 29 43 63 51 70 96 34 47 69 0 32
9 29 22 47 37 83 81 80 50 48 26 0 41
3 37 22 68 65 62 43 57 54 79 74 0 15
4 37 68 20 101 56 57 96 21 65 55 0 19
10 22 88 22 54 45 74 100 52 28 71 0 48
10 59 38 58 58 70 32 99 90 75 63 0 48
7 80 24 20 53 33 79 51 57 96 30 0 31
4 92 67 43 25 46 37 51 95 31 74 0 18
9 34 80 33 82 21 61 90 32 24 67 0 42
5 29 81 53 73 64 46 21 52 21 74 0 23
8 49 87 63 90 43 82 74 80 89 53 0 39
2 57 49 57 36 75 77 64 98 23 27 0 10
8 79 63 33 53 30 28 44 73 74 97 0 40
9 38 21 23 52 76 27 23 97 71 50 0 43
9 23 53 70 74 98 76 42 84 56 67 0 42
4 32 82 38 59 94 44 24 91 37 37 0 17
7 54 36 76 80 33 47 46 58 47 62 0 33
5 45 80 26 85 100 38 68 86 42 49 0 23
5 37 78 46 85 81 40 46 38 66 46 0 22
8 63 95 45 49 75 72 23 89 59 84 0 40
3 68 43 101 67 52 47 57 67 79 36 0 11
8 92 40 27 81 22 83 60 50 51 47 0 36
4 51 68 55 89 79 22 54 38 75 92 0 16
7 38 56 94 70 96 94 68 99 43 47 0 34
5 62 80 38 55 46 98 89 20 78 69 0 22
4 54 36 84 90 78 43 48 48 79 29 0 19
4 47 48 79 24 42 66 58 20 81 72 0 16
8 66 95 101 91 89 44 39 61 82 92 0 39
6 35 64 93 98 23 53 72 51 91 89 0 29
3 38 28 50 72 85 57 96 22 27 28 0 12
6 87 56 47 31 26 84 35 67 40 52 0 28
3 58 28 48 34 37 50 58 35 29 91 0 13
7 40 72 85 50 31 73 52 34 96 96 0 34
3 88 74 76 97 43 25 32 94 24 56 0 15
8 46 34 53 31 64 79 40 30 98 47 0 40
8 78 84 31 21 89 92 69 67 71 30 0 39
4 64 70 75 87 27 25 39 67 45 44 0 18
6 25 37 54 81 83 94 54 37 89 23 0 28
5 90 39 51 55 62 90 98 89 77 55 0 24
7 20 96 42 69 24 50 48 71 85 90 0 32
4 65 56 50 75 43 43 37 52 53 28 0 20
3 88 67 82 85 66 72 39 70 44 48 0 15
6 56 71 39 90 45 86 69 63 61 87 0 28
5 78 34 69 55 20 32 86 54 56 64 0 23
7 32 32 97 72 29 41 32 78 55 57 0 33
3 50 55 66 87 91 70 42 75 41 52 0 13
5 33 27 81 28 94 35 99 41 50 20 0 22
9 88 89 21 77 63 72 93 26 53 55 0 44
2 20 21 43 24 96 86 53 60 34 85 0 10
5 88 20 65 79 43 99 73 85 81 52 0 23
8 65 60 40 65 81 94 61 52 39 55 0 39
5 67 81 97 97 57 56 99 27 22 67 0 21
4 40 23 21 82 81 34 86 35 34 70 0 18
6 99 39 65 60 23 20 71 51 68 53 0 26
4 21 45 90 42 80 76 84 94 38 76 0 20
8 41 90 64 92 80 31 26 45 21 97 0 38
5 40 76 24 51 69 26 60 92 56 84 0 23
6 78 53 65 31 78 44 41 81 49 35 0 30
6 34 39 20 34 36 34 54 44 55 80 0 26
8 46 93 92 50 56 100 72 24 49 46 0 40
10 67 30 37 75 22 82 65 99 39 69 0 46
6 38 64 33 57 99 82 62 82 70 82 0 26
5 54 99 26 100 81 37 87 58 98 42 0 24
9 97 73 75 44 68 64 39 34 28 75 0 41
10 65 76 37 89 37 77 72 32 54 88 0 48
5 95 38 57 67 73 83 38 79 38 36 0 21
3 69 40 79 56 72 53 98 85 97 61 0 14
10 93 88 87 30 51 88 75 98 53 27 0 47
4 99 75 52 81 70 74 77 91 81 88 0 18
7 86 71 90 25 66 86 68 50 67 50 0 35
9 64 53 83 64 24 25 99 22 42 76 0 44
7 64 41 26 82 23 53 35 48 83 56 0 31
10 57 34 39 92 68 47 75 82 23 36 0 49
9 31 46 86 63 78 82 85 91 36 99 0 42
8 29 21 64 31 86 88 41 90 100 95 0 38
8 41 40 67 21 51 30 48 85 95 69 0 36
10 47 38 73 35 90 38 51 23 57 30 0 46
3 35 81 92 25 33 61 100 80 95 35 0 14
8 37 58 58 82 63 94 64 63 80 87 0 36
9 56 36 30 47 37 32 46 98 86 44 0 44
9 36 84 91 86 89 30 84 86 80 58 0 43
8 94 97 82 97 31 76 90 95 83 47 0 37
3 62 83 24 100 72 41 82 91 22 51 0 12
7 43 39 90 27 53 43 21 63 37 25 0 35
10 87 55 99 35 40 86 22 84 85 46 0 48
4 101 43 46 81 28 35 48 78 71 84 0 16
9 62 24 49 43 95 50 31 50 94 33 0 42
4 73 87 29 48 23 24 44 92 68 64 0 19
2 83 81 99 22 50 89 76 42 89 43 0 10
9 68 93 86 76 22 82 85 70 49 54 0 45
4 75 51 98 98 49 41 53 98 61 85 0 16
9 25 64 76 80 43 23 50 53 42 70 0 45
6 31 51 72 52 78 75 96 27 23 87 0 26
4 95 74 40 50 87 63 22 59 25 92 0 18
10 27 78 101 100 46 54 30 37 74 42 0 48
5 60 36 84 26 99 28 71 51 32 70 0 24
5 91 20 93 25 45 38 46 33 34 97 0 24
3 23 97 23 53 97 101 100 32 95 20 0 13
5 25 94 91 89 58 39 95 65 52 98 0 23
7 77 88 81 37 55 75 77 45 54 32 0 31
8 78 77 39 62 64 36 54 58 90 41 0 37
10 79 28 68 66 41 83 49 51 55 58 0 47
3 101 48 82 63 68 87 98 100 95 28 0 13
5 67 95 101 84 80 89 53 53 28 21 0 21
6 93 93 37 90 54 79 32 41 67 80 0 29
3 71 51 81 89 62 45 93 97 51 52 0 11
3 62 78 43 61 98 93 57 60 50 89 0 11
6 62 61 43 23 94 42 22 79 62 83 0 29
9 38 83 37 100 56 77 29 77 62 94 0 44
7 90 88 69 31 69 45 96 29 34 99 0 31
8 96 25 75 72 76 42 68 84 65 65 0 37
9 35 68 75 62 88 81 78 73 30 35 0 45
6 97 46 90 23 25 96 52 96 62 73 0 27
3 29 96 42 82 22 67 49 72 32 83 0 14
7 20 68 55 89 79 83 68 65 56 44 0 32
4 26 45 42 86 78 38 31 68 82 32 0 19
3 94 37 67 49 88 69 40 57 40 34 0 15
4 90 43 68 47 78 32 26 72 78 57 0 18
3 55 31 99 96 97 42 64 68 73 77 0 12
8 59 70 61 93 73 82 36 90 74 89 0 37
9 49 22 100 90 58 48 71 48 25 99 0 41
7 93 59 94 84 91 30 62 31 41 81 0 35
10 61 93 74 91 77 39 49 64 38 60 0 49
8 83 64 74 46 84 25 24 31 27 83 0 39
9 37 47 60 95 67 42 96 34 28 76 0 44
9 70 24 22 99 48 40 44 71 101 89 0 42
6 37 38 89 44 56 54 36 26 97 81 0 27
8 33 61 26 36 26 81 47 43 45 80 0 36
8 44 33 24 65 43 60 74 31 22 43 0 37
4 57 49 39 29 39 55 26 53 42 41 0 20
8 59 59 57 84 96 66 86 95 86 97 0 38
10 33 44 98 91 92 44 41 91 45 72 0 46
8 97 23 95 97 27 61 49 64 84 25 0 37
10 27 85 101 90 51 37 25 73 34 94 0 49
8 97 44 37 59 48 39 72 36 33 33 0 37
10 29 50 38 58 66 26 76 20 66 100 0 48
10 42 86 60 23 56 43 54 32 43 91 0 50
8 77 66 87 64 86 33 22 36 91 99 0 39
6 43 85 96 95 42 37 21 64 39 57 0 27
8 86 76 89 98 73 85 20 88 22 92 0 39
4 31 22 76 25 89 34 36 93 96 66 0 17
7 96 63 97 22 45 57 30 33 68 68 0 31
4 55 82 71 85 100 68 85 61 93 20 0 18
10 72 70 53 101 61 95 77 53 47 93 0 49
6 32 67 63 88 22 63 38 98 49 57 0 26
10 63 78 28 44 48 62 43 87 92 66 0 49
4 31 26 35 94 95 89 42 77 76 96 0 17
5 76 88 58 23 37 25 55 54 100 66 0 22
4 51 77 62 90 49 48 83 96 57 21 0 16
7 26 51 66 40 24 52 28 46 88 100 0 31
5 100 26 34 41 71 89 39 64 56 97 0 22
7 51 53 69 22 87 22 58 48 22 57 0 35
6 86 36 52 79 35 73 90 65 85 89 0 26
9 47 60 87 40 51 57 43 40 64 50 0 44
4 80 77 91 89 54 94 38 87 91 94 0 18
3 79 82 56 93 56 55 51 72 20 46 0 13
7 37 60 74 83 98 42 74 61 54 53 0 33
2 95 44 98 98 61 25 43 79 46 44 0 10
3 84 40 73 27 37 47 33 33 75 38 0 13
3 45 62 33 37 62 52 28 55 67 53 0 13
8 47 55 93 52 34 101 56 93 39 81 0 36
6 87 77 97 95 79 65 56 33 41 75 0 27
9 94 78 41 29 42 61 50 21 36 53 0 45
6 22 22 31 43 43 52 60 97 32 100 0 29
5 52 36 24 34 66 53 89 83 75 71 0 22
6 65 72 53 87 82 70 46 37 97 99 0 28
9 64 48 49 46 22 32 86 79 60 75 0 43
5 45 65 28 23 49 74 26 86 54 93 0 22
9 86 85 86 100 32 41 84 92 69 54 0 45
6 59 55 54 27 91 26 40 71 72 49 0 30
4 84 89 59 62 52 31 33 46 33 94 0 20
9 65 93 24 85 38 48 86 77 69 80 0 41
9 89 82 31 49 40 43 59 30 65 40 0 41
10 72 75 91 86 22 44 52 81 34 58 0 47
9 27 79 41 38 35 67 77 87 66 90 0 42
6 86 96 99 66 43 71 52 72 62 52 0 27
6 61 40 52 88 87 69 26 94 31 37 0 29
5 81 36 37 65 71 55 67 27 90 60 0 21
5 76 86 31 81 49 40 56 47 78 37 0 21
4 77 65 92 35 100 53 95 81 28 57 0 17
9 73 69 21 63 100 64 22 41 30 48 0 41
6 83 59 56 25 37 87 39 97 91 94 0 29
9 60 73 93 72 49 57 87 27 89 88 0 45
8 91 66 75 90 48 21 82 27 38 98 0 39
5 28 99 68 93 38 40 59 68 27 21 0 23
5 55 98 95 21 20 22 58 29 93 90 0 25
9 94 43 61 56 80 20 43 73 30 68 0 45
5 21 68 47 51 69 45 71 42 23 32 0 21
7 64 79 51 77 33 84 69 55 85 24 0 33
9 39 30 58 34 56 33 76 96 100 91 0 42
7 29 35 60 35 49 82 33 95 51 49 0 31
8 57 51 89 85 30 86 21 72 36 44 0 39
9 90 67 85 32 31 83 78 48 90 36 0 41
5 50 30 85 46 85 88 90 23 33 92 0 25
6 75 90 24 24 91 86 59 42 22 35 0 28
8 100 35 71 79 75 69 38 28 25 94 0 36
5 52 42 37 74 42 26 68 64 67 71 0 24
6 101 75 81 57 87 29 77 32 91 49 0 29
6 75 51 73 61 38 77 92 61 35 76 0 26
2 65 90 98 41 25 31 81 29 27 67 0 10
4 55 79 82 45 54 92 74 76 52 32 0 20
3 80 100 89 36 49 90 90 68 81 48 0 15
8 46 45 41 74 38 60 31 48 68 35 0 36
10 20 88 47 63 35 40 33 53 74 50 0 49
3 23 61 77 68 47 89 49 21 38 34 0 11
9 33 72 27 42 91 94 85 36 30 68 0 44
7 100 77 32 76 65 22 75 99 69 23 0 34
6 96 73 92 33 86 71 32 54 95 55 0 29
8 28 64 47 24 47 70 45 81 49 26 0 37
5 77 33 58 46 59 64 83 41 76 58 0 24
4 75 75 43 76 78 26 51 22 71 72 0 20
9 61 21 97 21 85 45 43 75 62 33 0 41
8 85 75 90 74 72 95 89 95 61 59 0 40
6 54 101 100 57 49 56 34 54 94 63 0 28
4 50 59 51 94 87 59 58 62 34 36 0 18
6 44 62 52 84 24 70 82 46 87 50 0 28
7 58 92 36 65 56 87 81 70 90 36 0 31
5 30 63 64 54 27 77 47 65 62 100 0 21
5 68 27 45 47 36 36 67 53 36 33 0 25
5 37 98 93 93 54 78 99 30 33 58 0 21
2 79 52 44 62 66 74 40 70 79 86 0 10
7 90 49 52 54 66 35 77 24 84 95 0 31
2 64 93 54 60 64 93 67 94 37 86 0 10
8 98 51 85 33 68 57 34 27 97 38 0 38
2 82 76 41 41 72 62 70 40 56 85 0 10
6 65 57 61 97 41 31 101 63 41 32 0 26
7 65 45 70 98 67 29 31 69 32 91 0 34
10 21 88 41 96 31 27 35 59 26 42 0 48
9 25 97 93 46 28 93 81 62 28 45 0 45
6 97 78 59 53 60 88 24 37 61 64 0 28
9 95 24 51 71 93 28 60 58 89 34 0 43
6 38 94 83 53 52 30 83 89 80 55 0 27
7 99 37 90 70 81 27 97 52 69 100 0 34
6 75 39 75 58 56 77 26 54 64 37 0 27
5 24 34 36 85 70 72 38 56 64 68 0 22
10 56 67 89 30 24 96 64 24 26 76 0 46
9 33 99 61 38 44 87 64 64 39 51 0 41
7 48 54 89 29 83 57 96 81 24 74 0 34
4 78 66 58 85 88 33 24 101 94 56 0 19
5 97 37 46 52 23 55 45 73 48 45 0 21
4 24 83 28 88 23 86 90 89 42 45 0 20
3 77 50 48 86 43 80 34 89 89 52 0 12
7 39 67 28 45 48 25 43 72 23 99 0 35
6 62 34 78 36 94 62 58 27 67 28 0 30
6 55 80 71 60 67 31 42 68 38 22 0 29
5 91 25 43 90 86 69 31 78 39 55 0 25
8 66 69 66 71 71 99 21 68 86 24 0 39
10 36 31 75 35 61 68 65 42 46 97 0 49
9 49 33 100 36 89 29 28 52 44 76 0 45
9 37 45 58 26 32 41 80 27 46 59 0 41
6 86 90 42 86 78 34 55 60 69 55 0 27
9 30 57 83 66 54 36 53 38 85 56 0 44
7 70 86 22 88 51 85 59 65 61 57 0 34
5 81 89 40 26 34 42 41 95 45 74 0 25
10 64 76 63 31 97 40 30 75 40 93 0 49
9 54 59 40 46 72 53 36 56 25 93 0 42
6 41 26 59 59 53 89 29 86 21 56 0 29
5 74 97 52 33 93 99 96 33 36 29 0 24
6 74 88 73 80 45 89 66 41 61 55 0 30
10 73 73 33 77 43 59 33 66 31 77 0 50
6 92 56 87 72 43 60 93 73 67 30 0 30
5 36 89 30 54 66 22 66 73 37 71 0 23
4 68 36 59 77 34 78 81 30 30 72 0 18
10 24 21 53 60 23 27 101 88 79 84 0 46
7 36 31 76 49 72 64 24 60 21 97 0 31
3 69 22 75 29 42 37 53 47 74 54 0 13
6 82 71 90 21 40 73 99 44 89 48 0 29
8 36 98 100 54 71 49 29 29 45 100 0 37
9 55 20 79 95 23 25 91 90 35 29 0 45
10 63 41 95 36 45 68 21 34 41 42 0 47
5 67 64 74 99 93 97 45 95 51 97 0 23
4 72 45 77 82 28 65 33 26 97 22 0 20
9 80 25 87 59 71 98 66 29 88 34 0 44
8 46 51 60 101 31 63 82 27 70 38 0 40
9 30 27 43 82 30 29 59 58 82 61 0 45
9 66 71 73 41 55 42 86 101 25 98 0 44
6 67 94 100 89 68 54 48 100 100 28 0 27
7 66 30 25 63 46 85 62 95 43 32 0 32
10 91 34 74 64 89 61 84 36 74 29 0 50
6 78 22 36 86 26 62 42 49 22 94 0 27
7 31 91 99 64 60 43 93 90 84 92 0 33
10 89 67 93 94 39 59 26 56 93 34 0 46
10 38 92 47 98 63 93 89 42 47 24 0 48
8 36 47 89 34 27 100 55 97 21 69 0 40
8 72 63 36 97 61 37 29 80 36 37 0 40
7 78 45 84 48 35 96 21 64 90 22 0 34
10 74 91 79 62 93 45 31 25 50 74 0 47
8 78 79 53 60 45 74 35 60 90 87 0 39
5 91 56 89 43 45 36 95 90 40 48 0 23
8 81 69 43 49 86 48 74 43 85 82 0 37
6 58 53 79 45 44 97 96 59 58 61 0 29
7 30 23 86 73 91 54 96 60 29 57 0 31
4 99 38 33 78 39 36 33 61 90 95 0 17
8 69 67 25 26 40 43 41 37 58 54 0 37
5 33 72 84 79 54 63 101 24 84 31 0 25
5 85 27 85 48 58 69 48 54 41 30 0 25
10 48 90 56 32 62 69 39 43 44 69 0 46
4 75 25 66 87 29 73 35 79 45 88 0 20
9 80 23 35 24 50 93 57 56 61 49 0 44
8 23 95 67 58 26 49 74 85 33 50 0 39
3 39 63 36 25 97 88 73 46 101 25 0 15
2 73 97 77 28 93 31 47 94 54 81 0 10
7 48 21 37 87 63 26 35 41 29 43 0 31
9 56 66 51 46 34 61 72 79 41 57 0 42
3 77 33 88 52 35 41 56 22 53 23 0 15
4 58 51 70 99 95 80 54 68 89 77 0 18
7 26 71 37 61 42 51 86 28 85 58 0 34
10 79 60 89 99 101 29 87 90 58 50 0 47
6 91 71 61 37 93 64 26 94 69 84 0 28
10 59 50 24 78 29 81 45 30 56 45 0 50
5 39 86 100 85 81 63 89 69 29 88 0 22
9 40 76 57 57 74 29 37 57 65 37 0 44
7 83 68 60 101 50 24 87 46 93 58 0 33
10 91 96 100 51 54 37 74 100 52 84 0 48
5 23 82 50 43 39 85 66 21 27 92 0 24
4 52 75 79 53 44 86 37 86 73 54 0 17
2 63 86 60 34 76 97 98 96 35 48 0 10
4 87 76 50 38 30 41 86 37 77 82 0 17
5 56 72 59 39 55 69 37 65 68 99 0 21
5 61 71 68 30 68 28 83 26 72 30 0 22
6 22 57 78 61 65 27 90 77 56 64 0 30
5 36 63 24 35 99 25 46 26 33 32 0 22
10 43 94 65 61 75 42 47 46 23 31 0 49
6 85 32 50 55 75 68 25 57 56 33 0 27
5 96 39 26 41 60 49 82 54 98 29 0 23
9 75 29 88 37 46 81 26 68 58 50 0 41
9 59 40 83 53 82 29 78 40 65 27 0 42
5 21 80 71 33 22 91 41 25 56 36 0 22
9 82 33 61 58 34 50 54 46 92 90 0 45
4 61 67 41 69 94 25 80 33 59 88 0 18
6 57 94 82 89 60 37 95 92 43 97 0 27
3 95 88 49 75 48 43 96 85 90 73 0 15
6 63 31 27 70 26 37 76 99 26 99 0 27
5 59 73 22 56 54 55 44 86 75 28 0 23
9 57 50 59 36 48 37 87 21 87 92 0 44
8 31 71 24 22 50 72 52 53 32 63 0 40
5 70 31 77 32 53 35 87 61 85 25 0 21
3 90 58 91 83 36 88 65 65 42 53 0 14
5 42 70 77 42 35 93 60 82 27 68 0 25
9 94 70 101 55 82 42 24 89 29 61 0 45
3 51 75 58 47 69 49 82 78 42 66 0 11
6 95 67 79 49 54 88 98 23 90 55 0 28
4 94 30 41 33 87 72 40 69 79 45 0 18
5 92 55 40 73 33 40 21 100 37 30 0 21
10 99 62 44 52 86 22 40 33 85 80 0 46
8 58 77 78 60 91 81 32 42 75 48 0 38
3 97 21 81 56 21 32 38 98 72 35 0 14
8 29 29 46 61 85 41 64 88 70 34 0 36
8 71 56 64 33 35 96 88 27 99 33 0 39
5 40 61 91 44 44 86 70 39 95 35 0 24
6 31 71 23 63 86 92 25 61 98 53 0 30
3 78 55 51 31 74 59 21 71 73 25 0 15
7 30 31 58 35 55 64 91 67 56 54 0 31
3 31 86 38 21 21 80 51 74 21 43 0 15
10 44 89 42 99 50 55 99 49 98 64 0 47
3 67 54 29 88 61 31 36 40 28 44 0 12
7 40 84 32 84 77 91 25 36 59 27 0 35
6 88 27 51 41 30 67 22 40 74 35 0 27
4 34 54 26 99 42 60 21 100 83 43 0 18
7 47 79 27 33 57 72 30 28 78 60 0 34
4 53 25 43 91 35 91 66 63 70 60 0 19
8 32 47 23 97 75 44 75 71 65 80 0 36
9 22 83 62 29 79 80 69 100 21 52 0 45
5 47 94 35 21 71 28 46 97 50 89 0 21
9 100 61 83 31 30 21 78 42 26 40 0 43
3 100 90 96 33 94 85 36 92 93 48 0 14
9 24 79 42 83 88 73 31 99 35 92 0 44
7 29 39 72 87 92 79 59 47 97 101 0 33
10 97 56 46 101 36 59 97 66 59 98 0 48
6 30 70 80 74 50 99 73 40 41 40 0 30
4 37 57 98 69 35 59 100 78 35 40 0 16
10 44 48 59 91 40 36 80 82 40 75 0 47
9 23 36 38 36 33 23 51 87 40 48 0 41
4 89 28 37 47 35 43 90 99 43 60 0 19
6 61 81 79 24 96 47 45 93 95 56 0 28
4 48 87 33 62 68 23 39 96 44 27 0 20
6 39 52 99 64 69 29 86 97 25 99 0 26
3 33 79 93 57 67 72 26 60 40 40 0 13
5 28 88 23 88 39 30 51 45 27 38 0 21
3 69 36 91 59 85 83 45 69 67 89 0 15
3 61 92 66 47 78 75 57 44 90 38 0 13
3 41 29 78 23 93 83 51 90 43 41 0 14
5 63 63 99 84 85 67 46 78 81 20 0 21
8 43 30 73 44 99 49 88 51 100 74 0 40
10 25 92 101 50 93 78 21 97 25 63 0 48
9 41 59 45 25 58 79 32 54 36 77 0 44
4 99 44 20 80 64 44 79 69 87 66 0 16
3 73 91 37 100 28 21 49 91 55 74 0 13
4 47 46 30 90 82 83 52 97 30 50 0 20
8 40 64 91 40 97 49 76 82 32 25 0 37
3 53 81 39 75 38 97 98 46 24 33 0 13
5 67 101 85 23 68 47 92 22 34 57 0 21
5 61 32 92 86 58 62 50 98 40 68 0 22
4 39 89 30 71 53 33 45 83 94 76 0 16
8 23 87 39 51 55 60 55 89 37 71 0 37
4 76 34 24 93 34 34 66 21 26 87 0 17
7 47 38 26 48 23 91 27 92 48 82 0 31
10 82 44 75 55 27 89 23 82 77 41 0 50
8 87 24 55 28 95 38 43 41 47 61 0 37
8 57 85 75 30 74 94 51 83 93 80 0 36
7 74 79 71 53 82 72 41 33 51 42 0 33
3 93 43 74 62 70 99 48 43 68 51 0 15
6 60 44 51 32 28 60 71 36 69 51 0 26
5 76 46 79 71 38 59 73 66 38 50 0 24
7 21 36 100 56 95 48 93 48 99 41 0 31
5 56 33 62 37 87 94 41 81 86 33 0 23
7 62 85 95 57 87 100 100 57 78 70 0 35
7 51 34 92 23 35 96 61 58 99 91 0 31
4 22 70 20 67 54 93 37 33 67 51 0 18
4 86 91 57 83 48 45 25 31 50 94 0 17
5 30 26 52 33 52 48 22 59 53 98 0 21
9 57 68 29 43 20 77 31 56 40 51 0 41
5 26 26 34 94 83 50 37 22 60 94 0 21
8 96 92 60 44 26 94 90 41 65 41 0 38
7 21 39 45 53 99 40 26 98 27 71 0 31
5 62 44 37 22 63 83 43 46 99 70 0 22
4 44 97 87 30 87 42 52 41 75 80 0 20
6 47 80 48 34 77 40 59 40 71 43 0 28
7 39 90 76 47 36 97 79 90 85 83 0 31
8 86 84 49 48 45 53 66 63 33 57 0 36
3 23 44 38 88 83 31 28 44 41 27 0 14
10 43 99 99 29 32 58 29 60 35 73 0 50
7 39 74 64 47 72 56 55 86 46 41 0 35
9 48 27 94 28 97 36 28 64 58 42 0 43
7 33 83 92 63 57 79 23 24 26 81 0 32
10 42 90 76 70 96 55 93 20 88 36 0 50
7 82 35 43 75 74 89 21 39 93 96 0 34
9 87 93 50 53 88 90 97 29 27 87 0 42
7 38 67 83 20 75 78 101 56 21 90 0 34
3 38 82 85 30 63 35 94 37 63 36 0 14
6 92 21 65 96 61 33 72 31 55 27 0 29
4 42 43 65 80 86 80 25 34 88 58 0 20
3 25 91 23 60 99 61 23 60 77 97 0 12
2 80 74 39 63 33 93 53 43 70 35 0 10
5 23 85 87 64 100 61 81 73 97 40 0 23
4 53 55 43 94 22 96 101 83 38 76 0 18
6 90 61 51 83 53 88 32 24 34 68 0 30
10 86 94 22 31 29 30 88 41 42 78 0 46
3 27 98 88 76 81 62 41 78 99 32 0 13
10 81 38 46 62 97 66 81 93 94 64 0 49
7 100 43 87 37 65 22 41 37 49 62 0 34
10 35 75 90 43 85 31 39 33 78 45 0 46
10 99 75 87 38 100 100 42 29 22 21 0 46
9 24 30 93 35 25 68 49 54 82 34 0 42
7 55 22 49 33 35 85 95 70 67 101 0 32
2 69 48 55 30 94 71 89 74 100 28 0 10
6 88 91 62 28 89 56 21 35 88 49 0 28
9 34 38 77 52 85 32 81 64 37 65 0 45
10 54 67 89 29 25 64 58 25 64 80 0 50
3 50 83 100 100 69 37 35 30 25 60 0 11
5 27 69 89 29 93 72 93 89 33 83 0 21
4 43 72 59 57 62 41 23 54 68 50 0 16
6 22 90 69 60 71 53 23 28 44 72 0 30
6 50 76 46 32 84 86 53 48 48 43 0 29
9 80 59 84 34 71 82 23 40 77 26 0 43
7 57 82 92 73 20 32 72 92 85 27 0 32
8 32 65 73 53 80 35 96 96 101 40 0 38
9 62 52 90 65 35 48 52 30 32 25 0 42
6 89 47 51 48 56 94 98 52 27 34 0 26
4 88 85 53 53 76 51 50 84 82 49 0 16
4 83 73 71 80 100 61 97 65 73 49 0 16
8 98 98 48 55 24 57 72 54 55 82 0 36
5 55 52 55 31 70 92 90 28 84 62 0 25
5 59 73 89 69 77 53 46 75 48 100 0 22
7 56 61 83 36 26 73 100 39 35 94 0 35
5 26 101 86 88 98 87 51 45 69 68 0 24
6 32 71 68 46 88 100 61 22 75 34 0 27
3 89 49 43 46 97 21 59 39 39 46 0 11
10 33 97 36 86 84 57 46 40 85 25 0 49
3 89 35 45 49 67 36 41 28 43 48 0 15
8 100 65 53 24 63 69 22 61 25 35 0 38
3 73 87 90 58 48 63 79 93 44 44 0 14
3 67 86 53 32 98 96 59 44 78 55 0 15
7 62 37 82 62 37 90 77 54 35 96 0 31
2 51 28 83 67 57 41 89 65 61 26 0 10
6 71 49 56 87 71 36 88 63 76 91 0 26
4 37 21 81 51 56 53 23 78 82 67 0 16
6 36 93 47 57 27 45 77 66 24 22 0 30
3 24 55 68 38 90 48 61 56 57 34 0 11
10 50 46 26 57 57 71 81 89 21 41 0 50
8 33 71 84 25 79 33 50 76 97 58 0 39
6 30 74 65 65 54 96 89 62 70 40 0 26
9 34 51 36 94 71 28 65 26 88 54 0 41
3 37 59 62 25 44 26 87 38 57 56 0 15
7 71 75 30 92 58 51 51 84 68 37 0 31
9 100 72 35 86 101 96 51 49 31 48 0 42
4 76 99 53 87 59 34 54 38 88 40 0 20
5 69 63 51 42 69 34 91 95 60 66 0 21
3 30 38 85 60 72 31 95 58 30 60 0 15
7 54 37 22 70 79 86 82 91 46 85 0 33
7 92 56 26 69 33 60 23 55 91 43 0 32
5 88 36 57 22 81 82 82 99 30 59 0 25
8 71 85 39 26 69 75 53 25 32 42 0 36
3 23 57 32 62 61 87 27 81 56 30 0 15
7 22 68 93 54 25 60 51 95 37 87 0 33
6 99 76 53 51 94 69 50 48 49 39 0 26
6 69 50 78 49 66 99 30 80 35 95 0 28
7 57 74 43 101 86 84 96 32 33 77 0 35
7 101 35 51 78 88 95 88 90 60 75 0 34
6 28 82 53 84 48 74 20 29 32 58 0 26
6 71 29 69 27 42 23 100 41 54 59 0 27
9 92 47 45 94 30 84 24 74 31 63 0 44
5 89 52 26 92 49 80 50 58 24 84 0 23
9 45 34 23 67 25 53 87 71 84 62 0 45
9 42 80 74 26 23 44 45 53 66 28 0 41
3 62 39 87 44 30 93 50 51 79 72 0 14
9 55 67 93 30 78 95 49 37 29 99 0 42
4 79 25 70 62 41 77 39 31 21 43 0 19
3 26 87 37 75 31 61 48 56 87 30 0 11
8 23 40 49 95 75 87 75 29 49 98 0 40
5 35 32 53 92 91 82 34 55 78 92 0 21
3 86 100 90 32 68 99 81 71 59 85 0 13
7 21 46 74 50 81 58 80 72 97 21 0 32
7 49 25 83 81 86 65 38 85 99 67 0 33
5 78 81 87 36 50 21 69 100 63 60 0 21
5 45 32 93 32 37 78 64 98 61 46 0 21
7 35 63 69 70 84 56 36 24 67 62 0 31
7 98 31 41 65 55 59 73 50 49 69 0 33
4 24 80 33 47 43 39 97 90 36 35 0 19
9 89 41 29 53 77 87 64 101 66 26 0 42
9 26 28 78 95 33 48 74 31 51 95 0 43
3 80 64 100 35 31 25 60 22 59 70 0 15
5 72 70 20 87 31 31 97 82 36 63 0 21
6 40 66 41 72 90 43 23 92 24 29 0 27
7 81 56 74 77 25 52 75 70 99 38 0 33
4 24 47 54 73 83 34 47 48 58 87 0 18
10 101 44 36 21 87 85 23 43 49 67 0 50
9 32 67 48 69 50 43 57 60 87 47 0 44
9 43 53 87 86 68 64 26 48 23 70 0 44
9 76 31 73 46 34 74 57 82 31 62 0 45
9 60 94 96 34 58 78 21 91 63 77 0 43
6 83 96 87 66 38 82 23 48 61 60 0 28
4 24 72 49 95 78 51 36 89 66 79 0 18
8 44 95 65 69 72 35 55 97 40 27 0 40
8 73 69 77 91 48 48 51 80 82 44 0 40
3 53 23 33 21 41 20 77 90 58 59 0 13
3 45 26 66 93 43 24 48 79 70 91 0 11
5 28 26 94 61 89 25 82 59 24 82 0 21
6 86 88 46 21 45 36 51 60 44 93 0 29
7 83 30 50 98 63 63 28 96 88 23 0 31
5 43 30 52 100 78 51 86 50 86 20 0 22
4 40 21 92 28 73 27 92 71 80 59 0 16
9 72 94 72 32 75 87 73 89 34 67 0 45
10 43 97 21 42 49 80 98 57 92 84 0 50
10 22 63 74 72 37 98 60 29 99 22 0 50
5 39 23 31 34 61 82 99 63 24 84 0 21
8 23 37 32 76 25 57 80 56 100 22 0 39
7 27 27 89 24 24 63 43 76 28 75 0 34
4 21 42 32 94 88 76 54 27 94 45 0 17
3 37 26 71 74 80 71 61 56 65 62 0 12
3 98 66 40 92 83 33 97 60 26 97 0 14
10 33 66 41 57 93 25 36 41 43 37 0 50
4 76 21 26 23 81 76 65 27 74 52 0 16
3 71 57 93 55 84 43 43 98 92 51 0 12
5 79 86 31 59 26 43 31 45 73 56 0 23
4 27 26 66 78 71 93 69 91 20 69 0 19
4 56 62 89 54 89 79 66 66 89 80 0 16
3 23 32 41 63 86 39 38 98 58 59 0 11
3 38 43 92 36 89 26 27 32 25 87 0 11
5 91 61 95 61 61 86 23 85 37 49 0 24
10 64 35 72 35 92 38 55 70 76 81 0 47
10 87 31 65 26 68 55 40 35 68 60 0 50
6 60 37 72 39 62 47 33 33 75 40 0 27
5 46 22 38 91 66 34 32 26 77 68 0 24
9 99 86 88 92 31 81 91 38 75 40 0 44
4 51 74 74 23 71 24 21 31 31 68 0 19
2 75 95 42 84 50 83 49 50 36 81 0 10
3 64 42 93 23 52 51 51 53 86 63 0 14
10 41 73 37 57 20 40 100 55 33 97 0 50
5 66 75 57 69 89 61 41 91 69 85 0 25
8 83 77 33 34 49 87 36 34 69 54 0 39
6 32 83 36 51 25 56 64 56 101 83 0 29
10 57 43 46 97 100 21 78 63 29 100 0 48
8 79 62 24 38 44 60 75 78 96 49 0 39
4 91 57 79 33 57 36 71 65 99 46 0 19
4 87 65 84 83 43 27 24 79 63 40 0 18
6 72 23 67 95 22 73 82 21 80 21 0 28
3 80 75 39 22 45 66 32 42 70 76 0 12
10 38 64 62 35 71 62 99 81 67 43 0 48
8 95 31 57 38 39 74 100 29 76 21 0 38
6 95 87 67 54 93 59 74 99 66 78 0 27
3 79 73 36 44 55 100 73 71 74 58 0 13
9 60 26 26 91 70 95 79 45 48 68 0 45
4 85 96 46 72 50 25 72 68 77 80 0 16
5 50 30 88 98 46 68 30 99 100 42 0 22
6 31 78 29 41 67 47 42 73 76 45 0 28
7 78 49 90 94 69 48 55 23 43 82 0 31
7 25 52 97 22 84 41 92 57 94 71 0 35
8 62 97 79 57 65 81 94 93 61 58 0 37
8 94 29 83 42 92 87 72 20 57 30 0 37
9 60 53 35 81 79 69 40 87 59 48 0 44
3 47 54 29 25 89 31 91 45 28 43 0 14
7 82 88 37 47 96 76 31 47 94 94 0 33
10 84 47 30 35 52 34 21 31 78 94 0 46
5 36 51 96 83 98 93 46 44 101 58 0 24
10 57 47 97 97 29 80 57 57 67 99 0 46
7 20 46 34 23 63 32 24 66 97 52 0 34
9 42 51 27 89 28 75 51 24 92 73 0 41
5 62 76 60 25 21 77 60 92 82 82 0 24
3 68 84 75 40 43 91 99 39 85 79 0 15
3 46 99 21 41 39 97 54 64 78 27 0 15
8 60 40 81 47 71 82 91 84 53 30 0 37
4 100 70 93 34 60 33 44 93 70 81 0 17
10 48 86 51 68 61 45 89 85 24 28 0 49
10 84 56 46 60 33 80 35 31 81 70 0 47
7 31 59 99 26 87 63 86 65 76 76 0 35
5 68 79 24 24 54 50 69 49 90 69 0 22
4 82 34 51 59 59 38 61 47 48 52 0 20
3 29 61 53 76 38 23 30 75 92 64 0 11
10 94 43 31 76 33 83 65 86 51 97 0 47
5 89 74 38 29 81 81 73 28 57 99 0 22
5 73 47 94 69 72 98 93 50 49 86 0 21
3 34 99 37 58 22 57 97 98 25 100 0 13
8 51 94 56 60 29 56 75 61 77 77 0 39
3 91 61 37 52 67 79 63 57 60 80 0 11
5 48 75 89 66 54 91 69 53 62 26 0 25
8 56 78 22 49 90 39 87 43 25 92 0 38
8 64 29 36 25 63 57 39 21 24 87 0 36
10 25 50 83 91 87 77 91 91 101 47 0 49
2 84 39 37 21 64 64 38 64 45 53 0 10
7 54 41 33 75 92 59 63 53 83 52 0 35
3 42 62 33 90 68 28 95 90 67 43 0 14
180 209 249 160 202
133 171 209 240 279
136 146 211 236 260
112 172 214 236 264
105 180 207 231 278
129 151 206 234 298
118 169 197 233 292
134 162 211 253 262
118 155 218 253 267
132 179 219 222 290
100 179 212 239 295
139 158 188 242 267
102 179 206 237 269
137 140 185 238 287
103 141 199 225 272
109 146 180 228 265
117 176 214 255 294
109 162 213 228 266
122 159 201 221 281
111 147 199 237 297
131 140 190 236 270
127 141 207 243 290
117 164 199 242 292
108 146 186 224 273
123 147 208 232 278
124 151 210 221 280
111 145 180 259 280
119 160 195 252 271
123 175 190 253 267
110 146 194 252 264
110 167 192 260 288
100 153 217 242 300
102 149 199 259 263
136 177 197 229 270
135 158 201 247 296
114 180 199 228 279
140 178 180 258 261
136 158 180 240 273
130 154 195 251 285
131 162 190 244 271
110 143 186 254 276
117 163 185 243 294
120 169 215 230 287
119 168 218 241 266
106 153 207 250 272
108 157 187 254 273
108 164 200 245 272
120 164 185 231 288
125 150 184 233 271
105 163 214 220 261
110 174 207 230 272
130 153 184 223 264
125 168 219 257 261
110 140 196 231 275
119 152 206 256 271
122 163 200 241 287
100 153 210 243 266
102 178 201 227 264
116 173 192 247 293
133 155 187 228 299
110 147 211 254 271
112 164 181 226 300
121 154 218 260 279
119 160 184 249 280
123 158 194 224 280
119 175 187 254 295
118 171 190 245 286
139 174 183 231 264
120 178 180 228 267
110 160 193 247 295
107 176 204 245 289
117 164 214 230 291
102 154 208 234 289
101 158 202 246 272
118 158 218 251 283
102 145 217 236 284
136 163 219 246 288
133 172 197 231 284
139 152 186 228 288
131 146 189 248 276
101 166 218 252 296
140 161 213 239 286
103 160 218 243 300
113 144 201 241 273
121 154 189 249 295
121 177 220 229 261
112 180 197 235 265
136 145 218 252 260
100 174 205 260 280
117 158 201 233 290
109 180 180 230 273
108 167 184 235 268
135 166 193 246 300
130 155 220 236 286
106 178 190 255 295
102 168 189 253 264
112 154 194 258 276
136 141 190 230 291
116 176 180 240 270
108 147 205 220 264
102 154 208 242 293
114 147 205 239 277
109 171 209 237 266
105 170 197 253 268
134 171 198 252 267
133 159 201 251 275
115 161 217 223 282
123 140 210 247 297
131 146 203 251 288
138 174 216 253 282
127 147 190 236 294
140 175 218 247 266
109 178 214 232 280
125 144 211 253 283
116 143 183 221 295
129 147 201 220 282
130 160 190 253 268
123 175 208 254 291
114 144 199 221 261
116 164 200 242 275
133 143 182 242 291
128 178 183 241 296
116 166 217 229 262
100 143 183 225 295
106 155 184 257 288
130 174 199 225 262
105 168 214 258 264
112 167 215 250 276
133 154 197 251 263
115 143 203 238 271
136 142 190 257 280
134 142 192 251 279
136 179 211 221 273
115 179 185 233 291
109 173 187 256 264
139 171 183 240 300
105 148 187 221 268
127 177 211 240 300
127 175 201 242 276
121 155 219 260 272
106 170 181 251 261
120 151 213 242 300
123 145 199 227 270
125 171 204 230 292
125 149 205 238 269
109 143 182 240 293
118 158 201 234 274
134 178 200 243 267
103 172 211 229 281
102 150 194 221 264
102 157 203 249 279
136 172 207 256 271
106 175 206 250 299
110 171 203 227 300
130 163 180 254 274
131 155 205 253 268
122 179 219 226 290
111 170 181 253 277
134 148 204 240 282
112 148 218 229 261
109 152 204 247 265
139 163 188 248 281
139 167 199 252 278
110 173 203 252 269
104 171 189 227 274
124 146 203 242 285
125 144 200 227 280
114 140 212 249 300
110 158 207 257 286
121 176 199 259 283
101 162 201 231 267
121 167 201 231 284
133 144 202 254 264
122 153 217 236 262
136 180 219 223 297
124 176 184 254 287
133 157 220 246 297
110 146 211 254 287
117 153 182 245 293
138 180 203 254 289
100 148 197 243 271
121 155 211 238 275
106 175 194 223 262
124 173 198 227 293
105 175 180 222 288
140 159 213 231 275
135 172 210 220 294
121 144 184 240 271
126 140 182 245 274
137 148 196 233 272
139 151 203 248 270
114 140 194 233 273
102 165 182 240 299
107 148 204 237 296
117 175 187 260 299
135 160 190 223 275
116 176 220 254 268
126 141 201 244 279
108 178 212 223 278
124 156 214 227 264
103 144 186 227 293
114 156 198 254 280
110 170 216 257 295
103 163 218 233 267
105 180 191 240 300
126 151 214 258 285
131 180 207 233 267
127 179 187 243 270
115 157 214 226 292
119 147 220 241 274
121 174 213 231 283
133 164 205 241 290
137 177 196 249 296
102 155 212 244 265
124 157 194 239 290
103 160 199 240 269
130 146 203 234 289
124 168 197 255 290
132 164 181 244 285
127 150 215 227 279
123 153 205 233 290
125 141 219 239 293
109 145 190 252 294
132 145 209 236 287
125 157 195 247 270
129 157 189 249 293
123 176 192 257 282
140 142 214 233 262
119 146 219 224 281
128 172 204 257 267
107 154 181 244 267
114 149 201 255 294
134 172 219 251 285
102 160 199 232 289
111 166 207 246 273
122 140 215 254 276
113 142 200 259 300
115 146 215 248 295
103 141 189 249 283
133 164 202 247 261
138 166 203 251 282
127 167 180 235 297
119 165 214 244 267
112 151 198 241 300
117 150 197 232 281
134 177 203 258 260
137 141 201 233 299
130 142 211 251 282
101 167 218 226 267
117 158 214 253 275
135 162 202 245 285
102 178 218 225 298
112 177 215 249 288
123 168 198 246 296
122 177 192 252 273
136 177 207 229 277
106 151 202 229 268
113 148 211 224 274
107 172 194 245 283
129 168 185 250 279
112 177 199 250 268
101 170 193 244 280
117 176 186 231 300
117 173 219 232 289
115 163 218 226 261
136 146 186 226 265
119 142 212 221 272
101 150 218 247 261
123 171 212 236 272
112 159 200 248 293
119 156 183 228 281
122 163 196 227 298
135 180 197 222 290
134 179 193 232 276
118 160 203 253 279
103 163 196 248 276
115 154 190 228 277
101 142 180 220 299
102 167 217 220 295
129 177 211 224 275
116 151 189 236 263
122 178 214 251 273
105 180 187 243 289
138 148 196 256 278
116 143 210 222 260
123 172 207 229 288
124 148 220 252 284
112 152 189 250 263
134 178 191 256 285
124 175 218 258 265
132 168 193 241 283
135 177 182 220 297
135 163 205 241 288
130 178 196 238 270
114 177 201 256 293
110 144 192 254 297
112 145 209 242 284
114 145 193 250 265
128 156 192 225 300
130 166 181 254 283
111 178 216 225 290
125 169 188 225 264
121 176 184 248 273
127 177 215 260 289
116 175 193 245 277
128 177 215 222 261
121 143 216 230 293
108 180 192 239 279
102 144 209 257 287
136 142 190 232 291
104 157 181 256 295
111 177 220 246 283
100 167 214 254 269
129 146 214 223 277
130 141 183 258 272
133 171 219 221 269
105 157 202 251 280
117 146 181 236 277
128 160 182 238 280
117 179 186 255 272
119 176 185 250 283
102 180 212 244 279
139 148 199 236 294
111 143 206 248 299
104 149 206 222 268
123 169 183 258 281
105 150 188 231 261
129 179 215 255 300
123 175 200 237 291
135 149 185 232 299
140 163 181 234 284
108 148 205 259 295
135 160 208 237 278
106 142 206 239 275
114 141 185 259 286
110 173 203 221 280
119 178 212 253 295
103 149 202 255 291
114 143 218 258 270
139 177 195 244 281
136 145 200 238 261
131 141 208 228 265
122 144 192 243 266
129 146 208 246 261
132 171 195 258 289
120 157 208 259 292
129 157 200 253 300
100 158 185 253 290
107 175 216 244 267
130 148 192 220 264
112 153 193 223 260
109 150 183 243 284
124 176 199 220 297
103 178 182 225 281
125 164 208 250 298
133 177 205 259 299
122 168 212 220 297
109 180 208 247 269
123 166 193 250 292
124 169 183 258 263
129 175 204 250 296
129 165 200 233 270
130 177 193 245 297
134 177 191 247 291
140 165 188 223 292
121 154 208 253 277
133 172 191 237 282
115 141 186 241 280
106 141 214 258 261
117 178 205 247 271
139 168 193 239 263
111 177 219 227 280
135 142 207 246 283
120 163 208 243 266
110 179 205 226 265
111 162 219 235 266
111 166 206 252 266
124 175 189 232 267
117 157 214 234 279
108 146 216 257 266
136 148 193 246 285
117 144 203 222 298
136 167 181 249 275
111 174 187 230 292
114 152 187 260 282
121 160 192 243 274
132 144 189 249 280
126 174 203 257 261
110 140 206 222 299
114 180 189 235 268
138 141 220 231 300
130 176 189 228 264
130 171 205 239 260
115 161 201 250 296
117 149 210 259 275
122 147 194 222 267
139 145 215 235 294
137 151 210 220 296
100 177 190 233 296
132 143 182 244 291
121 163 198 252 272
100 148 205 256 267
117 173 205 225 282
121 145 186 257 265
128 152 219 258 299
112 168 216 247 276
120 158 220 226 265
137 166 205 255 290
139 177 196 252 293
118 172 195 226 291
102 144 191 245 274
117 158 219 243 293
121 179 219 259 261
125 177 196 257 297
129 167 199 235 281
118 147 219 220 299
128 153 205 257 277
129 155 185 248 275
112 149 209 260 270
122 154 200 258 268
101 148 186 238 274
106 171 214 225 292
116 162 207 249 270
102 176 194 233 268
133 179 186 237 280
132 176 196 222 290
126 160 219 259 290
128 171 189 240 290
120 141 190 244 272
125 148 209 252 284
101 158 212 234 285
103 154 191 239 284
102 151 181 225 267
105 169 184 237 279
121 177 182 249 291
134 169 197 253 297
126 142 212 242 290
117 149 185 243 300
130 178 199 236 292
123 176 206 245 270
106 158 220 223 263
138 168 198 255 277
115 180 213 250 262
100 141 213 225 298
134 174 181 257 269
135 161 217 258 296
133 180 208 231 273
129 172 187 253 280
112 170 205 223 277
121 160 200 227 261
105 174 201 229 296
138 147 205 220 294
114 171 195 227 286
130 166 185 247 283
135 156 180 259 292
140 170 193 222 286
121 171 205 234 289
107 164 207 242 267
128 178 181 233 266
130 173 218 251 262
120 176 199 260 274
111 154 185 254 279
116 144 195 251 299
125 142 208 244 288
107 160 210 257 273
120 175 189 234 295
121 141 212 254 266
125 140 186 224 291
139 154 189 234 265
117 149 200 241 277
136 168 212 258 295
126 165 202 252 274
109 158 216 220 271
129 162 197 224 292
129 157 198 237 287
136 160 219 229 273
130 147 198 228 265
132 156 207 240 270
106 172 215 234 295
112 144 186 254 281
105 170 214 247 277
121 174 203 227 288
117 165 220 231 282
118 149 210 229 273
132 156 191 222 287
140 149 208 222 278
130 168 216 256 260
136 150 185 253 262
122 165 193 237 297
129 169 210 250 296
112 170 201 224 293
104 148 220 241 294
112 179 185 246 265
103 149 199 233 283
132 158 205 249 270
125 152 195 246 262
132 146 208 247 296
107 163 181 227 276
115 162 195 233 274
139 177 219 224 298
124 174 195 247 265
109 151 196 230 300
116 162 200 257 298
122 156 220 221 276
115 141 189 247 269
125 170 215 258 292
103 158 215 257 279
133 150 218 233 278
132 154 218 223 279
105 167 220 225 275
140 167 197 244 275
104 167 197 236 283
110 163 184 234 295
112 144 180 245 267
114 169 206 259 262
117 173 216 226 275
111 172 213 225 288
118 146 210 238 299
101 151 217 243 284
113 179 184 241 288
102 155 193 253 284
135 154 198 235 297
115 160 216 236 274
139 179 182 233 268
107 150 217 252 287
123 179 205 251 287
117 175 195 225 294
123 174 183 256 295
127 159 218 257 263
103 160 208 237 292
138 145 191 252 294
140 152 218 244 299
137 157 206 224 269
131 179 217 231 271
109 155 205 222 292
138 149 197 223 295
102 141 217 231 288
133 178 195 247 300
134 178 209 220 291
125 151 197 250 272
112 141 217 255 277
111 146 210 247 298
122 153 183 222 285
116 179 218 245 290
100 151 206 224 296
123 170 202 228 288
101 179 203 246 263
121 155 205 255 267
136 165 220 232 275
100 180 190 257 289
126 179 180 248 261
103 156 190 247 279
121 162 180 245 295
133 149 184 239 266
122 173 207 225 267
127 167 204 223 283
128 168 202 238 296
106 163 197 245 300
116 150 211 223 277
130 164 204 260 261
129 162 180 258 298
134 161 218 244 268
118 150 215 258 293
107 152 219 253 281
137 175 217 223 298
129 155 211 234 277
125 162 208 221 272
133 168 199 229 300
113 167 215 241 267
118 176 217 251 295
140 171 214 248 281
125 179 184 247 261
100 167 185 240 300
129 160 212 239 268
122 179 207 222 267
111 148 205 223 285
109 156 217 221 273
100 171 193 257 266
117 165 213 253 282
118 179 219 257 286
139 171 194 238 263
127 174 220 221 293
134 165 196 252 300
110 157 218 248 266
108 142 207 240 278
132 163 202 232 284
124 152 180 237 289
108 154 195 233 299
114 173 198 241 294
100 179 215 246 291
107 175 217 236 295
118 146 199 248 279
114 163 210 239 275
131 150 185 222 276
134 178 215 235 287
116 154 211 227 272
115 160 198 255 272
125 159 209 236 287
107 140 205 242 267
117 156 215 243 278
127 152 195 258 277
134 174 202 236 293
130 170 193 229 276
137 160 197 249 274
105 165 203 222 263
104 148 213 241 290
121 156 219 234 296
131 171 190 251 294
105 171 200 226 297
122 176 185 249 276
134 170 202 248 298
130 179 182 237 292
129 146 202 240 272
113 149 198 252 263
138 175 211 236 289
118 147 211 243 267
124 149 191 253 275
101 180 217 253 282
115 146 211 241 266
140 151 200 258 289
133 166 193 255 270
135 140 211 226 290
136 152 185 243 281
110 149 201 255 293
127 141 215 236 277
102 167 217 234 288
106 144 207 249 289
130 141 181 245 295
137 176 193 221 260
122 160 180 231 283
133 154 191 253 271
139 175 213 253 273
130 153 209 223 280
140 179 196 254 265
119 149 216 233 264
104 158 204 260 299
129 165 195 236 271
121 180 199 242 282
121 175 206 237 261
135 141 193 223 264
100 165 186 222 279
101 153 188 232 266
139 158 215 260 275
140 178 200 235 290
127 156 181 255 296
124 179 215 227 271
135 148 188 236 291
116 175 195 235 277
128 159 184 250 264
103 162 204 221 271
122 155 193 244 264
120 167 216 223 264
123 140 180 222 263
123 169 205 233 278
103 178 196 234 261
103 153 198 231 280
117 141 188 248 290
130 149 210 257 277
125 176 180 226 289
123 146 210 224 281
108 167 193 257 277
140 143 199 237 292
125 155 198 247 281
132 162 197 245 287
104 165 217 225 293
117 152 194 253 273
122 146 190 235 298
102 165 196 229 270
119 175 211 227 267
110 160 201 256 278
124 167 215 251 261
140 152 210 260 295
116 148 181 247 271
140 167 191 243 268
113 161 204 256 294
138 155 199 258 293
133 169 196 255 266
100 145 205 240 265
100 146 183 227 291
117 153 197 228 271
116 168 198 233 267
108 145 186 247 291
117 167 217 242 273
102 146 197 254 296
106 160 211 258 272
138 172 188 225 291
127 159 208 242 275
118 160 208 246 292
101 145 186 258 277
137 143 191 255 298
111 157 213 243 297
100 155 188 256 264
125 170 216 225 300
139 150 207 235 292
139 176 195 259 282
134 167 210 259 285
132 160 208 221 265
108 173 214 239 271
121 150 188 238 292
136 180 203 233 265
131 169 193 248 279
131 171 201 236 263
138 179 217 228 268
128 148 181 242 269
108 150 203 253 290
125 173 183 259 286
100 149 209 256 294
125 151 214 252 293
140 151 214 235 296
103 163 198 242 290
106 168 187 223 268
128 159 183 226 297
102 168 191 231 298
109 175 218 237 290
106 162 199 229 262
129 155 202 240 265
102 153 182 240 299
135 147 190 251 288
104 158 189 260 274
113 158 191 250 288
132 168 184 251 285
105 168 217 233 283
101 159 184 252 291
109 159 196 253 265
108 178 189 229 282
139 180 212 254 280
110 150 196 236 279
107 145 215 225 293
123 152 205 222 277
139 160 208 237 289
107 156 191 258 279
140 174 197 246 285
124 163 194 249 277
122 168 197 257 274
136 152 186 238 291
104 171 215 224 264
129 150 220 259 283
132 174 218 259 282
127 173 193 254 287
110 151 216 254 293
119 162 218 239 296
112 171 185 243 296
140 163 192 251 261
113 140 199 236 272
131 141 215 260 275
117 154 192 226 274
104 172 209 250 296
119 157 202 228 272
105 148 206 232 261
117 169 204 248 292
125 168 204 236 297
120 155 219 225 260
122 156 209 236 263
129 163 194 241 285
118 151 220 236 291
115 161 206 260 274
127 172 181 255 293
118 177 183 241 278
103 143 212 250 293
136 160 211 222 300
121 146 183 236 277
124 175 191 245 285
125 161 181 238 270
109 156 185 233 271
115 159 194 234 289
102 151 197 254 268
132 142 218 241 270
140 156 191 227 270
108 142 202 237 288
139 165 185 255 283
109 176 208 247 266
102 146 187 230 284
106 164 191 242 277
137 165 213 257 280
135 156 210 240 299
107 154 193 239 279
111 156 208 234 270
105 161 203 259 289
121 167 187 254 298
133 163 201 232 299
132 143 209 232 276
113 144 181 222 266
140 180 185 236 279
124 175 184 250 273
135 167 217 223 268
132 146 196 226 274
127 159 188 220 265
127 178 218 257 298
137 175 204 243 300
106 146 186 243 289
113 172 182 227 298
109 145 205 239 278
139 170 208 250 274
117 161 213 253 286
120 178 181 251 269
139 144 203 229 261
113 171 197 256 263
136 163 190 260 260
140 140 183 244 265
100 169 191 232 292
107 154 210 232 300
121 153 202 233 279
105 150 214 255 279
139 141 201 237 260
103 163 198 255 270
113 175 206 227 297
102 142 199 253 290
130 171 196 238 260
114 158 184 246 268
135 159 218 260 300
101 165 194 225 294
112 171 211 258 282
119 156 216 241 264
127 156 192 258 289
129 146 210 250 281
128 155 208 259 270
124 142 195 235 267
102 153 219 231 291
130 152 189 243 267
129 165 188 254 286
107 175 180 228 290
106 145 185 231 261
113 144 190 231 274
113 159 216 223 286
113 177 201 225 274
100 179 195 239 298
139 175 196 232 294
138 152 203 229 289
114 177 198 250 286
136 160 200 226 263
107 175 196 241 281
113 174 191 222 269
117 153 190 253 267
140 171 189 250 266
133 141 216 246 268
122 153 189 231 278
128 176 182 227 295
107 169 206 220 261
125 155 210 224 297
135 167 216 244 276
119 147 204 224 273
105 143 188 222 273
100 173 206 245 266
126 148 182 232 286
135 147 212 259 291
112 152 220 241 275
117 179 205 233 285
109 140 197 233 298
121 168 213 232 261
132 150 180 240 286
122 154 189 228 278
137 150 198 226 280
118 169 207 251 288
135 177 209 260 280
116 161 206 242 289
116 156 188 222 262
110 157 219 253 275
124 176 219 256 293
115 177 215 226 272
130 175 217 251 295
120 177 215 228 269
123 144 186 260 285
131 170 217 259 281
127 153 196 241 282
120 142 213 243 275
131 165 190 258 295
139 145 186 257 298
136 157 180 247 263
132 154 214 228 288
128 172 220 249 273
135 146 198 257 261
138 151 215 253 270
138 156 182 238 285
128 173 181 247 265
137 148 215 230 298
120 176 193 257 273
113 177 199 244 275
121 150 205 229 272
119 179 191 252 300
108 178 202 224 267
140 169 192 233 271
123 153 189 238 279
111 153 196 257 290
114 150 212 222 265
139 142 204 260 293
123 147 205 248 297
124 171 183 228 264
114 159 214 239 265
140 158 215 232 262
102 157 187 222 293
109 142 198 259 297
121 174 192 227 290
129 176 215 224 260
138 160 218 247 277
105 157 180 220 285
108 163 194 221 269
104 150 202 229 263
117 148 201 233 276
126 153 197 241 280
100 140 181 256 297
118 159 197 229 283
112 169 217 251 285
111 176 195 224 299
140 177 208 235 282
109 162 212 225 273
108 148 201 238 278
115 149 183 234 271
124 144 207 244 264
140 142 187 240 291
120 179 197 255 288
123 152 180 245 287
138 180 220 251 285
130 155 216 236 297
137 164 207 228 296
118 166 196 223 290
114 147 193 255 261
119 141 208 233 300
111 144 181 252 288
122 161 214 237 271
115 166 182 235 267
129 164 211 236 285
135 149 214 260 293
125 144 188 222 279
131 180 220 247 295
121 173 211 237 283
116 168 215 230 284
103 152 219 225 269
105 176 209 241 294
107 169 205 255 278
101 177 220 245 298
118 143 200 232 278
100 154 209 229 297
108 156 201 234 268
111 160 200 242 296
137 141 207 248 283
136 170 220 231 267
127 143 181 225 299
114 178 188 247 280
139 149 205 227 261
112 164 217 229 267
129 154 217 243 296
106 162 212 252 273
138 153 204 255 274
101 168 215 238 297
135 155 182 258 282
134 164 208 250 261
117 176 201 237 262
129 148 182 251 273
133 172 182 224 283
136 154 206 250 265
117 168 211 248 273
126 166 189 255 299
140 177 193 244 264
113 170 206 247 265
100 179 215 237 281
102 160 182 240 264
134 157 198 243 271
127 176 183 249 274
138 178 202 228 261
103 148 195 224 289
106 162 211 234 262
130 161 201 238 290
138 158 182 227 281
116 150 202 227 288
127 144 209 248 289
140 155 187 235 273
132 179 186 225 276
114 159 209 221 286
129 180 204 221 283
131 172 192 238 292
124 157 199 259 280
100 153 184 232 265
131 177 197 224 273
129 175 202 241 272
115 156 181 229 296
112 157 190 257 280
127 160 183 244 283
125 145 220 251 289
138 170 182 248 267
135 154 195 225 296
122 168 212 235 272
126 177 202 256 276
120 147 185 226 267
106 158 190 240 269
125 176 220 259 262
106 140 186 258 266
120 169 191 230 300
119 178 194 259 284
137 178 191 237 275
127 152 205 238 286
138 151 220 220 300
100 167 197 232 263
116 174 182 244 286
102 148 185 242 268
125 158 209 227 279
105 152 208 221 283
127 157 213 220 275
109 156 213 252 288
102 158 183 223 300
119 158 200 243 270
118 157 219 241 289
6262 8049 9837 11295 13129
1916 2056 2968 3319 3656
4042 6205 7718 8511 9520
4315 7393 8501 9486 11414
2978 3485 4752 5397 6870
2607 3731 4348 5141 6440
1753 2118 2757 3304 3421
3079 4042 5682 6593 6958
5291 7173 8774 8894 11616
3810 6815 8070 9097 11226
2236 2540 3021 3887 4288
4294 7531 8666 9969 11314
4122 4212 5563 7155 8627
2895 3960 5587 6315 7633
2518 3371 4154 5260 6112
3403 5116 6219 7410 8542
4479 6655 8747 9363 10922
3061 3987 5039 5540 7041
2563 3393 4591 5466 6848
5514 5892 7994 9927 11356
4329 4806 7052 8277 9876
3988 5588 6780 8243 9944
5195 7021 8942 10767 13121
5054 6039 8542 9527 11414
4103 4995 6944 7308 9256
4784 6247 7753 11153 12057
3700 4972 6059 7827 8417
4070 5788 6283 8364 8827
4961 6582 8744 11356 11896
1770 2684 3085 4175 4624
4110 6285 8911 9937 12317
3682 5376 7178 9340 9484
3139 4084 4545 5282 6226
3386 3962 5038 6190 7416
1720 2713 2999 3435 4201
6731 8557 8653 12399 12543
1644 1908 2173 2895 3292
3131 3708 4693 6039 6856
3286 4062 4763 6115 6791
3201 4159 5408 7382 8021
5510 7673 8708 11436 13834
3851 5420 6894 7374 9200
4176 5892 7644 8450 9326
2024 2919 3947 4765 5184
3358 4879 5811 7890 8479
2170 3293 4014 4915 5456
2531 3457 3898 4866 6065
2386 2862 3510 4442 5165
3370 5229 6863 7055 8368
2430 3841 4568 5075 6000
1312 1543 1854 2245 2656
3386 4548 5927 6954 7062
2541 3232 4522 5328 6342
3700 4724 6400 7951 8417
2817 3761 4614 5558 6617
1710 2613 3584 4146 4538
4498 7845 8858 10003 11632
5578 8317 9229 11871 14080
2006 2337 2818 3435 4502
1770 2364 3390 4080 4352
3707 5425 5986 7473 9917
5939 7558 10696 12755 13687
3700 4972 5717 7734 8696
3209 4121 5058 5839 7296
3699 5438 5810 7889 9161
2253 3262 3623 4670 5450
4182 5233 5503 6945 7936
4091 6065 6133 7767 9094
2100 3052 3680 4708 5621
2150 3533 4094 4915 5796
1765 2472 3224 3464 4381
4396 6634 8958 10077 12444
3343 5227 6680 8133 8992
5320 7122 9824 11310 12751
3682 5232 7826 8511 10241
6267 7510 10088 11330 13264
5464 7065 8090 9485 11660
5433 5940 7267 8907 11248
3417 3808 4927 6463 7192
1828 3000 3938 4551 5344
1411 1622 2144 2404 2876
2894 4492 6118 6819 8416
4870 6204 8657 10378 11755
5698 7250 8896 11718 13881
3520 5146 6394 6656 7584
2923 4693 5136 6125 6906
5179 5522 8298 9591 9895
4610 8017 9444 11975 12896
5744 7754 9863 11432 14226
1864 3073 3073 3925 4657
2711 4188 4614 5890 6716
5681 6984 8119 10347 12616
6511 7762 11014 11814 14316
2024 3395 3623 4860 5621
3886 6397 7196 9630 10048
2586 3554 4476 5950 6364
6540 6780 9134 11055 13985
1635 2477 2533 3375 3796
4331 5893 8215 8815 10577
2968 4478 6046 7033 8514
1835 2364 3294 3839 4448
5133 8050 9837 11154 12518
5260 8513 9864 12665 13416
6309 8049 9319 11859 12564
1474 1761 2225 2776 3041
1736 2427 3269 3359 4246
5300 6031 9044 10636 12787
2500 2786 3871 4784 5488
1667 2100 2605 3050 3399
3821 4422 5713 7095 8837
4911 6137 7644 8660 9325
1645 2683 3224 3495 4216
1386 1596 2335 2798 3129
4419 5446 6968 8413 11227
1817 2070 2828 3095 3965
4301 5292 6283 8364 8860
5668 8062 9581 11699 13402
1379 1740 2403 2667 3149
1287 1817 2214 2677 3041
6129 6590 8385 11147 13403
4491 6243 6418 8450 10376
3723 5325 6958 7343 8400
2910 4159 5321 6540 8572
3296 4817 5717 7983 8945
1441 1927 2203 2490 2898
2320 3709 4722 5691 5824
3706 5523 7109 8265 9124
5597 6480 8288 10557 11062
2886 3587 5089 5965 6791
1507 1574 2103 2842 3096
6577 6970 9421 12314 13687
2459 3235 3812 3992 4930
5645 8784 9078 11432 14275
1645 2608 2818 3856 3976
6683 8220 8797 11535 14416
4526 6377 8055 9518 11541
1915 2667 3178 3614 4516
2551 3513 4033 4855 5536
5698 7297 10307 12235 12800
2130 3413 3633 5036 5236
3490 4391 6191 7033 8716
3701 4362 5984 6825 8116
1511 2064 2462 2774 3520
2886 3439 4729 5489 6203
4044 5303 6748 8895 10858
3669 4910 6245 7269 8510
5103 6777 7613 9249 10161
1349 2249 2757 2992 3669
1031 1513 1954 2225 2657
3376 5193 6713 8232 9223
6131 7752 9328 11535 12210
2130 3512 4133 5015 5996
1330 2065 2450 2738 3617
1571 1968 2173 3063 3304
4989 5902 7804 9629 10200
3182 4667 5708 5890 7556
4339 6643 7072 9882 10819
6577 7264 10010 11775 13834
3147 4156 6119 6427 7324
1209 1684 2258 2733 2931
5710 6695 7721 10183 11537
6961 8362 9963 12615 13916
5180 8144 9555 11859 12659
3130 5143 5684 6825 8237
5591 6582 9149 10905 12841
5386 6204 8614 9776 12057
4570 5611 8494 9975 12016
2760 3962 5189 6440 7166
3277 4764 5386 7008 7657
2535 4063 5039 5790 6691
2431 3353 4034 4635 5696
5996 6492 9104 11445 11896
2329 2919 4137 4499 4994
2459 3252 3956 4028 5362
2243 3181 3325 4587 5182
3735 4408 6174 6902 8332
4410 5852 8454 10175 11496
4691 6132 7293 9815 11737
2495 3252 3667 4587 5217
3510 5192 6909 8521 9502
5940 7607 10353 11677 13491
5311 8763 9714 11165 13116
4227 5895 6745 7732 9978
5260 8763 9013 11115 14417
6171 7008 9386 10178 12116
5411 6892 8414 8814 11776
5940 7068 9030 11776 13296
4043 4492 5838 7856 8785
4944 5340 7070 8403 9808
4042 4391 5901 7207 7846
2633 3232 4476 5374 6296
1132 1828 2015 2655 3306
1080 1492 2054 2385 2977
3286 4912 5249 7295 8388
5277 6253 7424 8712 10741
5810 8812 11014 12715 13415
5429 6075 8657 10507 12013
4870 8023 9554 10049 12526
4227 5316 7290 7733 8992
3100 4332 5594 6825 8807
2518 3444 4370 5603 6176
2650 4092 5198 6183 7096
2997 4740 6337 6772 7759
5155 8833 9372 11775 14716
1775 2126 3010 3627 4006
2762 3793 4361 4908 5623
6107 8605 8989 11679 12976
4380 5978 8146 8603 11112
5366 6627 9914 10860 12346
3278 4711 5765 6251 7657
1873 2308 2883 3389 4076
3847 4968 5501 6986 8304
2050 3112 4254 4895 5316
1995 2524 3117 3839 4656
1658 2573 3198 3855 4320
6251 7020 9758 11247 13888
2119 2868 3362 4350 4946
2651 3292 3633 4895 5716
6107 7212 10334 10911 13408
4685 5826 7804 8869 11036
3761 4241 6584 7185 8806
1100 1462 1914 2535 2957
3443 3782 5448 6151 7478
4136 5193 6449 8166 8926
1301 1582 1903 2505 2946
5300 7581 8269 11066 12142
4912 4982 7504 8170 9186
5366 6582 9869 10095 12661
1803 2420 2869 3613 3753
1509 2169 2548 3432 3755
4570 5972 8054 10215 11776
1351 1732 2204 2524 2865
3886 6093 7576 8831 10999
1786 2669 3326 3951 4384
1963 2251 3454 4079 4432
1479 1857 2614 3382 3916
4955 6290 9259 10679 12701
1967 2691 3605 4747 5394
5065 6244 7690 9401 9934
2357 2834 3464 4282 4810
3059 4021 4333 5655 7145
4890 6777 8788 10019 10963
2362 3183 4172 5076 6317
3287 4212 5530 6511 7885
5639 7447 8539 10851 10935
6724 6920 9863 11432 14667
2091 2283 3390 4031 4528
3747 6192 8081 8377 9895
5041 6806 9216 10894 11841
4331 5196 6477 7855 9136
2968 5175 6336 6539 8658
3594 5676 6894 7983 9232
4193 5724 6745 8379 10080
5135 7447 8077 10599 11482
5859 7624 8915 9861 11927
3721 5298 7084 8030 9397
4418 5784 8244 8751 10702
5039 8097 9132 11530 13317
5429 7068 7783 10515 11734
4602 7270 8173 10265 11004
1121 1883 2137 2699 3096
1883 2829 2989 3711 4817
5275 7797 9869 10454 13021
3001 4251 5683 5891 6802
1780 1910 2432 2953 3461
2986 3562 5315 5540 6816
2737 4062 5901 6685 7063
1364 1894 2346 2611 3008
3594 5100 6414 7951 9392
1320 1729 2027 2523 3108
1231 1642 1974 2285 2997
5546 7393 8090 9116 11906
1351 1803 1943 2335 2776
4967 6732 8540 10641 11734
4954 7837 9422 11919 13264
5761 7713 9514 11415 13867
4151 5834 7394 9035 12277
3988 6526 8477 8594 11522
2591 3553 4234 4494 5516
3027 3939 4928 6152 6854
6110 8913 10714 12565 13665
2320 3973 4127 5361 6374
1529 1640 2169 2831 3074
5811 7162 10515 11115 13016
3824 5345 6431 7113 8944
6087 7264 10794 12363 13932
3259 4420 5495 7266 7643
1753 2326 2496 3343 3721
1375 1937 2412 2853 2930
4895 6228 7154 8932 10487
2171 2845 2925 3534 4768
5816 7021 8828 10378 12400
1961 2683 2953 3585 4066
4000 6207 7048 8975 10271
1220 1596 2125 2809 3284
5386 6972 10046 11631 13648
4685 5957 7927 10266 10881
2827 3444 4237 4965 6617
2611 3332 3633 5095 5676
4117 6599 8006 8339 10746
4011 5421 6030 7215 8464
4609 6701 7005 9439 10390
5979 8331 10118 12235 13598
4535 6838 7540 9570 10819
2187 3022 3669 3788 4453
4730 5589 8438 8985 11443
1414 2353 2509 3122 3643
2254 3180 4612 5670 6330
5996 6260 8374 10223 12821
1674 2524 2909 4112 4737
3895 6207 7714 8625 9921
1610 2685 3438 4079 4320
6332 7166 10500 10942 13589
4171 4524 5869 8272 8720
6129 7879 10088 10180 12390
2530 3780 4862 6039 6736
3521 4392 5444 7096 8327
1547 1932 2197 2871 3376
2585 3951 4105 5625 6000
2748 4061 4268 5765 6525
4090 7213 8494 9775 11176
5988 6376 8570 10163 12658
3784 4874 7018 8447 10183
4587 6569 9079 9783 11809
3332 4575 4954 6981 7603
1796 2563 3210 3943 4454
5299 7351 8828 10469 12316
3578 5088 5813 6888 8455
3656 4035 5008 6279 8090
2672 3109 3452 4461 5412
4006 5488 7599 9598 10931
1496 1772 2302 2622 3074
2660 3562 5164 5990 6892
3089 3819 5008 7009 7739
4190 6587 7728 8413 10656
3937 5886 7009 8364 9751
1143 1651 2236 2820 3217
4684 5875 8952 10593 11086
5154 6562 7228 9043 10413
4228 4507 6214 7393 8107
3679 3960 5838 6399 7436
3427 4044 5390 6820 7464
3752 4246 6046 7149 7585
2123 2748 3133 4143 4640
3610 4722 6254 7785 8776
3881 4722 6013 7605 9016
2110 3330 3898 5329 6107
2899 4738 5846 6603 7225
3392 3860 5006 5735 6880
4267 5827 7348 8489 9897
4480 6162 7517 9979 11661
1995 2829 3197 3534 4768
3409 5887 6020 7440 9290
4261 5588 7085 8515 10148
5730 7623 8828 11152 12873
3549 4884 6162 6394 8629
1645 2713 3134 3720 4051
5423 7316 8505 11015 12864
5963 8125 8797 12400 12640
1559 2112 2461 3015 3568
4784 6118 7414 8636 10006
4301 5853 6382 8100 9817
2557 3375 3642 4708 5545
3791 4467 5089 6035 7900
5940 7558 10206 12412 13589
6661 8613 9563 11865 14116
4956 6075 8012 10379 12057
3614 4806 7290 8788 8890
3637 5531 6369 7672 8417
6545 7909 9084 11248 12377
5338 8509 10526 10910 13456
2441 2567 3740 4443 5110
5891 7999 10206 11922 13050
3200 5204 5959 6569 7701
4894 7140 9650 10355 11720
5338 7981 9902 12111 12784
2243 3163 3416 4191 4822
2351 3152 4294 4695 5596
3466 4684 6926 8240 8528
5587 6080 7926 10101 11701
1766 2172 3059 3345 4487
2595 3185 3452 4746 5241
5338 8365 8989 11055 14033
5483 7308 8989 12496 13552
3762 4972 5966 7548 8510
2387 2604 3415 4497 5056
5303 7321 8540 10809 10977
2541 3232 4752 5121 6894
4457 7033 7385 9180 10468
1391 1421 2214 2324 3016
5211 7053 7574 9135 10576
5601 7366 8829 10292 11196
4840 6774 8455 10515 12448
2000 2545 3584 4418 4691
4037 4863 6416 7341 8828
3208 3346 4959 5419 6778
3025 3334 4634 4854 6528
4010 7093 7613 9335 11857
1463 1585 2015 2699 3218
4367 5880 7142 9087 9808
1610 2380 3294 4112 4288
3989 5895 6984 7664 9604
2673 3202 4106 5670 5846
2443 2899 4175 4917 5697
1802 2700 3470 3967 4432
4691 6174 8595 8829 10351
3984 4826 5958 7410 8426
1679 2136 2365 3039 3532
3315 4829 5474 6343 8164
1336 1884 2497 3201 3579
3988 5384 7460 8277 9978
1825 2698 3299 3900 3930
5010 7092 7853 10295 11896
5042 6525 7775 9180 10975
2135 2658 3956 3974 5399
3595 4296 5754 7211 7772
3107 3732 4453 5967 6616
3594 4780 6702 8336 8656
2451 3092 4014 5175 5376
1525 2233 2804 3586 4127
2978 4801 6006 6314 8192
2679 3738 4775 5742 6226
3376 5821 6416 7704 8860
1740 2340 2431 3096 3656
2915 3885 4325 4898 6396
5554 7052 9650 11411 12776
1291 1723 1903 2415 2916
2771 3255 4384 5628 6272
4886 5784 8165 9843 11092
2131 3330 4466 4929 6001
1864 2784 3452 4317 5129
2663 3939 4720 5866 6959
2110 3393 3694 4755 5597
4609 6739 6929 9477 11074
3093 3899 4544 5834 6847
3791 4272 6374 7275 8716
3053 3886 4823 6333 7817
5211 7133 7973 9454 11696
5669 8109 9490 11285 12436
2766 4121 5735 5813 6854
3323 4044 4765 6135 6664
4725 7393 8747 10265 10757
4810 6780 10238 10815 14321
2825 3667 3814 5412 5665
1901 2266 3051 3627 4160
6262 8473 9790 10871 12847
2333 3109 3379 4569 5056
3931 5963 7189 7820 9711
5335 7053 8814 10003 11500
3265 5407 6245 7114 9193
6773 7215 10059 10794 14422
4799 7195 8204 9549 12028
4951 6320 7043 9401 10770
4871 5628 6493 9339 10528
6451 7833 8891 10226 13172
1705 2406 2884 3291 4062
3862 5917 7466 8727 9628
5643 7845 7977 10267 11720
5601 7451 9388 10808 11281
4450 6525 7376 9635 10154
1343 1860 2233 3064 3364
4071 5052 6838 8800 10482
6011 6828 9998 11727 13840
1722 2572 3374 4127 4384
5051 7363 7951 9843 12406
2310 2691 4042 4841 5070
1261 1412 1874 2255 2927
6267 6942 8519 10545 11941
1883 2396 3214 3871 4448
6131 7572 9553 11625 13291
3287 4302 5266 6567 7140
1973 2857 3903 3975 4894
6203 7788 9470 10766 14032
3107 3780 4766 5703 6904
3275 3852 5270 5510 6568
1702 1923 2588 2979 3461
3047 3600 4775 5535 6226
3296 5344 6679 7268 9161
4155 5340 6896 9414 10414
4945 8003 10072 11624 13035
1584 2275 2653 2965 3760
2467 3477 4634 4866 5938
3433 4333 6104 6656 7933
1463 1728 2115 2457 3174
1552 1651 2302 2456 3074
3781 4884 6278 7439 7555
5996 6612 8153 11148 11544
3793 5127 5996 7362 9223
4784 6265 7783 9265 10968
5050 7663 9059 10094 13202
2818 4008 5954 6522 7954
1579 2519 2603 3459 3726
3306 4780 6382 7471 9073
2519 3014 3909 4746 5146
1886 2292 2939 3705 3946
2387 2639 3758 4461 5344
1295 1969 2186 2739 3329
4266 6007 7229 8636 10154
5710 7269 8993 9198 12234
4351 6103 6838 8660 9291
5351 7411 9618 11285 14717
4534 6330 7813 10038 11638
5379 6876 9694 9738 12160
4841 5934 7952 10390 11314
3385 4602 5818 6981 7900
3718 5700 7754 9267 10060
4932 5562 8080 8636 10302
2651 3092 4374 4474 5596
4000 6359 8374 8565 10466
6451 7694 9075 11239 12666
3858 6192 7303 8747 10487
5400 8000 9029 11481 14472
4155 5340 6674 9081 9896
5482 8125 9902 12447 12591
5861 8663 10814 11314 13766
4339 6721 8321 8789 11248
3197 3954 5684 6441 8089
3949 5901 8477 9492 11092
1931 3056 3141 4112 4912
3172 4817 5997 7859 8820
2441 2784 3577 4245 5362
5646 7852 10598 11579 13442
3626 4667 4745 6073 6984
5253 7362 10647 12363 14079
2101 3055 3498 4282 4895
2585 3863 4303 4964 6484
1979 2796 2941 4111 4736
3948 4941 6772 7982 8168
2276 3532 4590 5229 6440
4841 5087 6698 8835 10306
3651 3963 5682 6358 7790
6040 6920 9078 9871 11852
2369 3235 3920 4172 4893
1427 2027 2679 2901 3813
4565 4929 6515 7373 9752
1030 1422 2185 2325 2897
1740 2326 2548 3225 3916
1753 2327 2731 2874 3799
4511 5448 7106 9015 9808
3034 3819 5873 6900 7495
5005 6582 9464 11130 13426
3549 4449 5321 6453 8282
2562 3950 4810 5404 6396
2810 4240 5782 6287 8305
5300 7323 8700 9818 12400
2232 3951 4480 5427 5802
5456 6987 9239 11490 12031
4091 4962 6614 6974 8266
2010 3613 3813 5155 5796
5177 7352 7393 10183 10717
4233 6408 7804 10143 11456
5698 7626 8473 11530 13882
5598 6270 7742 10053 11188
3305 4684 5603 6090 7225
3694 4856 5930 6481 8223
2699 3540 4255 5012 6232
2236 3435 4150 5160 6317
1983 2562 3601 3806 4725
5341 6736 8378 10675 10716
3752 4710 5233 7497 8658
6041 7257 9824 10995 12075
4612 5862 8399 10077 11443
2471 3508 5051 5834 6479
3436 4387 5439 5589 7466
5816 6987 9509 10545 12481
2636 3415 4382 4656 5728
4400 5556 6580 7571 9916
4756 7027 9044 10137 11230
3668 5468 6741 7796 9161
5471 6681 8359 9686 10974
5136 7352 7557 10142 10717
2510 4188 4638 6015 7517
3623 4492 5950 6707 7520
4403 6457 7466 8006 9628
2675 3564 4934 5367 6857
3172 4536 6308 6424 7933
2610 4459 5032 6698 6932
1180 1662 2144 2545 2836
2370 3592 4394 5155 5735
2096 2578 2923 3585 3961
4583 6276 7934 7970 10564
6577 8097 9617 12363 14716
1220 1739 2412 2743 2942
4762 6260 9122 10575 12248
4499 5554 6882 7903 9672
3607 4420 5233 6888 8398
4006 5710 7229 8636 11080
2746 4165 4765 5799 7072
2010 3593 4314 4935 5836
4397 7188 8911 9690 12111
4731 5852 7974 9935 11176
3202 4576 5894 6707 7716
2370 2712 3344 4011 4985
3763 4996 6034 6594 8052
3607 4786 6555 7052 8448
2426 3372 4172 5370 5728
3136 3987 5239 5915 7191
2258 2952 4319 5098 5623
1181 1572 2164 2445 2796
3948 4724 6058 8013 8603
1351 1752 2033 2374 2946
4951 6473 7348 8717 10504
1381 1612 1983 2505 2756
2741 4303 5292 5787 6854
3546 5044 7256 8209 9876
5819 7500 10526 11246 14224
5906 7707 8563 11310 13246
2950 4801 5614 6343 8333
5257 7581 7968 10722 11884
3629 4602 5467 6710 8062
4431 6099 6201 8073 9944
3494 3954 5468 6495 7360
2497 3290 4370 5560 5802
6359 8062 9719 10870 13310
4849 6039 8665 9978 10963
4227 5078 6508 8617 9366
1929 3433 4137 4822 5374
2426 3078 4445 5076 5602
2811 3032 4013 5175 5796
1607 2004 2329 3075 3256
4736 4912 7399 7925 10166
4091 4572 5563 7305 8446
3200 4333 5843 7410 8513
3186 3537 5389 5915 6941
3988 6525 8477 9141 11248
5204 7068 10157 12216 14177
5861 6357 8158 11040 13292
5629 7229 7927 9076 10676
3305 4333 4873 6252 7658
5863 6788 8417 11147 11940
4737 5962 7255 8617 9297
3261 3837 5239 5590 7016
6871 8784 9617 12461 13000
5009 6270 9087 9801 11104
3026 4594 5930 7555 8687
3107 3973 4694 5679 6520
3641 5413 5983 7275 8476
6061 8763 10314 11865 13066
4062 4242 5804 6705 7936
2310 3808 4292 5121 6434
1828 2767 3398 4192 4805
6405 7280 9904 11975 12665
4351 5530 6213 7299 9006
1662 2040 2366 3330 3864
3607 5204 6249 6597 7875
5006 5488 6969 8747 10783
5231 7888 8789 10590 12481
6027 7485 8661 11766 12424
2379 3739 4706 5098 6250
2451 3112 3874 4895 5296
5291 7361 9518 9827 11632
4932 5612 7214 8896 10537
5546 7618 9239 10500 12526
4542 7845 8638 10311 11500
2791 4143 5360 6252 7577
3755 4524 6030 7951 9297
6511 7462 10514 12865 13866
3386 4765 4873 6117 7819
4070 4830 6944 7407 9289
4978 7695 8891 11837 12758
6731 6876 9566 11391 14032
5011 6212 7934 9895 11256
5291 6492 7893 9815 11496
3546 5622 7392 7664 9978
5510 7156 9132 11907 12847
4769 5706 7424 9180 11639
2356 3808 4522 5282 6226
4414 6488 7821 8414 9895
3200 4652 5843 7439 8078
3855 5189 6679 7796 8106
2391 2595 3583 4435 5031
4303 5488 6711 9155 10043
3511 4187 4788 6090 6716
2835 4037 5113 6415 7366
6359 7142 9167 11883 13494
2671 3392 3933 5115 5335
4410 6392 9035 10576 11676
3910 5706 7151 8868 11366
1766 2307 2969 3435 4081
1171 1693 1994 2345 2686
3358 4507 5780 7673 9038
4924 7026 9128 10179 11482
1540 2202 2969 3825 4457
1918 2892 3812 4659 4912
4703 5861 6405 7664 9910
5980 7485 9790 11389 12941
3314 4492 5838 6903 8192
5060 7262 9314 12916 13867
3025 3157 4215 5625 6572
4894 6920 9386 10707 13084
3310 5128 6218 8464 8728
6011 8172 10382 10814 14416
3347 3612 4982 5655 7024
2374 3004 3328 4418 4809
1351 1682 2113 2605 2865
2255 2732 3550 3772 4521
2278 3646 4508 5034 5707
2673 3312 4149 5251 6441
4091 5413 6104 7005 7965
2893 3730 4259 5471 6154
6430 8392 9863 11579 12903
3737 4846 5873 6170 7251
2955 3416 4176 5582 6203
4438 6162 8337 10388 11906
5261 7278 7699 10893 12028
2210 3290 4612 5647 6484
5636 6807 9644 11355 13201
2531 2730 3866 4244 5344
2791 4413 5360 6549 7846
1601 2533 2819 3360 4037
3467 4305 4954 6117 8036
2356 3877 4407 5328 6871
4806 7713 9606 10442 12776
4251 6493 7974 9175 10496
2720 3267 4256 5055 5581
1438 2154 2561 3375 4203
3386 3687 4763 6290 7216
4690 7122 8519 11716 12346
1253 1750 2114 2765 3184
3707 4716 5165 7043 7996
1900 3037 3920 4209 5110
2131 3351 3877 5308 6128
5024 7327 9030 11654 12206
4114 6777 7196 8717 10732
1957 2532 2981 3570 3935
3971 5412 7070 8511 10061
4183 5667 8399 8790 11444
2963 3660 4934 5343 6664
4181 4812 6254 7124 8686
1615 2352 2879 3886 4201
4351 5406 6120 7641 8851
1871 2457 2923 3750 4171
5745 7908 9272 12094 12894
1643 1836 2245 2871 3508
3650 5998 7540 7855 9256
3494 4062 5954 7008 7657
2387 3144 3937 4677 5091
4329 5894 6575 8651 9774
2100 2881 4118 4841 5583
4294 5844 7862 8618 10672
5050 7708 8338 10950 13336
2951 3435 4045 5286 5497
4870 6032 8571 10163 11713
1845 1985 3024 3655 3866
5159 6789 8462 9959 12073
3442 5688 6911 8265 9784
5723 7548 9710 10959 13072
3161 4452 6195 6975 7846
1882 2716 3277 3983 4688
5886 7908 9601 11106 13975
4931 6367 8994 9240 10676
2329 2976 3985 4499 5013
3623 4576 5445 6763 7996
2370 3032 4414 4735 5836
3000 4198 5370 6775 7140
1662 2248 2366 3330 3825
2489 3730 3856 5076 5854
1555 2157 3194 3765 4411
1779 2092 2757 2900 3916
1705 2056 2576 3319 3895
2615 3688 4024 5160 6001
5011 6453 7253 9535 10816
5243 7501 8894 11199 13025
5071 7008 8550 10311 12733
1642 2428 3166 4080 4304
1727 1858 2848 3148 3526
2812 3132 3834 4555 5416
4006 5266 7488 8784 10673
1818 2157 2418 3330 3695
2299 3709 4382 5202 5602
2254 3224 4128 5075 6265
1706 2637 3070 3887 4448
5080 6117 7894 9524 10375
2306 2664 3584 4094 5099
3327 4786 5997 7424 8666
5561 7812 10414 11715 13516
3895 5969 7525 9598 10709
4367 6024 6745 9159 10744
4400 5391 6646 7670 9883
1991 2157 3149 3495 4156
2949 3757 4720 5788 6933
3371 4333 4453 5679 6712
3855 5438 5717 7765 8479
3116 3853 5005 5143 6180
4632 5122 6874 7925 9606
3948 4942 5842 6835 8231
2296 3216 3937 4640 5379
2340 2987 3481 4145 5116
2236 3078 3920 5119 6086
4644 7065 7475 9322 12235
2300 3057 4319 5034 5854
5293 6472 7917 9515 10427
3637 5003 6617 7858 8882
2651 3929 3995 5537 5934
2792 2892 4074 4595 5236
3174 4801 5530 7183 7380
4227 5065 5903 8075 8075
5052 5052 6602 8800 9556
1410 2379 2688 3263 4105
5360 7712 10514 11615 15017
4246 5367 7084 8170 9781
4525 6462 9216 10980 12013
4460 4524 6446 7599 8336
5160 8163 9914 12766 13516
3852 5963 7018 7732 10114
4294 5976 8372 10642 12197
4431 5827 6678 8107 8856
1607 2225 2590 3460 3768
3926 4622 6335 7555 8716
2030 3313 3894 4515 5897
1354 2064 2546 3111 3400
1201 1572 2174 2425 2656
2932 3600 4429 5949 6663
2333 2640 3794 4515 5074
3851 4662 6254 7785 8116
5715 6544 8984 10825 12298
1336 2001 2861 3018 3800
6381 7460 9275 11922 13099
4397 5622 6405 8651 9740
4932 8063 8293 10503 13357
4887 6683 8524 10642 12023
4757 6060 7994 9717 11525
3626 5100 6926 7151 9168
1141 1783 2024 2265 2756
2810 5025 5473 6707 8360
6266 7887 8833 10454 13246
6911 7612 10164 11464 14466
1264 1960 2191 2765 3162
2868 3373 4214 4761 5539
1722 2813 3150 3871 4512
3401 5233 5744 6675 8086
3404 4449 5524 7353 7759
6031 7366 8140 10765 11454
4267 4524 6926 7887 8592
4647 5826 7196 8793 10581
5387 7405 7657 9548 12406
2793 4407 5370 5735 6802
2011 2492 3374 3598 4768
2171 2684 3470 3919 4431
4295 5304 7358 8079 9844
2636 3588 4714 5565 6842
2210 3819 4546 5405 5868
4421 5192 6383 8135 10027
3251 3539 5102 6231 7000
3034 4116 5954 6522 7441
1297 1982 2269 2578 3151
5351 6872 9667 11432 14619
1826 2533 3209 3495 3931
5027 5712 6853 9135 10885
1719 2168 2660 3207 3909
2067 2262 2984 3405 4216
3668 5251 6431 7796 8944
1361 1782 2103 2615 2815
3026 4198 5370 6307 7530
1867 2509 3022 3567 4209
3310 4722 6584 7605 8266
1374 1948 2422 2831 3238
5760 8863 10764 11314 13616
5080 6837 8476 9803 11521
3131 4615 5604 5942 7010
5054 5916 7639 10676 11701
1976 2562 3269 3900 4230
3948 4755 6090 7486 8758
5051 5976 8960 10221 11566
2631 3312 3813 5175 5916
2930 3056 3919 5412 6274
2052 2367 2713 3720 3961
4367 5094 7076 7538 9520
4107 5516 7054 7983 8751
3386 3662 4964 6441 6541
4979 5448 7754 9123 9735
2081 2352 2743 3585 4291
4235 5722 5986 8166 8761
3573 3860 5604 5994 7764
3371 4941 5417 7211 7660
3965 6208 6979 8555 9641
4125 5112 6984 7801 9264
3104 4667 4979 6567 7816
2926 4819 5468 6063 7225
6172 7449 8461 10267 11940
2840 3531 4361 5489 6433
5005 6897 8833 11580 13066
4685 6162 8707 9117 10881
1957 1999 2869 3655 4118
5177 6186 8624 10431 12490
2367 3262 3491 4347 5032
1265 1761 2368 2644 2931
5611 6332 8614 9295 10496
2152 3310 3941 4677 6170
1427 1858 2588 3382 3878
3883 5581 6157 7279 9296
4268 5821 7109 7406 8596
2909 3372 4592 5202 5832
2216 3310 3794 4635 6002
3359 5066 6028 6866 8356
3443 4963 6681 7572 8695
2234 2824 3833 4442 5260
5303 6438 8288 10137 11776
4310 6032 7796 11024 12788
1781 2397 2969 3450 4261
2362 3561 4571 5286 6001
3007 4765 5278 6062 8090
4631 5853 6877 7769 9322
1972 2929 3830 4065 4930
5410 7412 10064 11915 13917
5071 6568 8066 10312 11941
5467 6348 9122 10751 11632
6312 6402 8428 10815 13111
5170 7710 8484 10980 12400
3455 4268 5053 6875 8053
2495 3252 3973 4532 5145
5211 6212 8654 9454 11896
5491 6572 8294 9134 11856
1545 2171 2562 2914 3787
1265 1629 2137 2821 2887
2510 2973 4382 4908 6317
3230 4188 5262 7324 8369
3793 5003 6648 7362 8417
2541 3665 4018 5185 5890
2075 2636 3390 3791 4576
6086 6716 9644 11715 13201
6261 7212 9414 11115 13967
6560 9012 11013 12364 14765
2552 3645 4445 4992 5959
4534 6564 8399 8984 11092
3512 5180 7461 7665 9162
1795 3005 3567 4112 5014
1294 2040 2474 3075 3352
1424 2490 3094 3445 4188
5911 7162 10014 11615 13917
1610 2476 3358 3679 4769
1307 1885 2426 2823 3232
2563 3692 4614 5581 6824
2614 2690 3947 4727 5393
2187 2732 3534 3710 4287
1408 1585 2004 2490 3306
1264 1971 2081 2732 3096
3348 3588 4934 5463 6280
5275 7721 10213 10778 12565
6461 7712 10864 12165 14816
2872 4386 5738 6819 7387
3323 3684 4910 6135 6592
4454 7404 9474 10487 13084
2576 2957 3471 4917 5374
1351 1652 2094 2515 2625
1649 2477 2828 3333 3684
6461 7412 9113 12566 13666
3336 4313 4563 5615 7091
5315 6018 8048 9765 10351
3403 4884 6133 7207 7933
6059 7980 9085 12255 14368
5471 6916 7540 9531 10311
2157 3243 3928 4708 5051
1810 3235 3884 4281 5074
2866 4493 5110 6736 7409
1619 1896 2390 2931 3268
6107 8461 8797 11967 13168
5255 6777 7690 8679 9934
2791 4008 5279 6063 7820
1388 2119 2757 3057 3422
5861 7257 9058 10725 13066
2220 2540 2925 3647 4512
2563 3312 4458 5009 6353
3567 4044 5866 6959 8108
4352 4817 5810 7300 8479
4631 6278 6523 7890 9676
4229 5895 7747 8192 10598
4784 6673 7562 8191 10487
5775 7580 8461 10487 12864
1747 2210 2799 3641 3936
3311 5062 6086 7672 8762
6037 8155 9076 10318 12574
3107 4213 4862 5799 6544
5301 7188 8339 10549 13633
3818 5350 6473 8754 9536
5218 6572 7516 10019 11619
3011 3491 5294 6039 6952
2081 2563 2743 3735 4021
2036 2322 2938 3389 4457
4525 6229 7858 8710 10080
2153 3021 3447 4367 4707
5891 7215 9079 11089 13100
4992 7439 8944 11296 12659
4386 6172 7714 9080 9185
2343 3092 4106 5692 5868
2411 3393 3833 4615 6017
1319 1971 2147 2864 3140
6450 8379 8990 11154 12941
2805 3356 4524 5251 6308
2909 3183 4634 4634 6316
1310 2184 2575 3031 3435
4535 6799 7111 9531 11170
1132 1641 2049 2678 2965
3136 3962 5239 5690 6991
4000 5788 7918 8413 10771
4583 5664 7682 7934 9916
5351 7656 10451 12363 14128
1030 1593 1844 2245 3017
4176 5542 7014 8520 9466
1662 2210 3080 3389 4062
