200 10 5
4 24 57 94 87 23 45 53 63 84 34 0 20
6 90 49 34 41 76 30 67 21 42 60 0 27
3 62 96 94 57 95 49 64 43 89 54 0 14
10 87 51 92 72 70 90 33 87 58 99 0 50
3 85 95 61 47 67 22 36 68 88 49 0 14
3 93 52 57 72 33 40 23 97 80 33 0 13
8 28 58 79 73 53 34 79 53 80 93 0 40
4 80 48 70 31 95 61 80 49 39 82 0 19
10 82 47 61 36 78 95 20 21 51 35 0 48
3 92 32 93 64 63 58 25 80 66 99 0 15
7 49 44 57 33 89 71 25 99 36 90 0 34
9 78 45 40 92 98 56 97 99 30 92 0 44
4 72 40 90 27 32 49 77 30 27 60 0 16
6 32 43 55 27 23 54 90 36 60 38 0 26
10 52 48 25 96 34 90 70 43 74 40 0 47
3 49 85 83 30 75 24 27 39 32 24 0 11
10 55 23 34 20 29 75 56 45 38 32 0 49
4 46 33 99 62 39 22 97 64 69 55 0 20
5 46 34 49 48 27 100 44 66 21 21 0 23
8 56 45 62 72 26 50 67 97 35 38 0 38
7 97 99 88 29 77 72 53 51 26 100 0 32
10 35 52 54 39 89 29 23 77 65 88 0 49
7 56 99 98 82 70 81 31 53 29 36 0 32
7 43 55 46 75 75 46 49 59 93 46 0 34
7 22 63 70 29 81 85 37 31 82 45 0 34
8 88 44 26 53 96 61 35 25 94 73 0 40
6 80 96 27 56 58 67 59 65 97 25 0 28
3 59 43 30 93 38 57 44 32 96 74 0 12
3 47 57 80 49 80 36 92 61 50 42 0 14
4 83 22 77 80 84 30 92 26 67 36 0 17
3 90 21 94 58 46 34 46 74 39 49 0 11
5 92 23 46 70 66 45 45 34 66 43 0 23
10 93 42 33 100 66 74 56 52 65 36 0 50
5 99 76 56 52 26 100 26 51 42 97 0 23
6 84 63 21 29 31 98 85 60 40 76 0 29
7 35 95 50 25 82 49 78 43 91 42 0 31
3 62 48 84 34 69 69 24 53 88 77 0 15
6 93 29 79 58 77 76 57 100 40 54 0 27
6 97 44 49 47 99 66 53 98 98 60 0 29
6 73 81 42 51 63 27 79 39 97 88 0 28
3 30 58 100 94 75 86 24 96 33 65 0 11
9 42 80 78 98 69 31 51 41 81 84 0 45
6 42 97 51 90 44 98 69 97 52 35 0 27
5 32 71 87 59 74 49 74 90 49 28 0 22
5 39 69 66 95 76 39 78 38 49 58 0 24
10 45 48 53 33 30 48 87 24 35 26 0 50
10 24 86 31 76 78 88 62 65 26 62 0 50
10 65 54 49 37 68 47 37 44 34 90 0 50
6 92 91 22 83 34 57 59 55 34 67 0 27
4 64 21 29 94 38 94 83 64 100 80 0 20
8 65 59 35 30 44 57 49 49 32 63 0 38
3 58 63 34 63 35 31 89 30 92 71 0 15
6 81 39 40 76 28 49 74 51 62 32 0 30
3 34 56 71 99 48 21 28 66 36 36 0 14
9 58 84 84 83 42 26 98 70 97 25 0 44
4 61 82 43 93 81 69 33 30 93 79 0 17
10 96 100 20 41 99 92 26 61 86 20 0 50
3 80 53 42 35 39 85 71 77 31 93 0 15
4 57 83 77 96 27 59 31 93 72 56 0 20
3 49 37 47 38 66 75 94 57 48 98 0 12
3 31 97 31 30 68 25 53 72 37 75 0 13
10 96 71 55 92 20 41 23 79 85 86 0 46
8 72 95 36 52 24 29 60 57 87 61 0 40
10 92 52 42 55 64 67 48 73 40 87 0 46
2 27 45 37 69 26 28 87 49 69 20 0 10
9 95 96 74 62 69 48 79 76 59 95 0 41
4 28 99 20 99 62 58 98 23 82 75 0 19
6 66 42 24 73 59 80 74 67 80 43 0 27
9 83 43 56 50 77 82 67 68 75 93 0 43
5 65 30 36 66 73 32 80 65 51 85 0 25
9 46 62 71 56 82 72 43 82 99 22 0 43
4 88 44 55 98 65 29 45 31 42 25 0 19
9 96 87 87 78 24 76 99 95 66 81 0 44
6 94 57 62 46 70 24 93 57 64 56 0 30
7 30 77 58 55 45 77 53 65 66 43 0 33
6 65 83 75 94 30 30 86 27 33 84 0 27
2 91 35 38 40 68 40 78 84 24 82 0 10
8 83 91 21 100 62 35 78 61 45 80 0 40
10 68 38 24 77 52 25 59 74 23 67 0 46
8 98 66 75 70 54 26 62 68 58 95 0 37
3 80 84 51 100 56 82 28 56 72 95 0 14
8 43 51 68 62 53 94 37 23 26 88 0 40
3 22 68 46 84 95 66 82 43 90 47 0 11
9 79 52 40 46 93 95 25 74 74 80 0 42
9 82 28 82 88 33 39 26 70 21 28 0 42
3 59 86 52 40 96 63 68 53 85 82 0 11
5 57 24 97 63 56 61 22 74 34 75 0 21
5 30 23 39 34 33 28 36 35 52 24 0 25
4 87 85 85 100 89 22 36 33 87 38 0 16
8 78 63 43 71 46 99 40 39 81 54 0 40
7 97 45 74 83 100 60 53 77 33 57 0 34
2 65 24 23 42 70 60 55 20 23 44 0 10
4 65 54 74 53 52 30 34 27 91 52 0 20
8 56 38 50 95 83 57 42 52 61 23 0 38
7 64 82 53 54 74 20 83 74 31 57 0 33
5 25 80 96 76 55 82 29 95 22 22 0 21
6 20 48 63 56 97 55 25 45 58 61 0 30
5 89 25 93 36 87 82 95 59 85 55 0 22
10 43 60 61 66 45 60 55 92 25 95 0 50
8 31 79 71 70 87 64 70 61 97 23 0 40
10 28 100 23 37 54 93 46 49 34 22 0 50
5 22 42 86 93 47 70 33 24 84 96 0 22
9 32 77 100 84 34 68 48 34 88 34 0 44
10 93 40 87 83 87 80 47 84 93 29 0 48
5 34 88 82 33 51 44 47 69 34 47 0 24
5 68 70 31 65 84 27 76 29 47 40 0 23
10 63 89 98 80 57 70 75 80 43 36 0 50
6 96 57 96 22 82 83 75 74 50 43 0 26
6 55 83 100 37 82 72 98 58 22 51 0 30
3 27 22 39 34 35 78 77 64 39 86 0 15
2 66 65 81 81 47 83 59 91 92 37 0 10
8 51 58 69 53 86 87 54 94 23 61 0 39
3 57 59 46 37 57 56 89 48 61 58 0 11
4 84 91 25 94 57 43 52 87 76 21 0 20
4 73 34 46 67 96 35 43 55 91 78 0 19
4 26 65 58 35 67 51 24 54 80 75 0 17
8 46 50 48 75 29 38 42 62 53 26 0 40
4 30 93 29 49 71 85 23 72 99 52 0 18
4 93 37 62 85 86 81 33 84 85 58 0 18
8 32 61 45 69 96 57 91 93 53 62 0 40
5 83 53 25 78 63 30 50 52 88 55 0 25
5 85 33 22 92 34 74 68 32 67 90 0 24
5 92 23 55 46 93 38 68 48 80 98 0 24
9 96 65 61 41 58 33 77 42 71 39 0 41
3 61 39 49 24 52 79 92 70 29 96 0 15
4 30 27 97 86 30 62 74 22 41 34 0 18
3 36 61 39 52 44 69 86 56 59 25 0 11
3 62 24 40 50 67 60 77 42 31 85 0 12
3 69 89 73 41 25 20 87 73 96 58 0 15
7 61 44 69 45 78 95 41 77 100 67 0 31
7 62 28 90 93 43 30 72 44 32 40 0 32
3 71 22 50 63 65 53 94 30 55 58 0 13
10 22 34 95 43 35 72 36 99 86 48 0 48
10 70 50 66 78 82 83 95 43 90 99 0 49
6 80 56 58 64 26 73 26 75 24 76 0 27
3 96 29 50 64 26 82 24 26 51 80 0 12
5 73 84 53 78 32 62 33 99 96 71 0 21
6 89 52 43 84 47 86 60 34 88 45 0 29
5 65 73 65 68 65 82 82 41 32 90 0 24
2 85 64 57 30 97 64 46 30 49 30 0 10
4 58 59 49 92 59 21 61 23 44 47 0 20
4 66 81 68 70 25 94 66 88 31 93 0 20
4 35 91 82 59 37 56 70 26 78 46 0 18
2 44 66 73 54 59 97 97 22 64 71 0 10
4 70 31 75 69 81 95 37 37 23 72 0 16
4 27 66 79 65 91 53 47 71 36 36 0 16
9 40 80 25 83 68 49 26 87 48 54 0 42
3 52 60 53 30 71 78 43 100 98 91 0 14
5 87 32 75 59 92 50 72 57 63 22 0 22
5 92 71 96 62 90 29 47 38 52 81 0 21
10 66 37 24 88 61 90 85 94 48 44 0 46
8 40 25 79 32 25 60 51 67 72 58 0 39
10 91 32 58 28 34 54 98 99 28 23 0 49
4 93 40 70 51 55 31 80 100 94 95 0 17
6 91 47 37 28 99 81 94 47 100 65 0 28
5 96 84 65 61 98 31 79 42 59 75 0 22
10 62 78 100 58 61 41 22 28 64 70 0 50
9 46 46 82 80 26 75 90 93 68 71 0 42
6 96 43 72 98 61 33 80 44 53 54 0 27
6 24 71 83 27 93 29 51 85 21 23 0 29
8 42 63 24 37 36 65 40 33 55 56 0 38
4 99 76 48 67 30 87 79 66 68 76 0 16
8 71 26 38 97 52 39 53 79 32 36 0 36
8 52 30 84 97 32 55 37 80 37 75 0 36
10 31 42 57 55 97 56 40 86 43 95 0 50
7 56 39 34 53 85 44 60 74 26 33 0 32
5 54 69 89 41 91 51 91 41 69 72 0 25
10 94 72 48 60 56 49 80 34 60 58 0 46
4 98 32 54 60 59 91 54 59 32 33 0 20
10 95 49 83 98 95 71 56 30 30 87 0 49
8 58 97 21 59 63 89 73 98 96 100 0 37
5 100 33 23 22 73 97 36 49 63 77 0 24
10 100 80 93 37 44 51 40 44 51 44 0 47
10 57 89 54 26 34 52 28 35 97 44 0 46
5 87 83 52 49 97 78 76 53 42 33 0 25
3 99 29 34 82 57 48 66 82 70 27 0 14
8 20 38 57 57 22 85 32 74 52 23 0 38
4 39 25 64 95 30 46 65 42 66 93 0 19
7 38 40 30 28 64 97 69 31 90 86 0 33
10 62 44 58 84 71 30 91 21 57 21 0 49
10 33 64 74 53 23 88 59 90 73 66 0 50
9 52 55 53 73 27 45 57 76 61 72 0 45
9 24 83 24 75 73 45 94 96 92 87 0 43
3 34 85 37 49 70 87 54 39 66 52 0 12
3 91 46 53 36 20 77 82 80 36 73 0 12
6 24 29 92 92 86 21 93 68 44 95 0 27
4 64 70 42 29 94 31 44 43 57 82 0 20
2 46 45 49 26 29 59 32 62 27 48 0 10
7 60 33 25 48 84 59 84 98 66 58 0 35
6 88 63 99 51 94 68 95 88 49 34 0 28
7 95 98 93 94 89 50 85 57 47 80 0 32
7 41 47 44 61 32 60 87 22 89 83 0 34
10 71 28 73 97 60 92 81 31 47 24 0 50
7 36 26 45 95 60 38 49 83 58 97 0 33
6 76 24 69 96 35 59 39 49 26 93 0 29
8 37 22 74 74 57 96 75 100 94 74 0 36
7 68 84 92 90 95 87 51 48 50 25 0 33
7 33 87 90 84 44 91 29 41 69 26 0 33
9 65 71 46 81 38 27 43 25 73 71 0 45
9 89 35 60 74 78 28 42 62 59 53 0 42
31 50 36 41 42
102 158 182 245 262
108 142 204 228 265
134 156 213 229 276
108 144 198 220 285
113 162 202 244 282
128 173 204 256 285
128 174 193 222 276
102 168 187 222 275
130 152 187 225 265
137 168 182 246 263
107 166 196 231 267
116 141 192 243 289
135 159 202 237 300
104 170 204 220 290
140 172 183 232 265
103 165 203 239 268
122 141 180 220 283
131 145 197 228 296
110 141 199 233 263
120 144 213 240 285
116 177 217 254 264
126 157 199 252 278
106 144 204 232 288
130 154 204 229 300
100 180 209 251 281
113 172 210 220 260
134 147 212 222 274
127 154 183 243 297
124 149 208 234 280
109 142 196 233 288
134 141 193 244 276
136 177 200 239 285
135 172 198 257 290
103 166 220 237 266
113 172 194 231 294
100 167 182 244 296
138 142 194 236 261
122 154 190 237 279
139 153 184 223 295
120 174 219 254 275
122 148 180 251 268
127 167 189 222 267
123 154 195 235 299
121 162 211 240 261
107 164 205 252 267
109 171 211 258 298
116 159 192 228 265
139 176 206 252 294
100 167 192 237 282
114 144 219 244 264
123 150 198 235 290
101 173 213 240 297
101 142 191 254 281
133 145 196 231 277
101 148 202 227 300
106 160 186 241 273
131 173 218 260 260
137 169 181 252 284
111 157 194 249 276
106 162 186 223 275
133 142 187 254 260
128 141 204 258 271
119 154 187 221 299
135 165 190 243 291
117 167 201 239 300
118 162 199 240 297
128 159 186 242 279
119 142 212 253 262
128 177 186 248 262
123 147 186 245 284
130 180 185 251 278
121 151 207 222 278
125 156 210 259 268
107 173 210 231 275
102 166 184 234 281
135 160 186 239 264
133 177 214 231 278
114 166 200 257 283
140 142 195 222 290
128 142 210 247 300
133 176 184 244 283
100 161 195 238 267
123 178 193 236 269
115 153 216 252 269
106 147 202 228 285
138 147 215 257 263
122 175 204 223 288
119 180 195 249 293
128 143 199 223 273
128 170 184 245 270
101 166 185 225 280
106 154 188 233 273
136 143 217 224 298
110 145 218 244 284
102 161 196 234 265
134 159 212 244 298
136 168 200 247 278
128 141 181 223 278
130 160 210 226 264
111 142 199 238 262
111 149 190 248 266
133 172 219 228 273
111 170 206 242 284
119 164 187 244 295
123 164 211 225 299
119 177 182 256 297
116 143 214 220 296
134 164 190 259 293
124 154 200 220 276
118 159 206 226 298
117 149 195 255 260
113 180 219 256 267
107 169 211 239 263
110 149 204 259 274
127 148 219 251 271
131 158 189 220 292
135 140 190 253 285
109 160 190 247 272
103 169 214 237 275
132 147 214 234 286
110 171 181 231 291
113 156 217 256 284
120 140 197 224 274
117 144 208 251 298
140 176 205 246 270
105 142 199 255 288
108 156 219 244 282
129 142 182 233 273
125 169 199 220 272
138 144 201 258 290
135 148 211 256 284
122 165 201 232 278
129 147 180 246 278
111 176 194 230 292
105 163 188 260 290
129 154 204 227 283
109 171 190 247 278
100 172 211 245 276
112 174 194 236 296
107 175 199 258 294
138 152 208 234 275
105 157 219 233 265
136 146 199 220 292
127 148 189 252 275
110 149 213 251 268
130 173 189 239 295
109 176 186 240 262
127 140 217 237 278
123 145 218 231 283
140 159 209 248 300
134 160 193 254 273
140 172 209 243 260
109 160 190 240 268
106 176 214 227 284
109 162 180 220 298
126 140 198 224 262
111 175 203 256 285
117 158 207 241 261
109 146 180 241 269
140 178 200 220 294
108 143 195 253 291
115 179 183 225 285
140 165 196 257 296
121 177 212 259 280
104 145 207 244 261
109 162 212 259 290
128 170 205 247 263
104 175 192 253 279
125 180 204 222 277
116 176 201 259 290
140 170 192 256 295
131 174 191 244 279
118 173 217 234 298
114 164 183 243 271
122 149 219 239 293
104 148 209 224 268
101 175 212 257 282
140 155 186 258 296
136 163 193 253 290
102 140 207 243 267
101 167 189 251 270
109 163 210 237 275
128 180 204 233 270
136 163 193 240 265
120 153 195 220 293
133 153 185 247 275
123 156 216 255 264
136 177 211 221 284
122 173 184 250 269
120 155 212 254 299
108 168 214 245 287
133 175 208 245 264
136 144 207 254 280
112 164 191 231 283
122 164 188 235 281
113 154 196 229 263
135 140 193 244 272
102 154 182 245 282
117 169 217 229 300
125 178 182 235 268
2042 3162 3642 4902 5242
2918 3836 5510 6158 7157
1878 2186 2984 3208 3866
5402 7202 9902 11002 14252
1584 2270 2830 3418 3950
1666 2251 2654 3330 3707
5122 6962 7722 8882 11042
1940 3194 3555 4220 5227
6242 7298 8978 10802 12722
2057 2522 2732 3692 3947
3640 5646 6666 7856 9080
5106 6206 8450 10694 12718
2162 2546 3234 3794 4802
2706 4422 5306 5722 7542
6582 8086 8603 10906 12457
1135 1817 2235 2631 2950
5980 6911 8822 10782 13869
2622 2902 3942 4562 5922
2532 3245 4579 5361 6051
4562 5474 8096 9122 10832
3714 5666 6946 8130 8450
6176 7695 9753 12350 13624
3394 4610 6530 7426 9218
4422 5238 6938 7788 10202
3402 6122 7108 8536 9556
4522 6882 8402 8802 10402
3754 4118 5938 6218 7674
1526 1850 2198 2918 3566
1738 2088 2914 3278 3922
1855 2416 3334 3963 4898
1476 1553 2125 2686 3038
3130 4073 4602 5499 6557
6752 8602 9902 12852 14502
2371 3820 5062 5453 6120
3279 4990 5628 6701 8528
3102 5179 5644 7566 9178
2072 2132 2912 3542 3917
3296 4160 5132 6401 7535
4033 4439 5338 6469 8557
3362 4874 6134 7114 7702
1344 1630 1982 2763 2950
5717 7517 8507 9992 12017
3323 4160 5267 6347 8075
2664 3566 4644 5282 5744
2570 3938 4922 6050 6410
5452 8552 10552 12902 14902
5802 7952 9602 11402 13252
6952 8802 10302 12602 14702
2702 4511 5186 6401 7616
2282 2882 4382 4882 5282
4676 5702 7526 8932 11022
1517 2597 3197 3602 4457
3032 4262 5732 7622 8432
1864 2032 2746 3236 3880
4446 6514 8890 9990 13202
1804 2722 3164 4099 4643
6552 8652 10902 13002 13002
2057 2537 2717 3782 4262
2222 3142 3882 4982 5522
1274 1946 2234 2678 3302
1731 1848 2433 3304 3382
5890 6488 9386 11870 12468
4762 6162 7482 8842 11962
6212 7592 8742 11180 13388
1172 1672 2012 2392 3002
4840 6644 8161 9842 12179
2434 3023 3536 4600 5303
3215 3836 5726 6833 7076
5506 7613 8000 10666 11268
3077 3677 4652 6127 7102
5592 7742 7957 10795 11956
2301 2871 3935 4220 5284
5502 6866 9242 11398 11794
3212 5192 6302 6932 8252
3368 5480 6074 7724 9275
3647 4322 5024 6455 7130
1332 1772 2142 2312 2782
4562 6642 8002 10282 11322
6442 6534 8972 10214 13342
4738 5256 7772 9141 11102
1864 2466 2578 3418 3964
4002 6442 7802 9522 10682
1355 1960 2125 2598 2961
4832 6428 9074 10586 11300
4454 6176 8486 9578 11972
1520 1619 2367 2829 2895
2564 3677 4286 4685 6050
2977 4502 4877 6227 7327
2050 2290 3186 3570 4370
5122 6802 7362 9802 10802
3436 5646 6292 7652 9522
1062 1542 1882 2332 2732
2722 2862 4342 4482 5962
4182 5512 8286 9274 10794
3368 5315 6470 7724 8747
2816 3341 4454 5126 6260
4082 5042 6002 7412 8342
2818 3104 3984 4908 6118
6502 8002 10502 11302 13202
4442 5682 7962 9522 10482
5552 7452 9502 12402 13302
2928 3786 4820 5018 6008
4886 7482 9066 10650 12498
5714 7874 8978 11714 14162
2954 3938 5066 5402 7178
2739 4073 4188 5890 6833
5802 7152 10702 11002 14802
3486 4266 4942 6736 7620
3722 4622 6002 6602 8282
1772 2387 3092 3392 4472
1172 1492 1952 2552 2602
4409 7022 8543 9986 10415
1179 1861 2323 2631 2895
2202 2982 4082 5182 5482
2415 2814 4163 4771 5151
2229 2688 3215 3742 4966
5402 5602 7602 10122 11402
1964 2882 3422 4448 4898
1856 3044 3854 4268 4952
5282 5882 8562 9362 11442
2752 4277 4527 5777 7277
2714 3746 5210 6146 6818
2882 3362 4730 5378 6578
4799 5906 8530 10293 12220
2102 2642 3077 3692 4052
1892 2558 3584 4592 5186
1190 1718 2411 2686 3104
1550 1706 2186 2798 3278
1877 2537 2987 3302 4082
4280 4466 6233 8000 8992
4322 4738 6754 8194 9090
1588 2147 2615 3018 3616
6194 7058 8642 11810 13346
5441 8626 9508 11272 14310
2837 4403 5078 7022 7832
1550 1850 2450 2726 3398
2291 3593 3992 5189 5840
2902 4990 6121 7107 8006
2690 4178 4658 5666 7106
1072 1752 1992 2582 2942
2762 3042 4162 4682 5502
2102 3142 4382 4662 5302
2450 2630 3584 3962 5258
1272 1482 1892 2522 2752
1762 2386 3410 4018 4290
2082 2770 3026 3826 4722
4580 7394 7814 10082 11006
1780 1962 3040 3320 3894
2708 3192 4798 5084 6228
2942 3341 4391 5210 6302
6166 7362 8880 11686 12560
5462 6710 8153 9479 10142
5343 7842 9312 11762 13134
1804 2994 3640 3861 4830
3054 4538 5042 6162 8346
2774 3082 4358 4930 5766
5552 8752 10152 12802 14252
4916 6638 8696 10124 10964
2945 3944 4862 6509 7265
4062 5164 5802 6382 8528
4106 5436 7412 9616 11060
1842 2866 2930 3602 4562
5042 5942 7058 9254 10658
4358 6374 7634 9326 10082
5202 7252 10352 12202 13052
3490 5186 6786 8290 9282
3202 4252 5127 6177 6577
4786 8052 8834 11640 12836
2502 3602 4082 4442 5542
5686 8626 9851 12693 14212
5182 6292 7106 9474 10917
3146 4178 4586 5858 6698
5548 8133 10201 11000 14008
5246 7546 8420 11180 12468
3052 3727 5477 5977 7327
1458 2074 2928 3138 3754
3840 6652 8058 9768 10718
2662 2947 3536 4904 5626
4490 5381 6371 8351 9572
5000 6862 10145 11909 13085
5052 8352 9452 12552 13502
4907 7337 9452 10667 12377
5506 7742 8774 10021 11612
1634 1958 2318 2882 3182
1442 1838 2342 2642 3518
3593 4133 4997 6671 7427
2462 3122 4322 5102 5282
1362 1772 2112 2212 2842
4272 6057 6442 8752 9417
3362 4342 5938 7114 8374
3458 5378 6850 7842 9186
4524 5952 7074 8332 8978
6802 7202 10352 12702 14002
3698 5414 6305 7625 9341
3540 4758 5454 6817 8151
4070 5546 7058 8246 9470
4457 4622 6371 8054 8978
3368 5084 6008 8087 9308
5267 7607 9767 10307 13502
5252 7478 7646 9872 11258
