200 10 5
7 74 71 41 70 44 95 99 24 67 86 0 31
3 22 94 45 65 50 51 21 61 35 41 0 11
8 41 87 22 21 76 44 58 49 92 38 0 36
7 23 92 96 52 51 57 24 41 39 67 0 31
5 43 60 58 96 78 61 71 92 36 76 0 22
3 49 54 54 50 22 95 72 89 63 63 0 12
8 66 52 26 34 99 87 73 45 77 40 0 37
3 24 92 47 79 84 29 63 23 58 35 0 14
10 54 79 37 67 46 82 34 72 59 95 0 47
6 80 22 28 71 72 75 96 62 99 47 0 30
7 90 44 90 90 39 43 34 39 62 92 0 32
6 58 50 95 96 51 33 58 99 97 99 0 27
10 76 87 82 41 22 70 35 81 27 36 0 50
4 27 69 85 62 28 45 61 21 44 42 0 16
5 63 93 96 26 49 82 42 24 87 76 0 21
3 61 80 87 65 64 35 24 27 64 65 0 12
7 49 53 92 89 99 39 36 27 55 71 0 33
5 23 45 78 25 83 42 87 71 22 95 0 22
8 44 42 33 39 23 64 75 85 27 100 0 38
8 44 85 58 89 80 24 53 42 95 99 0 38
4 26 55 27 39 98 95 25 76 23 67 0 19
5 49 62 22 68 32 36 98 92 42 42 0 24
10 82 27 77 100 45 34 47 90 89 76 0 50
9 72 44 47 31 48 82 90 94 61 34 0 45
6 67 59 30 77 31 68 77 22 23 78 0 26
8 27 73 76 86 45 35 89 34 66 23 0 36
6 78 85 94 63 55 86 77 98 87 43 0 27
3 59 46 34 22 90 74 51 84 94 36 0 13
4 36 97 55 55 73 37 27 27 96 63 0 17
10 64 51 80 45 30 32 65 92 38 82 0 50
10 98 47 95 44 66 96 50 78 38 98 0 47
7 39 86 26 93 54 90 26 58 23 43 0 35
3 42 36 79 34 22 87 88 89 74 88 0 13
6 45 33 69 71 90 39 89 21 57 61 0 27
5 58 58 46 67 94 58 51 41 89 22 0 25
10 68 45 69 88 52 78 45 74 61 60 0 46
6 29 48 26 35 83 99 43 96 70 51 0 27
9 33 37 87 41 48 93 98 72 73 96 0 43
9 24 52 51 85 50 66 81 22 85 67 0 45
6 56 97 42 31 25 64 76 75 24 89 0 28
5 36 98 26 28 58 46 62 42 69 68 0 21
7 48 79 83 35 79 82 49 39 28 55 0 35
7 71 62 48 96 89 81 92 56 35 71 0 34
9 94 73 60 30 32 46 98 30 40 86 0 44
5 58 86 67 35 47 33 59 87 36 58 0 24
8 40 37 60 29 58 78 52 45 22 45 0 38
8 97 68 48 85 42 38 74 94 50 31 0 40
3 58 39 63 80 37 70 27 99 71 82 0 15
6 90 44 89 38 28 30 97 56 46 21 0 30
7 20 98 70 47 95 73 56 58 78 56 0 35
8 47 50 47 30 60 58 23 51 29 75 0 40
9 41 65 71 100 28 69 56 50 40 99 0 41
5 61 94 94 42 55 91 54 46 80 47 0 24
4 82 57 70 66 28 70 57 45 45 20 0 19
3 27 76 58 77 37 47 98 53 46 67 0 15
5 50 62 71 78 74 95 68 22 92 29 0 25
9 84 49 58 58 28 45 48 58 30 38 0 45
4 42 75 57 87 98 36 23 97 69 47 0 16
9 65 47 48 58 66 21 49 54 88 23 0 41
3 52 89 53 98 42 67 97 50 32 67 0 11
10 41 29 55 72 92 82 90 45 28 64 0 50
9 72 75 75 81 91 58 52 66 26 45 0 45
9 89 73 79 82 96 24 91 85 59 21 0 41
5 85 95 91 59 21 26 58 43 93 61 0 23
7 43 76 69 64 45 48 81 21 29 48 0 33
9 51 97 48 98 54 77 79 68 28 58 0 42
3 83 82 82 48 32 94 52 34 91 84 0 15
10 68 66 67 50 24 98 30 63 21 81 0 47
8 54 33 40 78 27 54 53 73 93 76 0 37
5 25 57 72 45 56 40 85 55 31 26 0 22
10 26 48 98 50 43 77 48 61 94 48 0 46
6 79 51 59 62 69 65 83 45 60 75 0 27
6 83 69 38 95 90 34 57 90 87 93 0 30
4 37 97 28 67 55 36 99 97 92 57 0 16
4 90 78 32 83 29 54 67 81 70 62 0 19
9 68 51 26 77 59 28 36 21 38 74 0 45
5 65 62 31 57 52 69 47 98 27 70 0 24
10 41 89 24 85 32 74 25 82 99 90 0 50
8 58 34 68 78 68 92 31 56 79 84 0 40
10 45 39 68 26 41 76 69 45 68 87 0 48
8 37 96 60 52 95 61 32 94 69 83 0 40
10 23 30 64 21 85 21 72 80 91 34 0 50
4 87 84 93 41 67 26 44 30 49 24 0 19
6 43 53 50 80 68 52 66 60 51 41 0 29
3 55 68 88 33 91 63 50 57 99 79 0 12
5 100 21 30 67 49 38 99 24 35 30 0 22
8 30 23 68 47 57 65 48 46 23 79 0 39
7 31 70 44 83 92 93 42 74 87 66 0 32
9 54 77 33 37 68 92 58 94 76 66 0 43
7 62 44 58 75 76 76 28 56 83 31 0 32
9 66 26 64 35 97 69 80 58 65 63 0 42
10 62 42 82 77 52 20 31 67 42 65 0 49
6 47 97 25 63 60 29 97 81 62 84 0 30
7 62 93 69 83 44 52 72 25 78 38 0 34
9 30 39 87 93 61 35 84 65 58 94 0 43
3 37 74 99 80 43 57 43 26 87 34 0 14
9 94 42 82 61 92 65 85 47 37 76 0 42
6 22 81 35 42 74 22 73 61 42 42 0 28
9 76 33 64 78 99 79 87 56 57 76 0 45
10 26 65 85 54 79 32 74 36 95 34 0 46
8 56 25 45 37 93 28 41 71 77 70 0 40
4 96 38 69 21 60 32 98 41 77 97 0 17
7 46 88 49 48 29 84 70 80 68 72 0 31
8 59 70 47 57 90 67 41 95 79 74 0 40
8 55 53 90 100 55 54 89 49 90 46 0 38
3 50 32 71 84 47 20 79 30 83 38 0 15
8 65 68 92 96 71 88 93 98 98 32 0 37
9 61 92 23 92 65 61 29 43 75 38 0 44
10 52 49 47 59 32 37 75 20 42 84 0 49
9 89 91 67 42 59 87 65 77 69 21 0 45
5 87 52 28 91 63 64 32 67 37 92 0 21
9 87 70 43 41 96 30 81 27 60 89 0 43
8 30 31 35 96 74 75 54 45 58 30 0 36
7 61 44 99 29 59 72 40 44 85 77 0 33
9 50 91 46 83 79 71 29 94 90 23 0 41
8 22 52 77 50 68 91 37 28 20 76 0 38
9 80 80 87 84 26 39 30 87 63 83 0 43
9 38 90 68 62 93 93 96 28 59 76 0 43
4 45 97 21 54 80 41 80 39 86 64 0 20
7 56 34 24 82 71 30 39 41 42 75 0 35
3 66 70 45 31 67 46 51 86 32 35 0 12
7 22 89 78 78 83 94 31 49 32 94 0 31
3 86 56 76 73 98 87 24 52 77 72 0 11
4 73 59 91 99 32 71 56 52 39 29 0 18
8 62 73 26 95 82 51 35 75 95 31 0 40
4 22 74 55 74 30 65 87 99 33 80 0 19
10 44 30 79 94 30 96 22 26 33 47 0 46
4 34 89 98 85 30 84 42 78 32 84 0 16
6 43 23 47 63 41 98 49 29 95 86 0 30
7 46 31 37 61 82 91 68 70 79 51 0 35
4 27 58 26 71 26 60 71 90 38 44 0 18
4 75 34 33 49 67 73 96 78 73 28 0 16
9 72 76 42 24 23 52 33 89 33 24 0 41
6 45 61 66 30 63 96 39 78 34 90 0 30
7 59 52 53 99 63 76 57 22 87 78 0 33
10 32 51 59 91 55 30 44 50 81 23 0 49
8 57 30 70 92 52 47 36 78 54 54 0 40
2 27 40 97 42 27 73 76 92 75 50 0 10
9 23 49 48 59 98 96 58 48 64 94 0 44
2 60 62 98 46 78 57 66 31 92 64 0 10
10 80 50 24 93 55 50 77 33 43 26 0 46
7 28 34 20 89 76 71 88 31 31 88 0 34
3 76 40 27 95 78 26 54 55 59 84 0 13
3 91 35 82 78 92 43 58 71 33 23 0 13
4 24 54 21 77 98 25 46 49 92 35 0 16
3 44 46 75 37 43 81 91 68 87 30 0 14
6 72 75 52 21 80 26 51 39 33 72 0 29
10 55 79 96 28 50 72 96 38 78 43 0 46
6 46 72 68 41 38 29 56 26 53 54 0 28
3 80 37 78 63 68 76 70 40 21 56 0 15
6 88 92 65 37 59 93 27 76 79 64 0 30
9 21 85 39 38 65 45 80 90 78 28 0 42
8 63 76 99 28 71 63 49 31 94 54 0 38
6 59 81 24 90 26 23 97 67 52 54 0 29
3 51 51 75 31 61 58 67 54 35 88 0 11
9 83 70 50 86 79 61 66 82 53 63 0 45
8 43 26 62 93 27 49 63 21 100 64 0 38
4 66 78 54 35 26 37 63 49 42 70 0 20
7 83 45 28 69 44 32 85 34 50 59 0 35
6 83 58 98 41 34 42 75 81 80 33 0 28
2 90 52 43 38 75 76 72 89 57 89 0 10
9 89 79 60 25 72 76 28 61 26 60 0 42
9 52 43 97 22 38 23 51 99 99 95 0 42
3 61 86 67 67 73 61 20 84 38 51 0 15
10 49 73 83 91 62 29 42 42 77 88 0 50
3 85 74 26 37 53 77 95 52 59 28 0 15
9 61 90 28 68 35 97 38 89 91 36 0 44
9 99 95 68 33 84 94 64 34 91 29 0 43
9 45 75 62 86 96 80 75 64 25 86 0 42
9 58 75 31 72 50 82 54 33 47 78 0 45
8 33 43 78 96 42 84 28 72 31 86 0 36
3 56 28 40 58 50 37 48 51 77 48 0 14
6 43 28 99 86 54 71 46 67 72 95 0 27
3 65 53 70 56 62 95 35 75 51 29 0 14
8 24 53 72 86 53 47 32 60 96 53 0 36
7 76 45 61 22 66 95 35 35 64 91 0 34
9 42 32 86 37 48 84 36 29 98 78 0 41
8 50 77 39 80 32 60 66 54 37 55 0 39
10 72 86 78 60 66 28 45 33 60 20 0 48
7 80 96 30 98 64 94 59 66 72 67 0 33
6 72 70 75 39 25 81 32 41 90 93 0 26
8 34 76 46 25 31 29 34 75 91 68 0 38
6 50 99 91 71 40 85 44 74 74 35 0 30
4 44 21 61 46 82 54 72 97 52 85 0 20
4 86 77 66 67 29 58 80 31 52 85 0 18
10 72 99 39 74 86 41 54 84 28 80 0 49
8 73 52 96 49 92 80 75 42 74 62 0 39
4 49 54 36 84 44 35 29 92 32 74 0 17
5 31 54 95 46 31 42 88 90 65 36 0 24
8 65 61 21 57 79 24 99 66 39 57 0 36
7 97 30 97 34 93 51 44 89 22 80 0 34
3 55 29 70 32 28 95 33 74 91 82 0 13
3 73 89 70 65 68 29 75 87 27 53 0 13
7 73 66 93 33 39 64 28 38 58 74 0 32
9 62 94 36 88 56 66 90 83 76 41 0 45
9 59 63 66 25 99 93 35 46 57 27 0 43
8 43 23 98 76 25 36 50 85 84 87 0 40
8 77 55 72 45 95 46 43 85 55 27 0 40
6 78 75 45 88 43 27 71 68 79 34 0 29
5 26 78 84 73 75 27 38 91 23 74 0 25
54 36 48 29 34
120 157 209 254 286
108 177 208 257 296
116 140 214 239 284
111 155 201 239 296
118 171 199 260 279
119 170 181 227 265
113 144 217 231 275
115 165 220 239 289
132 164 193 229 294
117 175 213 241 270
138 173 184 230 293
125 163 216 223 260
113 169 189 238 281
130 157 212 253 261
128 151 201 258 268
109 171 196 243 290
140 178 184 229 296
136 141 209 250 265
131 156 208 254 269
109 151 184 234 287
129 142 191 248 284
112 165 200 254 292
118 178 204 239 298
105 173 205 224 295
136 146 203 250 299
139 144 197 240 300
109 165 194 234 273
118 165 197 243 298
129 156 215 232 284
125 147 182 246 266
124 161 195 237 278
133 155 187 246 281
100 156 182 233 263
135 177 195 232 281
131 175 208 239 282
130 172 202 256 300
135 149 215 232 285
118 177 201 236 267
120 154 190 239 277
130 140 191 240 285
103 155 207 254 281
109 177 190 251 264
140 164 213 257 296
109 140 220 238 278
132 163 195 223 277
115 151 215 254 272
126 159 208 224 265
140 149 205 256 265
130 166 212 226 285
119 141 184 245 291
125 177 207 225 279
138 165 205 224 291
124 143 198 251 275
111 160 187 232 298
133 155 205 236 293
106 170 201 227 278
109 170 215 260 292
102 164 203 221 294
117 150 197 246 274
121 147 188 231 276
132 151 182 252 289
129 180 183 232 294
120 144 216 253 283
123 176 192 228 274
123 142 217 222 288
118 166 183 222 295
129 169 219 244 293
114 168 219 228 273
137 141 187 259 269
103 146 184 238 299
124 161 215 257 295
132 167 200 221 263
121 168 200 258 265
129 166 191 241 265
135 143 182 232 270
121 175 199 248 284
133 161 181 248 294
117 157 187 260 285
119 156 193 245 293
104 163 185 244 273
140 149 210 260 292
103 165 202 234 282
139 173 210 229 261
119 144 195 223 299
129 176 180 231 261
117 158 213 240 271
112 153 210 223 276
117 150 205 228 296
126 148 220 249 296
138 146 217 258 269
134 151 208 239 281
136 180 208 235 276
124 160 212 221 300
115 146 180 222 289
123 158 217 222 260
126 167 206 245 291
135 173 183 235 292
136 145 191 223 270
106 167 213 258 269
128 167 188 224 280
107 171 196 242 300
130 141 205 253 266
105 162 198 244 263
130 170 183 234 268
108 161 205 251 272
102 168 192 255 292
100 152 213 240 261
139 166 202 245 278
105 153 210 228 292
135 156 180 224 279
134 140 211 221 262
104 140 207 228 290
116 157 197 258 267
133 159 184 246 261
121 178 214 253 288
100 153 218 249 289
104 145 197 239 278
111 172 180 257 276
118 146 193 229 289
116 150 180 220 279
119 172 184 242 262
114 140 198 245 282
107 170 210 232 298
118 152 208 226 268
107 167 209 232 275
125 156 210 253 288
121 178 200 251 283
118 178 181 221 292
100 144 180 221 272
119 173 207 244 272
139 144 203 243 270
107 158 185 259 272
115 151 195 246 278
135 148 196 233 269
110 152 206 252 287
135 159 196 249 287
105 173 193 259 289
139 149 210 259 268
102 142 206 220 290
108 149 202 221 299
121 179 219 248 282
136 143 210 257 299
102 174 183 257 289
129 148 217 252 286
124 147 198 234 260
118 144 199 223 284
139 161 220 255 283
108 180 216 237 285
136 173 220 244 274
116 163 198 242 280
126 180 219 232 267
140 166 193 244 265
113 173 212 228 297
139 142 215 235 284
131 178 200 221 261
100 147 184 243 295
110 179 196 243 294
127 171 202 255 276
115 179 194 254 274
103 152 180 244 277
121 171 194 244 272
112 175 183 223 294
102 153 214 244 270
124 161 202 229 270
102 172 184 253 281
129 152 202 254 286
116 148 220 226 277
135 148 207 228 265
140 167 206 250 299
131 173 188 254 279
107 144 193 260 272
126 157 187 237 275
134 174 216 257 261
117 166 219 247 265
115 176 215 225 276
122 155 214 231 263
131 161 194 254 266
129 148 183 229 282
102 156 211 225 274
101 168 213 247 296
100 169 182 241 272
102 151 208 254 286
105 145 182 249 282
100 174 181 260 271
107 146 219 245 270
133 167 180 255 263
135 160 211 235 286
119 164 185 224 267
131 168 198 248 279
114 162 209 225 291
121 151 181 236 263
126 144 211 251 291
127 153 220 247 298
112 163 204 225 272
100 141 180 246 281
124 142 215 227 262
139 149 186 231 274
126 150 188 259 262
100 165 186 227 293
111 150 189 224 292
3816 4993 6647 8078 9095
1273 2086 2452 3029 3489
4272 5156 7881 8802 10459
3532 4932 6396 7605 9419
2691 3899 4537 5928 6361
1530 2185 2327 2918 3406
4276 5449 8211 8741 10406
1702 2442 3256 3537 4277
6311 7841 9228 10949 14057
3605 5392 6562 7425 8318
4528 5676 6037 7546 9613
3479 4537 6012 6207 7237
5744 8590 9607 12098 14283
2186 2640 3564 4253 4388
2793 3295 4385 5629 5847
1397 2191 2512 3114 3716
4732 6017 6219 7740 10005
3104 3218 4770 5705 6048
5084 6054 8072 9857 10439
4235 5867 7149 9091 11150
2558 2816 3787 4917 5631
2778 4093 4961 6300 7243
5994 9041 10362 12139 15136
4811 7927 9393 10264 13517
3644 3912 5439 6699 8012
5116 5300 7251 8833 11042
3035 4594 5402 6515 7601
1629 2278 2720 3355 4114
2298 2778 3829 4132 5058
6357 7475 9255 12509 13526
5931 7700 9326 11335 13296
4764 5552 6699 8812 10065
1388 2165 2526 3234 3650
3754 4922 5422 6451 7813
3379 4514 5365 6165 7274
6081 8046 9449 11975 14033
3754 4144 5979 6452 7926
5171 7757 8808 10342 11701
5501 7059 8709 10955 12697
3749 4037 5507 6920 8218
2248 3383 4517 5543 6132
3906 6342 6808 8993 9459
4868 5702 7406 8935 10291
4887 6277 9864 10671 12464
3278 4048 4842 5537 6878
4464 5861 8346 9859 10558
5146 6493 8494 9148 10822
2214 2356 3241 4047 4190
4005 5114 6531 6962 8780
4265 5053 6594 8780 10429
5102 7224 8448 9183 11386
5769 6898 8570 9364 12165
3079 3551 4916 6232 6828
2202 3173 3709 4601 5910
2102 2450 3240 3730 4631
2739 4392 5193 5865 7183
4991 7784 9844 11904 13369
1717 2761 3418 3721 4949
4895 6275 8242 10291 11463
1435 1743 2229 2738 3272
6708 7674 9249 12806 14686
5909 8245 8383 10627 13467
5017 6021 9031 10578 11832
2931 4194 4575 5433 6529
4161 4804 7341 7510 9743
5055 7111 7839 9509 12636
2036 2667 3456 3850 4623
5452 8034 10473 10903 13055
5183 5334 7074 9797 10176
2354 3336 4204 5438 6831
5801 7532 10058 12023 13800
3675 4649 5567 6152 7321
3729 5177 6163 7950 8165
2171 2794 3214 4056 4460
2681 2839 3614 4606 5361
5542 8015 9114 11359 13007
3300 3994 4490 6152 7294
5946 7978 9503 13212 14483
4857 6368 7878 10000 11959
5081 7962 9037 11919 13336
5710 6077 8564 10603 11908
5236 8388 10268 11895 14335
2754 3428 4161 4537 5171
3551 4297 5819 6654 8922
1657 2260 2312 2966 3352
2671 3606 4861 5477 6185
4463 6096 8367 8885 10997
3841 4924 6729 7484 9716
5518 6481 9634 10904 12962
4527 4789 7118 8462 8823
5737 6465 8905 10232 12030
6772 8963 10357 11702 13743
3820 4930 6531 6809 9242
4010 5090 6276 7740 10075
5392 6927 9513 9732 11398
1864 2471 3048 3625 4305
5779 7406 7834 10060 12500
3924 4184 5511 6434 7790
4856 7651 9758 11819 12323
5995 7821 8805 10491 13113
4367 6979 7999 9876 12243
2318 2514 3654 4510 4742
3344 5159 6306 7770 8375
5309 6942 7473 9555 10944
4193 6251 7959 9745 10560
1613 2657 3037 4033 4618
3785 5754 8062 9084 9879
6227 7437 9049 10976 12454
5233 7624 10465 11362 14551
6189 7152 8252 10269 12790
2928 3059 4610 4829 5724
4561 6139 9077 9997 12716
4272 5782 7255 9501 9833
4500 5380 6226 8324 8831
5056 7437 8941 10570 12033
3882 5939 8462 9665 11217
4561 6359 8639 10481 12191
4865 7538 7889 11263 12096
2460 3043 4023 4773 6024
4161 5381 6457 7891 10008
1528 2209 2363 3107 3364
3630 4458 6304 7801 8979
1264 2008 2480 2740 3519
2224 2865 3920 4259 5051
4369 6819 8534 9473 11228
2475 3088 4157 5009 5701
5663 8330 9359 11746 13243
1986 2996 3046 3720 4914
3090 4449 5561 6828 8404
4262 6195 7413 8738 9740
2617 2711 3821 4574 5082
1802 2661 3115 4361 4580
4811 6317 8158 10291 11630
4163 4564 6044 7185 8295
3720 5140 6966 8522 9705
6723 7919 9761 12401 14293
4285 7060 7876 10569 11793
1502 1610 2268 2798 2895
4576 6370 9240 9868 13008
1171 1615 2190 2396 3241
5661 8374 10246 11602 13193
4731 4975 7305 8940 10401
1410 2404 2529 3551 3993
1780 2042 2994 3477 3946
2090 2478 3337 3944 4382
1752 2138 2955 3311 4217
4139 4794 6551 7593 8427
5055 8424 10109 11092 13338
3915 4980 6333 7024 7887
1836 2579 3133 3829 4430
3881 5545 6746 7146 8224
5994 7108 8264 10447 11346
4385 6713 8226 8847 11525
4144 4233 6409 7005 8466
1550 2106 2366 2614 3087
4585 6740 8436 11141 13525
4269 6946 7606 9429 11408
2642 3557 4201 5303 5740
4118 6410 6947 9095 9812
2973 4387 5195 7042 7994
1310 1850 2099 2640 2943
4798 7496 7839 9552 12593
4370 6554 9167 10452 11566
1964 2549 3198 3626 4275
5185 8743 9353 12860 14283
2039 2402 3192 4014 4520
5201 6635 9863 10132 12419
5918 6488 9074 9995 11617
5989 7143 8812 10694 12789
6000 7924 8611 11634 12779
3942 5305 7111 9579 10021
1870 2330 2775 3516 4080
3724 4835 6002 7142 7253
1733 2459 3244 3658 3925
4234 6480 7916 8284 10161
4250 5400 7455 8047 9161
5478 6733 8113 10622 11123
5140 5897 7292 9125 11237
4983 7621 10307 10991 13385
3414 5679 7200 8349 10005
2686 4538 4887 6471 7304
3960 5862 8075 9861 11103
3240 4474 5615 7683 8701
2084 3625 3771 5417 5646
2015 2750 4124 4614 5085
6627 8321 8968 12705 13104
5373 6368 8398 9353 11383
2125 2929 3304 4000 4768
3249 4167 4911 6151 6920
4198 5965 7696 8285 10715
4219 5265 6310 8228 9169
1739 1988 2913 3465 4017
1751 2110 3033 3405 4108
3679 5353 6700 7390 8933
4587 6467 8256 11283 12889
5437 6227 9427 9953 11488
5677 6085 7596 9434 11190
5145 6125 7677 10576 10699
2985 4925 5552 6775 8745
2870 3878 4886 5791 7548
