200 10 5
7 74 53 100 117 81 106 63 76 69 174 0 35
5 107 157 87 67 65 150 85 136 128 115 0 22
5 193 135 123 151 76 115 149 130 73 138 0 24
4 197 154 112 47 190 60 153 134 43 124 0 19
7 130 101 161 50 89 80 178 192 197 159 0 34
3 83 154 184 91 161 111 105 81 108 149 0 14
6 75 62 103 142 71 57 79 71 45 166 0 30
4 115 172 164 77 173 151 130 72 51 162 0 20
8 43 154 178 128 103 89 99 191 196 170 0 36
3 120 172 92 97 145 161 45 60 46 159 0 12
3 165 175 67 141 100 113 141 44 181 127 0 12
5 63 144 172 134 195 43 113 170 101 68 0 23
3 199 45 42 169 95 188 61 48 58 119 0 11
6 82 94 112 200 186 112 92 135 191 105 0 26
3 88 194 137 189 127 133 44 144 172 116 0 13
9 135 196 147 158 170 81 161 149 168 131 0 41
5 66 174 117 76 82 69 136 102 135 60 0 22
6 150 93 149 57 133 107 76 189 178 50 0 30
5 77 45 127 75 125 63 132 119 174 55 0 23
6 130 148 83 65 115 144 55 180 143 93 0 26
9 180 62 169 57 199 149 110 52 57 127 0 41
8 151 192 69 66 185 87 196 76 109 120 0 39
4 90 85 196 43 65 94 176 67 178 139 0 20
9 127 91 190 122 163 164 69 49 157 44 0 43
9 158 175 63 170 199 96 86 113 78 126 0 44
3 89 95 50 188 119 178 137 196 159 154 0 12
7 85 111 168 92 67 103 125 67 136 110 0 34
7 52 99 59 92 159 86 131 63 70 56 0 35
7 106 165 54 53 88 169 88 144 69 87 0 32
5 170 121 82 163 117 183 140 48 108 81 0 22
9 187 46 187 193 85 180 175 78 138 147 0 43
5 109 92 133 114 87 172 130 65 168 79 0 22
3 159 137 116 198 186 174 154 58 137 162 0 15
10 105 59 172 164 122 155 110 119 153 173 0 48
7 193 44 91 118 128 73 83 123 148 104 0 33
5 86 156 155 52 55 66 93 158 188 45 0 21
8 169 153 66 165 172 78 172 98 85 72 0 40
7 50 55 153 68 72 164 161 192 65 141 0 34
2 145 176 64 105 73 95 153 147 48 124 0 10
8 150 119 198 181 148 57 66 118 55 177 0 39
6 119 54 93 111 177 96 105 121 134 125 0 26
9 161 53 50 124 169 90 133 58 147 188 0 43
4 186 93 53 117 128 99 76 128 52 40 0 19
10 54 92 41 108 49 158 154 190 61 174 0 49
9 163 63 120 158 159 151 192 70 67 105 0 45
4 155 74 135 140 127 149 186 146 109 55 0 18
3 195 178 164 57 60 163 163 43 98 171 0 11
7 106 167 186 125 153 119 134 189 109 90 0 31
7 103 172 121 89 153 63 63 90 121 64 0 32
6 178 46 92 118 119 90 46 170 170 66 0 27
8 97 87 181 181 50 90 97 72 127 128 0 36
7 137 44 81 66 164 58 166 70 168 168 0 32
9 50 173 182 127 175 121 82 154 145 99 0 42
4 199 189 166 131 123 52 125 151 53 155 0 17
2 169 61 99 125 170 59 61 153 112 87 0 10
6 173 59 56 53 88 101 111 50 42 45 0 29
9 135 150 73 59 146 99 136 107 100 117 0 41
9 174 197 132 198 125 147 77 132 105 194 0 43
6 169 133 144 181 176 92 74 61 46 63 0 26
4 113 182 40 159 133 101 52 103 119 110 0 19
9 80 131 112 182 198 52 85 47 133 139 0 44
3 86 68 111 163 79 170 46 118 187 85 0 11
2 131 41 130 48 60 88 91 141 163 50 0 10
5 87 55 113 104 43 168 81 45 76 165 0 23
9 111 127 151 191 177 166 115 133 176 99 0 41
4 107 179 100 91 74 51 132 113 176 88 0 16
3 115 177 57 69 189 74 179 69 187 49 0 12
7 103 157 57 75 144 59 92 65 154 44 0 34
3 122 142 65 170 151 184 93 79 41 75 0 14
7 179 46 62 105 97 73 192 83 141 182 0 34
8 57 53 49 164 46 166 166 121 85 40 0 36
7 159 166 152 75 200 73 97 61 150 142 0 32
7 180 42 69 89 136 61 47 153 115 85 0 33
6 109 50 124 82 102 116 197 193 44 117 0 30
6 196 145 184 94 52 194 135 158 171 183 0 26
7 73 162 166 55 86 144 127 115 122 59 0 32
3 194 49 114 176 128 89 115 152 102 185 0 15
3 93 74 89 46 161 103 44 124 163 132 0 15
10 95 48 140 177 164 172 55 107 200 133 0 48
8 124 61 129 113 100 191 52 200 196 172 0 38
2 99 93 90 75 157 118 105 151 143 194 0 10
4 96 186 200 198 69 176 180 167 71 119 0 17
6 77 120 50 135 162 55 141 108 157 167 0 30
7 50 173 125 176 164 41 85 185 177 54 0 35
4 153 173 107 182 94 98 133 103 166 166 0 20
6 126 196 176 40 102 83 67 111 159 172 0 28
10 113 187 139 128 181 66 95 45 44 83 0 48
7 85 188 58 173 107 103 75 70 72 141 0 32
6 89 69 159 65 97 88 103 156 193 42 0 28
9 187 44 149 88 52 67 200 75 178 87 0 43
4 97 157 185 114 52 75 121 50 174 196 0 20
2 85 147 190 196 91 181 119 76 55 186 0 10
8 78 81 47 132 143 127 141 151 170 133 0 36
6 161 79 156 89 120 76 72 118 71 47 0 27
5 190 54 67 193 48 143 93 173 150 133 0 22
7 74 144 198 100 126 130 174 170 124 151 0 32
9 108 81 161 42 75 182 94 166 159 175 0 43
9 85 157 83 129 51 111 131 182 52 188 0 43
3 87 178 46 51 68 111 171 98 89 190 0 12
10 150 105 71 81 167 59 75 185 59 196 0 47
3 71 78 41 186 122 110 57 68 67 56 0 13
6 182 106 159 170 170 126 180 115 198 73 0 28
8 172 175 160 113 132 85 158 42 78 115 0 36
6 103 42 152 85 199 93 159 79 181 49 0 30
7 139 156 188 151 80 114 61 189 101 88 0 35
9 199 93 184 62 149 59 149 81 133 189 0 41
6 167 118 183 62 155 87 90 76 81 97 0 27
6 44 191 132 95 83 112 89 82 43 107 0 29
9 162 163 44 164 169 134 185 156 144 186 0 42
4 72 192 92 192 89 63 101 111 150 83 0 20
10 189 199 70 77 149 122 81 116 79 116 0 48
4 58 95 42 76 63 46 120 147 147 109 0 20
5 133 120 88 84 192 85 176 178 141 77 0 24
5 155 43 113 128 157 110 87 178 141 193 0 22
5 41 115 136 191 85 164 91 44 68 119 0 23
7 79 180 55 136 175 151 94 95 198 99 0 34
3 128 133 97 70 55 156 69 111 52 55 0 11
6 168 100 122 99 42 176 81 182 81 123 0 29
5 171 46 188 58 195 140 73 44 81 152 0 25
3 195 168 51 186 87 88 118 60 163 77 0 15
5 97 131 154 151 51 195 55 155 72 143 0 24
3 92 114 166 189 123 130 71 148 159 156 0 15
7 151 118 61 133 138 140 73 77 91 159 0 33
8 139 139 121 69 121 123 115 182 57 69 0 39
3 185 105 97 73 64 152 78 180 111 191 0 13
7 48 182 179 79 145 118 168 155 138 151 0 31
4 199 74 192 153 94 76 80 168 151 177 0 18
7 46 161 139 176 118 188 127 83 106 60 0 33
8 194 133 83 199 144 59 89 168 155 158 0 39
4 71 137 41 151 46 131 157 60 65 198 0 16
8 192 172 144 87 173 142 90 181 57 165 0 39
5 113 115 89 166 184 194 147 150 135 72 0 25
7 60 71 42 170 176 192 189 65 128 101 0 33
6 82 198 149 189 184 50 153 135 114 156 0 26
9 119 141 75 43 42 88 78 197 80 72 0 43
9 168 95 41 172 50 190 106 83 56 47 0 41
2 44 139 136 105 184 118 141 141 133 186 0 10
5 159 96 96 90 61 195 146 115 191 85 0 23
8 118 114 109 178 115 47 190 53 195 182 0 40
9 109 110 45 149 45 98 173 118 77 135 0 41
3 152 143 124 98 170 165 168 171 164 121 0 13
5 138 169 54 75 55 104 186 43 80 111 0 22
3 149 168 59 137 176 50 153 60 186 167 0 13
4 186 196 123 157 98 134 46 197 131 107 0 20
3 54 135 148 168 81 130 67 184 178 149 0 11
4 171 200 103 141 98 44 83 162 150 131 0 16
10 118 73 124 81 144 191 161 193 131 153 0 48
7 99 146 160 147 199 165 53 87 82 88 0 31
10 103 102 58 193 62 114 44 117 119 176 0 48
8 161 87 119 197 101 145 198 163 120 85 0 36
9 178 145 179 87 76 127 192 95 161 53 0 42
4 178 153 116 53 154 117 134 87 127 158 0 20
8 125 86 139 80 144 72 140 62 143 118 0 39
9 118 55 147 151 150 140 79 95 196 45 0 45
2 125 184 153 199 163 143 123 76 172 106 0 10
5 66 54 164 154 80 99 190 124 153 198 0 23
7 187 59 43 178 135 193 84 148 123 180 0 32
3 154 199 195 109 62 127 57 81 65 70 0 13
4 184 128 90 101 67 87 179 141 79 177 0 16
8 51 49 184 45 110 161 156 152 162 61 0 38
9 97 97 85 156 70 51 69 170 125 72 0 41
3 144 48 142 188 191 53 168 193 68 194 0 14
8 135 71 200 145 132 197 148 157 110 170 0 36
10 94 59 126 70 55 193 163 161 111 71 0 49
3 56 110 121 172 109 102 81 167 159 193 0 15
10 106 145 104 172 177 104 65 121 64 84 0 47
3 90 91 91 172 98 164 188 89 168 76 0 11
2 57 57 93 50 58 117 112 150 169 119 0 10
6 178 97 106 84 121 111 115 47 178 125 0 29
5 65 165 157 188 50 97 118 133 190 101 0 25
3 63 127 104 198 98 93 84 172 174 113 0 13
3 87 151 131 151 171 105 164 126 180 159 0 13
2 164 148 130 164 190 72 182 88 128 68 0 10
5 57 108 56 105 86 120 54 91 165 129 0 21
10 78 93 167 180 133 193 104 55 161 157 0 46
4 97 120 197 124 152 100 85 99 106 95 0 16
6 180 180 178 99 170 155 168 59 144 61 0 26
3 82 133 158 178 119 84 47 160 139 125 0 14
6 143 172 70 162 129 49 55 107 86 123 0 29
4 97 147 122 117 109 115 47 42 50 102 0 16
3 164 164 60 64 125 66 94 200 175 94 0 13
10 174 200 157 139 107 52 74 146 162 184 0 46
10 49 157 109 76 199 198 155 121 122 83 0 50
2 74 182 77 119 56 139 150 114 40 150 0 10
5 129 118 145 144 132 197 194 75 144 147 0 21
10 124 192 200 188 149 183 196 178 127 159 0 46
5 120 55 147 156 44 78 159 171 159 57 0 24
6 61 54 140 46 52 92 200 188 138 129 0 30
5 87 119 111 99 59 90 186 59 42 123 0 25
3 188 82 158 76 170 180 154 57 43 110 0 13
3 81 49 86 128 90 186 66 108 173 135 0 12
8 143 118 65 121 87 182 57 91 151 140 0 38
3 145 183 117 48 45 47 174 134 121 131 0 15
7 190 170 196 132 85 109 44 145 165 81 0 35
7 71 74 67 73 200 161 194 153 82 52 0 35
10 77 92 139 112 131 185 196 50 56 116 0 48
3 173 172 116 161 57 67 165 116 185 98 0 12
6 46 145 69 134 153 143 152 42 50 86 0 30
5 175 78 77 90 92 127 63 95 135 101 0 22
8 97 107 89 193 100 146 129 63 168 70 0 38
40 40 37 31 52
131 180 195 237 300
125 175 220 256 300
107 158 195 225 289
111 144 192 251 267
116 165 203 229 294
121 148 191 245 275
100 178 214 224 265
131 152 214 256 285
107 167 213 229 299
105 144 195 235 286
109 165 186 235 292
135 142 202 223 283
108 150 195 235 265
106 177 190 230 283
109 175 191 260 298
104 177 183 234 280
126 153 210 224 300
101 161 218 259 266
139 173 207 220 274
130 170 182 249 263
118 180 216 224 276
140 175 212 224 271
124 142 206 257 286
127 155 185 227 280
124 159 183 232 261
106 144 205 235 295
132 180 212 224 295
120 163 182 225 285
111 173 187 231 263
122 173 190 252 292
101 153 188 243 264
135 163 217 226 282
111 167 218 255 291
110 165 182 220 291
134 165 205 227 273
122 156 181 251 278
108 148 211 242 264
129 143 201 231 293
106 140 182 246 262
130 143 216 232 271
102 141 217 243 260
110 145 203 228 266
108 161 215 233 288
128 180 180 237 272
139 151 197 220 278
102 157 194 220 264
116 167 194 235 285
126 178 207 236 271
106 156 186 231 286
104 159 185 259 296
118 160 195 222 270
114 176 186 221 285
118 152 185 229 288
129 156 213 220 282
137 166 217 254 273
100 140 186 255 286
116 167 193 245 278
113 142 193 252 295
106 180 187 223 261
122 147 196 257 269
106 147 204 253 290
111 175 220 247 280
126 147 182 227 292
107 165 186 260 286
127 169 207 222 261
116 158 189 234 300
132 180 202 225 284
116 176 201 220 276
139 166 185 229 297
125 149 220 232 295
138 174 211 259 294
108 141 201 256 287
139 154 213 220 292
102 154 217 225 298
110 149 185 247 290
127 142 197 220 289
102 164 192 244 285
133 141 220 227 278
101 173 183 253 278
139 162 181 226 284
122 145 180 235 280
139 157 185 260 291
114 171 207 222 265
135 146 191 242 290
107 161 204 253 278
114 160 200 254 288
130 169 189 248 290
119 155 197 259 265
126 145 220 250 262
135 165 220 242 277
123 176 192 223 297
127 148 218 255 269
135 149 189 243 295
114 180 190 221 261
139 143 211 254 299
103 168 186 258 286
103 147 183 226 265
131 171 208 249 283
132 171 193 222 279
126 165 207 256 299
132 161 191 237 280
119 143 188 240 280
102 168 201 229 277
105 153 217 234 287
120 158 193 235 266
115 170 194 243 289
113 149 219 236 262
132 164 218 222 260
125 142 203 249 266
121 140 182 229 278
133 180 190 248 267
101 148 185 252 281
107 170 207 253 286
124 169 209 259 295
105 151 201 257 297
102 152 194 230 263
134 141 193 236 274
135 172 215 251 289
135 172 187 240 290
114 171 216 254 269
108 147 214 221 285
120 160 219 225 276
102 175 182 252 300
130 157 199 221 282
118 171 218 237 288
133 161 188 258 264
125 164 203 228 261
118 155 187 255 276
112 179 183 227 276
104 160 199 223 291
139 162 201 222 288
106 142 204 241 277
140 166 211 237 299
133 176 208 220 265
119 143 194 226 291
138 174 203 235 270
111 153 212 233 292
103 170 199 235 298
140 173 220 242 264
116 165 187 231 276
125 149 184 228 263
121 153 181 238 274
136 174 184 247 291
100 145 185 227 265
111 149 196 225 298
117 179 220 223 263
117 174 206 256 289
123 171 190 244 293
123 143 212 255 291
111 145 189 224 291
102 160 201 234 264
110 162 202 233 288
122 140 189 252 263
126 160 218 237 261
110 172 219 238 284
120 144 188 246 279
131 164 198 252 275
126 179 199 241 266
127 161 195 230 275
112 145 195 251 266
120 154 197 258 283
117 174 217 259 291
108 168 199 234 282
103 174 208 227 283
117 180 206 234 286
120 157 185 226 297
138 168 191 256 293
111 146 212 233 267
111 162 214 245 276
115 160 199 220 263
120 145 209 220 273
100 150 198 239 264
128 154 204 222 295
123 156 183 251 299
140 141 217 244 275
105 149 196 228 290
127 157 199 222 277
128 172 202 238 283
123 174 192 229 264
103 163 193 232 277
137 170 193 251 261
138 178 219 229 292
101 148 192 229 298
102 152 196 252 267
115 178 188 255 294
131 155 194 236 300
115 159 183 245 300
115 140 193 236 265
114 176 218 244 262
132 173 220 241 286
133 157 199 252 288
135 143 206 234 295
137 156 197 233 261
107 176 214 224 275
124 147 205 225 273
114 171 194 260 273
113 161 207 227 292
133 153 187 247 272
123 157 209 251 286
117 146 180 236 263
4591 6307 6832 8303 10509
2756 3857 4847 5640 6609
2574 3799 4688 5408 6945
2115 2743 3656 4778 5082
3950 5617 6910 7794 10005
1700 2079 2682 3439 3859
3006 5347 6428 6728 7959
2626 3046 4288 5128 5709
3858 6019 7676 8252 10773
1266 1735 2348 2829 3441
1314 1987 2239 2828 3513
3111 3273 4654 5137 6518
1194 1657 2153 2594 2924
2762 4609 4948 5988 7367
1423 2282 2490 3388 3883
4270 7264 7510 9602 11489
2778 3373 4628 4936 6609
3036 4837 6548 7779 7989
3203 3986 4769 5068 6311
3386 4427 4739 6483 6847
4844 7387 8864 9192 11325
5466 6832 8276 8744 10578
2486 2846 4128 5148 5729
5467 6672 7963 9769 12049
5462 7003 8060 10217 11493
1278 1735 2468 2828 3549
4494 6127 7216 7624 10039
4206 5712 6377 7883 9984
3558 5543 5992 7400 8425
2690 3813 4187 5552 6433
4349 6586 8092 10458 11361
2976 3593 4782 4980 6213
1671 2512 3278 3833 4374
5286 7927 8744 10568 13977
4428 5452 6773 7499 9018
2568 3283 3808 5280 5847
4326 5927 8448 9689 10569
4392 4869 6842 7862 9971
1066 1407 1828 2469 2629
5076 5584 8432 9056 10578
2658 3673 5650 6327 6769
4736 6242 8737 9813 11447
2058 3066 4093 4435 5481
6278 8827 8827 11621 13337
6262 6802 8873 9908 12519
1842 2833 3500 3968 4761
1282 1844 2142 2593 3144
3912 5525 6425 7324 8410
3398 4999 5960 7400 9161
2814 4300 5002 7002 8001
4254 5767 7028 8000 9729
3654 5639 5960 7080 9129
4962 6391 7778 9626 12105
2199 2659 3629 3748 4803
1376 1667 2178 2548 2738
2906 4067 5402 7404 8303
4762 6854 7921 10053 11407
4865 6113 8307 10845 12694
2762 4688 4870 5806 6795
2324 2800 3732 4892 5120
4670 6475 8984 11141 12769
1227 1932 2428 2725 3089
1266 1477 1827 2278 2929
2467 3802 4285 5989 6587
5213 6936 8495 9110 10710
1862 2535 3031 3752 4809
1590 2167 2432 2708 3417
3950 5991 6842 7488 9393
1952 2331 2597 3214 4167
4256 5073 7488 7896 10039
4974 6271 7603 9332 10593
3462 4519 6440 8201 9193
4593 5089 7037 7268 9645
3066 4627 6518 6758 8949
2866 3881 4818 6431 7549
4070 4551 6312 7048 9257
1536 2467 2888 3668 4284
2001 2122 3308 3413 4179
4854 8311 8791 12153 13353
5289 6163 6885 8596 10801
1226 1457 1808 2359 2809
2369 2676 3152 4428 4956
3426 5137 6218 6668 7959
4731 5117 6692 8478 10159
2146 3227 4088 5069 5569
3198 4487 5608 7120 8073
6246 8119 9079 11912 13929
3814 4967 6312 8297 8489
3534 4067 6168 7008 7345
5811 7102 9468 10414 11920
2466 3527 3847 4468 5949
1276 1487 2188 2558 2699
4866 5371 6811 8756 10629
3084 4868 5138 5975 7056
3064 3152 4650 5596 6587
3302 5383 5959 8265 9161
4435 6328 7877 9727 11404
5639 7360 8951 10715 12178
1590 2059 2324 2672 3357
5928 7762 9736 12040 14062
1722 2100 2490 3089 3649
3338 4011 5272 6729 7849
3678 6055 7244 8252 9981
3156 4597 6518 7028 8619
4206 5537 6763 8233 9319
4721 6977 7961 9971 11858
3057 4030 5921 6380 7083
3834 4763 6330 6446 7549
5256 5971 8534 10467 11181
2426 2807 3648 4589 5569
6390 8647 9127 11912 12825
2026 2967 3708 5049 5629
2574 4087 4976 6080 6873
2734 3725 4605 5706 6499
2421 3480 4631 5920 6840
3474 5175 6604 7829 8951
1480 1558 2131 2604 3023
3921 4995 6242 7287 8390
3381 4307 4682 6008 7259
1716 2572 3248 3818 4044
2598 3535 5144 5312 6849
1806 2407 3293 3383 4149
3372 5782 6013 8324 9909
5076 6130 7769 8627 11007
1540 2230 2842 3089 3753
4129 4998 5835 8007 8193
2256 2959 3662 4112 4707
3900 5122 6178 8424 9117
4374 6988 7144 8861 10773
1670 2567 3192 3576 4665
5427 6325 7847 8666 11241
2656 3557 5108 6034 6934
4626 5485 6970 7829 9876
3464 4583 5416 5728 6899
5123 6156 8350 9726 12522
5664 7141 8331 9643 11079
1116 1537 2128 2338 2929
2375 3917 4585 5413 6863
5606 6927 8808 9688 10568
4762 6772 7675 9479 11325
1631 1944 2400 2973 3428
2668 3373 3990 5245 6037
1774 2269 2399 3219 3792
2006 2907 3708 4549 5309
1227 1646 2164 2483 3287
1878 2871 3528 3576 4217
5622 8359 9895 12296 13881
3819 5308 5897 7572 9092
5910 6870 10184 12248 13977
4002 5227 6812 8072 10485
4290 6727 8450 9837 11097
2206 3247 4048 4668 5769
4764 5467 7379 9837 10266
5676 7207 9818 10673 11754
1106 1727 2198 2388 2849
2766 3319 4332 5667 6426
4198 5255 6343 8072 8809
1644 2334 2595 3141 3467
2038 2583 3128 3688 4409
4262 5517 7418 9547 10117
4926 6321 8085 10587 11612
1644 2443 3046 3634 4083
3894 6055 7172 8432 10161
5053 8533 10200 11131 13876
1761 2707 3098 3518 4299
5646 7386 8702 10630 13968
1524 1855 2108 2824 3232
1116 1467 2128 2338 2679
3225 4705 6214 7113 8013
2881 4007 4983 5508 6584
1566 1892 2725 2868 3558
1306 1957 2582 3116 3441
1286 1547 2048 2228 2959
2589 3283 3850 5279 6288
6446 6492 9990 11232 12659
1686 2391 3144 3656 4649
3308 4089 5182 5780 7211
1798 2415 2836 3340 3971
3573 5053 5576 6649 7665
1654 2615 3096 3720 4441
1787 2217 2516 3271 3402
6354 8195 10082 10542 13441
5056 7407 9608 11458 14910
1026 1527 1968 2529 2679
2421 3745 3955 5363 6183
6032 7137 8931 10864 13809
2766 3823 4399 5888 7209
3456 4207 5798 7089 7959
2856 4407 5458 6108 6559
1722 2256 2868 3141 3727
1602 1891 2395 3032 3465
5136 5440 7836 8900 11219
2062 2347 2963 3503 3924
3751 6167 7498 7848 9634
4346 5152 7183 7883 9564
5478 8215 9319 12489 13113
1362 1939 2492 2732 3513
3996 4597 5617 7419 8169
2712 3461 4606 5530 6301
4452 5555 6848 8977 10003
