1000 10 5
4 191 139 95 126 83 52 82 74 53 133 0 20
8 181 131 137 153 149 48 104 189 130 77 0 37
5 116 57 50 157 107 182 173 76 44 55 0 22
6 107 156 48 109 78 98 80 149 123 111 0 28
10 188 153 70 82 51 70 62 195 176 199 0 50
5 161 180 109 91 94 67 196 171 115 147 0 25
3 80 69 58 110 173 171 84 110 173 172 0 15
3 51 64 131 94 154 152 192 46 163 67 0 14
8 196 184 137 163 173 175 110 199 190 161 0 40
6 67 57 110 131 43 49 58 81 135 70 0 29
4 93 183 109 121 180 68 78 110 94 92 0 18
10 45 194 73 44 157 81 135 159 82 133 0 50
3 106 193 114 97 121 135 54 98 168 46 0 14
3 91 177 51 70 76 165 74 50 198 112 0 14
8 167 102 90 123 41 86 72 193 185 114 0 40
5 76 112 153 175 144 139 157 147 87 97 0 21
8 66 144 80 192 51 177 108 76 141 163 0 40
6 155 197 139 159 137 193 68 167 105 178 0 26
9 116 74 95 124 155 66 100 185 58 129 0 43
3 125 191 154 53 121 89 80 85 149 196 0 11
8 52 168 125 199 55 41 129 61 145 171 0 38
7 84 46 145 146 58 79 195 137 149 40 0 33
4 149 61 131 115 98 66 44 101 80 182 0 20
8 98 55 91 59 67 191 88 101 53 199 0 39
5 45 118 177 130 127 167 105 103 145 96 0 22
6 166 138 53 93 67 118 42 148 122 102 0 29
5 59 93 142 181 167 196 140 145 147 90 0 25
5 65 72 186 155 70 187 191 94 94 194 0 21
3 166 100 187 101 47 138 71 179 188 180 0 13
8 171 191 127 135 152 82 165 144 57 158 0 40
8 124 171 193 64 174 87 153 167 107 84 0 37
9 101 131 144 127 128 80 181 167 138 60 0 42
10 81 166 149 149 143 49 161 169 46 73 0 46
10 178 118 170 158 109 111 67 87 85 129 0 47
8 54 164 135 152 140 108 58 120 74 126 0 36
8 174 103 107 104 43 77 146 60 67 102 0 38
7 167 110 74 146 191 159 132 42 60 97 0 35
5 112 133 176 82 101 59 199 59 84 129 0 21
6 69 171 186 54 161 133 96 121 178 165 0 29
10 122 182 90 167 187 192 195 49 181 188 0 48
3 115 65 55 152 128 87 144 100 53 131 0 14
7 63 98 154 95 90 131 89 159 171 132 0 32
7 50 135 119 176 93 81 121 137 199 52 0 34
4 149 57 179 72 111 177 179 200 155 144 0 19
5 139 112 66 194 42 129 150 48 178 129 0 24
4 163 173 164 198 132 152 175 42 178 159 0 16
8 103 171 139 60 171 133 171 165 101 45 0 40
8 137 148 50 45 82 189 182 152 117 196 0 38
10 99 82 93 46 121 189 183 40 155 195 0 49
6 117 101 42 128 161 133 186 73 173 171 0 27
4 49 133 171 132 61 82 133 113 90 64 0 16
6 130 185 172 119 170 111 53 41 158 166 0 29
7 166 49 44 133 74 163 127 191 200 68 0 31
10 95 51 119 161 113 150 128 156 163 52 0 48
10 111 77 52 76 74 89 96 112 198 94 0 46
4 66 152 97 62 163 140 47 198 89 58 0 20
6 106 158 156 59 48 185 54 159 40 155 0 26
9 140 80 159 135 192 178 94 115 109 59 0 41
9 127 126 43 98 60 113 161 169 111 104 0 42
4 84 76 169 155 54 198 196 68 82 154 0 16
5 100 66 151 109 56 108 88 179 51 121 0 24
4 174 42 42 119 76 65 187 174 190 165 0 17
8 56 175 110 43 157 117 74 85 135 179 0 36
6 72 64 81 152 106 173 194 54 63 59 0 30
6 190 194 193 99 134 165 193 134 171 117 0 28
10 187 112 169 102 59 146 87 117 147 90 0 48
10 190 123 156 111 141 147 98 87 150 82 0 50
6 64 144 200 143 189 149 129 116 174 100 0 30
10 163 193 143 161 186 153 124 197 103 123 0 48
8 68 177 165 130 92 147 72 174 68 42 0 38
5 77 41 93 172 66 91 104 139 178 123 0 21
9 161 76 144 133 123 172 46 159 165 113 0 42
3 191 55 193 58 112 182 180 50 91 101 0 12
9 62 129 90 68 91 93 62 167 127 46 0 41
5 76 109 69 182 96 143 181 79 165 196 0 24
8 72 163 65 197 161 137 50 181 149 157 0 38
7 191 149 110 117 102 187 163 82 97 92 0 33
7 181 134 63 81 173 135 56 102 160 67 0 33
6 187 82 120 88 46 88 191 128 47 196 0 26
4 115 84 176 82 129 165 152 107 107 176 0 16
9 138 95 111 60 70 175 175 57 115 50 0 45
5 72 121 88 161 43 180 180 121 130 98 0 23
8 42 170 134 74 167 74 171 96 72 175 0 40
10 131 117 123 124 52 171 135 145 134 129 0 48
9 48 195 66 135 143 72 129 119 153 88 0 43
6 131 177 40 176 162 84 68 143 173 76 0 28
2 151 199 150 195 80 83 97 65 71 58 0 10
8 197 108 167 82 58 40 107 54 50 77 0 39
6 92 141 40 70 62 131 75 94 73 147 0 29
7 118 56 199 50 43 70 55 40 112 195 0 33
5 50 99 142 81 96 85 118 85 191 108 0 25
9 147 129 179 81 131 47 118 83 163 119 0 41
8 92 108 77 153 151 182 138 52 192 177 0 36
7 155 55 44 97 164 120 155 51 44 186 0 31
3 126 112 77 172 52 194 61 102 88 124 0 15
6 187 125 55 50 90 84 118 51 183 160 0 30
7 123 81 185 149 187 56 102 148 181 103 0 31
9 153 151 72 61 56 138 59 153 84 151 0 44
7 109 165 193 64 149 179 95 45 163 73 0 31
7 99 142 71 138 89 147 76 80 45 177 0 33
9 54 117 150 48 40 155 68 89 113 150 0 43
4 80 131 198 107 105 126 152 87 108 175 0 16
8 185 179 131 177 42 113 118 199 57 192 0 37
7 56 41 157 172 81 83 193 137 192 70 0 32
5 135 92 74 63 161 120 70 158 91 73 0 25
8 196 141 107 133 44 172 110 87 87 131 0 40
6 170 189 154 131 153 102 156 58 152 115 0 29
8 40 146 125 78 193 177 68 110 154 192 0 36
7 105 76 117 48 84 181 78 148 86 198 0 34
9 142 141 197 157 158 150 156 48 64 77 0 45
9 115 153 143 131 77 160 142 155 103 105 0 44
6 173 128 47 127 119 76 172 169 102 187 0 28
7 133 153 129 78 176 78 169 173 125 95 0 31
7 108 134 178 141 137 114 68 164 114 159 0 34
5 141 182 191 64 42 190 160 69 197 169 0 23
9 116 162 161 107 40 154 119 146 175 117 0 44
7 89 123 104 121 157 106 109 150 84 154 0 34
6 165 40 197 127 171 141 175 151 62 80 0 29
5 161 45 122 94 65 86 86 40 188 134 0 21
5 165 56 116 89 87 126 81 64 90 88 0 21
4 196 148 54 196 155 52 98 89 156 52 0 16
2 181 174 70 57 192 177 125 64 160 80 0 10
10 45 79 121 84 145 117 192 194 68 198 0 50
5 143 111 47 139 154 145 111 98 172 153 0 24
3 129 163 58 182 155 77 190 181 119 101 0 15
5 83 167 86 119 121 156 86 53 75 187 0 21
9 49 94 67 42 175 170 155 69 175 59 0 43
6 46 185 171 144 139 181 195 188 107 70 0 29
2 84 192 65 45 139 54 151 90 69 92 0 10
10 112 125 58 103 70 55 94 94 52 88 0 46
10 94 192 87 139 98 111 75 81 107 181 0 46
7 60 181 65 153 56 126 58 65 161 126 0 31
6 192 65 178 122 118 131 65 72 112 132 0 27
9 180 98 93 96 159 148 72 186 114 153 0 44
8 123 107 135 121 129 177 110 183 149 116 0 39
8 147 88 47 69 84 145 175 185 135 138 0 39
6 77 96 72 198 70 192 97 194 102 112 0 30
3 159 91 194 152 101 161 80 72 89 158 0 11
9 129 74 153 169 177 195 61 123 177 89 0 41
4 62 173 178 72 187 91 195 87 105 95 0 19
5 97 149 107 88 189 81 40 193 72 72 0 25
9 147 157 58 191 137 57 107 98 42 170 0 41
5 131 155 67 170 134 118 185 165 138 155 0 22
6 131 102 192 185 104 185 117 51 97 100 0 29
7 118 60 104 88 189 47 175 164 195 168 0 33
9 129 92 115 86 68 159 197 65 80 104 0 42
8 104 56 149 194 62 136 105 51 182 114 0 36
3 167 152 107 40 79 177 94 138 42 143 0 15
3 99 52 46 193 138 61 67 76 110 195 0 11
7 149 108 127 137 82 149 165 168 152 156 0 31
10 150 44 80 143 163 51 77 175 129 164 0 50
3 71 70 127 93 142 42 147 135 49 66 0 11
6 64 133 63 86 186 149 91 155 156 130 0 27
9 189 70 196 169 113 184 119 55 157 176 0 41
5 98 78 82 174 69 157 101 122 82 116 0 22
4 155 75 115 120 199 199 151 161 193 70 0 18
10 55 66 48 134 80 176 79 125 138 75 0 47
4 177 175 54 195 56 46 42 43 48 117 0 18
7 147 137 151 74 140 73 127 165 140 78 0 35
8 70 141 123 109 58 52 200 61 125 70 0 38
10 41 98 107 153 151 76 190 49 48 135 0 48
5 137 56 87 144 66 46 169 167 80 44 0 21
8 76 42 112 177 50 139 80 197 125 87 0 38
8 127 75 80 125 50 61 185 75 73 86 0 38
8 182 79 164 51 80 128 86 76 152 69 0 38
3 46 58 90 154 99 84 143 68 90 162 0 15
8 157 120 111 42 177 126 48 102 185 49 0 36
9 105 190 101 94 106 50 164 70 153 57 0 45
5 190 196 72 66 85 114 45 146 121 107 0 25
10 116 83 197 80 193 115 84 94 50 48 0 46
4 142 88 71 149 80 115 135 78 181 183 0 16
6 60 147 142 58 127 160 157 67 120 159 0 29
5 54 163 191 148 177 86 197 48 108 143 0 21
6 82 73 109 77 142 54 51 152 68 158 0 28
3 143 148 60 90 74 162 195 58 56 117 0 15
10 156 111 197 56 182 150 156 89 114 71 0 48
9 192 173 175 86 177 150 77 40 122 149 0 43
6 193 44 149 51 44 85 197 72 80 98 0 27
3 149 119 135 164 146 193 76 191 150 97 0 12
5 58 94 70 123 128 171 132 168 120 180 0 25
3 168 186 103 191 192 92 67 185 85 84 0 14
4 147 105 111 91 97 193 109 90 49 179 0 17
9 174 40 77 60 161 175 54 161 41 129 0 45
4 76 146 129 93 139 156 160 121 52 78 0 17
5 57 132 118 151 137 90 52 133 119 165 0 25
4 87 66 121 163 74 76 146 170 110 184 0 20
3 150 197 84 157 171 72 58 145 56 96 0 11
3 82 52 200 124 105 184 48 64 117 152 0 15
8 81 78 90 82 178 83 170 115 167 165 0 38
10 181 76 107 66 41 68 54 146 142 123 0 46
5 155 56 192 123 166 99 126 95 168 179 0 24
7 46 94 73 107 62 94 71 154 176 180 0 33
5 191 117 142 107 70 127 128 158 157 84 0 24
6 142 68 140 159 131 75 81 154 52 161 0 27
6 144 120 70 163 108 119 95 69 42 96 0 30
2 90 197 184 153 98 193 130 194 164 129 0 10
3 46 126 158 182 193 61 68 168 168 189 0 15
4 85 168 41 145 72 134 194 185 193 171 0 16
10 171 65 127 170 52 97 63 156 63 165 0 50
7 200 142 153 109 155 145 66 119 144 78 0 31
7 190 183 149 59 90 152 71 165 46 189 0 35
10 186 168 192 109 177 197 108 56 127 200 0 48
4 182 123 135 137 50 154 72 44 64 45 0 19
3 165 141 138 194 97 121 50 172 44 156 0 15
7 108 109 147 70 48 94 183 104 90 107 0 35
6 185 132 181 65 78 145 173 187 90 185 0 26
9 84 100 160 165 157 184 79 42 200 170 0 42
10 199 164 195 145 167 69 71 164 198 137 0 50
9 64 57 114 88 124 143 44 179 102 80 0 41
9 150 43 55 161 187 180 117 50 155 155 0 44
7 184 199 54 178 135 198 105 41 101 67 0 34
8 59 187 183 180 120 191 129 86 113 199 0 40
8 69 45 102 78 113 195 127 180 101 153 0 39
5 76 187 156 165 165 44 88 172 138 135 0 23
4 86 126 99 129 193 93 198 143 177 127 0 18
2 169 94 196 86 157 50 64 165 188 177 0 10
6 113 88 143 161 101 126 47 56 71 103 0 26
5 174 161 68 122 56 146 92 91 60 170 0 23
8 40 118 127 164 66 107 135 74 188 188 0 36
5 56 198 170 155 40 45 52 134 97 191 0 24
6 126 163 141 108 131 199 134 55 154 44 0 28
6 108 149 141 164 80 52 183 174 197 187 0 28
5 59 68 102 143 75 126 75 152 94 50 0 22
10 50 108 98 168 78 157 198 99 170 88 0 47
9 195 52 138 62 68 92 122 152 178 193 0 43
6 172 135 66 190 159 196 111 140 141 49 0 28
7 68 138 185 161 104 133 99 196 70 93 0 31
3 66 163 144 190 183 92 152 81 194 137 0 13
3 168 63 137 161 198 117 191 100 64 133 0 15
10 67 147 46 42 199 132 156 139 135 90 0 48
6 154 139 74 131 130 74 121 55 60 186 0 30
7 177 185 90 119 150 139 155 91 57 176 0 35
9 102 175 187 163 124 55 76 175 159 133 0 41
8 77 192 184 89 46 45 153 54 48 143 0 39
5 199 181 163 175 67 44 117 131 105 56 0 25
7 177 56 191 178 154 147 158 107 63 173 0 31
7 180 55 54 194 189 80 48 199 84 80 0 31
6 126 137 90 62 68 53 115 166 166 82 0 30
5 46 50 82 155 49 73 67 84 161 154 0 22
8 80 189 134 88 87 46 76 67 189 77 0 39
5 41 184 169 105 113 159 119 153 168 110 0 22
5 187 103 138 142 92 84 70 62 83 86 0 25
4 54 134 45 148 97 141 82 175 114 162 0 20
8 179 159 44 116 140 174 135 104 149 171 0 38
7 103 87 154 138 179 157 124 53 150 118 0 35
9 107 132 111 48 195 110 71 58 106 82 0 41
3 52 150 109 165 48 83 55 165 145 154 0 15
6 159 90 141 166 196 157 44 143 164 87 0 27
7 109 74 128 121 62 147 46 103 126 81 0 33
10 106 132 167 48 83 98 200 173 153 153 0 47
2 100 165 87 189 78 171 58 114 172 87 0 10
10 93 42 149 187 135 180 148 50 132 190 0 49
7 150 156 193 55 138 150 172 54 55 78 0 31
6 50 70 136 56 146 41 83 49 188 199 0 26
5 171 179 84 135 151 82 175 57 181 177 0 22
5 98 96 145 200 103 191 122 165 194 169 0 22
8 121 127 69 64 131 46 113 89 53 193 0 39
4 62 171 68 190 136 111 114 189 139 110 0 18
6 61 174 46 125 163 113 73 74 44 68 0 26
10 46 141 103 105 80 117 106 122 177 159 0 50
10 181 156 76 127 91 186 60 154 96 195 0 47
6 74 87 190 133 137 140 72 119 107 69 0 29
5 74 158 51 149 76 123 189 55 168 96 0 25
3 50 115 159 87 133 78 144 195 195 50 0 13
3 100 120 102 42 99 102 139 117 52 61 0 14
7 189 85 64 126 148 113 188 59 124 113 0 34
6 122 98 171 51 83 168 111 107 115 79 0 26
3 116 86 104 119 191 92 58 50 161 101 0 12
4 84 84 185 149 153 121 184 199 154 83 0 20
6 123 78 182 171 183 105 80 61 105 179 0 28
3 84 105 70 166 140 163 137 91 149 138 0 13
7 86 168 177 64 66 154 86 194 67 152 0 31
7 147 62 129 78 180 165 47 133 136 66 0 33
6 151 88 46 54 146 54 175 176 135 188 0 28
2 153 42 141 193 139 179 97 158 115 111 0 10
7 102 155 145 196 133 93 114 161 160 48 0 34
5 148 107 193 82 127 86 165 123 123 83 0 22
6 45 182 68 137 77 82 172 49 133 44 0 26
7 194 155 178 55 132 145 192 191 191 83 0 33
10 87 125 90 160 117 96 44 139 54 92 0 47
5 65 88 119 151 52 141 148 53 180 61 0 23
7 92 42 116 76 184 143 104 123 66 89 0 35
7 104 176 94 82 182 181 149 92 117 161 0 31
6 177 181 190 112 89 156 65 191 90 70 0 27
9 101 81 135 195 99 165 149 70 150 50 0 45
5 172 162 154 192 51 63 142 109 139 189 0 21
4 127 113 46 114 164 155 139 73 56 158 0 17
4 131 120 139 137 157 68 151 192 101 131 0 18
6 127 77 138 70 44 188 179 80 131 73 0 30
3 153 68 195 159 42 160 68 183 145 74 0 15
3 62 174 193 90 41 138 189 138 94 102 0 11
8 142 109 187 184 188 153 141 72 97 195 0 36
4 115 46 181 123 69 100 139 149 95 179 0 18
7 79 84 96 123 159 143 81 57 54 113 0 34
4 125 184 198 87 96 180 130 193 198 156 0 20
5 111 149 147 107 175 58 42 82 45 73 0 24
7 88 99 82 102 106 181 86 129 147 69 0 33
5 70 197 60 197 135 110 64 51 71 178 0 24
5 191 142 73 120 137 188 157 135 70 104 0 21
3 63 83 92 149 80 103 84 191 80 53 0 15
4 195 161 150 119 103 161 142 44 87 176 0 18
4 67 66 96 195 82 41 170 125 193 139 0 16
6 155 120 152 42 125 103 134 96 61 75 0 26
4 45 183 76 133 180 70 124 131 151 155 0 17
6 91 115 55 58 146 96 80 168 195 55 0 26
6 191 50 109 153 195 107 172 42 187 114 0 29
7 113 175 107 54 167 157 65 145 139 193 0 31
8 69 42 188 188 173 173 52 80 44 79 0 38
6 98 41 126 147 136 88 105 93 70 187 0 30
4 91 99 177 194 171 161 123 95 149 185 0 17
7 79 77 178 121 133 93 143 70 67 119 0 34
9 169 65 109 50 173 133 198 119 167 56 0 45
8 89 114 139 199 80 57 173 125 162 167 0 36
10 81 41 190 117 48 160 56 72 123 167 0 50
8 62 117 174 188 78 47 169 106 115 149 0 37
5 197 179 126 135 188 98 72 178 72 48 0 24
9 109 107 150 159 137 109 199 97 155 189 0 44
5 87 122 169 57 135 149 172 101 189 184 0 25
10 191 66 110 44 82 79 77 62 177 127 0 49
4 194 130 76 168 63 111 78 89 126 166 0 16
2 40 48 160 142 177 141 50 187 179 79 0 10
7 77 163 126 59 68 90 41 149 148 146 0 33
6 156 141 151 145 41 51 193 94 173 177 0 26
10 68 88 101 180 158 164 91 192 78 183 0 46
8 73 179 137 43 77 72 160 199 127 192 0 40
8 117 189 45 96 101 167 107 93 190 121 0 40
9 79 174 137 61 192 90 168 199 99 55 0 42
8 48 74 97 193 62 73 197 131 44 157 0 36
7 193 54 183 132 53 114 137 125 196 123 0 33
10 118 124 92 175 163 185 93 174 138 164 0 46
6 151 173 114 78 89 53 110 145 58 193 0 30
3 185 147 140 195 141 52 84 78 169 195 0 15
6 72 164 165 139 170 171 139 119 106 87 0 27
9 67 162 69 138 166 101 75 110 68 101 0 44
10 171 152 119 112 98 90 179 160 180 83 0 48
5 115 88 168 194 97 178 113 135 78 194 0 22
4 177 90 47 136 69 151 175 68 158 72 0 20
4 66 44 198 156 140 61 74 46 109 109 0 19
9 187 86 172 89 86 138 51 109 58 98 0 43
8 178 43 98 113 73 180 73 104 98 190 0 39
4 51 111 193 104 180 89 139 122 165 103 0 16
8 173 59 184 84 128 153 79 81 70 188 0 37
8 157 145 164 168 107 43 136 45 149 107 0 39
7 158 130 183 83 65 141 80 68 121 84 0 31
2 66 198 70 135 52 178 92 160 156 48 0 10
7 194 192 118 97 163 157 158 109 61 95 0 34
7 172 91 105 160 136 180 175 174 74 170 0 32
5 79 70 55 44 44 185 194 122 197 197 0 24
3 93 57 73 44 88 144 165 147 72 167 0 15
5 150 145 49 69 54 87 101 41 69 71 0 24
6 133 144 69 61 181 105 128 112 78 162 0 26
7 169 135 195 138 112 69 183 137 196 90 0 31
5 101 42 163 189 163 78 72 133 139 157 0 25
10 110 127 181 76 139 40 137 193 103 107 0 47
4 157 130 199 170 101 118 98 54 169 191 0 20
7 179 98 50 197 56 106 67 88 169 195 0 32
3 153 194 146 157 133 180 99 189 44 96 0 15
2 153 60 97 198 144 164 48 139 193 82 0 10
5 121 129 72 168 66 172 66 115 122 123 0 24
9 95 124 41 42 184 125 70 135 60 134 0 42
4 105 92 82 51 149 64 138 131 169 136 0 16
5 183 49 45 195 98 146 72 113 131 165 0 21
5 155 86 70 177 170 123 74 68 92 193 0 22
6 63 56 127 84 167 84 79 189 139 69 0 28
10 96 196 195 100 136 186 167 155 81 120 0 50
7 42 155 161 50 175 107 117 92 41 117 0 32
5 119 75 178 107 89 112 63 70 177 134 0 22
3 193 198 184 53 171 101 52 141 100 167 0 13
8 155 135 167 58 59 106 106 149 134 89 0 40
8 73 94 48 115 171 179 117 48 143 137 0 37
6 172 93 146 148 192 122 157 197 97 161 0 29
3 151 89 107 140 50 185 59 40 57 77 0 11
9 165 64 117 199 98 197 169 123 64 164 0 43
4 156 200 194 161 192 100 109 70 84 171 0 19
5 180 156 173 199 135 145 117 119 66 73 0 25
6 188 173 66 161 82 49 103 47 179 93 0 26
10 117 93 163 92 195 96 138 76 76 190 0 50
3 142 59 77 132 144 54 88 130 87 116 0 13
9 48 106 90 149 137 114 105 193 147 119 0 43
8 45 78 96 147 96 132 44 199 109 56 0 38
10 80 47 175 76 100 136 58 92 79 172 0 50
9 66 139 184 44 41 185 147 82 155 91 0 43
5 65 171 142 139 93 101 57 177 64 152 0 22
9 46 140 166 61 141 181 102 112 61 164 0 43
5 121 105 150 183 42 46 46 77 196 97 0 21
3 43 106 70 82 88 103 52 178 50 181 0 14
10 193 46 155 121 74 185 101 99 173 142 0 46
9 75 172 77 150 198 168 162 84 124 101 0 45
4 94 40 117 189 74 192 173 148 74 109 0 19
4 52 122 41 147 119 88 74 165 70 71 0 18
10 147 137 62 165 94 100 46 192 181 88 0 47
4 119 166 163 98 59 57 188 192 131 105 0 18
6 107 133 160 40 100 162 119 128 198 99 0 29
3 123 163 185 111 100 151 189 77 66 74 0 12
7 135 159 102 119 123 199 162 92 93 184 0 31
4 184 54 127 184 44 86 170 200 48 137 0 19
9 147 174 84 199 175 189 62 58 95 183 0 42
9 63 92 184 107 177 86 170 145 131 48 0 44
7 150 197 198 123 141 165 52 140 179 189 0 32
3 199 92 56 103 152 111 199 41 169 157 0 12
7 80 171 199 118 161 133 147 115 82 89 0 32
10 53 132 51 113 148 72 93 41 112 170 0 47
6 155 99 183 54 159 109 139 98 83 165 0 28
5 107 126 149 55 81 47 90 143 120 76 0 25
5 52 161 84 150 168 187 41 169 106 189 0 21
6 198 189 130 85 89 185 137 147 102 55 0 28
7 88 47 54 59 140 155 128 43 178 114 0 33
8 147 60 97 48 97 81 109 157 102 54 0 39
9 72 188 80 71 104 157 43 139 161 89 0 42
9 165 90 87 159 81 106 159 110 40 85 0 43
9 183 78 119 171 56 169 76 139 42 68 0 42
7 160 140 80 96 187 157 78 180 198 125 0 33
5 92 70 135 182 81 92 170 79 77 74 0 21
8 163 121 123 181 154 160 107 101 181 139 0 40
8 64 48 165 139 108 125 130 109 166 136 0 38
3 60 162 107 43 74 147 156 94 78 111 0 14
3 52 144 47 145 53 72 131 78 149 181 0 15
8 168 103 188 168 199 77 72 195 105 177 0 37
7 79 189 179 167 88 157 121 198 157 130 0 31
10 135 97 145 155 147 197 135 80 141 176 0 47
5 132 129 57 137 98 50 158 102 191 164 0 24
10 78 109 109 63 169 186 50 101 86 92 0 48
6 193 135 50 117 109 107 186 188 143 105 0 27
10 193 76 145 66 80 162 56 186 128 138 0 50
9 147 88 118 61 147 191 198 83 44 50 0 43
4 54 184 148 151 187 159 57 143 157 72 0 18
10 176 167 178 130 79 46 187 191 165 80 0 50
3 155 149 131 90 100 171 193 126 188 183 0 12
7 88 70 190 159 127 45 137 74 149 125 0 34
8 186 177 152 164 92 164 157 65 171 61 0 39
4 52 76 186 150 51 74 111 153 104 166 0 20
6 55 117 143 102 69 119 107 54 121 90 0 30
4 198 92 110 191 175 154 134 141 100 192 0 16
9 43 69 198 116 59 187 141 200 98 106 0 41
4 173 70 109 118 170 60 58 59 194 129 0 18
9 96 145 70 82 157 192 185 193 190 117 0 41
2 165 51 78 120 158 151 178 127 106 44 0 10
6 155 53 64 187 76 163 86 190 131 70 0 30
8 173 93 81 165 49 95 134 197 57 105 0 36
3 153 84 189 92 98 72 153 108 110 44 0 14
6 183 179 165 170 115 72 126 60 53 98 0 29
10 42 84 194 172 189 120 86 121 71 110 0 48
7 125 114 178 47 163 42 42 121 94 132 0 35
4 74 123 148 197 48 134 148 68 98 156 0 20
10 186 86 52 94 126 112 70 159 125 68 0 49
5 126 189 113 90 77 51 138 51 112 43 0 22
3 139 167 147 56 59 89 149 141 153 143 0 12
8 191 131 67 79 146 184 121 92 46 133 0 37
8 45 63 115 111 80 177 157 190 158 133 0 36
2 199 131 185 170 193 137 170 158 82 134 0 10
6 131 144 68 155 90 66 97 148 55 145 0 28
3 56 113 42 96 47 118 125 105 86 105 0 13
6 56 91 140 116 176 191 136 90 56 103 0 30
9 65 168 125 141 104 94 94 65 138 130 0 42
4 125 179 62 151 115 129 151 52 63 199 0 17
5 141 119 185 60 60 198 44 98 70 67 0 21
6 173 60 197 45 66 169 80 91 195 191 0 28
9 105 44 159 190 64 46 46 132 174 95 0 41
8 115 168 82 122 53 197 150 92 112 74 0 37
4 159 89 68 171 149 175 199 158 200 84 0 19
3 81 94 136 50 96 109 149 139 105 200 0 12
4 97 173 161 131 193 101 80 194 89 186 0 19
6 107 115 193 131 127 115 69 60 94 141 0 28
7 123 195 88 145 72 77 163 187 196 194 0 33
5 195 110 99 76 52 94 84 163 74 88 0 25
7 54 101 194 169 71 84 114 120 94 165 0 35
5 148 107 170 87 107 108 97 61 126 145 0 22
4 80 113 175 111 179 73 123 41 70 176 0 17
6 50 161 127 101 138 164 194 165 191 68 0 26
9 137 74 155 96 171 88 116 84 170 54 0 45
10 105 90 124 112 140 45 46 129 102 71 0 47
10 80 97 108 60 174 170 48 52 169 82 0 48
3 40 104 88 161 78 159 175 70 188 49 0 15
4 77 199 85 49 74 129 189 187 71 138 0 19
6 185 167 192 190 168 45 190 137 118 113 0 30
4 143 92 182 148 191 136 190 92 184 71 0 20
10 135 163 170 177 179 84 159 198 144 45 0 48
3 194 167 168 51 175 84 181 133 139 75 0 15
8 72 189 81 107 139 93 160 88 46 165 0 36
7 59 102 67 134 79 90 134 153 64 200 0 33
4 151 179 63 44 92 69 88 41 167 116 0 18
5 121 160 80 113 113 191 189 188 111 166 0 23
9 155 61 109 76 55 141 139 43 82 54 0 44
7 103 171 112 119 200 80 168 141 157 109 0 32
7 192 64 86 81 92 94 160 199 77 81 0 31
10 75 123 167 101 179 54 163 64 113 130 0 46
3 42 86 115 92 131 175 132 152 53 191 0 15
4 54 199 122 126 190 82 198 50 68 85 0 18
3 160 125 183 178 127 102 136 137 96 122 0 11
10 123 126 130 181 54 155 145 118 176 135 0 49
2 141 87 63 162 77 132 92 198 41 72 0 10
7 72 148 53 62 68 185 158 75 177 125 0 35
5 111 127 86 127 50 152 83 177 115 115 0 21
5 163 132 197 117 102 103 175 176 186 67 0 21
4 196 165 149 56 157 177 107 130 175 129 0 18
8 155 159 43 46 101 89 155 155 45 58 0 37
7 169 54 170 75 81 116 176 58 129 64 0 32
8 102 159 191 71 154 113 90 74 145 142 0 39
10 59 127 171 176 89 181 184 185 61 78 0 48
5 150 176 148 66 167 175 121 62 194 103 0 24
5 41 76 143 183 199 72 89 68 172 193 0 24
6 145 177 179 120 189 146 120 110 181 60 0 29
5 182 137 64 43 43 187 110 116 157 131 0 23
9 92 91 82 68 123 179 109 95 62 86 0 44
4 165 111 54 188 101 148 72 160 71 119 0 19
4 147 75 193 197 122 83 143 50 193 61 0 18
10 54 123 166 199 154 74 74 121 79 183 0 49
8 194 41 70 157 153 170 189 127 54 113 0 40
10 172 189 171 90 139 184 171 121 74 99 0 47
10 151 120 163 135 70 106 133 89 104 194 0 50
8 107 174 142 153 164 103 67 112 116 98 0 37
10 123 54 42 163 134 193 103 152 188 129 0 46
6 46 158 109 149 118 135 75 130 85 147 0 28
10 194 107 47 49 59 155 83 139 106 49 0 47
9 84 187 191 77 101 76 190 189 70 73 0 41
6 68 108 108 108 179 121 54 126 133 52 0 27
3 181 94 76 41 57 189 125 57 43 105 0 15
5 149 105 108 153 68 174 115 149 76 138 0 22
10 181 74 161 46 129 64 125 129 75 109 0 50
10 87 151 186 83 146 123 84 56 186 43 0 48
3 151 70 45 61 173 45 186 151 185 147 0 12
9 123 119 141 191 46 55 148 183 76 70 0 44
10 51 165 57 190 195 195 181 153 199 177 0 50
4 42 86 114 52 163 86 169 87 69 169 0 19
5 55 189 117 99 161 133 54 64 107 52 0 24
9 145 141 88 47 44 107 42 170 186 172 0 41
3 141 63 193 87 55 54 143 184 193 82 0 12
6 64 131 137 142 100 95 168 117 171 86 0 27
8 141 197 152 120 78 97 89 48 165 194 0 40
4 156 70 111 48 165 133 82 44 109 102 0 18
4 199 43 176 173 139 188 148 156 101 157 0 18
10 96 99 74 81 157 71 62 74 87 137 0 47
4 194 166 135 99 146 49 171 120 86 124 0 20
4 121 165 153 41 53 175 40 81 52 195 0 16
4 61 159 185 44 122 68 81 156 131 89 0 16
4 46 119 166 188 78 186 194 168 185 175 0 20
7 79 189 192 62 131 176 81 143 64 60 0 35
7 114 93 157 133 153 113 97 46 187 175 0 34
3 143 96 124 143 160 164 158 195 130 196 0 15
3 96 116 46 125 119 187 75 52 198 135 0 12
6 99 101 145 183 171 50 155 150 136 109 0 30
6 75 103 61 185 154 95 198 140 147 40 0 27
8 102 52 64 62 115 197 175 167 81 114 0 40
7 185 125 53 51 112 89 92 56 178 184 0 32
7 97 78 143 86 95 132 99 151 82 171 0 33
9 145 158 48 175 166 154 196 155 189 74 0 42
8 153 54 177 88 46 54 57 82 82 191 0 38
3 168 48 106 84 155 81 187 186 193 46 0 12
5 200 73 184 112 79 92 112 111 74 109 0 22
9 138 169 62 135 181 126 162 66 75 64 0 42
6 158 86 120 71 44 121 62 164 132 143 0 26
4 155 54 75 53 49 114 145 77 72 95 0 17
10 64 193 180 129 89 110 83 70 191 135 0 47
6 41 40 111 188 140 70 179 141 134 146 0 27
3 90 80 127 145 182 200 46 53 143 176 0 15
7 110 50 64 59 120 173 191 141 55 59 0 32
3 55 81 72 171 153 193 72 54 157 156 0 14
5 192 177 82 61 44 196 138 75 155 119 0 24
10 87 111 81 107 95 194 96 154 178 88 0 49
10 194 107 149 151 51 144 142 87 66 153 0 49
10 60 195 80 166 136 133 194 145 83 102 0 46
9 80 84 141 100 139 44 111 154 98 116 0 41
9 166 59 69 191 144 161 99 199 191 186 0 42
4 163 191 45 169 159 91 183 182 104 177 0 17
3 76 72 182 88 86 199 166 125 195 76 0 11
5 42 189 87 56 69 160 143 172 63 185 0 24
8 89 156 168 45 190 81 98 41 68 111 0 36
7 73 116 143 79 54 147 149 81 101 77 0 31
9 84 48 186 55 148 116 67 166 117 141 0 45
3 148 170 129 122 187 119 103 168 67 52 0 14
4 80 66 119 111 104 134 149 176 153 44 0 17
10 191 105 186 68 135 90 127 88 115 117 0 50
10 85 193 52 72 135 134 59 82 129 181 0 47
7 105 54 123 156 72 126 71 40 42 151 0 35
9 84 182 171 182 95 143 74 53 121 116 0 43
6 45 187 43 82 145 123 112 100 84 99 0 28
10 155 137 107 69 42 117 96 149 61 78 0 48
2 56 128 45 193 139 133 157 142 180 171 0 10
6 138 185 59 78 168 62 130 119 134 187 0 29
8 54 57 193 190 140 132 183 192 46 132 0 38
6 66 148 81 191 178 134 146 180 155 113 0 28
10 158 193 156 133 198 188 192 58 133 192 0 47
10 133 191 187 46 180 151 164 42 91 83 0 48
3 85 74 169 199 162 50 80 125 57 66 0 12
7 170 143 140 184 104 44 47 58 69 122 0 32
9 94 44 90 181 60 164 56 145 153 51 0 45
10 111 78 103 88 42 127 45 185 96 65 0 50
4 147 132 170 172 144 98 116 153 186 198 0 18
5 150 149 127 44 117 72 157 122 58 76 0 22
3 66 96 77 159 108 161 178 44 179 157 0 12
7 53 134 82 120 145 137 61 43 194 170 0 32
3 78 55 91 93 58 105 50 92 64 161 0 15
9 92 123 60 135 114 174 94 96 193 167 0 41
5 69 193 148 191 158 165 183 103 132 52 0 21
8 144 178 169 195 85 79 85 122 171 83 0 40
7 102 125 59 134 165 159 64 84 158 52 0 31
8 147 96 47 48 107 60 141 124 149 75 0 38
10 178 42 102 101 107 68 178 101 66 153 0 47
8 93 118 70 155 54 48 68 194 44 141 0 36
4 133 127 149 130 174 185 48 109 71 129 0 16
5 87 143 112 119 153 112 76 134 73 47 0 23
8 183 189 96 176 85 42 103 151 90 92 0 36
8 173 129 53 166 192 98 125 48 44 127 0 39
9 123 114 168 189 150 40 96 46 66 104 0 42
7 60 51 172 64 87 169 78 60 49 158 0 33
9 130 111 171 72 142 168 78 76 199 139 0 41
8 48 159 165 109 49 191 194 47 180 187 0 40
10 162 97 40 126 106 88 59 127 162 58 0 50
10 129 117 131 160 197 79 124 82 105 54 0 49
5 60 188 68 61 71 123 162 96 63 46 0 22
7 101 191 143 85 138 56 144 64 165 139 0 32
7 176 65 71 97 110 132 155 67 89 188 0 34
6 163 136 173 164 197 62 128 164 144 160 0 30
7 59 78 182 113 122 175 200 109 81 42 0 34
4 195 192 54 55 95 183 103 147 72 76 0 20
5 195 121 73 187 42 94 63 64 146 189 0 23
9 105 114 153 111 162 98 123 84 59 129 0 45
3 42 40 54 145 92 95 55 181 115 85 0 15
10 73 140 84 162 189 113 195 115 131 105 0 47
5 157 167 112 111 88 77 104 80 44 157 0 23
6 153 91 176 104 104 128 143 73 105 48 0 26
5 87 62 182 198 115 158 181 188 82 86 0 22
8 69 96 50 54 60 142 168 53 180 46 0 36
7 112 189 126 58 60 147 145 129 82 156 0 32
9 83 123 151 154 70 42 117 109 127 46 0 43
7 73 66 185 65 51 87 77 134 41 167 0 31
3 150 115 158 149 180 131 198 117 76 84 0 14
4 59 176 184 197 180 146 92 73 160 116 0 17
3 191 136 50 133 68 163 159 95 65 45 0 15
7 178 182 91 94 122 83 77 181 149 55 0 32
9 186 183 149 151 112 72 51 100 107 70 0 43
8 58 74 136 156 173 125 123 91 51 120 0 36
8 107 94 122 125 86 136 167 52 46 70 0 39
4 182 45 59 64 95 74 145 168 89 117 0 17
8 43 94 46 49 197 72 118 57 190 128 0 39
8 139 51 116 140 42 41 134 167 190 186 0 39
7 154 179 96 150 41 126 133 122 165 143 0 34
7 80 191 116 84 143 157 159 194 181 73 0 33
3 107 171 113 169 60 78 137 116 139 113 0 11
4 192 139 171 183 158 195 161 67 104 42 0 18
8 189 178 48 70 125 114 77 103 192 165 0 40
8 122 153 145 183 193 129 104 66 160 163 0 36
9 122 159 110 125 157 127 165 124 125 183 0 43
8 98 174 71 133 127 85 193 54 158 71 0 40
7 57 186 154 136 186 110 74 145 177 129 0 33
8 179 109 135 150 95 96 115 123 161 193 0 37
9 119 196 96 142 101 102 71 167 108 67 0 44
10 65 164 102 78 66 88 72 89 119 93 0 46
9 187 120 97 134 58 137 193 141 96 74 0 45
6 153 156 84 128 57 107 66 139 49 181 0 28
6 69 190 175 133 189 192 51 135 94 71 0 29
8 183 48 98 51 186 82 116 94 182 198 0 39
4 128 78 94 107 129 153 106 105 132 149 0 18
7 197 137 80 44 118 50 191 183 171 56 0 34
9 128 138 76 162 134 62 131 135 177 172 0 41
9 153 70 70 106 66 193 133 61 126 114 0 42
4 50 199 150 197 109 124 107 171 56 119 0 16
10 116 80 116 153 49 137 69 56 88 55 0 46
7 179 197 135 72 155 54 178 184 60 40 0 35
9 114 113 88 113 168 70 183 134 61 84 0 41
4 193 161 132 171 89 92 107 163 87 64 0 19
6 157 190 65 91 103 61 46 181 130 72 0 29
4 181 103 59 73 129 58 97 191 56 85 0 18
7 52 78 148 119 135 119 156 80 66 95 0 32
8 82 188 46 171 167 129 78 62 78 87 0 36
7 112 64 121 52 101 54 199 118 179 63 0 34
5 84 197 175 103 156 56 146 125 108 155 0 22
10 169 194 151 70 64 76 118 136 137 68 0 47
6 119 70 86 172 81 48 121 81 151 190 0 28
8 68 93 139 147 90 93 149 83 189 174 0 40
9 191 51 53 112 133 143 160 58 70 155 0 43
9 132 90 82 56 135 90 86 185 109 74 0 44
7 110 102 171 53 97 178 192 123 127 179 0 31
9 125 200 174 101 163 135 105 153 173 170 0 41
10 109 59 103 44 46 170 173 155 188 131 0 49
8 125 144 127 166 193 129 185 78 113 99 0 40
10 61 104 56 87 114 169 159 61 105 50 0 49
6 160 125 81 179 198 64 152 42 88 119 0 26
4 143 82 117 150 81 122 107 90 140 64 0 18
3 147 182 135 181 45 135 136 67 40 52 0 15
9 131 118 119 161 70 153 192 191 93 84 0 45
10 195 193 163 66 123 105 156 52 58 133 0 50
4 54 115 152 174 159 165 109 155 175 87 0 18
5 66 70 113 99 78 88 165 97 101 76 0 22
5 78 92 145 145 85 136 185 51 177 135 0 24
9 183 126 97 73 60 172 68 108 113 179 0 41
4 190 193 195 175 146 165 84 104 95 176 0 20
5 135 53 90 172 191 70 69 82 174 151 0 24
9 132 163 181 165 155 114 84 53 89 133 0 43
10 62 155 135 144 131 153 141 173 73 91 0 47
8 58 120 195 102 66 157 41 113 129 145 0 40
7 100 197 132 171 96 182 194 168 56 126 0 33
7 77 177 194 56 99 91 82 162 129 109 0 33
8 172 140 87 71 93 45 128 64 60 175 0 38
6 82 55 156 89 106 127 93 117 55 143 0 28
6 61 97 114 165 129 152 86 107 117 193 0 27
7 41 147 111 158 179 139 157 185 163 123 0 34
6 191 141 111 78 175 115 94 121 88 158 0 27
10 111 153 163 152 199 121 90 145 99 64 0 48
4 145 67 195 189 188 187 48 152 94 124 0 17
2 62 62 196 65 129 111 188 100 197 109 0 10
3 118 119 48 193 105 129 90 52 52 49 0 12
9 66 129 170 105 160 161 166 62 151 65 0 42
10 158 163 60 159 48 84 184 139 185 151 0 47
4 163 193 129 132 94 70 67 44 154 155 0 19
4 88 117 64 50 155 48 81 58 132 185 0 17
8 170 153 196 165 170 148 81 126 44 82 0 36
10 197 136 79 144 149 179 189 107 100 68 0 48
7 171 148 42 72 103 197 165 193 59 154 0 34
5 121 102 44 59 46 145 84 72 131 60 0 21
10 112 74 98 92 143 42 76 66 171 156 0 49
9 105 133 78 146 173 140 98 71 197 177 0 45
9 51 164 55 150 167 165 161 86 192 188 0 41
9 98 172 118 111 70 62 185 70 164 78 0 44
9 67 111 86 79 154 77 114 197 116 95 0 44
10 44 162 48 139 62 129 100 138 88 196 0 46
3 89 139 200 159 61 167 126 91 135 173 0 11
9 67 117 82 140 180 59 48 65 85 173 0 42
4 86 90 145 168 177 144 199 169 120 181 0 16
9 56 60 94 183 56 191 176 64 174 111 0 41
3 151 141 175 138 130 171 56 190 80 47 0 13
9 59 173 110 179 136 103 90 79 187 153 0 44
6 76 119 140 199 44 169 79 126 131 91 0 29
4 183 172 145 133 129 62 108 134 177 66 0 18
9 63 48 173 94 123 93 46 45 120 98 0 41
9 123 48 171 44 153 127 181 118 96 162 0 42
10 48 50 174 172 137 115 188 173 123 41 0 46
4 195 194 127 160 148 99 144 118 173 146 0 16
3 144 133 154 138 54 129 183 181 92 172 0 13
4 62 76 183 189 133 44 138 126 147 131 0 18
8 51 144 140 93 179 172 56 83 192 75 0 37
8 72 182 174 90 59 48 141 185 139 91 0 38
3 156 101 171 151 45 90 177 139 113 132 0 15
3 88 127 155 117 145 41 42 199 197 177 0 14
10 105 144 60 56 140 141 90 42 165 151 0 46
10 76 162 176 128 110 41 158 132 165 195 0 46
3 61 72 100 134 56 193 95 118 193 188 0 12
5 155 120 159 198 177 107 126 135 165 120 0 24
8 101 62 80 113 179 60 151 79 96 144 0 39
9 60 74 52 159 103 159 68 102 119 85 0 41
7 125 187 101 178 185 133 86 71 49 109 0 35
5 180 44 182 58 187 66 197 47 50 171 0 21
8 124 179 56 82 107 44 72 143 165 187 0 36
5 87 200 43 42 165 49 176 61 172 158 0 21
5 105 94 145 129 50 139 109 197 133 67 0 22
3 198 142 73 178 168 106 180 50 99 135 0 11
4 186 51 137 108 66 68 184 66 70 112 0 20
5 96 175 153 87 148 77 159 51 103 99 0 21
10 153 195 181 73 188 145 155 80 47 198 0 48
8 48 45 185 170 198 88 183 191 188 120 0 38
8 200 183 168 124 70 90 79 160 40 185 0 39
8 75 117 163 88 155 64 89 108 127 43 0 38
5 181 125 120 118 96 137 108 88 167 152 0 24
5 104 70 173 149 185 66 91 51 100 44 0 25
6 42 159 99 98 176 124 190 96 105 48 0 27
5 100 41 88 135 97 59 98 142 110 184 0 22
6 97 82 66 189 155 64 177 158 99 133 0 30
5 142 57 199 123 69 106 194 152 90 175 0 24
6 86 158 112 96 45 157 47 183 44 88 0 30
10 157 110 187 159 199 93 198 69 72 43 0 50
5 161 118 160 155 72 169 78 84 57 135 0 23
3 133 57 42 90 143 119 167 67 51 149 0 11
3 175 88 121 82 124 179 195 65 113 137 0 14
10 181 195 101 64 98 54 109 67 124 43 0 49
3 43 147 153 140 157 42 178 71 44 54 0 14
6 92 99 155 47 99 155 137 92 117 79 0 28
7 123 40 158 173 168 148 131 151 56 153 0 33
7 80 114 168 42 50 173 142 141 160 54 0 32
5 163 127 183 158 77 41 123 134 186 190 0 24
10 186 99 186 68 175 82 151 172 88 178 0 48
3 118 56 55 99 119 177 115 103 96 77 0 12
4 127 124 192 60 154 91 188 62 127 133 0 17
4 131 101 137 136 92 170 66 68 70 123 0 20
4 161 149 85 104 121 145 171 117 86 177 0 18
3 44 193 157 171 128 171 91 195 169 119 0 13
9 64 119 110 181 175 142 92 98 145 199 0 42
4 106 103 113 175 156 129 185 179 189 194 0 17
7 143 133 78 55 117 73 73 70 130 191 0 31
6 175 108 120 46 193 72 103 53 93 113 0 28
10 181 58 65 195 99 163 74 176 62 173 0 50
6 75 179 88 165 145 190 74 142 74 100 0 26
7 44 66 169 116 84 143 186 72 137 60 0 31
10 121 47 192 42 42 141 170 84 133 82 0 46
4 60 190 88 55 94 99 78 107 79 104 0 17
5 161 54 80 54 146 97 58 181 47 40 0 21
4 127 161 154 155 41 124 140 165 184 133 0 18
10 136 182 91 170 191 133 46 88 194 141 0 46
5 107 144 157 115 125 41 77 114 197 67 0 22
7 99 162 181 90 167 162 86 197 101 106 0 35
10 142 101 165 65 175 94 180 144 78 117 0 47
8 138 116 197 160 86 95 44 112 128 96 0 40
5 105 157 159 85 62 49 146 76 168 105 0 25
4 116 142 116 123 77 182 96 64 197 106 0 19
4 183 133 83 81 161 159 107 50 125 78 0 20
4 90 47 89 189 127 151 103 182 118 82 0 20
10 61 143 195 138 94 52 143 102 168 74 0 49
3 158 157 86 66 191 66 50 98 114 91 0 12
5 141 195 139 75 162 175 48 96 81 145 0 25
8 71 94 56 147 170 75 108 137 82 165 0 40
9 188 134 91 42 83 76 194 108 159 64 0 42
8 103 90 199 58 142 146 115 162 184 94 0 37
4 70 71 140 92 44 150 175 91 54 160 0 17
6 133 151 42 108 130 88 88 113 165 172 0 30
5 79 76 146 181 103 84 162 170 191 163 0 21
8 115 192 84 89 72 177 91 185 199 54 0 38
6 94 53 129 171 97 96 157 182 186 74 0 28
4 189 125 70 166 105 115 171 198 54 139 0 17
2 96 160 169 77 142 46 129 168 126 113 0 10
7 41 121 52 136 154 187 181 50 105 47 0 31
3 51 92 48 168 77 109 84 146 44 102 0 12
4 191 72 194 140 189 105 185 197 74 195 0 20
3 102 143 41 102 79 185 107 133 96 68 0 15
6 78 127 145 40 81 44 111 91 186 104 0 26
3 177 126 66 173 175 167 88 64 103 81 0 11
9 189 163 139 139 86 88 199 41 147 52 0 43
7 60 100 86 195 60 125 57 138 81 72 0 33
4 177 87 42 131 104 74 64 48 134 157 0 18
8 136 52 131 177 61 80 46 84 168 115 0 38
8 58 50 60 156 60 86 53 96 123 105 0 37
9 60 130 115 196 165 73 112 187 178 191 0 44
4 177 58 62 144 187 84 97 65 102 157 0 20
9 109 66 181 199 139 51 164 187 176 99 0 45
7 92 152 171 151 128 185 82 138 182 185 0 35
4 155 150 42 73 121 192 135 134 142 51 0 16
6 133 93 170 160 62 81 47 112 137 70 0 29
9 74 172 64 196 173 109 172 69 103 72 0 44
4 197 156 47 142 120 108 128 173 89 155 0 18
6 196 72 67 197 199 175 73 44 169 88 0 26
7 100 92 51 183 66 165 165 129 88 103 0 32
3 93 80 135 105 177 165 162 136 40 46 0 15
10 173 118 91 133 122 131 130 191 69 110 0 48
7 46 69 141 113 130 135 115 94 153 72 0 35
5 72 135 104 48 165 143 65 93 46 106 0 21
7 53 48 100 149 200 42 128 172 85 179 0 32
9 55 192 77 89 94 55 108 157 181 95 0 44
4 93 129 117 192 184 84 144 175 104 105 0 17
4 92 96 142 162 169 162 165 183 66 63 0 18
4 113 41 51 145 185 150 173 154 80 130 0 18
5 177 94 115 131 80 184 184 199 140 150 0 24
7 68 127 131 113 195 124 94 64 105 42 0 35
4 150 134 107 84 68 66 66 92 121 116 0 19
7 69 135 103 128 176 99 173 103 115 196 0 34
4 103 173 89 51 190 40 168 199 77 146 0 20
7 108 65 137 62 139 82 130 99 88 129 0 33
6 186 139 166 187 84 141 91 55 59 61 0 30
3 150 72 144 101 159 106 65 182 163 62 0 15
6 54 124 189 113 155 120 133 84 176 148 0 27
10 91 185 147 129 106 149 77 152 64 175 0 48
7 180 97 64 51 199 159 81 98 73 181 0 33
2 177 158 197 125 173 82 191 72 114 64 0 10
8 157 122 186 180 186 182 95 169 70 96 0 38
7 137 92 94 155 184 126 76 175 135 133 0 32
8 44 189 83 127 121 171 77 139 184 119 0 38
10 191 137 132 156 110 153 134 103 95 86 0 48
9 152 97 184 72 112 165 44 143 160 153 0 42
10 75 129 56 142 147 180 99 134 78 91 0 48
5 111 108 50 190 118 136 44 173 112 137 0 24
10 93 60 105 186 116 82 84 109 109 197 0 47
10 175 65 77 161 166 164 68 42 157 115 0 48
3 197 143 115 74 91 161 168 46 147 53 0 12
7 197 45 174 158 195 68 80 153 138 193 0 32
10 196 191 135 91 175 70 64 68 178 51 0 49
10 132 43 181 67 193 60 104 187 175 120 0 47
9 151 51 78 160 116 163 70 78 170 136 0 43
3 103 114 134 190 53 81 49 70 147 53 0 14
8 140 145 146 64 94 79 130 146 89 115 0 36
9 119 116 43 101 68 56 83 84 63 43 0 43
9 96 117 153 44 94 121 140 41 165 52 0 44
4 84 170 101 185 99 187 97 140 181 101 0 17
9 44 101 136 103 151 60 150 62 90 42 0 41
7 63 149 113 195 90 101 167 101 168 153 0 34
4 187 105 142 74 184 50 197 158 79 115 0 17
9 70 132 83 169 98 198 159 139 114 144 0 45
6 141 176 154 153 113 185 180 143 72 54 0 27
3 80 182 68 49 150 138 100 94 171 44 0 14
5 194 60 149 86 140 174 111 144 179 142 0 21
9 110 113 146 54 103 44 127 87 71 177 0 44
8 54 107 151 92 177 96 89 110 197 106 0 36
4 123 75 167 97 125 51 125 126 196 159 0 17
4 42 155 60 142 173 166 125 88 109 191 0 20
9 40 181 41 106 179 60 153 121 195 61 0 43
6 98 148 106 188 170 135 134 149 149 194 0 26
10 145 188 193 102 90 56 89 104 46 166 0 49
7 102 92 156 118 73 77 185 185 129 62 0 32
9 134 193 59 95 115 174 40 61 75 198 0 44
10 154 167 80 40 43 105 85 91 119 124 0 50
9 157 112 56 60 150 55 191 98 122 50 0 42
9 167 160 123 40 183 54 111 137 157 72 0 43
5 105 175 126 185 47 171 70 121 158 149 0 23
7 195 185 68 189 78 73 67 194 50 45 0 31
2 120 60 104 52 64 121 84 125 49 100 0 10
6 54 161 93 176 70 99 199 129 90 52 0 26
10 60 191 159 184 171 166 195 105 48 83 0 48
10 119 50 57 135 122 60 182 145 42 165 0 47
10 145 115 53 70 50 179 143 76 167 167 0 46
2 100 159 79 58 82 188 125 120 199 86 0 10
8 140 97 189 66 117 48 74 85 91 93 0 37
6 99 103 168 151 71 163 100 144 197 45 0 28
5 142 143 82 88 185 42 46 93 66 142 0 24
9 42 50 144 73 194 103 101 133 130 184 0 42
4 165 138 64 89 165 114 111 156 133 56 0 16
8 199 125 167 120 156 112 194 149 193 132 0 40
5 65 158 130 103 183 96 88 102 100 75 0 24
4 185 105 51 151 93 90 127 191 88 99 0 20
10 177 196 160 158 183 110 54 54 153 119 0 49
9 148 118 76 107 147 78 104 107 181 44 0 45
10 60 75 161 117 135 64 70 110 82 78 0 47
3 175 94 193 84 42 117 118 139 190 127 0 11
7 184 118 57 48 167 72 76 44 125 125 0 33
10 67 163 57 78 126 65 163 121 82 40 0 49
4 78 193 175 181 154 81 162 191 128 167 0 17
4 123 103 158 131 137 124 199 128 125 58 0 20
6 109 163 163 106 75 55 139 61 101 54 0 30
6 81 125 96 59 143 116 73 135 78 141 0 27
4 183 146 155 73 162 174 100 152 152 149 0 16
5 173 99 133 76 184 113 155 154 187 184 0 25
7 139 74 60 156 107 119 140 127 134 144 0 31
8 169 159 88 156 128 177 70 166 73 126 0 40
9 87 165 52 84 127 192 179 76 95 128 0 43
3 123 188 117 133 187 64 183 169 64 181 0 13
5 53 109 114 96 144 128 64 131 73 47 0 23
6 171 68 137 76 173 185 48 153 92 45 0 27
4 181 137 153 67 126 133 47 97 112 148 0 16
6 189 179 65 110 139 82 90 56 107 130 0 28
8 186 189 199 69 121 195 109 81 170 145 0 40
5 136 44 165 187 123 74 133 96 96 145 0 24
3 176 136 151 172 149 66 84 153 96 103 0 14
10 144 107 165 198 123 167 105 46 151 195 0 47
10 159 160 51 131 141 66 122 52 180 133 0 49
6 64 197 109 45 70 157 72 161 132 129 0 28
6 113 81 146 78 107 92 53 144 85 199 0 30
8 182 91 80 70 182 71 93 55 68 48 0 39
3 64 179 175 109 160 131 94 62 116 141 0 15
8 62 105 133 100 56 195 82 170 163 94 0 39
5 119 147 43 185 93 134 64 89 150 112 0 21
10 84 117 158 113 146 193 121 130 125 106 0 46
9 80 50 88 44 52 58 135 159 106 157 0 42
6 196 74 120 130 139 180 145 172 195 94 0 29
3 88 141 150 155 145 191 72 142 120 163 0 14
6 199 145 52 66 155 130 174 146 171 123 0 28
6 145 70 82 161 200 169 111 164 198 58 0 27
2 197 189 145 153 152 72 177 178 99 196 0 10
7 140 187 68 188 55 148 146 143 179 123 0 33
5 56 116 40 181 89 103 179 194 130 64 0 22
10 127 162 83 127 53 137 190 126 146 74 0 46
5 141 61 169 140 56 135 154 187 84 105 0 23
3 127 164 159 117 109 161 196 56 53 96 0 14
6 179 73 165 121 108 142 169 73 107 177 0 26
5 188 111 73 121 161 64 192 109 56 50 0 24
5 115 133 155 110 181 66 125 122 191 199 0 25
8 154 124 53 125 113 131 63 69 197 48 0 38
4 133 179 174 109 138 112 86 64 105 58 0 17
5 82 191 49 66 119 190 125 188 50 179 0 21
3 200 189 166 50 175 123 67 152 149 59 0 12
7 42 125 153 88 138 75 136 127 185 148 0 32
8 161 119 151 128 147 127 148 128 91 84 0 39
5 56 157 70 82 169 168 151 73 175 168 0 22
5 91 135 180 86 50 135 52 195 148 122 0 21
7 64 177 153 159 78 53 117 88 180 115 0 33
4 163 48 88 76 179 132 103 88 138 48 0 18
9 51 78 66 127 103 122 100 132 111 98 0 42
10 40 119 92 84 139 107 100 114 137 48 0 50
10 80 108 75 139 42 139 122 89 117 150 0 49
8 143 59 119 135 82 182 129 149 132 52 0 37
9 174 172 119 75 115 102 101 184 163 117 0 45
10 153 133 84 99 123 82 169 125 162 53 0 48
5 46 120 178 109 80 58 171 143 160 86 0 23
10 191 89 147 190 181 157 182 141 172 46 0 49
8 169 132 189 111 192 161 60 144 59 155 0 38
2 151 117 111 78 125 195 183 187 57 133 0 10
6 197 109 75 80 166 172 161 191 136 134 0 27
3 41 110 46 106 192 157 131 182 133 147 0 14
5 200 107 142 171 133 56 85 184 62 105 0 24
8 121 45 141 69 187 64 153 92 143 142 0 37
7 200 141 143 195 124 112 133 143 156 62 0 33
3 91 94 93 84 146 45 66 111 95 146 0 12
6 55 111 71 153 43 58 157 111 81 68 0 27
10 68 191 143 189 152 171 44 57 88 135 0 47
10 74 54 150 136 159 199 53 149 174 171 0 46
5 70 180 151 103 174 45 158 74 122 52 0 21
9 154 150 107 107 89 120 145 101 142 65 0 45
7 151 97 137 155 70 181 140 43 113 167 0 31
7 183 63 115 126 115 59 187 88 163 75 0 33
4 69 122 151 110 179 145 79 106 78 83 0 18
5 136 146 88 179 89 78 106 119 92 42 0 23
4 181 147 81 61 175 139 50 107 41 167 0 17
8 179 148 167 136 140 198 175 81 118 77 0 37
8 127 173 70 191 173 141 87 63 52 181 0 40
8 200 155 175 176 63 51 174 44 60 174 0 40
8 134 179 102 110 193 104 105 100 190 200 0 36
5 197 136 106 78 69 114 197 75 137 197 0 22
4 84 187 134 125 87 93 149 199 185 66 0 16
5 67 47 176 179 151 105 168 129 110 198 0 23
9 132 127 167 157 72 149 138 128 58 102 0 43
8 56 114 50 114 97 63 101 133 172 167 0 36
7 72 199 124 153 52 107 157 191 193 127 0 35
4 189 72 40 141 103 88 86 181 68 138 0 19
7 137 186 51 69 110 90 180 75 198 69 0 34
8 74 139 172 54 103 163 111 44 187 148 0 38
10 68 74 69 60 93 46 121 42 133 76 0 47
258 194 186 178 186
128 169 190 252 293
136 162 204 221 285
109 171 215 248 294
137 140 186 238 271
104 143 213 256 265
111 146 201 237 276
121 166 196 238 292
134 160 199 237 267
117 147 206 254 277
113 171 201 246 294
123 175 218 247 262
138 142 220 249 275
114 160 219 240 274
106 175 210 248 290
129 180 219 252 290
102 150 205 225 297
100 166 180 221 293
100 165 214 245 262
139 143 205 246 262
107 150 188 233 268
137 178 212 232 263
111 172 203 251 270
110 150 194 233 274
119 169 185 251 289
128 150 192 224 272
110 158 199 227 276
121 145 217 247 261
104 154 196 240 289
110 164 207 247 293
129 155 182 241 260
132 173 214 251 264
114 153 205 227 295
115 156 215 228 277
127 141 201 227 283
111 150 180 227 283
137 176 199 226 276
119 173 215 248 289
121 141 205 225 292
109 159 180 254 268
127 156 187 255 271
107 172 193 251 270
115 153 197 254 260
105 147 195 224 275
110 141 204 260 268
104 170 199 230 284
107 151 195 222 264
120 162 220 235 268
128 152 190 222 275
112 157 213 258 267
107 172 185 234 269
115 175 198 260 270
114 176 180 241 263
122 174 198 259 261
121 171 206 253 287
139 147 206 240 298
105 161 206 245 263
103 145 182 242 267
136 173 196 226 292
110 154 194 252 288
104 151 198 252 299
106 147 183 257 268
124 144 196 244 277
114 159 201 228 269
125 142 195 221 299
112 169 199 255 279
110 170 182 246 284
111 163 185 220 260
101 143 200 220 285
107 150 194 256 293
133 153 215 228 299
130 152 199 252 299
105 172 181 239 264
136 156 209 246 277
124 155 182 236 293
111 165 199 233 293
103 160 199 258 299
130 148 205 226 290
101 150 209 223 285
105 172 205 253 266
125 151 205 260 261
139 174 195 231 271
134 142 196 254 279
121 173 186 239 297
117 165 218 242 290
134 151 217 260 288
133 166 191 220 268
124 178 187 249 289
106 156 197 227 284
130 157 196 260 295
135 161 210 229 261
123 141 212 241 294
129 154 207 259 296
101 154 185 235 261
107 167 191 257 298
105 149 216 255 300
104 177 181 238 262
134 141 212 247 299
122 157 191 258 284
101 171 195 257 278
119 171 210 240 289
130 162 218 224 271
125 143 213 227 293
131 146 214 242 288
130 155 212 223 280
120 171 208 249 273
108 162 183 236 292
112 140 200 247 265
111 162 213 230 287
102 154 212 244 262
139 161 182 257 299
101 145 182 240 300
103 164 207 244 278
124 149 195 250 261
119 165 193 234 264
140 176 184 238 267
128 164 211 233 270
135 179 214 241 299
132 177 219 239 276
104 160 197 232 280
101 149 219 232 297
108 178 210 251 290
112 153 192 244 295
104 150 210 226 298
109 175 208 250 288
100 164 183 260 292
105 161 195 243 269
119 172 218 234 283
109 156 216 252 299
112 150 191 241 291
125 165 204 228 260
126 150 213 239 284
130 170 198 233 294
100 146 203 260 280
100 145 191 226 295
103 177 207 245 264
123 165 184 220 282
140 153 185 247 290
113 147 202 223 290
103 164 180 235 294
124 165 184 251 299
136 151 210 226 272
131 147 216 243 264
137 179 201 239 261
138 180 190 247 279
113 172 186 223 283
128 179 188 220 295
140 160 187 234 277
124 154 188 251 294
120 179 217 229 274
110 163 191 224 280
114 174 215 228 260
113 166 215 228 284
137 169 217 241 263
109 143 207 254 280
107 159 218 241 299
107 156 205 250 290
133 165 205 244 289
133 170 182 233 285
113 147 187 226 286
100 150 180 244 286
129 167 180 234 271
113 176 200 250 283
120 171 205 259 299
135 170 210 243 272
100 179 198 242 283
130 167 195 255 294
111 176 186 247 297
125 180 211 255 269
135 140 180 252 262
117 157 208 233 297
109 141 181 229 260
131 142 196 252 277
136 174 183 260 263
104 177 195 223 298
120 173 195 255 260
120 167 196 231 300
106 149 198 231 296
105 161 196 234 291
140 165 182 229 292
126 179 210 232 287
138 147 193 259 262
130 151 192 242 289
127 176 203 224 272
136 175 215 224 269
121 163 219 252 279
138 153 189 253 293
136 176 218 221 283
121 155 216 257 279
118 169 186 224 276
125 175 183 256 271
118 166 215 224 274
119 175 180 250 298
106 153 193 247 265
115 149 212 230 287
125 163 182 229 280
110 141 207 222 296
130 141 208 257 271
108 177 183 235 271
122 171 193 236 290
128 163 189 253 265
139 174 198 247 260
101 168 209 252 265
124 160 212 228 272
102 143 188 242 274
105 153 184 223 279
119 163 207 240 294
134 179 192 251 288
109 151 199 221 264
140 176 188 229 296
128 163 219 220 275
128 165 219 220 296
117 143 213 246 289
104 149 219 242 282
109 141 198 259 285
136 156 181 222 285
132 147 205 230 266
129 150 191 223 269
127 153 212 245 264
125 165 181 222 263
122 177 186 251 300
112 163 190 258 300
103 160 220 242 275
127 162 200 252 266
134 165 219 228 272
125 159 217 220 290
132 166 211 227 271
108 141 203 220 269
120 160 204 223 262
117 140 210 259 280
123 153 212 222 294
102 166 211 246 286
137 166 183 249 286
111 157 204 254 278
118 177 191 248 284
134 161 187 257 269
139 158 209 222 293
138 175 212 231 287
134 168 191 223 269
125 176 209 224 285
110 164 212 259 266
124 154 212 248 272
104 163 219 232 282
107 164 191 242 298
107 161 187 249 296
132 153 212 250 273
125 176 183 239 299
125 176 204 249 269
116 159 214 232 271
112 163 191 239 277
137 163 217 257 263
124 164 185 227 295
121 153 197 238 297
127 180 209 245 289
117 169 200 225 273
115 173 216 243 286
101 150 211 240 260
125 153 205 254 293
135 142 184 225 279
134 178 211 243 294
125 142 198 222 298
124 169 200 227 283
138 146 188 252 268
102 143 210 230 286
106 158 190 253 283
102 161 220 232 267
136 162 215 220 265
140 149 217 241 272
101 140 212 243 288
136 176 213 257 267
132 159 219 229 261
136 178 190 230 277
120 175 212 233 269
136 143 184 242 282
112 170 209 257 290
133 170 191 223 283
128 149 201 229 294
130 180 209 259 277
114 154 214 239 268
104 173 214 229 300
118 165 188 224 287
140 151 196 227 298
109 178 189 242 286
112 153 194 254 295
125 165 218 259 279
138 163 199 242 281
137 161 204 257 293
121 146 185 255 294
100 177 217 231 277
123 175 216 241 287
115 178 207 243 267
125 158 190 225 260
133 149 202 259 275
134 179 200 252 260
115 166 180 235 284
137 140 194 221 287
112 173 190 252 278
114 163 208 242 283
140 143 188 222 275
131 161 185 226 269
103 178 192 229 294
138 152 193 221 278
133 163 193 227 287
140 141 216 252 298
134 161 216 242 265
102 149 213 226 284
108 180 211 221 271
108 157 204 244 293
104 172 207 224 281
115 163 197 226 280
105 150 189 229 293
122 154 200 224 290
139 143 202 250 289
124 175 200 244 274
126 173 214 229 299
134 162 187 239 285
119 146 201 254 262
132 164 216 254 294
140 164 209 242 286
123 148 197 249 288
131 172 215 242 264
115 157 186 259 278
102 153 194 249 274
133 140 215 222 293
100 147 198 235 297
107 178 203 256 280
128 178 182 222 269
138 171 192 226 288
103 145 188 245 262
137 154 189 259 268
107 156 210 227 284
118 154 198 241 265
116 174 214 234 270
139 158 210 257 273
127 170 193 257 287
120 160 206 229 282
105 152 215 224 286
131 148 191 258 285
102 169 209 220 286
130 179 209 256 292
117 153 212 231 261
103 178 196 255 263
132 146 191 259 271
109 172 180 226 289
133 177 217 222 266
134 163 198 236 273
135 148 191 248 271
139 156 196 245 278
132 152 208 243 294
113 163 216 245 294
131 154 203 237 287
107 143 197 227 277
137 162 210 247 277
132 166 199 231 291
115 148 192 232 279
104 163 208 239 288
100 154 199 223 271
134 149 191 246 298
134 165 192 248 267
117 178 212 250 295
134 164 205 242 275
138 175 188 260 291
123 162 181 230 279
131 158 187 228 299
140 162 188 222 282
119 168 195 259 287
129 157 191 258 297
115 151 202 256 282
118 149 202 245 283
129 156 216 248 287
115 158 212 241 289
103 143 188 241 279
112 174 191 225 286
122 155 208 251 263
126 177 194 239 297
122 148 213 240 289
129 140 198 257 277
140 146 189 231 285
115 162 215 246 300
103 146 186 243 277
105 168 194 258 283
130 180 193 228 268
134 166 195 234 276
136 149 218 233 278
123 148 214 246 291
140 142 187 239 274
131 179 212 226 264
104 155 185 236 288
102 152 188 251 261
135 167 195 232 284
108 152 204 245 283
119 152 209 256 296
116 157 211 241 267
134 159 192 257 295
127 153 218 241 285
132 174 220 248 288
102 172 180 257 294
111 148 184 250 264
105 152 201 254 289
118 165 198 245 280
101 161 219 256 284
101 152 194 223 279
133 161 201 242 265
116 157 184 250 271
129 162 204 224 284
122 178 201 253 266
100 158 212 227 277
128 146 180 223 270
120 163 211 244 289
131 168 182 250 282
129 157 195 244 285
119 153 183 254 269
135 163 197 237 292
111 145 203 241 291
112 177 189 231 275
136 141 184 247 293
115 180 220 248 285
125 168 186 229 291
101 143 194 258 300
127 151 192 224 270
140 165 201 234 293
125 170 199 243 278
106 169 218 250 268
114 178 194 257 293
107 148 193 226 272
139 173 199 225 285
105 171 201 246 285
107 164 215 247 292
101 165 181 231 284
120 166 182 253 268
116 180 196 225 277
120 154 185 231 263
136 174 180 239 290
113 173 208 235 290
135 140 215 227 269
113 157 201 236 285
122 170 201 224 276
121 180 204 242 272
115 174 204 260 294
119 142 182 227 292
136 166 194 229 280
114 180 215 224 291
127 155 203 223 269
101 173 209 222 263
118 167 184 246 289
124 172 212 240 270
107 168 215 222 277
123 141 181 250 279
100 168 203 233 285
132 147 204 228 262
127 159 183 246 270
137 157 218 229 266
134 173 208 249 298
116 170 206 238 279
108 149 200 232 292
107 155 216 230 293
130 157 205 255 297
127 162 217 259 278
136 172 220 238 273
134 166 205 257 276
121 145 183 223 267
110 159 192 232 284
140 167 180 249 280
105 141 208 246 274
135 178 205 220 281
106 161 183 255 292
124 167 188 236 261
118 177 208 236 267
111 169 198 253 288
113 143 214 241 288
114 151 208 230 287
106 156 190 241 264
137 159 190 234 289
140 172 191 248 285
128 158 198 230 274
104 164 189 247 285
134 160 197 237 265
131 174 210 233 281
134 151 218 246 294
126 152 180 250 262
109 168 205 247 298
118 161 200 227 280
102 154 197 258 296
123 179 193 225 279
115 172 209 220 298
140 154 185 220 291
118 145 197 246 279
136 158 194 226 284
133 172 211 253 265
106 161 195 229 269
100 176 180 250 294
102 157 191 245 269
128 162 219 256 279
137 175 210 231 260
120 178 199 243 273
113 180 192 238 279
122 165 184 249 265
120 141 190 245 271
103 171 209 234 292
123 144 204 242 266
116 146 220 245 279
125 154 215 231 289
124 178 206 246 273
105 169 207 244 283
132 179 200 229 294
140 141 216 234 298
134 157 184 229 295
129 175 219 229 297
111 170 181 248 300
138 178 183 253 291
132 164 207 220 283
100 177 196 229 267
132 149 220 220 288
117 176 187 253 264
137 148 181 225 293
109 162 187 234 292
115 163 192 222 263
100 154 186 249 281
101 161 217 250 281
138 156 206 252 272
107 159 189 241 264
104 159 191 234 287
107 146 205 260 291
133 145 205 259 299
132 142 184 238 297
125 169 217 232 294
126 156 214 234 263
134 141 195 250 274
122 162 204 234 264
111 169 188 250 277
100 146 192 249 266
129 153 213 259 297
129 178 181 238 268
124 163 184 232 290
122 170 214 224 266
104 169 212 233 269
101 161 199 238 290
109 144 208 223 268
113 140 213 242 274
140 147 204 260 292
117 149 190 231 261
125 142 212 248 273
139 162 186 231 294
136 151 193 253 276
103 180 212 221 293
106 168 202 245 267
126 178 212 241 299
119 166 208 231 281
109 151 213 236 272
121 178 182 227 263
114 157 190 232 281
121 141 215 256 279
114 167 184 248 298
119 160 204 242 298
132 160 203 240 298
129 160 211 239 262
131 145 186 248 262
129 173 192 239 268
131 172 182 255 296
139 147 207 227 278
104 143 181 238 287
114 147 213 245 283
138 174 196 240 273
110 168 192 229 270
123 146 192 253 300
129 176 214 245 290
115 180 187 258 294
104 150 185 241 284
109 145 213 226 281
119 161 202 250 287
122 144 187 256 289
100 161 196 234 260
116 172 194 243 293
104 151 220 247 262
122 169 180 236 282
131 143 208 245 299
132 177 205 221 275
119 160 205 254 262
103 165 220 249 275
107 140 202 246 272
107 156 183 257 290
105 169 200 246 289
134 153 206 222 271
119 160 198 233 270
134 151 214 228 290
102 154 215 232 261
133 161 214 225 275
113 169 210 246 278
135 164 192 233 267
121 154 218 224 286
139 140 185 258 296
100 175 220 253 269
109 174 198 223 288
103 177 218 233 260
135 143 205 252 271
127 146 208 238 274
102 153 194 240 300
100 157 180 238 278
134 157 184 249 276
113 160 183 220 283
139 172 196 245 266
101 145 220 259 291
119 142 203 245 271
130 175 183 238 261
133 152 214 227 269
122 152 219 227 279
105 173 184 243 283
118 172 204 244 297
117 147 184 249 290
128 154 197 246 286
124 143 186 251 281
133 140 182 244 275
101 143 203 224 272
119 149 214 226 295
115 161 210 245 263
138 173 182 240 286
132 143 187 243 288
120 157 194 243 271
125 171 182 227 291
140 169 183 228 287
109 153 217 234 274
115 157 218 256 272
112 148 197 241 262
123 148 201 232 284
121 173 215 239 274
116 180 191 240 283
128 141 207 251 263
114 175 181 241 282
107 164 190 248 288
102 179 197 237 266
125 157 191 248 289
125 173 199 232 282
112 168 182 256 281
126 162 206 232 267
123 154 212 221 270
138 176 217 222 260
115 145 180 248 268
111 143 195 225 269
128 179 185 232 262
128 168 204 231 289
101 173 184 231 272
114 167 216 240 279
110 161 189 245 267
106 148 182 251 263
129 162 215 228 270
105 151 205 223 294
100 171 199 241 272
121 152 218 231 291
117 176 197 230 298
134 142 218 253 265
112 153 189 256 298
137 152 208 260 279
109 166 208 246 294
132 178 214 223 263
110 142 217 254 287
135 165 218 241 260
135 170 217 221 298
107 154 211 232 296
113 143 202 249 299
112 180 188 247 292
119 160 181 255 298
137 158 218 254 298
100 172 191 228 284
135 172 211 234 271
100 146 216 257 272
112 150 217 235 275
131 171 220 236 296
120 140 210 221 285
124 157 188 237 272
107 175 213 233 264
117 141 194 234 281
127 180 180 231 300
107 180 192 233 271
124 174 184 227 281
116 177 197 252 266
102 159 212 225 286
110 140 200 242 280
138 176 180 258 273
125 180 215 231 276
127 151 204 237 279
115 180 180 257 296
112 147 184 235 292
138 174 208 257 282
129 146 220 229 269
110 175 203 249 273
104 169 210 241 279
137 178 203 256 262
122 142 182 221 288
118 164 186 229 261
114 160 191 230 260
129 155 217 239 292
113 171 185 221 293
118 171 188 256 265
130 155 187 247 298
131 148 214 252 289
125 171 211 252 282
103 156 195 251 266
131 143 193 227 287
136 163 195 236 271
110 158 211 260 263
109 144 220 223 267
139 144 202 260 260
133 173 193 244 290
103 159 209 248 267
125 157 207 226 291
136 153 205 249 268
118 158 205 237 276
132 154 220 229 280
109 156 182 252 279
104 171 220 238 291
136 166 181 258 264
135 145 213 221 260
120 159 183 253 285
128 146 210 238 272
107 175 180 250 274
130 146 185 243 285
133 149 208 260 261
126 141 201 227 261
110 144 200 260 292
110 159 206 238 280
129 149 206 242 261
121 165 192 230 292
129 177 203 220 280
135 157 192 252 268
131 158 184 240 286
137 168 199 255 269
120 170 214 226 286
109 178 212 231 278
118 158 215 234 294
140 163 180 225 286
107 168 210 260 277
116 156 195 244 270
112 140 181 241 267
103 159 182 256 283
130 169 204 240 268
119 156 201 250 261
110 176 182 237 292
116 141 188 236 278
127 145 181 253 264
104 170 207 257 269
137 170 205 258 292
104 153 198 234 265
122 157 190 223 285
102 145 199 253 294
107 161 197 235 276
109 168 187 254 299
108 175 208 231 270
127 149 192 233 283
104 177 218 259 262
136 169 204 227 286
109 170 195 247 282
104 155 196 260 264
103 155 213 220 284
133 177 203 244 291
106 173 206 246 283
102 170 209 260 270
110 141 194 240 288
125 153 212 232 282
135 179 197 252 271
115 155 206 233 263
103 142 199 238 300
110 151 200 239 278
128 144 203 253 295
137 144 181 224 286
116 154 192 220 266
126 144 210 242 300
109 175 196 225 300
105 160 184 236 279
110 154 205 254 296
117 157 187 221 295
109 178 193 229 264
137 142 184 254 295
121 144 190 238 270
107 151 211 222 275
131 140 217 247 264
129 150 196 248 279
138 174 207 223 295
134 173 201 235 278
110 179 190 222 268
110 142 209 242 268
122 145 193 255 270
108 161 202 221 269
125 141 192 230 265
126 149 218 257 300
104 160 211 253 260
138 140 212 222 286
126 140 190 221 297
134 180 207 241 278
134 155 196 245 279
123 170 195 238 266
122 157 180 225 286
140 149 208 226 261
106 165 197 250 275
129 158 208 259 261
109 171 207 256 264
122 147 204 244 269
100 180 180 258 267
140 143 206 237 282
115 156 184 226 294
134 179 212 242 293
106 156 212 223 266
135 161 202 220 297
138 171 201 254 291
101 141 193 241 284
137 142 205 243 262
130 170 201 225 294
124 145 186 233 297
119 172 198 231 272
120 176 180 260 271
135 157 190 225 299
129 150 197 251 266
131 157 198 222 282
139 141 209 239 298
119 164 193 258 277
139 167 185 250 290
125 146 217 223 296
106 165 212 251 299
126 142 196 252 291
101 177 220 239 289
119 168 218 222 295
124 177 201 229 289
121 180 212 260 296
114 144 181 248 286
125 175 190 243 300
113 172 206 235 284
115 179 206 241 292
102 168 204 245 277
105 161 183 220 284
126 167 182 231 296
138 165 189 235 293
116 144 207 233 281
137 180 197 241 291
127 158 185 233 277
122 151 190 221 296
112 150 205 240 275
131 143 205 240 261
139 166 200 221 296
125 162 218 258 276
131 163 218 245 289
133 161 182 240 293
139 167 203 224 278
127 169 188 228 293
123 151 184 228 278
114 156 203 240 291
122 174 211 240 274
138 171 204 248 265
140 150 188 258 271
123 178 211 257 269
109 170 204 253 278
125 173 213 227 280
112 142 192 220 262
124 180 205 238 296
116 162 185 223 279
115 150 198 234 298
131 146 205 252 276
101 160 180 233 277
123 172 206 254 297
133 146 204 224 298
116 180 200 248 287
121 162 192 258 263
114 163 210 248 295
126 175 201 238 291
126 147 193 230 274
140 141 192 228 282
138 172 204 222 298
136 158 216 233 291
135 145 183 240 289
107 143 217 255 286
124 162 196 245 275
112 160 200 230 287
105 180 195 224 265
130 157 204 252 281
123 149 219 235 280
139 169 182 221 270
140 180 213 241 264
110 158 206 255 266
106 154 214 260 260
106 158 198 243 267
108 160 194 240 297
133 155 220 257 272
140 150 188 247 297
129 155 212 243 284
123 166 180 227 283
118 148 188 254 263
124 154 212 250 286
101 150 186 259 270
135 170 199 260 286
104 145 183 260 281
122 141 199 243 284
101 158 180 231 298
138 147 216 252 279
102 146 190 228 263
105 160 212 244 297
117 146 219 236 270
115 166 201 237 261
135 162 199 250 284
107 179 182 235 271
124 142 207 234 283
126 155 207 220 283
101 156 180 234 300
117 156 192 260 291
120 150 201 224 268
122 179 193 222 260
109 165 206 222 300
106 173 209 230 291
124 178 193 225 260
116 140 212 236 274
120 160 214 246 300
108 151 191 221 271
116 180 207 244 262
106 168 181 228 284
101 163 211 241 289
126 165 192 233 300
131 168 180 249 270
115 177 183 240 295
135 154 192 244 299
101 175 180 252 275
116 171 188 260 281
139 159 194 248 299
127 172 196 243 278
119 168 218 247 293
106 179 217 241 291
138 172 207 254 279
135 152 188 250 268
114 151 214 225 262
129 172 211 220 268
111 148 191 239 265
128 164 183 227 284
119 172 200 239 297
102 173 214 235 262
106 142 199 250 274
134 167 183 225 278
113 156 195 232 267
128 175 200 240 293
120 173 214 253 269
111 141 207 237 266
136 149 200 254 288
102 173 201 239 262
116 163 213 254 280
110 165 205 248 262
123 163 215 229 294
110 160 180 230 295
123 146 213 225 261
109 163 193 253 261
136 162 211 255 294
132 140 203 256 269
110 171 214 251 296
105 144 220 229 260
136 147 207 230 273
113 144 220 227 260
118 151 187 231 286
127 176 211 228 288
111 153 196 226 278
125 159 180 245 291
116 166 211 229 291
136 178 188 257 263
113 141 202 233 299
121 140 186 224 271
137 160 208 259 282
118 148 191 243 285
102 157 203 246 273
110 179 196 231 263
127 173 188 222 294
110 149 196 239 283
117 156 194 234 280
106 149 191 234 297
115 151 192 259 291
118 160 216 231 267
139 145 194 220 269
102 141 182 233 277
132 147 204 232 295
130 156 219 257 275
125 140 207 250 296
123 157 201 233 300
134 144 194 235 297
121 170 187 241 300
116 179 203 240 295
125 178 200 241 299
105 171 199 258 299
133 146 198 220 278
139 147 211 237 268
100 145 197 238 264
118 143 216 254 274
110 144 209 221 276
108 175 198 248 278
124 140 210 251 260
103 164 194 232 297
123 163 183 260 264
110 170 215 221 267
123 164 203 252 298
101 150 182 232 260
104 166 199 237 274
133 152 218 226 261
120 145 183 225 294
140 178 206 244 282
108 157 188 250 266
105 143 214 230 271
105 143 216 227 297
122 174 192 239 267
122 175 198 259 265
124 178 189 258 276
2569 3390 3811 5052 5873
5041 6004 7559 8189 10558
2406 3772 4741 5468 6481
3846 3930 5219 6676 7601
5208 7160 10662 12813 13263
2784 3660 5037 5937 6913
1824 2500 2951 3582 4393
1885 2250 2797 3330 3751
4689 5890 8251 10173 11093
3285 4969 5840 7146 8539
2223 3160 3935 4458 4728
6909 7109 11011 12462 13763
1605 2250 3078 3372 3849
1492 2460 2951 3484 4073
5169 7210 8771 10092 11613
2150 3160 4317 4737 6251
4008 6651 7211 8852 11734
2608 4300 5576 6382 6825
5986 6159 8826 10590 11279
1186 1660 2079 2576 2962
5215 6774 8067 8828 10006
3671 5686 6710 8295 8923
2209 3010 3891 4672 5494
4650 6601 7226 9801 11284
2825 3310 4235 4940 5997
3199 4592 5782 6595 8017
3034 3635 5437 6187 6538
2192 3244 4127 5052 6083
1438 2142 2702 3223 3822
5169 6210 7291 9653 10413
4893 6411 7929 9299 9780
4797 6436 8621 9546 12404
5299 7186 9902 10500 12755
5978 6637 9458 10681 13314
4005 5410 6491 8184 10202
5215 6698 7573 8600 10501
4173 6065 7536 8692 10128
2550 2971 4316 4737 6146
3170 4621 5231 7379 7785
6105 7498 8987 12253 13021
1506 2418 2713 3527 3793
3689 4906 6315 8141 8333
3579 5008 6642 7628 9364
2099 2689 3887 4953 5105
2504 4090 4787 5532 6829
1721 2426 3132 3564 4238
4809 6490 8812 9412 10733
4873 5786 7231 8448 10463
5496 7703 10448 12655 13096
2898 4655 5006 6330 7276
1848 2810 3179 4172 4333
3315 5115 5231 7002 7640
3791 5404 6149 8041 8104
5817 8218 9899 12156 13789
6403 6771 9487 11052 13721
2108 3230 4132 4913 5273
2687 3780 4743 6305 6956
5585 7103 8047 9278 11985
4628 6478 8159 10597 12109
1672 2426 3179 4044 4798
2553 3538 4403 6181 6445
2117 2458 3343 4160 4722
4113 5734 7248 8220 9697
3759 4270 5861 6642 8984
3144 4742 5583 7152 7825
5288 8170 8747 11820 13645
5559 8161 9261 11012 13013
3038 4300 6012 6612 8564
5144 7210 9323 12301 14077
5063 5824 8181 8676 11375
2739 3202 4190 5304 6292
4419 7235 7613 10051 11101
1641 1882 2519 2964 3337
5093 6365 7473 9688 12027
2672 3970 4787 5604 7045
3922 6090 7573 9816 11375
4299 4894 6776 7470 9583
3341 4960 6909 7371 9419
2738 4482 5341 6590 6929
2009 2426 3291 4173 4189
6264 7840 8786 10407 12208
3091 3275 4519 5854 6430
4849 6930 7451 9572 11893
5624 7930 10475 11628 13933
5771 6502 9342 11192 12397
3733 4658 5359 6172 7517
1249 1790 1881 2502 2903
4143 6094 7694 8865 11090
3779 4563 5695 7552 8568
4464 5323 6941 7569 8626
3084 3534 5311 6037 7363
5298 6323 8498 10631 12149
3645 5555 6671 8473 9410
3325 5187 5932 7979 9251
1583 2244 3251 3837 4513
3129 5321 5441 7153 7873
4163 4380 6583 7669 9282
5377 6918 8415 11364 12509
3139 5311 6056 7980 8631
3936 5653 6941 7932 9550
5599 6976 9386 9644 11666
2009 2298 3420 3644 4701
4856 5411 7929 8966 10669
4169 4970 6795 7148 8973
3009 4285 5211 6237 6838
4328 6490 7331 9452 11694
3257 4070 5812 7176 7698
4004 5842 7679 8292 10345
3476 5246 7220 8309 8921
6264 7255 8200 11577 13468
4452 6390 8019 10573 13214
2892 4602 5807 6844 7797
3853 4629 6056 7763 8104
4055 5620 6573 7968 8989
3229 4058 4243 5486 6154
5641 7226 9295 10264 11893
4599 6096 7287 8205 10179
3837 5143 6362 6943 8017
2192 3370 4148 4884 5893
2129 3139 4611 4884 6251
1736 2858 3371 4028 4653
1129 1540 1931 2452 2964
5208 7510 10512 11312 14914
2624 4210 5003 6012 6925
1508 2470 2756 3913 4393
2213 3391 4106 5116 5662
5126 7406 9385 10074 12182
3169 4534 6275 7320 8684
1129 1510 1921 2422 2924
5759 7600 9395 10500 11973
5805 6910 9809 11006 13077
4039 5280 6149 7235 9127
2708 3952 5492 7033 7573
4408 6390 8415 9956 12994
4025 6914 8084 9567 10309
4806 6445 7187 8592 11012
4209 4600 5561 7422 8713
1252 1627 2234 2465 3204
4231 6734 7391 9647 12068
2365 3145 3507 4781 5694
3409 3785 5261 5662 6813
5380 6037 8868 9975 10837
3023 3948 4433 5270 5754
4011 5230 5521 7175 8104
3738 5687 6149 7371 9353
5385 7529 7907 9252 12403
5049 5770 6743 8436 9985
1869 2320 2831 3777 4423
1329 1979 2398 2531 3027
3419 5063 5932 6956 8694
5709 8711 10762 11412 13013
1251 1836 2377 2520 3137
3708 4573 5870 6519 7113
4477 5873 8498 10427 11493
2362 3508 4807 5314 6591
1934 2818 3701 4512 5233
6260 7765 9646 11480 13596
2403 3070 3287 4206 5143
3964 5155 6556 7922 10024
3808 5710 6851 9285 10882
6201 8026 8651 11244 13021
2381 3706 4211 5262 5956
4568 6508 7801 9854 11375
5139 6470 7991 9246 10349
3808 6813 7535 9208 10767
1959 2515 2936 3837 4423
4004 6346 6707 8904 10705
5634 8110 9506 11487 12117
3385 3510 4511 6313 6563
5391 7232 9579 10730 13675
1753 2266 2908 3677 4174
3808 4128 5695 7321 8046
2865 3664 3854 5472 5536
2920 4967 5471 6256 8358
1809 2605 2936 3838 3913
5769 8026 9419 11100 14413
4566 6417 8525 9945 12742
2843 4357 5303 6330 7871
1689 1990 2195 2760 3517
3159 4485 5261 5812 7188
1941 2068 2713 3639 3681
2219 2577 3275 4126 4926
5724 7930 9146 10092 12253
2321 2985 3666 3820 4586
3034 4085 5486 6312 6988
2769 3070 3791 5072 5873
1505 1946 2409 2442 3126
1824 2335 3251 3867 4198
4493 6433 7079 8524 10501
5759 8060 8429 11788 12479
2841 3994 5172 5388 6589
3936 5785 5950 8262 9847
2553 3682 4643 5941 6373
3114 4033 5736 6222 7762
3759 4900 5471 6882 8413
1109 1420 2082 2232 2974
1959 2124 3131 3868 4078
1737 2843 2939 3772 4349
6109 8560 9661 11812 14513
3977 5063 5870 7856 8228
4874 6100 6941 8657 9112
4856 8074 10043 12109 12733
2365 3050 4040 4344 5181
1539 2155 2831 3643 4124
3684 5365 6451 7817 9779
3103 4248 5393 6252 7657
5637 7528 8075 10554 12109
5459 7560 9962 11062 13213
5749 7226 7719 9401 12149
5641 7182 9648 9692 12113
4361 5620 7457 7491 10077
4689 5729 8531 9852 11573
4064 5821 8553 9450 11011
2515 3253 4565 5970 6568
2457 2818 3269 4008 5144
1329 1480 2062 2312 2673
3363 3910 4977 5810 7007
2930 3529 4887 5647 6085
4509 5951 6527 8004 9481
2937 4258 4474 6036 7213
3144 4574 5331 7236 8413
2892 4490 6172 6788 7713
2803 3574 4411 5556 5865
6307 7765 10304 10728 12797
5384 6847 9343 9472 12483
3705 4658 5919 6368 7601
3357 4381 6305 6832 8353
1569 2090 2664 2911 3419
1764 2109 3161 3898 4213
5913 7354 10187 10668 14125
3068 4990 6341 7392 8593
4804 5820 6416 8727 10023
4559 6447 8375 10426 11411
4611 6913 7460 9684 11089
3359 4035 4686 6438 6738
4318 4908 6490 6894 9096
4287 5435 6583 7173 8910
4029 5050 5741 6702 8083
2759 3882 4609 4940 6283
4298 6406 8279 10114 10387
2737 3398 4675 5468 5997
2608 4085 5487 5812 7063
2148 3290 3831 4852 5974
4074 6128 7117 9474 11261
4629 5365 7431 8762 9568
5134 7226 7513 9811 12272
1884 2650 3071 3747 4048
3141 4303 5790 6276 7330
3705 5389 6314 7899 9154
6448 7671 10210 12091 12373
1249 1650 1861 2282 2964
5938 7507 9664 11674 14566
3946 5590 6490 7607 8972
3051 4404 5211 5862 7111
2538 3816 4763 5358 6305
2230 3310 4654 5293 5733
4884 5977 8006 9918 11440
2440 2566 3323 4062 5036
3493 4638 5497 6330 7657
6259 7110 9911 11112 14914
5837 7953 9411 10681 13314
4011 4244 5463 7321 7785
2558 3585 5262 5762 7164
1386 2064 2481 3302 3692
1436 2264 3092 3260 3751
4633 5518 7322 7492 9023
3649 3884 5653 6278 7085
1220 1690 2556 2928 3470
2729 3530 4271 5152 5352
3705 4462 6144 6424 7321
1777 2324 2481 3002 3614
3729 5435 6583 7235 8352
4497 4729 6083 7998 9319
3144 4770 5863 7208 8133
1339 1710 1921 2242 2843
4361 5076 6845 7798 10009
2869 3970 4609 5710 6106
2973 4014 5576 6226 6981
3440 5719 7073 7569 9913
5555 7765 8847 10540 13503
3229 3483 4519 5233 6867
3823 6241 6626 8482 10023
3480 4753 6025 7886 9158
3384 4465 5897 7005 7546
6219 7345 8966 10902 12658
2886 3391 4295 5409 6166
2066 2492 3156 4348 5011
1808 3197 3918 4170 4999
3699 5260 6491 7242 8623
1734 2680 3116 3657 4018
1384 1748 2101 2487 2873
4797 5374 7283 9336 9913
2421 3232 3611 4548 4692
3919 5654 6131 8002 9669
2750 2810 3891 4432 5754
2696 4162 4571 6060 6685
3770 5389 6875 7998 9352
3370 3442 4523 5340 6613
2760 3391 3896 4758 5662
1553 2681 2891 3447 4423
2494 2746 3485 3990 5017
2137 2618 3099 3644 4605
3649 3675 5627 6564 7761
2287 2747 3683 4126 4518
2660 3884 5550 5888 7398
3140 5231 6131 6421 7872
3356 4877 6335 7576 9096
3960 6547 7877 8524 10691
3459 4900 5921 6792 8413
1794 2560 3224 3905 4995
4157 5246 6811 7628 9873
6264 6444 9101 11262 13018
4473 6310 7211 8796 9877
6309 8660 10711 11461 14963
4967 6004 6930 8855 10558
2865 3514 4835 6109 6301
5817 7226 9515 11188 12949
3509 4110 5236 6062 7163
6036 7262 9664 12213 14125
2105 2762 3451 3884 4236
1159 1580 1871 2603 2793
3374 5059 6413 8230 9055
3467 3649 5602 5784 7631
4608 6772 9119 10822 13676
4288 7130 8131 10252 11213
5129 7131 7291 8892 10773
5805 7192 8075 9504 12109
3717 5230 6779 8833 9445
4530 5092 6248 8560 8857
4930 7186 9672 10454 13077
3549 4630 5951 7243 7963
1749 2620 3221 3522 4063
3762 4276 5681 6951 7384
5597 7490 8503 11320 12641
5769 7690 9899 11004 13549
2318 3354 4742 4940 6306
2629 2970 3831 5172 5713
1946 3221 3983 4192 5447
5599 7707 8998 11020 12569
4572 5977 8280 9021 10192
1656 2859 3147 4093 4221
4893 5412 7078 9596 10040
4260 6719 7031 8826 11285
4132 5497 6738 6894 8259
1349 1640 1991 2372 2743
4599 5042 6505 8444 9227
4457 5002 6283 7852 8909
3177 3658 5003 5844 7069
1703 2455 3251 3687 4423
3153 3706 4883 5700 6901
2791 3728 5134 5914 7216
4256 5032 6521 7669 8600
3309 4160 4986 5787 7288
5414 6966 9035 10916 13127
2088 3270 4171 4792 5773
3208 4938 6380 7148 8686
2019 2245 2876 3702 4483
1349 1660 1931 2492 2683
2816 4282 5099 6012 7093
5637 6898 8621 10176 11563
2217 2810 3018 4172 4669
2592 3412 3812 4842 5872
2891 3486 4125 5028 6592
3929 4546 5275 6228 7909
5959 8410 9761 12962 14363
4137 5034 6123 8268 9517
2539 3332 4455 5645 6217
1543 1947 2637 3197 3692
5169 6250 8651 9932 11493
4263 5856 7855 8929 10706
2996 4157 5463 7002 8105
1241 1925 2112 2487 3159
5255 6675 8955 10805 11322
2403 3373 3697 4553 5656
3059 3710 5336 6012 7238
3363 3649 5159 6695 7215
7010 7310 9461 11562 14263
1503 2116 2806 3210 3913
4438 6288 8009 10462 11925
3998 6394 7383 9817 10767
6509 9011 9661 11412 13413
5771 7148 8396 10074 11881
3001 3288 4807 5138 6129
5298 6373 9213 10590 12526
2950 2992 3938 5031 5767
1843 2516 2979 3176 3709
4792 7140 8521 10868 13262
4598 6850 8471 11308 11758
2574 3183 3716 4420 5409
1952 2746 3683 4422 5107
5601 7154 9834 12044 13925
2097 2836 3810 4350 4819
3895 4621 5579 7465 8568
1533 1846 2627 2904 3433
4101 5404 6831 7700 8941
1946 3278 3431 4896 5599
4671 6226 7739 10513 11101
4628 6698 8855 11189 12729
3785 5290 6347 7852 8973
1220 1942 2639 3084 3421
3240 4874 6220 7148 8942
6260 7577 9458 11386 12468
3257 4406 5163 7013 7601
3234 4060 5111 5612 7113
2571 3748 4232 5325 5599
2808 4434 5948 6368 7769
4234 4828 5951 7371 8924
4689 6367 8240 9528 11284
5511 7066 7655 10512 11857
5556 6761 8396 10504 12268
5007 6436 7697 10681 11311
4464 5389 6512 7833 9649
2340 3055 4274 5073 6124
4489 7091 7571 9252 11013
5177 5367 7003 9398 11147
1618 2530 3091 3484 4003
1884 2530 2801 3447 4378
3745 5301 7189 9559 11114
3946 4691 5963 6956 8383
6589 7765 9458 11010 13784
3009 4090 4787 5844 6685
5096 8122 10476 12012 12877
3086 4816 5249 6951 7924
5359 7410 9662 11312 13614
5986 7449 8568 9687 12268
1898 3088 3629 4440 5143
5358 8210 10761 12362 14613
1220 1991 2183 2784 3422
4089 5654 6199 8615 9125
4533 7031 7655 8787 10816
2409 3090 3711 4633 5273
4089 5230 5410 7182 8713
1816 2778 3339 3772 4653
5544 5750 8827 9319 11042
2043 2836 3629 4260 5143
5011 6980 8252 9196 11329
1219 1810 2051 2432 2733
3458 5230 6131 7812 8833
4293 5122 6563 8184 10526
1913 2334 2727 3218 3933
3314 5230 6246 6508 8452
6105 7450 9756 10716 12925
3543 6066 7327 7782 9218
2369 3350 3691 4932 5793
6085 8438 10399 11772 13243
2362 3706 4742 4896 6107
1485 1702 2183 3013 3361
3708 6226 7522 8633 10558
4761 5302 7356 8220 9445
1279 1600 1841 2473 2713
3845 4406 6116 6424 7461
1751 2259 2715 3249 3887
3489 5110 6191 7152 8383
4544 6268 8411 9756 12278
1827 2645 3684 3922 4994
2739 3307 4316 5367 6250
3565 4546 6087 7264 7797
5585 7062 9031 9770 11206
4967 6152 7596 9521 10225
2308 2765 3488 4250 5087
1329 1918 2315 2796 3422
2669 3183 3430 4743 5333
2948 3958 5836 6901 7685
4464 5884 6776 7271 9286
2658 4035 4586 6388 7313
4349 5855 6591 8272 9148
2605 3904 4587 5204 5887
1895 2883 3377 4313 4909
2947 3728 5576 6278 7501
5139 6805 9371 10362 12928
4991 7342 8941 11340 12421
6585 7642 9131 11244 13885
2109 2590 2876 3732 4288
2441 3012 3773 4382 5219
3128 4930 5681 7422 8563
2689 3210 3951 4752 5313
6297 8362 10091 11196 13501
2019 2274 3281 3702 4423
4545 5482 6491 9013 9445
3605 5554 6776 8163 9847
2133 2908 3611 4098 5053
2354 3552 4542 5947 6821
5421 7887 8503 9912 12289
3688 5514 6699 7052 9549
4350 4784 5746 6832 9035
5437 6680 9073 11329 12847
2049 2380 2921 3402 4273
2403 3106 3809 4566 4782
1175 1781 2156 2531 2972
4908 8635 8831 12262 14419
1028 1580 1921 2463 2703
4489 5680 7676 8972 9778
2886 3685 4421 4863 5473
2529 3748 4190 5115 5746
2043 3251 3467 4296 5035
4523 6115 6819 9226 9818
3849 4522 6091 7853 8685
4025 6679 8162 9138 11401
5913 6922 9804 11628 12781
2793 3514 5292 5892 6709
3009 3706 5171 5556 6949
3605 5172 5985 7146 7930
2423 3897 4772 5624 6522
5817 7886 8811 10088 12949
2669 2688 4115 4458 5675
2421 2836 3323 4134 5323
6330 8585 10742 11232 14566
4448 6810 7251 9932 12013
6495 8376 8611 11903 13690
6609 8210 10361 11012 14163
3708 6560 7263 8485 9892
6081 6864 10132 10132 13261
3285 4939 5247 7097 7405
6448 6966 8518 10587 13785
4478 6652 7678 9606 11986
3114 4412 5195 6006 7114
1508 2320 2801 3748 4229
2230 3552 4786 5512 6195
6909 7810 10311 12612 13613
5145 7642 9083 11581 12685
1256 1918 2303 2820 3458
4716 6434 9031 11453 12817
6659 7259 10261 12962 14963
2517 2708 3507 4534 5657
3009 4066 5219 5580 7069
5175 6406 8786 9606 10796
1617 1702 2351 3013 3301
3303 4384 5519 6330 7141
4448 6770 7531 10012 11093
1808 2638 3467 4495 4801
2331 2763 3845 4674 5359
6072 8377 8518 11198 12609
2489 3270 3691 4652 5813
1961 2730 3436 3596 4269
1672 2714 3404 3740 4317
2028 3230 3991 4772 5814
3824 5050 7292 7817 9393
3851 4770 7254 8240 9329
2109 2214 3071 3912 4393
1413 1798 2291 2785 3145
3759 4269 6371 7452 8203
3762 4384 5033 6249 7951
5449 6050 7731 10132 11053
3304 5771 6795 7084 9389
3506 5554 6677 8097 8824
5301 7486 8915 10134 12571
4531 6318 7915 8790 10691
1317 1822 2568 2844 3277
2671 3927 4015 5006 5799
4797 6604 7991 9756 11815
3155 3675 5601 6668 7267
1946 2849 3139 4228 5079
5602 7530 9599 11386 14019
3573 4330 5492 6492 8059
1944 2410 3176 3597 3943
4201 4650 5963 7949 8397
1815 2432 2699 3358 3765
3153 4138 4378 6132 7117
6820 7213 10154 11135 13635
5105 7017 8880 11675 14077
5253 6772 9809 11282 13031
5667 7144 8047 9852 11206
4629 7067 8075 9630 11353
2100 2491 3275 4313 5113
1428 1946 2365 2707 3203
2768 4330 4498 6204 7069
3752 5410 6671 8689 10238
3388 4505 6615 7018 8724
5364 7255 9101 11262 12928
1717 2026 2629 3597 4059
1708 2748 3344 3991 4433
5808 8610 9711 12162 14663
4896 7107 10352 11622 12327
4279 5925 6311 8272 9883
5642 6158 8955 10547 12870
3705 4966 5751 6200 7713
5721 7690 9851 12205 12589
1038 1660 2212 2502 2763
3112 4070 5870 7147 7901
4074 5938 6965 9779 11033
2948 4742 5611 6900 8105
6307 7201 9693 10446 12750
5721 7690 9515 11196 12973
1617 1822 2579 2748 3493
3272 4938 6892 7436 8365
5994 7255 9641 10137 12388
5658 8460 10511 12312 13913
2439 2962 3467 4206 4819
2671 3398 4808 4940 6305
1677 1689 2231 3108 3565
3208 5610 7052 8108 8621
1643 2621 2981 3357 4333
4231 7268 8950 9565 10673
2844 3012 4316 5304 5704
5089 5850 8331 9532 10973
3170 4753 6025 7452 9314
3808 5976 6851 9057 10578
6307 7389 8659 11715 12985
4077 5770 6599 7932 10202
2233 2762 3147 3932 4269
2331 3344 5072 5969 6706
4293 5122 7319 8833 9769
5079 6836 7148 9294 10192
5595 6394 9000 9546 11311
4035 5026 7239 7503 9220
4313 7104 7555 9975 11616
4728 6890 8171 9772 11893
5859 7360 9211 12463 14514
6281 7556 9664 12066 14027
2737 3156 4103 5535 6195
4265 4490 5835 7821 8813
3443 4872 6914 7628 9262
3579 4480 6432 6792 8863
3919 5484 7152 8342 8955
2769 3470 3650 4812 5733
3045 3299 4312 5601 6637
5409 7075 8741 10947 12208
1884 2575 2741 3417 4378
6589 7953 8612 10728 13502
2515 3529 5003 5394 6315
2998 4092 5679 6668 7085
2473 3266 4346 5315 5777
4437 5338 7247 8364 10237
3881 5546 6891 7660 8781
4997 7751 8224 10332 12182
3977 4381 6428 7794 8166
1605 2461 2545 3386 3961
1827 2798 3241 4228 4909
1538 2696 2966 3567 4003
4009 5034 6123 7948 9261
5384 7449 8568 9988 12139
4040 6058 6563 9229 10129
4923 6328 8045 9060 10426
2100 2628 3616 3769 4603
5391 6874 8474 8670 10153
4494 5665 7031 9685 10465
3783 4872 6642 7663 9160
4233 5918 6116 7668 8659
1417 1858 2255 2553 3192
1826 3125 3323 4170 4909
4568 6690 8651 9612 11173
3969 5806 6815 8833 9625
4567 6374 7837 10806 11322
5169 6490 8612 9132 10813
3473 4993 6777 7371 9716
3708 6338 7374 8929 10077
5333 6698 9604 10176 12817
5391 8106 9073 10592 13721
6039 6399 9822 11397 11938
3144 4294 5303 7180 8357
3982 4417 6043 7552 8104
4259 6484 8123 9606 11479
2385 3214 3863 4026 4747
3748 4837 7390 8648 9771
5544 6775 8949 9893 10672
5679 7150 9125 9293 12529
1720 2474 3387 3724 4749
5206 6587 9303 11466 13767
3928 6310 6591 8657 10233
4888 6570 7432 10467 12231
2612 3011 4153 4838 5675
2908 4999 5550 6624 8250
2439 3106 3809 4224 4891
3208 4682 6924 8237 8717
4041 5410 7824 8472 9913
4463 5824 7491 8036 10077
2649 3090 4632 4874 6284
5837 7389 8847 11151 12797
3004 4911 5976 6536 7405
4689 5650 7771 9372 11254
5470 7750 7750 9945 12913
4716 7931 8459 10264 11937
3853 5405 5715 7049 8724
4765 7267 8088 10344 10919
5006 7801 10400 11037 14027
4409 5610 8011 9693 11213
6771 8634 8830 12654 13390
3259 4690 5601 6018 7189
2295 2728 3683 4278 5035
1733 2710 2710 3867 4453
5049 6625 8291 10587 13154
6909 8710 10411 12862 14112
2331 2638 3972 4134 4855
2428 3860 4477 5490 6019
2504 4066 5051 5796 6709
5626 7308 8334 10508 10754
2449 2850 3651 4432 5774
2841 3947 4475 5508 6277
4911 6891 8224 9902 11193
6072 7295 10210 11245 13737
4529 6851 7411 8852 11734
3903 5653 6215 8461 8758
4299 5125 6182 8163 9847
4987 5633 8143 9588 10995
3509 4798 5919 7068 7909
2789 4222 5276 6790 7195
4463 4872 6573 7730 9772
3681 4411 5276 6384 7330
5288 7594 10139 12493 12637
1862 2458 3752 3803 4552
1399 1450 2031 2613 2613
1605 2086 2327 2940 3493
4334 6688 8790 10429 11227
5884 7389 9740 10634 13690
2593 2917 3906 4743 5105
2015 2696 3496 4041 4705
4761 5554 7932 8256 10093
5241 7498 8747 12109 13405
3544 5824 7491 8104 9907
2865 3496 3812 5431 5557
6625 7115 10449 10841 12753
5409 7165 8246 11398 12838
5257 5996 8622 9770 11165
4716 7711 7931 11013 12069
5729 6434 8151 10704 12553
6127 6864 9579 11973 12019
1395 1561 2223 2509 2884
4628 6058 8411 10933 12277
1768 2554 3307 3820 4493
5298 6119 8457 9934 10714
1582 2155 2507 3002 3809
5685 7798 8943 9692 12333
3924 4563 5579 7320 7785
2367 2854 3323 4332 5161
5626 6898 8170 10467 11042
5049 7150 8999 9504 12025
5022 8198 9763 10638 12801
1897 2538 3451 3756 4717
1829 2129 2351 2937 3731
1934 3034 3791 4692 4999
4301 5782 7226 9041 10003
4265 5330 6889 9171 10160
1553 2395 2741 3853 4258
1829 2376 2867 3372 3765
5483 7186 9257 11513 12019
5068 8107 8383 10914 13445
1401 1702 2267 2845 3350
3057 3490 4355 6085 6349
4064 6640 8084 10036 10504
5626 6980 8416 10590 11985
3649 5365 6942 8203 9288
2571 3307 4001 4695 5999
3680 5230 7175 9121 10598
2256 3391 4148 4947 5809
2406 3706 4125 5600 6591
1196 1936 2299 2553 2983
2549 2990 3851 4672 5673
2192 3727 4589 5451 5514
6537 8122 9803 10908 13741
4150 6470 7421 9398 10729
4064 6055 7655 10153 10309
3922 5900 8106 8372 10806
3201 4258 4883 5868 6997
2658 4335 5161 6162 7088
2762 4600 5654 7033 7303
2429 3112 4279 5293 6350
3759 4600 6371 6972 8473
3249 4306 4739 6060 6517
3459 4660 6192 7002 7903
5158 7110 9961 11912 15014
2539 3483 4611 5509 6407
1417 1593 2244 2795 3258
1928 2026 2545 3148 4018
5693 7556 9420 10792 13047
1773 2025 2951 3400 4213
3060 4910 5499 6312 8414
3474 5290 6083 7801 9221
3528 4938 6571 8140 9485
2817 3778 4499 5316 7094
5241 8555 9275 11004 12685
1653 1713 2219 3060 3553
2066 2458 3241 4059 4603
2149 3030 4232 4452 5513
2367 2529 3918 4458 4765
1686 1960 2559 3236 3640
5805 7318 8705 9377 12403
2287 2951 3428 4007 4739
3419 5560 5901 6894 8321
3089 3986 5864 6789 7517
6109 7260 9661 12763 13513
2817 4196 5264 5758 7007
3884 4381 5963 7143 8228
5805 6863 10039 11834 13813
1776 2730 3599 4314 4433
2907 2949 4464 4674 6019
2277 2530 3431 3990 5360
6173 8290 9533 11098 12801
2957 3420 4323 5402 6151
4314 5960 6836 8342 9323
5743 7389 8471 10587 13456
5610 5970 8332 9052 10453
2658 4135 4936 6263 6888
2460 3012 3963 4933 4972
2188 3430 4151 5132 5293
2449 2950 4091 4892 5393
4908 8831 8831 12655 13096
1689 1725 2483 2856 3397
2884 3910 4611 5662 7364
5369 7170 8491 9692 11733
4461 6562 8916 9378 11185
5004 5967 7485 8152 11002
2355 2917 3428 4330 4960
3038 4240 5801 7243 8534
2886 2992 4316 5115 5515
4949 6470 7649 8562 11185
3481 4070 5219 6536 8330
2032 2934 3377 3939 4637
1209 1770 1811 2613 2723
4194 4877 5901 6987 9282
1557 1810 2375 3025 3205
2629 3150 3971 4452 5653
2094 2124 3146 3597 4483
3103 4274 5029 6720 7215
1538 1847 2045 2762 3203
5384 6288 9343 9601 12741
3506 5455 7007 8295 9880
2277 2565 3539 4548 5251
3846 6736 8371 9094 10995
4412 6226 8077 8226 10928
5465 7798 8855 10088 12729
2428 3610 4251 5212 5933
5139 6490 8156 11173 12884
4384 6135 6661 8517 10513
1816 2762 3307 3772 4557
3343 5201 5985 7001 8481
4496 7402 8987 10792 12201
1899 2909 3305 3972 5126
3285 4352 4743 6018 7709
4425 5290 6059 7532 9389
1749 2170 3117 3507 4228
6585 8650 9467 11580 13981
4454 5540 6486 8167 9708
2571 3181 4001 4653 6230
3593 4810 6572 7692 8813
5773 6302 9032 10572 11497
2372 2832 3411 3768 5045
2259 2926 3935 4656 4981
2367 2944 3935 4422 5215
3201 3874 4379 5772 7045
4874 5855 7116 7852 9743
2422 3221 3583 4344 5580
4191 5144 6267 7764 9466
2289 3130 4071 4812 5833
4035 5752 6974 7932 9055
4149 5140 6131 7452 7962
2109 2260 2831 3883 4078
3330 4816 5708 6951 7275
5240 8170 9803 12156 13357
4134 5719 7040 7503 9253
1129 1430 1932 2213 2634
4721 6850 7801 9056 11261
3721 5194 5931 7148 8942
4379 5710 7535 8904 11338
6297 7018 9851 12108 13261
4250 6731 7571 9799 11648
5912 8266 9899 12204 14269
3201 3514 4907 5388 7165
5460 8470 9411 11668 13502
5817 7786 9227 12397 12637
1376 1966 2531 2988 3553
4041 5610 6443 7628 9325
6183 7213 9468 11282 13439
6590 6637 9035 10728 13267
5943 7406 8783 9557 12827
1913 2222 3035 3274 4087
4869 5230 6599 8652 10417
4609 6158 9343 10977 12311
5465 7138 8635 10792 12113
1913 2730 3411 3922 4892
4313 7391 8006 9196 10878
4429 5348 6947 8580 9567
2100 2543 3735 4007 4773
6265 7616 8201 9957 12163
3789 4870 5762 6519 7140
1548 2222 2895 3583 3737
2234 3244 4506 5473 5473
4672 6962 8723 10705 11761
3896 5770 6995 8652 10706
2270 2645 3751 4381 4637
2809 3010 3771 4952 5953
5556 6675 9127 10461 12225
3207 4326 4691 5914 7371
5791 7262 9223 12459 12900
3977 4938 6795 8012 9165
4452 6610 8195 11409 11893
6759 8510 9961 13012 14313
4376 6100 7697 10933 11816
5255 6073 8568 10461 12225
2331 3644 4151 5325 6868
4287 4566 6707 7824 8662
1029 1470 1912 2293 2644
2738 4170 5523 6356 7735
5625 7018 10524 11340 12973
5414 7812 9458 11151 12280
6219 7462 9165 11512 13077
1079 1801 1831 2362 2723
4597 5264 7670 8670 10484
3537 4350 5807 6172 7937
2432 3754 4331 5628 7214
4923 6562 8075 10932 12235
1929 2410 3228 3596 4301
4889 7171 7731 8892 10413
2624 3970 4955 5340 7214
2128 3470 4191 4612 5833
6085 8733 9468 11037 12753
5229 6310 9552 10632 12343
5648 7530 10069 11574 14113
1197 1671 2113 2443 2995
3837 5951 6842 8064 8659
5203 8243 8880 11184 13930
1725 2781 3598 4109 4926
2529 3310 3851 4672 6013
3939 5050 5411 7482 8113
3114 4789 4952 6492 7978
2169 2474 3083 3916 4797
2533 4386 4511 6313 6888
3605 5311 5839 8072 8724
5569 6370 7771 9932 11973
5470 7406 8439 10461 11967
1555 2194 2845 3223 3822
2446 4127 5002 5555 6706
3735 4654 5600 6870 7546
2169 2442 3019 4013 4301
3201 4238 6004 6312 7349
5169 6890 8451 8812 10733
2673 3562 4595 5749 6373
1801 2306 2573 3190 3989
5602 8094 9411 11245 13972
5006 8488 10498 11527 12851
2977 3986 5583 7013 7685
4029 5020 5501 6762 8353
4416 6094 7616 9060 10426
1929 2635 3011 3612 4408
4689 6757 8357 9879 10504
2340 2971 4359 4990 5599
6265 6863 9211 11696 13261
4292 7277 8453 10050 11017
3372 4737 6188 7378 8133
1548 2320 2881 3485 3681
3453 4574 6031 6424 8245
2979 4330 4871 6222 7979
1239 1470 2142 2262 2623
3606 5389 6380 8362 8626
3001 3574 4653 5622 6481
6081 6449 9349 11789 12387
2538 3943 4933 5785 6821
1479 2026 3092 3218 3653
3545 3832 5393 5992 7111
2721 3466 5292 5460 6253
2959 3785 4686 5787 7164
4835 6698 8029 8676 10957
1896 2611 3343 3854 4740
2634 3349 3791 5157 6124
1401 2002 2543 2760 3505
4361 5706 6027 8236 8428
4416 5509 7889 9099 11675
2671 3090 4103 4940 5976
2886 3370 4379 5451 5935
3903 4894 6314 8031 9418
1844 2836 3665 4441 4927
4629 7529 8243 9714 11059
6359 8660 9411 11112 14713
5399 7311 9615 11723 13881
4338 5782 7189 8670 10373
4778 6715 8606 10542 13379
5529 7258 9227 12445 13981
2723 3690 4980 5325 6154
6821 7115 9517 10792 13194
3885 5368 6927 8867 10540
1329 1480 2051 2332 2963
3519 4222 5924 6951 7438
1759 1969 2909 3512 4157
2961 3778 4835 5604 7213
4967 5338 7189 8707 11002
4002 5620 6182 7965 9913
1400 2158 2447 2892 3553
3384 4816 5411 6519 8086
4943 8047 9364 12138 14066
6127 6726 9119 10132 12801
2928 3097 4442 4989 5641
4508 6535 8877 10723 11893
3667 4442 6708 7886 8507
3639 4762 6909 7305 9122
1952 3160 3575 4476 5017
2861 3230 4842 5786 5993
1759 2798 3309 3956 5063
4560 6041 6782 9633 9781
4409 6811 8612 8852 10693
4929 6570 8131 10092 11933
3645 5410 6564 8365 9374
2296 3662 4389 5226 6041
2137 2442 3500 3628 4189
2769 3345 4220 5187 6776
6029 7664 8869 10504 12139
3897 5662 6779 9013 9589
3684 5015 7502 8062 9498
2003 2727 4116 4325 5657
4157 5927 6539 8138 9091
4645 6660 7535 9854 10083
5837 8376 8894 12138 12985
