1000 10 5
4 43 39 96 42 70 21 29 82 21 22 0 18
3 90 81 22 31 37 49 84 70 79 78 0 11
9 51 45 42 26 72 57 93 31 72 73 0 42
8 81 30 81 94 43 34 53 72 95 72 0 36
5 78 66 68 24 99 100 30 32 22 91 0 22
7 43 45 83 72 41 44 89 72 85 44 0 34
7 98 50 50 71 62 54 77 83 92 75 0 33
8 88 90 73 79 42 72 46 50 98 51 0 36
9 52 40 24 21 33 97 85 47 43 97 0 42
8 91 59 83 87 86 40 72 74 26 36 0 39
8 67 62 48 36 62 23 65 26 95 82 0 37
5 89 85 47 47 31 46 62 59 77 26 0 21
8 82 22 36 54 28 91 33 25 39 83 0 40
3 74 93 55 59 30 34 77 38 98 25 0 14
5 68 24 43 49 58 96 94 57 67 79 0 22
7 66 41 75 58 21 89 100 21 84 21 0 33
3 67 32 31 84 23 83 34 44 51 99 0 11
6 32 91 88 52 84 72 22 61 59 28 0 30
3 41 83 34 87 74 22 47 32 74 54 0 11
4 28 23 56 60 91 87 94 68 98 35 0 20
6 35 92 70 76 90 101 96 43 57 77 0 28
10 41 89 61 63 45 94 40 88 72 52 0 46
8 69 85 55 45 98 101 50 99 22 24 0 38
3 90 49 23 97 25 92 36 29 58 64 0 14
6 69 91 31 24 48 51 22 48 72 48 0 26
4 50 42 53 78 35 66 87 48 41 39 0 18
8 30 53 74 49 54 80 45 75 46 25 0 39
6 45 95 67 34 22 38 30 51 79 38 0 27
9 22 94 52 99 24 35 69 69 35 38 0 42
2 73 81 81 21 73 79 78 43 40 86 0 10
10 66 65 21 76 39 91 81 48 89 37 0 50
3 77 45 41 100 75 75 26 23 76 73 0 13
6 63 77 70 40 95 58 41 89 31 44 0 26
7 81 29 26 89 97 39 47 89 96 27 0 35
10 89 71 71 71 65 54 101 52 76 92 0 49
5 62 49 100 77 80 22 85 40 65 32 0 22
5 30 57 86 84 33 33 31 22 82 69 0 25
3 60 97 38 95 65 77 75 45 100 90 0 11
10 51 85 67 82 87 69 58 32 21 21 0 50
6 93 50 63 58 94 24 83 33 94 79 0 28
7 24 59 39 71 65 51 50 30 57 53 0 32
2 25 23 44 24 76 77 90 31 101 89 0 10
3 64 80 96 41 50 89 55 76 79 82 0 11
4 23 79 40 48 22 28 60 36 99 76 0 17
10 69 87 95 45 25 97 40 33 90 84 0 46
4 45 97 51 53 75 71 89 32 96 70 0 17
10 39 40 49 63 55 37 40 53 36 67 0 47
2 82 47 37 95 92 33 95 91 48 62 0 10
9 51 86 93 23 67 30 90 92 37 25 0 45
4 97 23 91 84 35 92 91 92 98 69 0 19
6 98 80 43 49 64 64 32 91 68 94 0 26
7 29 76 92 83 24 62 101 93 35 73 0 33
8 90 43 87 98 37 22 44 70 71 95 0 40
7 87 90 53 32 65 62 55 58 84 22 0 35
8 80 97 100 92 92 87 93 74 67 100 0 40
10 79 89 42 28 58 26 76 70 77 89 0 50
4 27 100 84 21 94 40 26 59 60 36 0 17
9 52 43 24 43 92 78 100 52 48 91 0 41
3 91 99 60 32 34 60 56 42 52 92 0 13
5 27 42 81 85 50 61 29 48 62 78 0 23
7 87 36 52 27 31 61 49 96 48 60 0 35
4 95 37 33 62 50 58 61 27 47 77 0 16
4 69 92 86 79 100 46 75 53 98 49 0 20
4 68 71 46 96 61 81 57 60 79 100 0 17
3 52 44 99 42 96 52 100 36 62 79 0 13
4 22 78 73 24 94 41 61 75 101 27 0 16
2 33 78 26 23 82 36 80 42 45 22 0 10
8 75 31 80 75 66 51 86 78 63 41 0 37
3 23 33 81 52 52 80 64 39 37 52 0 15
4 30 43 93 77 81 52 73 97 23 59 0 18
7 66 36 23 26 27 35 93 28 88 80 0 35
6 94 45 61 81 34 86 91 39 29 46 0 26
3 46 25 91 100 78 79 98 73 76 42 0 12
5 70 64 79 95 68 48 38 25 84 24 0 25
9 65 59 20 34 33 35 98 70 41 91 0 45
7 100 26 59 35 97 51 35 96 75 92 0 32
8 100 57 45 67 100 85 41 48 23 75 0 38
10 31 63 59 61 26 61 71 25 35 69 0 50
5 43 48 34 56 94 65 81 51 25 35 0 25
9 50 46 83 92 84 74 36 43 70 64 0 42
4 82 50 91 39 92 74 27 98 55 74 0 18
10 24 59 80 67 86 31 44 41 99 51 0 46
10 67 65 92 38 24 98 52 79 61 21 0 46
10 26 52 24 100 58 52 54 67 30 93 0 47
10 89 83 28 92 93 43 93 55 24 44 0 50
8 63 89 66 27 49 50 36 95 84 100 0 40
4 64 64 80 71 31 74 42 61 72 23 0 19
8 77 54 46 42 99 45 36 44 76 50 0 39
3 40 44 75 91 64 86 90 36 41 66 0 13
6 95 96 99 96 23 40 22 36 34 39 0 29
8 90 90 94 82 39 100 43 21 90 48 0 36
9 40 96 70 28 65 52 41 48 22 62 0 44
9 43 79 57 77 48 29 89 95 31 21 0 41
3 24 73 97 52 98 98 96 98 94 98 0 12
6 62 72 66 85 28 66 39 90 101 79 0 28
5 38 23 67 33 91 57 66 35 72 76 0 23
5 45 73 42 84 40 78 71 39 84 98 0 22
6 49 76 51 40 76 76 76 83 29 73 0 28
8 97 51 89 87 74 74 45 78 93 74 0 39
4 78 59 78 90 74 90 86 90 22 40 0 18
4 66 32 43 56 31 55 30 72 47 47 0 16
10 29 76 67 69 58 91 38 39 60 95 0 50
6 42 83 86 100 67 54 27 36 38 46 0 30
8 79 44 73 38 59 63 35 55 57 22 0 37
10 69 41 38 63 33 37 73 54 38 50 0 49
3 39 36 64 53 81 79 40 56 87 67 0 11
10 66 45 75 32 71 88 82 52 55 89 0 49
7 29 60 99 22 100 87 85 33 72 98 0 35
8 95 26 54 68 97 25 90 100 77 91 0 38
5 28 65 75 100 37 35 60 63 56 68 0 23
3 36 22 89 61 91 40 36 39 98 89 0 12
4 41 32 62 68 40 64 67 41 67 27 0 20
9 36 76 91 47 51 53 79 59 31 55 0 43
9 58 64 96 93 68 23 23 28 35 86 0 44
3 21 58 91 51 69 61 72 32 54 98 0 14
3 60 28 37 22 93 22 50 69 60 25 0 15
5 26 28 36 99 96 78 85 99 67 24 0 21
7 42 32 52 40 80 52 43 77 70 81 0 32
5 91 27 61 73 43 52 80 88 90 81 0 21
9 99 31 60 54 30 68 60 77 84 88 0 44
6 43 24 63 64 49 33 33 35 48 75 0 26
9 63 74 33 66 89 60 22 99 60 91 0 45
6 92 87 31 76 56 39 47 47 56 28 0 29
10 80 76 92 42 26 79 92 57 21 26 0 50
9 29 91 80 43 30 57 80 64 75 91 0 42
9 94 66 32 33 55 69 82 55 45 71 0 45
10 93 91 48 28 41 41 48 80 73 47 0 48
9 94 97 90 28 38 87 44 54 43 72 0 41
3 62 69 96 36 54 58 37 23 95 66 0 14
5 26 88 78 69 68 91 52 58 77 97 0 22
10 59 58 33 48 75 71 58 31 96 88 0 46
6 97 71 45 98 73 67 92 76 68 31 0 30
6 97 94 38 81 57 44 99 74 50 91 0 27
7 33 81 88 85 68 63 52 21 61 39 0 33
9 26 29 84 66 62 35 69 52 41 34 0 41
6 84 53 25 27 96 20 79 89 79 93 0 30
5 52 51 63 92 23 32 51 59 40 67 0 22
7 22 44 79 39 54 81 27 29 47 90 0 35
2 46 60 88 87 76 34 36 90 50 39 0 10
4 58 93 30 41 42 80 42 81 96 50 0 16
5 45 44 79 69 69 91 31 81 101 52 0 23
5 77 24 25 23 67 85 80 59 24 76 0 23
3 50 60 80 85 32 52 24 34 83 51 0 12
4 61 54 29 44 77 46 41 100 82 88 0 17
5 50 97 55 83 58 22 82 46 82 24 0 25
9 71 63 65 56 28 101 60 28 77 42 0 43
7 52 75 48 34 37 84 98 84 35 76 0 34
2 64 79 98 62 69 44 56 62 31 99 0 10
3 84 72 50 60 86 90 31 52 84 24 0 14
4 72 73 64 51 42 37 24 20 63 34 0 20
7 60 44 82 64 74 29 87 60 24 50 0 35
5 63 97 40 83 96 48 95 72 80 45 0 22
9 35 33 45 27 65 48 30 79 89 98 0 45
3 90 76 60 47 57 100 59 68 65 53 0 14
5 64 36 58 63 84 35 90 93 25 70 0 21
8 54 62 34 63 21 48 92 78 41 25 0 36
7 76 43 43 57 23 52 40 63 28 94 0 32
8 28 39 20 83 26 21 58 26 81 49 0 38
4 49 67 31 39 100 24 48 35 69 75 0 17
7 91 49 34 35 44 30 59 39 26 30 0 34
3 77 75 41 81 85 93 47 64 38 69 0 11
10 84 74 25 72 47 28 24 96 60 71 0 49
4 34 73 101 68 89 32 48 81 78 82 0 18
4 54 90 88 72 31 32 41 60 41 31 0 20
8 50 74 93 57 43 46 23 100 41 26 0 38
2 82 32 97 52 38 35 51 87 86 21 0 10
5 90 73 29 62 32 93 21 35 66 49 0 24
10 33 25 56 47 96 34 82 46 83 80 0 46
4 63 89 60 94 39 73 72 44 25 39 0 16
4 61 96 33 80 54 76 50 95 66 72 0 20
10 49 41 63 24 73 32 20 59 28 93 0 50
5 80 90 34 87 26 85 28 50 59 39 0 22
5 80 35 35 55 23 55 47 75 95 47 0 21
6 76 75 31 49 61 22 46 45 98 79 0 26
7 88 57 88 79 85 53 50 56 91 88 0 31
5 24 88 37 39 98 33 55 83 63 34 0 24
8 94 87 40 96 75 91 99 40 41 94 0 40
8 73 62 84 40 51 98 61 44 64 86 0 36
7 23 85 31 77 31 81 69 91 47 29 0 35
5 21 90 89 36 38 31 41 27 76 93 0 21
7 61 26 53 80 59 49 88 40 37 24 0 33
10 91 63 68 30 65 41 21 98 95 86 0 49
3 40 33 49 42 42 70 41 90 40 78 0 13
3 72 27 64 43 97 42 26 79 23 48 0 14
4 22 94 89 21 98 27 98 80 49 49 0 20
3 56 84 30 87 23 93 39 21 98 68 0 12
5 30 88 29 91 30 78 43 79 54 77 0 23
10 43 99 73 33 73 86 65 54 88 52 0 49
8 73 76 41 86 69 90 82 31 94 97 0 40
10 53 88 46 55 50 93 49 66 91 78 0 47
7 98 27 73 55 25 92 80 46 40 80 0 35
3 81 32 53 89 26 81 59 55 48 99 0 13
7 90 80 44 95 28 31 29 71 55 57 0 34
7 53 70 48 40 21 30 83 26 53 57 0 31
4 21 44 20 28 35 74 32 29 29 66 0 20
10 96 69 28 93 28 74 44 40 73 26 0 47
4 66 84 89 78 50 38 24 88 25 99 0 16
9 66 24 40 83 21 28 42 43 74 53 0 41
7 73 67 68 37 96 63 31 84 88 76 0 35
7 92 68 52 31 48 46 22 43 95 51 0 35
5 31 27 86 68 23 48 36 83 92 62 0 24
7 66 68 95 76 93 71 92 93 66 24 0 34
3 84 31 82 36 47 53 86 85 64 52 0 14
10 44 55 57 20 85 67 94 60 67 37 0 49
3 67 21 75 53 24 56 56 22 36 72 0 12
10 35 80 45 84 84 21 98 95 25 82 0 49
5 53 45 47 35 23 38 47 23 59 37 0 22
10 99 46 59 73 63 78 75 74 96 34 0 49
9 82 38 27 100 39 98 94 60 62 23 0 41
6 68 30 79 32 42 40 46 51 40 100 0 28
5 40 87 100 33 99 31 27 40 89 90 0 24
10 95 76 100 49 87 59 25 74 84 75 0 48
9 79 27 61 27 62 22 77 27 67 67 0 44
6 65 44 46 86 74 22 66 23 50 82 0 29
9 35 65 57 41 47 29 38 57 67 26 0 43
10 21 91 76 100 33 47 61 36 87 45 0 50
2 94 36 76 65 90 53 23 86 75 21 0 10
2 87 85 67 36 57 93 85 68 49 82 0 10
5 27 21 27 46 97 98 59 44 73 91 0 24
10 63 23 27 49 47 73 78 89 55 68 0 47
10 81 87 34 70 74 73 48 79 75 56 0 46
5 99 92 69 90 53 42 60 94 45 96 0 22
5 47 63 45 31 53 35 52 53 24 61 0 24
6 29 32 89 72 28 48 25 62 57 24 0 26
6 24 69 37 41 31 63 38 43 55 74 0 28
4 24 77 66 29 26 56 48 36 95 84 0 20
8 98 40 85 57 89 53 62 68 67 32 0 36
2 97 60 39 73 23 42 39 52 87 85 0 10
10 41 71 23 96 82 84 32 96 77 48 0 48
4 66 41 38 28 73 66 27 55 101 51 0 19
4 62 90 60 35 38 70 26 35 34 63 0 19
4 65 67 84 40 61 68 20 61 83 23 0 18
10 61 91 21 54 48 23 95 52 69 57 0 47
10 76 73 88 70 73 97 62 68 59 90 0 46
4 38 97 40 25 63 60 57 26 85 82 0 18
8 50 25 92 45 24 32 94 31 98 58 0 39
10 57 50 78 53 95 53 45 30 56 28 0 48
4 52 89 33 66 29 69 63 32 47 91 0 17
10 54 54 31 74 90 33 58 24 32 25 0 48
9 90 46 70 69 61 67 77 71 32 45 0 45
5 40 20 62 36 78 82 86 37 42 23 0 25
3 49 57 25 82 93 32 81 74 66 24 0 11
9 56 99 56 21 76 44 21 53 24 20 0 45
5 38 96 86 21 34 85 55 51 54 29 0 25
7 75 49 94 35 48 96 74 22 83 78 0 35
8 44 50 62 37 69 43 40 60 40 23 0 39
4 92 69 24 61 56 59 47 33 41 89 0 17
7 98 96 97 32 22 36 46 30 58 54 0 31
9 29 32 85 59 69 34 23 61 97 72 0 41
10 68 24 22 29 96 81 48 97 71 82 0 47
4 101 91 78 32 60 98 21 22 27 73 0 20
3 88 43 89 99 96 55 95 66 65 38 0 12
9 42 54 73 56 47 44 39 61 80 90 0 45
9 80 91 44 98 46 70 26 32 57 48 0 41
6 73 82 76 65 54 84 41 98 74 82 0 28
10 46 70 82 55 35 56 78 24 35 24 0 46
8 58 51 64 94 58 24 57 71 62 34 0 38
7 45 75 96 51 65 70 75 53 82 91 0 35
5 93 35 85 21 60 60 21 71 25 47 0 24
10 75 28 91 63 101 40 36 52 48 43 0 46
9 61 32 44 90 78 96 33 58 60 83 0 42
10 96 44 91 78 67 34 85 93 48 70 0 47
10 47 29 40 54 25 28 76 23 53 26 0 47
9 88 53 60 80 46 92 67 55 41 96 0 42
3 44 74 84 77 33 91 79 84 52 67 0 13
3 88 64 78 71 33 54 75 49 70 87 0 15
7 37 22 85 67 41 68 84 25 37 49 0 32
3 62 86 79 78 43 30 94 26 39 47 0 11
5 34 89 34 25 63 31 78 84 65 74 0 23
9 82 51 21 64 62 69 41 46 40 87 0 44
6 48 67 93 79 85 49 54 93 93 72 0 28
7 79 70 40 87 73 75 40 61 45 98 0 34
9 34 65 94 31 43 51 78 68 49 55 0 45
6 28 70 52 39 72 76 43 43 84 43 0 30
3 70 56 100 74 23 21 45 64 78 35 0 14
3 24 42 62 64 37 44 64 28 65 35 0 12
8 31 33 37 22 60 100 68 24 28 63 0 39
4 96 78 38 55 99 34 56 100 100 48 0 18
7 47 45 21 83 95 92 89 89 42 42 0 35
9 30 55 86 51 51 38 29 67 27 44 0 41
3 82 76 59 30 60 52 100 71 90 84 0 12
3 66 31 27 22 40 43 100 30 97 79 0 11
6 30 63 23 89 90 66 46 70 57 87 0 28
9 44 75 20 90 30 99 63 57 28 85 0 43
3 58 34 78 91 57 52 49 85 76 85 0 15
6 63 40 76 38 21 50 100 32 25 89 0 26
10 22 93 92 33 78 48 36 94 37 30 0 50
10 80 32 76 74 58 20 39 54 55 49 0 46
8 78 42 66 34 59 39 73 95 46 47 0 40
8 64 53 63 30 51 28 31 36 86 25 0 39
5 58 64 32 84 53 41 26 30 63 77 0 21
10 51 36 91 28 32 43 59 93 31 66 0 48
7 75 92 78 82 75 97 27 33 86 72 0 31
8 21 92 65 89 72 20 68 77 40 60 0 39
4 40 42 97 75 75 24 64 80 62 98 0 18
5 81 57 73 44 49 79 41 74 39 56 0 24
7 77 45 47 87 53 51 75 68 42 87 0 35
9 72 91 20 44 51 39 29 96 78 67 0 45
10 92 47 91 41 20 89 22 98 75 98 0 47
10 47 44 39 79 61 38 84 86 21 80 0 46
9 77 66 96 24 41 43 25 98 21 91 0 41
9 99 62 26 47 38 47 83 47 67 93 0 43
10 39 49 56 25 62 54 74 93 56 75 0 49
5 73 85 95 76 84 81 47 35 63 31 0 22
4 62 49 97 92 61 31 38 72 25 94 0 18
10 69 50 89 39 21 22 73 48 82 60 0 48
4 75 78 54 54 64 44 76 32 79 57 0 20
9 24 25 88 88 78 45 42 99 81 40 0 41
7 78 30 78 51 44 98 43 81 38 20 0 31
9 55 93 87 60 32 42 91 80 88 45 0 44
7 37 38 99 41 24 63 35 42 56 56 0 31
8 73 28 52 43 55 53 61 68 84 90 0 36
10 58 72 49 63 71 42 70 21 80 65 0 47
5 34 27 47 91 57 24 60 30 75 37 0 24
4 28 46 94 45 95 54 26 99 46 24 0 17
6 47 78 31 29 54 28 35 70 44 29 0 26
7 39 68 68 43 95 71 87 29 45 84 0 35
7 77 23 87 85 70 95 24 88 52 79 0 31
9 73 30 50 82 90 24 56 95 56 23 0 45
9 51 90 24 73 68 62 46 59 56 68 0 44
7 94 64 100 88 20 29 57 26 61 81 0 34
3 21 54 50 22 51 67 63 90 32 85 0 11
6 74 20 34 67 59 93 94 63 66 63 0 29
7 56 26 94 26 42 48 22 61 42 30 0 32
4 26 74 38 69 86 66 48 38 60 41 0 18
7 65 92 39 41 32 93 85 62 99 86 0 35
4 57 101 84 79 83 47 46 49 58 65 0 17
5 36 26 96 61 66 54 92 58 75 79 0 25
5 70 46 77 74 96 67 38 66 78 42 0 24
6 55 49 43 35 83 85 27 55 68 69 0 28
9 25 87 69 24 74 30 21 29 95 50 0 42
5 87 34 81 55 70 67 85 51 36 50 0 22
7 35 32 42 41 91 54 55 30 100 92 0 33
5 50 63 99 84 30 61 57 85 21 100 0 24
7 89 41 50 75 36 26 20 80 85 42 0 33
5 68 33 88 71 68 53 55 40 66 52 0 23
5 92 68 60 35 89 84 44 56 51 39 0 21
10 51 54 72 59 34 48 94 89 81 65 0 46
4 71 79 73 61 45 65 21 84 98 58 0 19
8 87 75 53 40 84 74 30 54 88 34 0 38
10 89 68 74 33 26 38 48 38 100 58 0 49
6 66 82 60 55 91 67 71 60 49 98 0 27
9 22 85 84 52 69 50 29 98 60 41 0 45
4 74 87 41 80 29 27 45 45 45 99 0 18
9 40 79 28 63 86 80 28 47 21 99 0 43
3 86 48 80 44 27 40 87 37 67 28 0 15
5 57 30 48 78 83 70 51 64 89 71 0 24
8 72 52 89 97 93 92 68 53 21 57 0 40
3 100 94 52 78 36 44 65 85 52 53 0 13
5 29 24 21 69 49 53 29 49 21 74 0 24
4 24 57 69 25 76 21 47 39 81 60 0 17
3 65 50 24 86 85 99 67 97 31 84 0 15
5 27 73 39 75 93 74 51 77 76 85 0 25
8 27 83 70 52 40 89 80 42 90 56 0 36
9 56 68 23 21 90 56 46 23 27 79 0 41
5 34 95 95 38 88 97 21 21 75 96 0 21
9 68 73 26 92 33 25 61 41 94 63 0 41
3 65 54 38 42 31 87 98 32 50 83 0 14
10 80 40 61 67 56 88 46 80 33 82 0 50
7 23 53 29 88 66 36 76 100 30 94 0 35
8 23 83 48 54 44 64 27 65 34 44 0 38
8 28 29 25 74 38 46 47 41 67 22 0 40
8 37 57 28 50 71 82 98 52 26 94 0 37
8 57 37 22 26 56 84 72 58 69 37 0 40
8 67 45 38 21 41 31 44 64 60 41 0 36
2 43 25 34 69 90 64 53 79 78 47 0 10
6 48 66 34 90 28 62 51 70 22 40 0 26
3 78 95 98 60 93 42 49 58 85 27 0 11
7 64 43 43 86 94 90 99 64 55 25 0 32
7 80 98 99 26 78 49 87 80 96 33 0 34
6 45 75 81 48 41 93 38 88 50 56 0 28
5 84 38 78 66 82 24 39 23 56 80 0 21
8 73 97 68 79 93 70 71 86 86 64 0 36
7 80 41 47 45 66 35 92 54 42 59 0 33
7 96 68 76 52 42 100 95 63 84 30 0 31
10 42 65 95 92 95 32 57 80 61 97 0 49
4 66 61 34 45 53 79 29 80 99 54 0 19
3 101 88 93 50 60 99 98 47 72 39 0 11
5 34 29 32 29 66 43 60 62 23 95 0 21
2 28 74 21 93 28 59 81 88 69 85 0 10
8 49 25 31 51 32 56 44 98 80 68 0 39
5 26 68 100 47 89 47 82 59 79 88 0 23
2 69 97 78 80 29 90 37 53 44 25 0 10
5 34 53 64 70 34 66 45 34 27 27 0 21
5 66 69 38 35 48 63 97 89 62 52 0 25
4 71 92 33 58 63 65 63 31 51 82 0 20
4 71 67 57 68 72 98 67 56 26 32 0 17
10 45 32 22 27 40 74 83 54 33 97 0 50
3 64 75 68 34 82 62 44 45 80 76 0 12
10 67 41 35 49 51 69 45 97 40 79 0 46
3 54 79 62 37 37 61 80 51 87 33 0 13
7 84 63 60 79 68 64 58 66 83 38 0 31
10 57 58 57 80 88 48 39 66 62 42 0 49
2 48 33 21 89 45 21 53 45 75 91 0 10
4 96 57 79 80 86 95 96 90 52 59 0 20
7 101 44 22 99 31 93 57 51 33 26 0 32
4 61 29 44 37 58 85 24 30 21 56 0 16
7 41 52 66 46 65 64 98 88 78 76 0 32
3 50 79 76 32 78 79 97 68 64 24 0 14
8 33 22 75 58 50 86 57 45 64 39 0 40
10 45 83 62 51 47 31 33 58 92 28 0 46
7 94 96 90 53 73 100 29 53 22 64 0 34
7 82 77 44 32 96 29 84 58 40 38 0 32
7 22 33 87 56 61 70 95 75 22 92 0 32
3 81 47 54 24 100 57 63 58 79 97 0 15
3 51 48 80 37 84 23 97 46 97 25 0 13
7 21 80 26 58 97 26 47 53 55 57 0 32
7 47 23 20 95 86 88 32 75 48 75 0 34
4 25 89 64 22 67 66 74 100 45 100 0 17
4 29 59 73 68 41 31 87 26 43 42 0 20
3 87 46 77 46 43 50 92 66 86 59 0 11
3 35 83 39 64 30 59 69 43 21 82 0 12
3 80 42 100 58 43 24 76 46 81 76 0 14
4 30 86 35 94 41 31 65 100 75 91 0 18
10 65 34 43 100 46 92 32 58 60 73 0 46
4 91 66 58 60 30 30 90 58 72 80 0 17
8 26 58 95 62 68 39 62 76 82 51 0 38
4 35 46 23 90 81 60 37 91 25 51 0 16
3 54 57 98 83 92 60 57 99 92 30 0 12
3 95 67 63 41 99 30 30 45 32 31 0 12
6 25 62 54 67 75 33 80 88 63 76 0 28
6 65 69 83 54 29 52 69 25 43 72 0 29
9 23 100 63 93 36 85 75 36 92 90 0 42
5 57 73 90 89 23 76 62 71 87 36 0 22
7 43 42 28 75 46 35 41 76 51 84 0 34
7 60 30 94 33 32 81 81 87 59 52 0 31
5 95 90 99 88 92 27 85 24 89 45 0 22
3 84 96 70 28 21 70 30 72 91 77 0 11
3 85 29 75 42 68 30 76 73 65 100 0 11
6 71 51 70 47 59 42 55 96 100 21 0 30
4 43 41 67 71 59 82 58 21 83 96 0 18
4 96 43 90 76 36 34 55 51 33 65 0 19
3 52 40 29 82 32 78 42 73 69 66 0 15
4 97 78 65 84 80 81 69 73 66 61 0 17
5 72 88 39 52 100 51 48 78 24 62 0 25
8 50 74 45 55 52 80 67 92 88 57 0 40
4 44 70 40 27 42 26 21 43 25 92 0 16
5 50 47 51 91 55 62 33 94 34 20 0 24
5 63 91 45 55 27 60 93 83 71 73 0 23
5 81 26 53 78 59 56 99 67 90 88 0 25
10 47 77 33 79 47 38 53 63 44 62 0 46
2 100 36 94 45 37 22 92 22 23 40 0 10
4 31 26 25 95 43 45 65 92 37 90 0 17
3 28 58 35 24 47 59 46 30 39 74 0 12
3 50 38 48 81 90 80 46 98 92 34 0 12
8 51 93 82 78 33 52 84 90 83 56 0 36
5 25 50 93 82 24 70 45 50 84 35 0 22
7 71 79 101 94 49 24 62 77 97 62 0 35
5 82 69 99 97 38 35 80 78 83 61 0 21
9 81 83 21 59 67 78 25 71 32 52 0 41
3 81 78 37 80 60 75 31 76 91 77 0 15
9 100 72 79 84 42 22 51 84 27 98 0 41
7 59 91 88 54 43 64 21 62 25 55 0 33
7 55 41 47 90 43 88 27 68 88 59 0 35
10 76 21 98 29 44 24 58 32 89 55 0 50
5 33 40 79 95 69 51 31 21 78 92 0 21
3 63 80 50 31 46 85 91 39 77 47 0 14
5 87 63 33 84 30 87 83 30 92 26 0 24
9 68 90 59 33 81 29 58 69 60 51 0 44
8 70 57 27 21 41 97 90 74 78 26 0 37
9 29 55 71 29 75 53 41 79 56 26 0 43
9 98 23 72 77 84 88 83 31 86 57 0 43
4 95 81 43 53 60 22 44 75 88 61 0 17
6 76 87 21 33 91 45 88 47 31 68 0 28
8 99 61 87 36 26 33 88 60 37 40 0 38
8 22 56 22 38 33 94 72 57 78 100 0 38
4 68 34 29 91 65 55 41 53 22 85 0 20
6 36 25 77 90 47 47 100 71 90 44 0 28
2 98 33 92 83 72 47 79 37 86 94 0 10
8 37 82 91 93 51 26 42 53 99 38 0 36
7 36 99 31 48 79 91 77 41 82 93 0 33
6 98 24 35 53 85 31 29 57 24 37 0 27
8 89 85 37 24 57 28 71 43 65 93 0 37
8 88 57 82 49 92 89 71 21 52 63 0 39
9 26 33 29 28 43 98 84 79 43 88 0 45
8 84 92 33 82 59 25 86 66 45 38 0 39
4 75 77 50 30 58 85 28 25 39 58 0 19
10 25 55 82 21 30 45 61 58 80 67 0 47
3 24 51 86 52 45 78 54 97 97 33 0 11
5 92 40 51 28 37 92 37 54 43 100 0 23
6 63 92 90 90 76 57 64 73 81 54 0 27
4 90 68 89 45 52 37 62 48 43 89 0 19
5 73 56 73 38 31 50 21 34 54 80 0 22
10 32 85 48 70 66 22 96 67 31 68 0 50
3 98 38 62 22 25 95 54 100 27 86 0 12
5 25 95 48 77 56 59 90 51 32 59 0 23
5 91 47 81 62 48 42 27 48 79 84 0 22
3 74 73 81 55 97 33 39 85 37 70 0 11
7 92 58 84 27 84 34 74 55 39 82 0 35
5 101 92 84 59 70 86 29 49 25 23 0 24
7 71 76 50 87 55 60 58 80 93 91 0 35
6 62 68 38 29 91 77 93 100 57 27 0 26
7 53 81 45 96 42 49 96 47 23 70 0 31
7 31 37 26 82 35 42 40 23 48 53 0 32
9 39 28 61 40 68 32 63 97 42 31 0 44
6 80 46 92 29 58 95 75 68 57 35 0 30
5 77 79 63 99 35 79 78 77 97 90 0 23
4 72 67 54 21 41 36 43 66 28 43 0 16
3 25 36 76 64 75 27 60 88 95 81 0 12
5 69 40 95 21 97 57 28 67 56 48 0 21
9 76 88 96 51 39 58 75 82 65 64 0 42
4 36 31 53 96 25 71 100 22 57 50 0 18
3 47 62 38 93 46 28 97 31 100 70 0 11
8 62 99 93 95 87 51 56 83 42 42 0 36
3 38 84 65 55 63 55 76 88 65 62 0 13
9 40 71 22 50 84 44 42 66 86 23 0 44
9 37 23 97 27 68 63 47 97 50 74 0 44
10 87 91 33 29 33 43 26 77 31 70 0 50
4 20 41 26 48 55 23 24 34 78 39 0 20
9 31 79 67 24 51 72 31 73 27 60 0 42
3 33 82 56 22 45 44 88 30 40 43 0 15
10 32 41 92 46 62 49 71 58 90 72 0 47
3 53 31 77 54 86 67 98 88 85 44 0 12
4 91 32 29 87 20 99 64 40 99 53 0 18
4 34 85 35 68 53 97 21 83 27 23 0 20
3 42 74 101 69 91 94 98 37 75 46 0 11
5 76 59 47 79 41 67 90 24 41 98 0 21
10 32 26 71 82 72 61 76 22 63 65 0 46
4 101 101 100 36 21 64 59 38 42 32 0 19
8 36 74 89 69 72 79 22 20 80 43 0 36
5 89 63 56 76 70 66 30 85 26 87 0 22
7 77 58 98 85 100 45 100 83 48 85 0 33
4 56 39 69 56 28 80 75 78 78 51 0 17
7 80 23 95 20 26 94 24 83 26 97 0 35
6 41 36 85 86 42 31 21 56 71 25 0 27
3 44 72 47 55 22 64 98 29 56 51 0 15
5 84 23 55 79 23 35 46 88 93 57 0 22
7 39 46 91 31 47 92 80 64 55 35 0 31
7 50 70 87 85 30 36 57 94 69 24 0 31
9 36 26 41 60 82 23 57 56 28 84 0 41
5 82 91 29 58 68 23 66 61 64 68 0 22
7 91 30 71 78 57 46 84 44 50 81 0 31
6 61 30 46 100 95 88 41 73 30 43 0 30
4 58 68 57 37 21 35 87 82 84 77 0 16
10 99 96 78 21 97 94 74 52 47 25 0 49
9 23 41 67 75 59 77 29 68 85 92 0 43
3 89 22 82 84 72 30 30 101 44 42 0 11
3 68 28 75 101 100 96 86 87 43 83 0 13
6 86 45 57 76 80 96 57 50 24 44 0 30
9 90 23 38 41 63 81 40 52 65 68 0 41
7 91 45 83 100 37 49 78 55 53 69 0 32
6 45 25 58 72 57 32 88 58 22 98 0 28
5 82 90 69 97 38 69 54 34 84 65 0 25
8 36 24 64 54 98 40 43 29 71 83 0 40
4 50 37 55 56 93 51 55 22 72 52 0 17
3 33 59 38 26 33 54 38 65 59 51 0 11
9 40 98 44 101 52 42 70 61 53 73 0 44
6 71 89 34 30 47 76 35 97 26 27 0 28
3 62 33 98 72 84 25 25 32 72 98 0 13
3 23 52 28 59 53 56 69 32 73 76 0 15
9 26 33 42 32 59 92 25 54 28 72 0 43
5 41 68 30 61 54 86 98 25 26 77 0 25
6 38 22 95 61 66 52 38 46 87 65 0 29
8 39 99 64 57 28 27 36 67 27 39 0 38
3 100 21 90 92 70 26 27 63 94 32 0 14
3 52 22 91 25 51 93 62 27 78 40 0 11
6 27 36 93 31 70 90 83 90 91 23 0 30
6 78 65 101 49 89 40 75 51 48 74 0 28
8 101 92 44 32 101 56 74 42 36 57 0 39
9 76 75 22 72 36 92 30 50 55 62 0 41
7 37 63 77 64 95 24 40 21 28 25 0 35
2 76 78 94 92 75 37 44 73 27 61 0 10
5 27 58 95 78 66 101 81 35 28 51 0 22
9 99 80 59 64 59 30 42 51 23 80 0 45
4 68 85 72 30 36 54 47 32 95 86 0 20
6 83 81 27 95 68 58 43 67 52 72 0 27
5 40 82 59 23 87 42 43 30 48 38 0 22
6 71 81 31 62 98 71 38 88 92 52 0 27
6 83 33 21 49 26 89 52 41 62 89 0 27
3 44 81 93 46 53 33 20 52 24 62 0 14
6 94 36 94 59 91 64 100 60 65 84 0 27
8 91 47 48 55 52 93 93 82 55 39 0 38
6 63 63 99 57 67 31 43 59 78 55 0 29
5 45 30 43 24 93 50 26 59 27 31 0 25
5 90 51 91 25 44 69 46 72 34 46 0 25
6 78 28 65 60 65 86 27 21 49 69 0 29
8 63 22 73 49 56 22 23 92 61 76 0 38
6 71 42 66 72 91 98 100 30 35 90 0 30
4 94 25 58 94 72 26 99 24 43 87 0 16
7 57 99 43 91 57 59 51 69 60 73 0 33
8 25 23 73 52 93 23 42 43 100 92 0 39
6 82 50 50 30 41 37 59 84 88 45 0 28
8 95 58 55 96 25 91 92 68 57 72 0 37
3 23 69 25 95 27 86 36 50 84 27 0 11
4 90 91 29 100 39 39 96 41 86 45 0 20
6 35 96 75 99 82 20 75 41 82 48 0 26
4 50 61 21 65 100 79 42 95 34 31 0 20
8 46 47 92 90 78 92 74 63 24 60 0 40
2 23 99 29 91 44 43 46 39 83 96 0 10
4 75 27 87 26 96 48 22 26 57 29 0 19
6 32 84 85 34 77 43 48 97 47 62 0 30
6 101 57 67 65 25 73 74 85 35 30 0 29
5 84 28 46 42 28 40 89 27 88 51 0 22
9 36 35 31 66 89 66 36 66 74 20 0 42
4 84 92 32 47 69 32 41 98 85 80 0 17
5 38 46 78 72 76 43 84 28 88 31 0 24
4 42 80 40 88 21 84 97 29 94 67 0 16
5 97 30 23 80 33 40 28 71 95 95 0 22
6 64 40 67 46 52 95 47 47 55 97 0 28
4 78 88 22 56 85 21 88 23 40 85 0 20
5 52 32 69 27 28 23 101 92 85 33 0 24
5 97 78 89 25 61 93 31 96 63 91 0 25
4 71 21 72 39 90 52 88 73 35 43 0 19
3 66 38 68 48 50 42 29 74 57 35 0 12
6 45 44 90 81 98 73 45 88 36 99 0 27
8 56 54 53 96 74 59 85 73 65 47 0 39
4 87 91 41 59 62 90 83 63 32 30 0 16
6 24 55 79 24 40 46 26 48 91 34 0 28
5 98 74 61 94 65 80 45 92 54 78 0 21
10 82 77 87 62 84 63 53 81 21 86 0 49
6 27 23 52 58 44 24 73 22 68 43 0 30
5 67 26 55 39 46 24 47 55 72 86 0 21
3 79 72 61 83 73 49 22 56 70 52 0 15
8 35 54 84 65 45 84 75 30 27 55 0 40
6 93 99 47 36 48 51 48 21 51 98 0 29
6 23 27 67 33 63 85 52 75 90 25 0 30
4 41 62 58 39 39 99 48 65 63 59 0 18
9 64 97 86 55 67 70 77 75 66 33 0 41
8 39 94 91 86 44 47 95 77 90 40 0 38
4 36 65 30 38 43 100 32 36 83 77 0 16
6 70 39 83 26 68 35 29 46 58 40 0 28
4 87 63 23 60 80 38 40 63 75 31 0 19
8 25 21 100 58 98 53 78 28 52 39 0 36
5 91 94 61 98 30 91 95 52 98 62 0 22
6 88 47 95 83 86 57 35 88 96 80 0 30
7 76 39 69 73 53 36 95 54 27 63 0 34
6 54 74 34 99 50 35 76 47 60 65 0 30
4 99 20 42 85 84 23 82 45 53 98 0 20
9 79 81 85 30 77 31 30 97 63 29 0 43
3 85 55 49 101 21 56 74 66 66 70 0 15
3 88 34 39 44 79 54 31 38 40 53 0 13
8 63 82 35 55 35 40 29 87 91 63 0 40
8 40 50 37 76 84 38 46 100 68 29 0 39
9 91 66 49 85 96 60 54 43 46 60 0 42
5 58 34 67 46 42 76 39 30 26 42 0 23
9 21 76 23 43 100 69 37 33 49 74 0 44
4 80 76 98 53 92 96 61 40 88 88 0 17
10 55 98 76 96 20 89 98 27 31 40 0 46
8 61 33 79 48 32 78 85 98 20 44 0 38
7 26 97 62 42 61 40 30 62 31 65 0 32
5 77 84 35 39 61 84 80 22 73 22 0 23
7 27 45 37 74 89 91 72 68 47 30 0 34
3 41 38 77 48 23 91 65 55 94 42 0 12
6 84 67 51 92 31 74 96 44 29 82 0 27
7 37 84 99 79 26 71 92 89 88 65 0 34
4 74 58 89 73 59 82 57 99 96 95 0 19
5 72 67 55 92 31 79 67 44 78 36 0 21
6 88 60 21 29 26 87 68 35 78 85 0 30
2 64 22 26 100 31 89 26 87 56 94 0 10
5 22 98 55 61 80 53 77 27 63 64 0 22
8 44 71 43 95 47 88 100 94 50 59 0 38
5 34 97 79 42 71 85 26 29 58 40 0 21
10 65 43 100 56 80 100 82 63 28 20 0 47
7 55 70 59 98 26 82 31 50 26 47 0 33
10 84 56 96 30 46 39 90 40 72 79 0 50
9 58 61 72 94 31 25 64 81 45 63 0 44
6 36 86 20 63 45 71 32 51 22 84 0 26
7 58 89 60 61 42 67 52 64 101 89 0 34
10 81 80 53 73 76 97 31 71 21 49 0 46
9 95 78 63 30 73 52 58 98 96 71 0 45
4 84 44 23 31 85 51 78 27 22 48 0 17
8 24 48 29 66 89 80 53 49 72 30 0 40
2 28 66 61 94 80 94 79 36 87 61 0 10
6 39 76 64 30 38 82 78 60 58 52 0 28
6 93 51 74 27 54 27 29 85 23 80 0 30
9 91 73 30 87 43 20 32 46 84 70 0 42
3 68 98 30 94 22 70 50 83 70 53 0 13
9 39 55 88 77 84 79 28 33 61 92 0 42
4 50 54 68 26 97 77 37 24 93 57 0 17
4 53 66 46 69 57 78 47 66 35 71 0 16
9 39 76 90 94 49 34 87 53 57 90 0 44
3 39 83 87 98 54 93 45 54 26 66 0 11
7 100 59 49 73 82 77 52 37 76 63 0 35
9 52 73 96 30 86 65 43 25 54 44 0 44
7 75 92 60 29 23 41 50 41 78 25 0 35
5 26 52 26 85 88 79 56 28 77 95 0 24
5 57 78 84 69 66 97 74 96 46 56 0 23
10 88 44 38 27 64 56 37 72 50 72 0 46
9 28 68 28 86 70 38 23 63 82 58 0 45
7 34 84 73 77 21 39 40 93 31 79 0 34
3 85 99 52 34 67 29 77 86 32 53 0 15
4 97 65 64 33 98 87 49 100 23 95 0 19
4 72 62 65 61 57 30 26 65 29 34 0 17
5 35 74 57 98 65 48 24 77 91 90 0 23
4 49 45 34 49 85 81 88 79 53 78 0 16
5 73 90 96 62 41 29 20 85 47 40 0 24
9 101 54 51 73 69 75 24 64 40 88 0 43
3 45 39 74 44 50 59 25 64 58 48 0 12
3 50 39 71 88 95 83 59 89 96 88 0 14
9 82 46 54 78 93 94 80 87 36 49 0 44
8 21 40 55 32 22 25 101 22 88 27 0 37
6 45 44 64 88 94 30 70 72 80 78 0 27
9 53 97 84 92 45 59 27 82 58 93 0 43
3 37 48 34 23 100 28 61 58 68 74 0 13
3 70 90 49 90 91 69 86 30 41 83 0 11
8 50 69 81 32 64 71 36 57 58 34 0 37
3 88 43 77 76 63 50 79 26 95 30 0 14
5 95 27 51 32 82 51 97 26 79 90 0 23
9 97 29 31 89 23 96 57 97 82 34 0 43
6 100 79 100 88 72 55 82 88 73 48 0 29
9 36 23 65 91 75 24 59 76 75 98 0 41
8 31 99 49 50 85 56 49 36 100 42 0 37
9 36 37 75 47 45 21 33 87 89 53 0 41
9 95 60 47 56 30 100 66 71 74 66 0 42
3 75 98 100 73 97 71 74 75 61 65 0 14
5 91 98 37 50 57 32 68 86 78 34 0 24
10 47 60 41 66 58 34 63 63 21 98 0 48
10 54 27 40 92 97 39 31 31 30 97 0 48
10 69 29 26 51 87 39 93 48 90 63 0 47
6 58 55 88 61 26 82 53 45 70 61 0 29
2 87 34 26 98 57 22 44 47 74 94 0 10
7 72 29 73 34 49 41 35 44 49 26 0 34
4 88 81 84 41 85 84 68 43 75 73 0 16
10 93 37 73 47 33 81 34 97 91 96 0 48
5 55 46 98 94 72 42 65 49 96 66 0 22
7 32 93 32 91 31 100 81 96 80 75 0 33
3 25 80 78 52 37 68 52 85 37 34 0 12
9 22 34 31 51 26 57 78 87 68 26 0 43
9 60 70 26 71 54 100 31 57 56 45 0 42
8 35 48 48 55 48 50 59 68 72 57 0 37
10 36 67 43 50 92 37 94 25 26 44 0 46
10 81 69 98 36 59 26 43 69 90 94 0 48
3 25 84 53 40 24 69 33 96 96 75 0 15
9 56 73 94 95 21 21 74 41 99 38 0 43
3 52 23 91 24 90 28 58 86 90 43 0 15
10 59 49 75 68 91 75 75 23 49 82 0 49
9 89 66 98 25 43 77 90 90 46 38 0 45
4 65 77 47 27 89 96 47 74 38 50 0 17
10 30 60 42 27 97 64 72 41 83 38 0 46
5 79 54 73 48 93 50 91 84 64 64 0 24
7 81 40 72 51 94 43 25 64 49 83 0 33
6 63 92 32 99 69 83 22 89 40 27 0 29
3 64 35 29 45 75 40 86 28 76 80 0 14
4 93 43 61 38 89 58 34 68 43 100 0 17
10 99 68 64 90 83 53 39 43 62 49 0 47
10 71 79 81 85 54 85 21 40 28 54 0 50
9 76 32 59 33 100 64 92 89 67 83 0 44
8 61 88 39 99 98 66 39 67 37 47 0 37
5 43 34 69 83 83 40 76 99 73 76 0 22
8 91 30 89 63 44 24 43 55 96 68 0 36
9 44 64 45 34 77 78 85 24 78 30 0 43
3 56 85 66 64 53 50 95 82 63 38 0 12
3 77 67 90 78 52 84 99 82 22 25 0 15
5 77 24 88 30 22 35 73 61 35 58 0 24
7 30 27 73 97 65 35 88 61 42 81 0 32
5 26 39 100 83 40 64 36 21 72 25 0 22
4 29 37 43 95 41 59 50 60 84 24 0 17
3 70 96 27 93 75 88 54 32 92 87 0 15
10 85 72 35 88 27 68 96 91 42 88 0 47
7 63 40 45 56 29 56 21 81 33 39 0 35
10 83 38 20 91 27 27 66 37 29 26 0 47
10 33 92 91 100 69 29 24 51 21 38 0 50
7 100 25 70 37 24 49 52 52 28 61 0 35
4 100 34 79 72 57 89 27 87 29 98 0 16
5 96 69 59 22 74 51 57 81 89 51 0 25
7 63 51 20 77 35 69 44 69 93 51 0 35
3 62 77 66 98 87 55 63 39 49 54 0 15
8 45 82 36 36 85 47 101 50 51 39 0 39
9 27 88 98 61 98 89 51 84 38 78 0 41
9 38 41 29 91 24 54 23 75 43 53 0 44
9 34 89 42 54 76 28 101 88 87 32 0 44
7 22 57 43 74 100 27 40 89 24 42 0 31
8 25 63 101 39 66 54 87 65 24 32 0 40
3 92 40 82 95 86 78 58 95 88 38 0 15
6 81 26 76 30 90 66 24 84 40 40 0 26
8 94 30 57 35 79 56 48 24 30 36 0 37
8 40 70 84 47 68 77 81 58 28 25 0 36
3 56 77 89 40 99 62 79 89 69 22 0 15
8 79 33 94 30 78 54 85 45 100 64 0 36
10 41 89 57 23 95 34 26 98 53 90 0 46
10 37 30 47 67 100 44 65 91 65 73 0 49
4 55 96 52 30 89 44 39 82 68 54 0 17
6 41 84 91 54 57 63 49 64 71 68 0 26
10 96 60 31 58 67 23 96 27 97 64 0 49
4 94 99 68 71 85 65 34 20 66 39 0 19
8 81 49 79 85 87 79 100 26 41 45 0 36
5 87 53 46 34 21 63 60 25 39 56 0 24
10 42 52 81 63 45 35 61 23 44 37 0 46
8 91 53 78 62 98 96 64 75 92 84 0 40
2 91 39 43 42 53 23 33 49 84 47 0 10
6 32 83 88 23 94 23 63 79 74 51 0 28
5 44 39 24 70 43 28 80 47 87 96 0 21
10 75 85 89 68 48 82 49 44 57 90 0 48
4 44 101 65 50 73 24 42 33 47 27 0 18
8 41 90 48 36 89 43 61 47 78 48 0 40
3 52 20 57 32 90 25 73 62 90 29 0 11
6 89 68 58 23 59 22 96 41 89 99 0 29
7 40 49 41 52 60 79 38 79 31 92 0 32
10 28 73 46 87 38 79 22 70 76 98 0 48
7 79 67 78 72 24 98 71 56 37 65 0 32
4 82 32 68 61 61 51 69 21 75 38 0 20
9 47 73 90 31 72 24 36 76 71 47 0 43
7 46 29 72 29 70 62 45 80 81 77 0 34
10 80 30 88 52 22 80 30 51 66 35 0 49
10 43 87 56 97 89 44 81 51 63 87 0 48
10 91 66 54 99 94 36 93 41 53 98 0 50
9 100 21 23 82 88 86 84 25 85 57 0 42
10 82 82 27 29 79 29 38 54 85 35 0 50
4 81 38 85 91 93 39 41 66 47 91 0 17
6 26 44 98 84 95 56 62 79 80 78 0 28
5 61 69 73 66 97 95 22 52 58 32 0 23
9 47 95 41 23 22 22 72 74 23 29 0 45
8 76 38 53 54 64 31 23 45 82 90 0 36
4 61 48 83 99 93 56 58 88 38 48 0 17
3 62 39 50 88 97 32 22 36 78 100 0 14
7 89 90 38 43 100 43 89 43 44 88 0 33
9 73 25 65 45 56 25 39 21 89 64 0 42
9 97 43 95 20 64 40 57 86 83 45 0 44
4 92 69 27 43 70 34 87 69 91 22 0 16
5 91 57 28 69 43 83 68 66 101 28 0 25
3 59 44 89 39 66 90 50 25 25 34 0 11
5 25 36 55 70 30 44 58 20 38 80 0 24
7 47 68 72 56 72 31 79 96 82 81 0 33
5 77 21 83 67 88 39 67 99 27 49 0 24
9 63 88 43 41 29 76 32 80 20 22 0 43
8 99 74 100 60 56 59 68 78 26 58 0 37
9 52 71 71 39 84 67 39 27 41 40 0 42
3 88 58 37 84 23 31 96 69 41 68 0 12
4 48 28 66 89 64 89 74 68 70 94 0 20
9 70 44 31 27 43 62 58 93 49 90 0 44
8 78 45 47 84 25 91 95 54 45 72 0 39
9 43 43 57 33 22 87 77 30 90 39 0 41
3 45 88 76 97 36 42 42 40 66 24 0 12
5 94 77 46 58 83 29 37 23 69 90 0 24
9 61 101 67 75 100 79 37 38 80 43 0 45
8 90 24 35 82 91 45 60 58 60 39 0 38
8 28 28 70 65 23 74 74 99 28 81 0 39
3 73 62 57 78 68 95 44 36 66 36 0 13
6 92 94 97 49 43 41 82 26 24 36 0 26
5 71 66 38 45 32 98 30 33 50 78 0 21
9 89 96 46 75 58 53 71 24 22 31 0 42
6 62 68 42 68 32 56 96 40 42 21 0 26
9 28 29 49 41 24 44 55 25 88 55 0 43
2 35 36 71 81 58 60 62 46 58 38 0 10
7 22 93 34 46 40 84 93 59 29 50 0 32
5 21 85 98 74 54 85 24 84 40 49 0 24
5 98 68 46 85 47 42 34 89 26 76 0 25
2 53 45 81 50 73 94 42 80 76 73 0 10
3 22 27 67 25 40 33 35 89 92 65 0 11
9 26 95 63 20 38 55 100 44 76 101 0 44
5 35 56 31 99 76 38 23 68 46 80 0 23
6 75 61 21 99 70 67 54 45 86 71 0 26
9 35 88 88 54 76 95 40 81 73 97 0 42
8 31 55 93 26 27 99 49 61 30 89 0 37
8 87 67 59 72 72 38 54 73 46 46 0 36
2 88 66 45 77 60 58 70 87 56 61 0 10
10 38 93 59 36 64 39 35 34 28 40 0 49
10 40 32 36 77 97 65 92 89 92 82 0 46
4 26 101 43 35 21 76 35 49 97 93 0 19
9 43 36 46 74 78 91 45 74 80 64 0 43
6 45 51 70 50 26 28 91 48 82 39 0 27
8 57 54 33 64 63 79 38 36 84 97 0 36
8 74 29 61 23 80 46 85 98 80 36 0 37
3 79 34 73 88 56 26 56 60 39 29 0 15
9 88 55 55 23 23 83 47 97 23 55 0 44
10 71 52 27 24 37 42 28 65 85 69 0 48
7 88 57 23 43 47 34 51 55 76 28 0 35
10 62 46 79 45 55 45 72 85 36 79 0 50
7 26 97 43 75 31 50 77 40 96 89 0 31
5 40 21 84 65 36 37 51 79 28 80 0 24
6 40 22 76 48 95 62 78 95 45 83 0 26
3 27 96 73 27 65 58 78 49 70 91 0 14
10 99 84 21 37 21 49 100 35 86 43 0 46
10 97 75 97 91 33 37 98 51 89 41 0 49
8 75 22 60 59 46 51 38 39 82 85 0 38
3 31 73 96 74 64 78 68 93 92 98 0 12
3 95 58 80 74 56 83 36 99 73 69 0 13
3 84 24 85 66 76 87 93 66 90 96 0 14
6 76 88 91 74 80 38 81 32 58 44 0 26
2 61 33 93 24 59 66 32 60 76 82 0 10
5 37 29 34 55 36 28 29 56 98 91 0 24
10 65 75 63 73 70 66 97 89 21 86 0 47
10 45 95 40 96 31 30 92 58 101 86 0 46
7 70 68 26 53 33 54 99 58 101 22 0 35
9 88 43 75 31 65 98 34 46 38 35 0 42
4 78 72 91 32 86 33 60 72 28 78 0 19
10 62 89 94 85 99 68 54 60 76 92 0 49
3 88 31 37 21 29 32 37 40 97 62 0 13
6 45 98 67 52 76 40 42 60 56 69 0 26
7 38 38 67 27 83 60 83 53 54 56 0 35
5 63 44 38 23 39 71 71 75 91 82 0 23
9 89 56 75 47 94 39 22 85 48 34 0 42
3 44 92 25 28 25 51 64 39 42 87 0 12
10 62 27 89 40 27 95 35 70 36 99 0 49
9 64 31 76 67 56 48 32 46 57 94 0 41
8 47 43 55 76 95 55 39 95 83 40 0 38
7 32 66 22 55 47 46 67 58 98 27 0 34
4 57 61 50 71 69 66 86 25 29 80 0 18
4 50 68 50 75 63 66 92 58 47 97 0 18
5 46 94 95 61 42 30 54 25 78 29 0 21
7 76 48 74 97 53 39 67 44 84 21 0 35
6 20 66 25 55 92 101 32 81 73 71 0 26
4 61 95 75 25 37 73 84 24 43 25 0 20
7 66 44 46 68 100 92 33 21 49 52 0 32
8 36 62 64 46 65 58 78 68 44 36 0 39
7 23 45 90 46 41 99 57 68 100 29 0 33
5 32 84 26 45 49 52 86 68 64 32 0 24
7 29 98 92 36 82 78 98 22 83 63 0 32
4 38 44 59 49 44 46 99 81 38 71 0 20
9 64 72 93 38 72 33 73 46 43 92 0 44
8 29 20 53 21 42 74 59 74 61 35 0 37
10 101 88 82 63 51 99 69 27 100 53 0 48
5 71 52 55 25 31 64 31 44 71 79 0 21
10 51 48 52 87 50 32 24 59 66 64 0 47
7 64 24 74 39 82 80 26 58 27 44 0 31
4 59 27 42 30 53 68 85 66 77 69 0 20
5 47 97 53 52 28 32 61 81 82 49 0 25
5 53 85 92 88 65 63 56 54 91 37 0 25
7 55 34 59 47 59 81 48 37 77 43 0 33
5 52 83 55 85 65 64 66 98 51 41 0 24
4 33 83 72 85 75 98 24 29 58 23 0 18
9 82 84 22 69 27 38 46 46 99 101 0 43
3 68 36 82 90 77 78 59 72 96 79 0 14
4 91 88 100 31 48 62 71 79 40 46 0 19
5 71 59 70 100 92 89 29 29 54 53 0 24
6 56 68 34 80 34 77 29 65 89 83 0 30
8 99 24 56 48 32 68 60 81 60 77 0 39
5 63 37 51 99 81 66 70 25 100 97 0 21
4 100 98 30 98 84 43 72 77 55 70 0 19
7 94 35 37 93 75 61 81 46 55 36 0 31
6 59 76 30 89 71 55 95 68 45 85 0 28
7 98 87 101 73 38 51 100 74 26 23 0 34
2 81 85 39 61 57 84 56 85 42 101 0 10
3 69 67 87 76 93 48 40 96 87 24 0 12
9 73 64 45 97 42 59 67 66 54 84 0 45
4 22 93 40 46 32 49 67 29 89 41 0 19
4 41 72 43 82 57 40 93 42 54 100 0 18
5 78 24 57 30 32 75 93 31 82 60 0 22
9 25 59 95 99 82 54 46 95 39 71 0 43
9 54 61 45 61 32 61 48 44 94 53 0 45
4 92 51 101 28 96 93 61 84 69 77 0 20
9 53 61 41 23 89 43 66 40 25 45 0 43
9 75 44 58 39 41 59 64 71 92 94 0 43
8 73 42 25 39 28 24 70 90 58 31 0 40
3 30 48 79 38 23 26 21 69 40 82 0 15
4 80 75 63 33 42 81 42 87 76 89 0 20
6 22 59 82 24 36 32 35 74 55 22 0 29
9 45 45 97 26 24 55 73 41 78 21 0 45
5 62 73 51 75 20 20 27 97 71 61 0 22
9 23 63 54 40 74 29 43 53 80 60 0 45
6 70 53 83 54 85 83 30 94 57 25 0 26
6 73 68 39 24 53 28 28 25 51 92 0 27
6 89 84 85 63 44 42 90 31 81 83 0 26
6 44 60 58 31 44 95 47 84 80 24 0 28
4 98 40 75 101 95 32 82 83 73 42 0 20
6 61 75 33 35 43 26 28 37 21 29 0 29
6 93 53 93 38 84 93 96 61 75 88 0 26
7 55 94 85 96 99 81 50 79 73 32 0 33
6 59 82 99 72 51 34 30 93 46 31 0 30
5 45 40 58 80 34 47 24 79 91 95 0 23
6 41 23 98 35 85 59 58 53 76 73 0 29
9 37 93 55 63 54 77 57 58 72 33 0 41
5 75 62 87 22 58 69 66 79 54 32 0 24
4 25 54 44 87 82 90 51 30 82 20 0 20
3 92 87 91 31 60 40 48 79 97 35 0 15
7 89 24 32 63 84 95 52 81 24 96 0 32
7 76 32 29 26 94 98 86 86 80 61 0 35
9 54 99 86 38 58 82 41 23 75 42 0 41
7 39 57 71 54 40 61 98 95 56 81 0 32
3 64 34 58 89 59 40 77 54 28 31 0 13
10 50 28 48 65 29 59 30 45 87 48 0 50
5 85 100 69 36 33 62 26 61 70 62 0 23
7 87 83 42 97 50 43 75 98 59 85 0 35
3 87 40 74 68 38 56 85 82 91 34 0 13
7 98 79 96 49 50 92 65 101 33 24 0 35
5 24 97 44 81 63 88 90 50 32 87 0 25
4 40 21 76 30 57 84 22 68 80 48 0 20
8 69 21 35 48 79 66 35 47 40 51 0 37
10 27 72 50 47 29 37 23 79 21 55 0 47
10 98 74 85 81 24 71 97 53 84 73 0 50
10 22 91 33 50 42 91 85 52 54 44 0 49
4 20 88 23 27 58 29 64 47 87 36 0 17
7 77 75 42 35 32 28 49 65 78 97 0 33
3 88 70 66 52 90 94 88 98 56 69 0 14
6 42 80 87 57 78 75 33 71 84 49 0 29
7 26 73 37 54 53 32 29 53 46 56 0 34
10 95 47 89 77 25 95 62 58 59 26 0 49
8 60 25 52 99 42 42 49 48 79 95 0 38
8 54 48 80 95 61 99 68 74 80 23 0 36
8 70 85 86 88 88 29 36 54 26 50 0 37
7 48 93 66 31 90 69 55 35 61 23 0 31
10 97 30 45 21 54 35 44 78 91 95 0 47
7 85 21 38 54 57 72 33 90 100 39 0 33
6 77 68 48 22 92 93 30 40 59 58 0 30
2 51 45 49 67 59 79 31 47 63 80 0 10
6 36 43 96 65 32 55 22 69 53 95 0 26
5 41 92 51 79 37 83 81 94 26 40 0 24
6 59 55 43 92 24 84 22 90 57 78 0 29
4 44 78 55 87 39 46 37 74 44 49 0 19
10 75 22 23 47 36 84 76 71 78 80 0 47
5 30 60 39 42 38 28 71 62 31 92 0 23
3 33 29 95 44 82 22 27 93 68 89 0 12
7 57 59 77 72 24 87 56 41 67 29 0 33
10 89 99 73 46 100 94 48 49 90 93 0 46
9 93 62 48 77 31 39 34 94 26 24 0 45
6 24 52 82 35 28 49 69 40 37 64 0 27
8 58 69 70 48 44 22 83 54 92 79 0 37
4 89 43 64 57 44 60 57 60 77 31 0 18
9 23 33 46 69 23 84 60 74 67 85 0 43
4 25 97 35 33 72 60 42 30 76 93 0 19
177 224 233 160 207
133 179 201 231 294
109 144 210 254 270
107 166 184 228 284
130 149 220 232 298
117 148 192 238 289
128 179 203 250 287
136 170 204 255 273
138 164 208 230 292
128 179 206 239 280
117 155 192 231 284
123 160 204 257 280
122 146 206 260 273
135 141 180 223 300
126 143 193 233 279
117 177 209 259 275
135 157 219 250 288
121 161 189 222 277
101 167 207 227 272
119 141 180 249 278
117 166 220 255 266
126 148 194 254 289
129 141 220 239 289
136 156 198 255 288
114 151 200 239 296
119 168 210 226 267
102 163 201 240 296
125 157 188 235 260
113 141 184 230 279
108 140 204 220 299
116 149 187 246 291
101 144 190 245 281
122 157 205 248 281
115 160 186 235 291
121 170 184 236 269
133 146 181 250 272
107 170 201 252 282
102 140 211 221 297
134 142 215 249 296
128 143 189 222 264
104 147 184 244 272
137 145 199 260 286
122 176 201 230 271
123 150 197 230 279
122 178 214 238 276
139 172 188 248 275
137 171 197 258 264
113 164 189 223 283
138 143 219 235 270
124 152 197 252 299
136 165 200 222 287
124 170 209 248 283
129 166 198 259 296
110 175 204 244 265
139 167 196 220 260
118 180 208 248 299
117 151 196 231 287
117 172 217 233 272
103 157 220 224 273
137 170 194 237 276
119 166 215 252 266
130 155 216 234 279
126 178 207 232 277
123 147 190 233 280
115 177 216 227 281
139 152 200 235 292
128 170 205 240 298
108 152 216 232 277
126 179 186 233 277
130 146 219 233 264
117 142 186 221 284
121 180 193 255 281
109 161 201 225 287
135 158 194 248 273
105 169 203 255 275
124 179 202 253 298
133 163 184 251 279
117 172 197 225 265
126 176 183 245 293
105 163 194 228 266
131 143 193 243 288
133 172 192 233 260
139 164 184 241 291
121 156 185 235 287
106 158 205 223 262
116 149 202 248 262
138 160 186 229 268
136 170 200 242 281
110 172 193 257 294
101 148 207 257 283
130 151 215 245 260
115 161 207 233 274
133 148 186 225 276
124 151 216 221 276
108 170 219 245 263
119 175 202 229 293
136 158 194 231 269
140 157 208 242 299
135 160 208 229 265
104 175 213 258 268
102 179 217 230 267
128 152 213 251 284
103 169 192 226 291
104 159 197 242 282
104 168 220 258 296
112 151 198 251 284
126 161 219 229 276
101 151 194 250 274
119 140 196 248 291
137 158 192 224 291
101 167 196 257 285
132 151 198 222 279
105 156 217 241 283
134 179 188 250 260
100 162 192 235 273
126 177 195 260 265
116 157 219 252 271
115 158 198 257 276
132 152 190 260 298
124 164 211 232 283
130 144 206 233 267
124 169 192 233 280
132 175 184 257 261
108 146 190 238 261
136 170 189 221 268
131 169 218 253 268
111 154 186 227 295
133 159 220 229 262
118 152 180 255 266
108 152 207 240 275
103 160 208 243 284
139 168 209 250 286
107 161 191 220 285
130 152 182 224 274
123 179 205 226 266
135 172 187 254 260
122 155 191 247 296
102 177 196 255 291
104 140 183 227 280
130 154 192 252 286
104 162 190 240 265
134 162 189 239 279
130 163 215 232 284
121 178 207 241 263
126 151 216 230 261
108 151 203 236 266
121 173 189 222 274
138 145 200 239 299
135 172 197 244 300
114 151 200 247 270
108 158 201 248 283
133 164 206 223 289
104 141 209 221 288
121 163 202 244 281
113 158 190 234 262
134 152 190 237 280
137 149 220 234 291
109 157 196 243 276
116 156 219 258 292
124 165 205 224 268
135 171 180 237 286
117 144 190 245 260
123 156 216 246 280
127 174 208 245 270
133 149 209 254 270
114 174 184 225 274
130 151 180 232 277
113 165 195 247 274
109 144 182 241 285
131 155 183 243 275
129 151 202 227 268
127 150 197 259 268
112 162 182 232 261
128 141 220 233 288
128 147 214 250 286
127 155 187 240 287
137 153 192 258 266
138 180 209 234 274
106 160 212 238 294
127 149 184 246 289
120 155 185 243 292
104 160 214 259 292
127 140 210 248 297
115 153 214 233 270
109 174 218 241 272
102 142 192 245 283
126 165 200 256 298
131 164 198 232 291
131 156 205 233 284
100 142 181 241 278
121 142 194 228 292
111 157 207 257 260
100 153 216 259 279
136 168 184 257 291
118 152 206 239 292
114 148 218 242 268
132 170 219 248 290
111 149 184 231 294
120 175 192 252 280
128 170 215 257 289
132 152 186 254 288
101 148 201 246 292
115 155 208 222 291
113 141 184 246 290
137 162 186 244 284
102 152 220 233 291
122 163 182 221 271
102 144 183 251 278
129 168 206 225 260
121 178 197 227 296
127 146 209 228 287
129 140 213 244 298
137 165 205 226 279
135 168 185 259 296
114 146 184 226 299
105 167 216 231 294
135 141 212 247 263
105 151 214 236 268
109 144 185 256 284
106 163 198 224 299
130 157 182 259 279
116 160 188 255 296
106 180 183 240 299
129 158 215 241 270
121 179 185 249 272
102 162 183 230 294
112 151 199 246 289
109 176 180 227 296
109 162 182 260 272
120 174 203 235 266
108 178 197 221 274
137 166 186 240 298
117 180 213 232 283
100 148 202 221 285
112 180 194 226 284
117 144 196 253 266
121 159 203 260 288
104 146 188 257 290
109 161 187 254 260
120 154 204 249 278
104 175 190 234 281
121 176 201 230 286
134 153 205 256 282
113 171 199 244 285
124 180 185 227 300
107 150 189 240 281
138 147 181 256 280
123 141 209 232 263
129 167 206 237 296
108 165 197 243 269
120 148 202 256 281
124 143 180 259 290
134 172 187 227 281
123 144 203 245 296
115 178 183 247 270
120 143 218 259 267
100 168 197 225 300
102 173 203 223 273
137 163 207 237 263
110 163 197 220 274
107 167 196 224 286
116 178 188 226 277
140 170 199 233 291
129 162 206 234 284
113 154 196 259 279
123 144 209 223 287
110 150 201 249 275
112 162 183 245 270
140 152 182 245 293
134 142 203 260 266
127 150 181 235 267
100 153 183 230 298
134 150 190 233 262
106 148 205 244 288
131 160 217 228 265
115 157 191 232 278
113 160 184 220 279
128 160 180 250 281
112 143 211 252 282
118 151 205 250 270
129 175 220 247 288
137 141 208 255 265
106 150 217 225 261
100 170 220 236 270
134 176 199 245 294
133 145 183 233 300
136 152 205 236 283
105 166 196 229 281
123 167 185 245 268
118 174 208 222 270
106 155 207 255 273
134 160 192 244 282
130 152 187 238 262
133 174 182 226 300
134 166 191 233 277
138 179 200 245 296
111 178 198 220 296
111 156 214 253 260
129 154 197 235 293
124 144 209 233 282
107 147 182 220 273
116 157 202 256 295
109 149 206 238 280
138 144 198 232 279
122 160 203 255 262
124 169 182 239 283
114 149 209 257 267
120 179 180 232 260
102 161 219 222 270
133 177 213 247 287
118 162 200 229 266
107 143 215 232 266
128 165 203 242 266
134 180 202 260 269
109 144 219 257 261
107 160 204 245 274
106 166 203 250 273
118 140 213 248 283
105 149 182 259 269
126 151 202 245 272
138 179 193 252 276
130 159 198 246 277
122 151 192 254 268
104 142 204 255 264
122 156 191 247 263
110 147 190 231 296
119 153 192 245 267
103 145 216 259 296
136 172 191 255 265
112 163 200 242 272
132 168 202 244 282
140 142 200 227 298
107 157 200 240 272
114 177 209 249 287
109 174 208 246 300
113 141 208 258 297
130 140 184 251 286
106 142 194 223 294
135 172 214 240 278
123 160 202 259 285
118 162 213 241 277
126 155 218 252 266
104 166 205 241 293
108 175 184 260 286
118 152 219 241 282
120 164 217 239 294
133 146 220 256 278
125 140 196 236 281
137 153 204 223 260
119 166 196 237 262
122 177 220 235 267
127 174 210 228 297
102 175 211 227 297
100 163 213 238 278
139 153 186 234 294
139 162 206 260 287
100 146 184 251 280
106 165 209 221 286
132 157 186 240 278
121 167 190 240 260
103 144 214 254 269
105 153 180 238 261
127 156 214 246 285
102 142 210 220 271
124 174 205 229 297
108 151 189 229 262
115 155 193 235 275
114 179 220 227 266
121 166 181 257 291
129 168 193 259 262
130 172 188 252 262
114 144 197 255 290
135 143 213 250 267
120 157 218 246 261
134 164 194 249 300
140 157 190 234 267
116 141 189 221 282
113 155 206 252 261
132 153 219 228 282
105 166 205 241 284
127 157 194 228 272
115 155 211 250 265
113 176 185 220 283
107 178 182 239 271
125 175 195 242 275
117 142 194 244 260
125 180 194 258 300
124 159 201 251 296
134 161 217 237 300
129 175 212 226 270
103 178 196 238 267
134 164 186 248 280
103 171 213 242 290
127 145 204 246 299
136 164 212 249 285
136 168 187 224 265
102 177 217 246 283
134 176 211 257 270
138 141 200 225 299
131 173 207 241 270
108 180 194 251 293
124 144 182 220 293
117 152 195 220 289
107 155 218 221 270
102 150 199 247 265
130 166 182 241 276
118 163 209 259 274
101 168 200 252 273
129 147 194 234 298
114 144 198 242 276
101 174 183 260 297
140 169 182 255 292
137 174 213 234 270
102 145 188 225 268
131 151 216 252 267
131 153 183 247 285
100 153 206 253 297
110 164 213 247 275
131 169 182 255 261
124 179 198 242 284
135 146 180 223 262
118 167 220 235 263
123 146 215 242 270
124 165 194 247 281
126 142 183 234 297
101 150 180 222 281
115 177 202 229 286
135 143 188 256 276
121 166 216 260 278
136 178 191 254 287
125 178 193 241 280
117 155 194 230 263
134 155 205 251 282
116 177 190 221 299
121 166 206 259 268
117 156 212 255 283
133 175 217 244 268
132 176 196 228 290
129 149 210 220 289
102 154 188 255 299
130 153 196 246 293
138 165 211 238 268
135 177 185 231 260
140 174 211 222 291
133 156 216 247 292
140 170 212 226 292
110 158 203 259 279
108 147 189 221 288
101 172 195 254 275
122 141 208 246 295
111 168 203 220 283
100 143 213 252 293
117 154 192 247 273
103 166 206 230 295
105 168 207 260 288
101 171 194 238 261
123 142 207 226 261
118 161 200 254 274
129 170 202 236 277
116 169 211 240 280
118 168 199 234 299
139 151 196 251 269
103 168 195 222 264
108 172 200 252 296
122 141 219 229 299
104 161 194 250 261
135 163 206 250 276
120 140 201 237 290
101 168 186 239 262
124 172 199 244 299
117 175 192 244 272
102 160 203 224 271
128 167 183 242 265
115 162 213 228 273
132 174 201 223 289
100 178 217 239 262
121 176 199 235 265
105 162 203 244 269
104 177 188 221 288
140 171 197 254 289
106 149 214 236 296
124 169 212 232 296
112 177 215 247 288
138 141 195 232 275
115 162 217 252 291
138 142 186 241 299
136 165 182 245 299
115 157 218 240 261
129 147 201 249 299
135 141 192 243 299
129 180 186 253 261
102 146 218 242 291
109 151 210 256 285
130 161 219 230 279
124 160 182 244 267
126 179 206 242 288
121 175 194 229 272
104 158 187 234 298
131 178 183 247 292
123 160 196 222 266
104 147 187 233 297
101 144 206 227 264
135 164 194 245 289
135 175 180 256 268
119 172 203 235 288
120 149 200 250 293
124 163 218 225 268
136 172 213 223 299
104 178 181 234 298
111 161 207 249 275
115 161 219 242 268
120 156 186 250 292
129 168 196 236 292
106 143 188 258 268
113 172 190 226 294
139 167 180 234 298
121 162 200 250 266
120 140 215 254 291
115 170 213 231 261
105 147 220 249 285
122 178 184 225 299
134 144 192 248 284
112 152 194 228 263
127 177 180 233 287
117 178 215 244 294
129 174 204 231 293
113 174 210 225 283
137 159 198 250 275
132 150 203 238 288
128 168 216 238 296
115 173 186 234 295
101 145 190 240 295
114 166 192 224 262
134 156 180 223 286
140 144 184 226 266
120 170 206 235 261
124 151 185 220 278
117 162 192 232 292
106 165 195 248 266
120 163 204 259 280
139 175 188 232 272
137 178 219 225 271
119 146 213 228 277
121 142 195 230 265
104 159 195 247 284
137 169 183 245 264
132 178 216 220 275
129 150 197 244 283
108 165 204 231 270
112 163 213 260 284
106 159 186 223 260
116 175 190 240 287
133 162 214 253 299
109 148 196 246 287
115 147 187 254 284
138 143 202 242 294
103 178 198 236 277
130 151 201 222 264
108 141 215 220 272
138 169 208 246 261
116 170 192 249 276
102 173 196 251 266
117 146 208 251 283
125 158 196 227 271
113 146 183 231 273
113 178 220 257 271
106 169 195 258 269
121 156 210 260 273
105 173 196 220 288
102 150 209 248 294
131 141 201 247 297
120 158 193 222 299
106 142 211 248 283
124 157 183 246 277
136 156 188 257 284
118 143 200 250 289
135 172 207 248 288
111 145 198 257 289
133 156 182 258 293
127 148 208 254 263
133 162 196 242 293
124 176 199 249 294
138 172 204 221 261
106 150 204 256 260
101 157 220 241 263
110 153 209 227 291
124 173 181 237 281
109 167 194 240 290
122 172 213 245 285
100 166 196 248 289
129 165 190 260 290
132 150 202 227 300
128 157 190 260 265
136 169 220 246 286
103 180 185 249 297
130 154 211 225 261
137 148 209 227 264
118 144 194 248 263
136 156 213 245 268
115 166 202 244 285
103 163 184 260 271
107 149 198 253 297
111 148 220 257 294
104 178 192 239 280
110 143 189 222 282
117 152 215 250 283
103 176 193 237 275
129 140 215 221 269
100 163 196 251 292
120 164 199 222 268
100 151 208 235 276
106 151 203 239 282
123 170 180 249 295
128 153 181 238 287
120 159 201 221 262
105 165 190 253 285
130 162 199 223 262
100 176 203 241 279
127 141 186 256 290
106 168 215 233 260
126 159 206 247 290
119 143 196 221 294
126 142 192 249 271
132 140 191 225 274
138 155 214 242 300
100 142 195 255 264
108 164 200 245 278
116 166 202 257 261
103 158 215 255 282
115 154 201 220 264
110 174 212 259 272
124 153 203 234 300
132 166 188 249 280
125 145 199 256 291
116 180 183 251 296
112 174 181 252 293
102 161 188 224 272
117 172 208 229 286
132 170 188 248 270
128 160 189 238 287
132 167 215 255 298
128 171 183 252 294
131 140 218 254 292
100 178 201 252 286
137 146 215 257 278
129 169 212 256 274
100 179 197 229 298
125 174 207 229 261
107 170 212 226 280
139 153 215 229 270
104 153 213 252 290
105 156 196 246 293
102 151 192 222 281
109 141 195 236 295
113 174 192 255 297
138 172 199 228 271
126 176 191 246 298
128 180 199 256 279
113 165 212 251 300
120 172 195 222 277
104 171 220 230 292
123 177 181 231 297
104 169 203 252 266
130 175 181 239 286
121 155 187 239 270
131 168 199 249 295
129 170 185 246 279
100 146 192 248 260
121 147 205 227 294
121 163 217 253 289
133 180 196 228 269
111 165 209 257 300
129 148 208 248 276
124 149 207 249 294
120 162 219 235 262
112 179 191 254 260
120 165 208 221 297
106 172 191 250 288
121 143 200 245 270
109 172 187 232 263
133 179 192 255 260
112 157 215 245 292
102 142 213 242 292
109 148 218 240 263
119 170 183 224 297
101 175 184 243 264
104 180 183 227 295
108 158 198 222 276
136 157 187 255 277
116 152 184 228 279
140 140 205 226 280
113 172 206 253 275
113 149 186 251 264
134 145 218 242 295
135 152 219 226 270
140 140 182 224 278
105 141 185 257 287
140 179 205 237 285
138 141 190 237 289
113 153 181 254 262
108 156 212 260 267
115 169 193 255 300
117 150 209 248 291
131 148 215 249 287
107 143 196 237 274
117 164 181 230 290
101 143 203 236 297
104 143 208 225 263
120 153 215 237 262
103 168 218 220 263
131 142 197 230 269
103 178 215 245 288
106 155 199 228 278
102 145 186 254 277
105 178 202 220 300
105 166 188 238 287
129 142 197 235 270
106 160 216 253 292
114 177 207 233 279
115 156 204 259 265
134 160 192 257 300
111 169 208 226 282
104 160 214 233 263
101 157 210 221 270
123 144 209 223 261
126 161 187 253 299
126 164 188 238 260
105 161 201 257 286
131 172 200 253 292
101 158 192 242 293
129 144 213 259 264
107 142 180 256 284
139 140 189 242 283
117 174 216 232 282
124 165 183 228 271
130 174 209 232 271
106 177 183 240 286
132 142 205 244 274
118 172 193 248 281
137 159 190 238 288
115 175 213 247 276
140 147 210 225 267
106 147 195 257 271
123 171 196 234 298
103 163 205 226 281
116 146 183 224 287
123 164 203 242 282
118 177 216 241 298
138 170 203 227 295
110 142 211 222 293
126 172 213 252 297
122 154 208 247 273
135 179 213 243 292
112 149 186 220 285
118 167 194 224 288
138 176 214 236 272
124 173 192 235 269
116 168 215 230 274
105 180 204 243 265
127 145 182 239 265
133 158 215 223 270
113 167 183 224 265
131 171 219 228 280
132 152 206 259 296
140 180 208 235 271
138 140 192 237 263
138 152 194 228 293
112 157 180 256 270
122 145 213 252 267
125 168 190 222 260
137 161 212 247 281
101 170 194 255 290
136 180 191 233 283
139 175 181 246 278
107 148 180 249 295
132 143 201 246 287
137 145 184 235 297
139 147 200 224 269
108 164 212 233 266
127 154 216 232 279
106 147 203 221 261
135 165 213 246 279
140 166 188 250 269
124 175 204 236 284
108 177 215 256 288
126 178 205 253 287
113 168 196 253 277
105 144 187 249 297
122 171 197 229 270
105 169 208 234 298
131 146 191 249 291
133 143 216 243 280
101 149 180 229 273
120 180 218 231 279
126 169 184 238 276
124 159 194 259 288
115 152 185 232 283
133 164 205 230 277
138 147 202 245 274
117 151 181 238 260
112 144 200 231 274
102 141 183 257 289
107 163 200 243 267
108 142 186 233 272
112 157 181 255 289
120 147 183 223 285
127 174 216 252 292
120 159 191 247 296
104 178 219 233 286
127 152 185 239 297
131 161 192 254 284
102 162 219 245 263
109 165 191 229 260
106 153 187 233 288
123 167 218 254 282
121 144 219 232 273
107 157 219 241 261
121 171 201 247 268
112 160 186 244 280
102 170 216 237 271
128 159 189 236 289
118 151 213 256 260
103 173 209 232 294
140 158 191 256 276
111 147 184 231 268
102 174 208 250 263
100 167 192 224 295
136 161 188 251 270
103 171 192 257 286
138 147 182 246 287
123 171 183 250 288
107 150 183 223 280
115 143 209 242 272
105 163 207 239 285
123 144 200 240 276
113 165 193 244 274
104 174 208 226 283
109 165 185 222 298
140 153 217 248 297
111 155 211 251 271
133 143 213 247 277
103 148 188 240 294
106 143 193 232 285
127 152 185 231 276
135 164 200 241 277
108 155 213 248 274
140 180 190 255 278
119 155 217 224 275
129 180 207 252 270
103 153 197 245 272
121 158 189 230 286
132 172 181 229 292
137 165 183 221 271
122 170 214 236 288
117 149 190 254 292
114 150 208 241 280
112 174 220 257 293
114 170 193 231 289
117 177 217 224 267
103 175 204 227 269
126 171 211 237 271
117 171 217 238 289
137 161 195 235 271
102 141 208 254 264
106 155 212 247 282
115 146 205 260 285
119 148 182 244 280
136 176 214 243 300
127 170 205 243 295
104 167 180 231 292
131 174 205 238 264
131 147 184 227 266
133 162 204 254 278
117 153 216 251 284
113 150 182 247 264
127 180 193 248 273
102 142 192 227 285
136 151 183 231 269
137 143 196 251 300
106 165 203 260 265
120 172 194 253 262
135 145 184 259 269
105 162 213 229 265
100 168 213 240 264
131 155 218 258 294
127 144 219 259 282
130 142 202 245 289
140 179 195 231 264
111 150 198 221 260
130 173 205 226 287
128 159 202 257 293
138 159 207 226 264
119 143 187 247 293
127 145 214 254 278
130 155 184 243 286
109 145 184 233 283
100 163 192 253 275
100 152 191 224 260
110 145 219 227 278
134 146 216 250 286
125 144 211 230 287
136 164 203 250 279
116 160 184 230 271
124 155 193 247 297
103 146 186 237 283
108 156 216 228 286
107 160 181 240 288
110 170 200 246 263
136 178 220 259 285
112 148 204 255 292
127 158 208 224 277
106 154 203 254 271
133 151 219 259 261
108 161 195 235 294
113 140 199 230 265
106 164 201 227 269
100 146 212 221 281
113 162 210 254 285
133 159 183 250 265
120 145 198 258 265
104 172 183 228 281
108 174 186 260 289
110 174 194 253 269
111 175 181 237 266
100 167 184 259 296
112 177 199 255 268
107 170 209 228 262
115 159 185 259 265
124 160 182 258 276
109 161 207 220 283
103 141 210 239 284
134 146 197 255 286
104 145 211 237 289
123 154 211 243 267
130 145 203 237 277
104 148 216 232 300
104 160 195 258 277
123 140 200 240 300
138 178 181 256 294
106 165 209 245 300
116 159 196 220 280
114 150 213 251 262
111 174 206 247 281
130 157 197 232 286
140 178 192 249 270
105 147 210 239 265
112 165 218 259 267
125 167 182 247 282
110 154 192 240 292
113 174 190 246 272
116 141 204 235 260
136 170 186 247 293
129 178 193 259 274
137 166 214 251 284
128 167 218 252 264
101 160 181 244 284
120 142 190 227 287
131 172 189 242 288
112 149 205 228 268
100 179 195 223 260
104 165 181 239 296
114 142 219 250 269
138 173 201 241 261
121 152 217 232 290
134 180 209 230 265
103 177 201 226 268
111 142 195 240 263
120 175 187 249 286
116 162 197 260 282
105 163 218 231 273
104 177 182 221 270
112 178 213 237 263
120 180 213 226 274
118 170 198 259 260
128 177 199 241 280
130 143 199 232 293
112 149 192 223 273
134 168 210 221 274
125 179 216 248 286
122 158 217 250 279
108 178 199 256 271
104 179 193 239 295
105 142 194 236 289
122 173 183 230 262
112 141 198 251 282
135 157 212 243 300
102 140 217 229 293
126 147 180 221 289
135 156 204 256 261
137 174 206 220 287
104 175 186 246 262
104 171 217 239 284
133 142 206 257 278
128 145 201 242 277
132 147 192 223 287
118 169 195 243 264
106 172 180 226 295
131 146 193 254 288
105 162 207 229 265
102 159 210 244 268
104 169 194 252 287
2395 3224 3620 4160 5294
1201 1586 2312 2796 2972
4496 6974 7730 9578 11930
4681 5366 7922 8354 10730
2576 3258 4226 5238 6360
4353 6088 6904 8502 9760
4489 5612 6734 8417 9011
4969 5906 7490 8282 10514
5377 7520 8654 10040 11762
4565 6047 7490 9011 11078
4552 5922 7550 9511 10362
2564 3068 4328 5462 5735
5402 5642 7202 8922 12002
1766 2004 2704 3264 3908
2575 3896 4600 5700 6052
4456 5182 7229 8252 9506
1333 1773 2081 2444 3049
3032 5012 6212 6812 8162
1311 1553 1982 2741 3060
2341 3322 4402 5102 5322
3530 4146 5434 7114 8094
5936 6488 10122 10996 13296
5169 5930 7526 9692 10946
1598 2116 2802 3348 4146
3096 4370 5462 5878 6944
1837 2936 3620 4322 5330
4877 6125 7334 9167 10142
3053 3809 4970 6212 7535
4538 5882 8570 9242 12560
1162 1492 1872 2462 2912
5052 7202 9502 12252 14052
1588 2043 2667 3226 3655
2992 4162 4838 6112 7568
4237 5952 6442 8262 9417
6519 7156 8871 12252 13330
2355 3742 4424 5546 6206
2552 3502 5277 5527 7427
1475 1563 2367 2741 3258
6402 7152 9452 11102 13202
2914 4118 5154 6834 7618
4386 4642 6370 8322 9154
1222 1762 2012 2302 2712
1355 1652 2169 2532 3071
2075 3028 3640 4048 4694
6396 7914 8650 11410 12652
2331 2909 3351 4388 4490
5313 7710 8885 10483 13303
1382 1432 2192 2352 2702
5581 6842 8867 11342 13457
2586 3137 3802 4220 5455
3225 4422 5436 6450 7360
4258 5480 6536 8549 9770
4402 7002 8162 9762 10602
4867 5847 6862 7702 9102
4721 7202 8322 9922 11962
5852 7552 9802 11552 14352
1991 2926 3691 3963 4626
4225 6439 9022 9186 11195
1783 2212 2524 3083 3590
2738 3820 4947 5798 6120
4552 5427 7562 8192 9767
2018 2850 3314 3714 4434
2462 2942 3802 4662 5602
1956 3011 3674 3861 4779
1809 1978 2602 3057 3798
2049 2722 3282 3842 4770
1082 1522 2162 2322 2772
4664 6625 6884 8623 10251
1952 2192 3287 3497 3962
2108 2558 3350 3980 5114
4236 6302 6757 8927 9837
2836 4188 5228 5852 7464
1622 1898 2330 2978 3278
2626 4227 5077 6377 6877
5581 8057 9092 11387 13412
4258 5218 5890 8034 8930
4448 6538 7488 8552 10072
6301 8802 9152 12252 14652
2627 4077 4852 5702 6652
5504 6008 8108 10208 12098
2396 3098 3458 4196 4682
6396 7546 8466 11088 13388
5568 7178 8512 10812 13204
4984 7428 9637 10483 12316
5802 7452 10102 12402 13102
5522 6402 7442 9162 10722
2586 3232 3802 4600 5341
4291 6710 7529 10025 11468
1315 1926 2693 3343 3681
3772 4381 6237 7107 7542
4142 5798 7454 8390 9866
5854 6514 8186 9902 12146
5086 6193 8858 9063 11318
1298 2042 2630 2942 3158
3333 4902 5658 6414 8206
3130 3636 4464 5315 6189
3081 3455 4578 5326 6580
3782 4482 5826 6414 7422
4057 6827 8309 10064 10454
1838 3224 3908 4142 4808
2049 2434 3410 4018 4546
5152 8452 9602 11302 14552
3122 4772 5912 7262 8462
3849 6218 8142 9548 10954
5490 7401 9704 12301 13918
1388 1773 2411 2521 3038
4951 7401 9508 12252 13428
4167 4902 6862 8682 10187
5208 6006 7298 8514 11060
2324 3843 4510 5913 6557
1586 1814 2378 2666 3350
2102 3122 4342 4822 5662
5764 7699 8086 10752 11182
4402 7130 8450 10342 12014
1765 2480 2732 3642 3712
1741 2357 3287 3782 4067
2417 3320 4160 5399 5798
4225 4866 6082 8322 9538
2606 3446 4433 4874 5945
5722 6338 9066 10254 11750
3226 4396 4994 6060 7282
5942 7877 8282 11567 11747
3134 4236 5512 6904 7571
6802 8502 9452 11052 13402
5503 7100 9158 10628 11258
4997 6932 8372 10217 13277
6386 7634 10562 10994 12578
4840 6234 7382 10457 10908
1514 2130 2900 3362 3852
2268 3522 4578 5348 6250
6395 7729 9616 11502 13158
3212 4832 5732 6602 8552
3512 4106 4916 6050 7400
4061 5909 6767 7460 8780
5537 7054 7669 10416 10662
3662 4652 5732 7412 8882
2245 3896 4314 5612 6404
3642 4902 6407 7947 9802
1302 1542 1922 2522 2862
1666 2594 3042 3842 4242
3084 3728 4349 5499 6419
2992 3751 4947 5338 6534
1454 2138 2486 2894 3158
2144 2569 3674 3912 4439
2702 3777 5077 5902 6652
5205 7441 8129 9548 11784
4694 4932 6802 8128 10168
1351 1722 1972 2442 3002
1598 2116 2802 3460 3782
2162 3162 4022 4962 5662
4657 5742 7212 7807 10117
2290 3104 4600 4864 6338
5447 7337 9092 10982 12647
1584 2214 2662 3278 3670
2816 3194 3992 4979 5882
4933 5366 7922 8426 10478
3490 5026 6274 7778 8834
4409 5930 8324 9806 11098
2110 2807 3487 3810 4558
4592 5816 6122 8060 9726
1289 1586 2092 2697 2862
6028 7646 10586 12056 13722
2287 3134 3746 4412 4862
2662 2982 4182 5082 5402
4334 6614 6994 8552 10414
1302 1512 1802 2322 2772
2714 3962 4682 5930 6578
5016 6626 8374 11088 13112
2098 2482 2930 3890 4402
2582 3022 4042 4542 5362
6352 7502 9852 12952 13402
2466 3566 4006 5106 5744
2690 2963 4622 4895 6050
3329 3824 5566 6502 7438
3939 4807 5799 7442 8899
3290 3674 4610 6194 6386
5521 7202 8362 9362 10962
3817 5762 7634 8570 10586
4447 5217 6442 8612 10117
2522 3257 3887 5105 6134
3433 5282 7064 8549 9638
6225 6862 10292 12154 14555
1497 1991 2784 3031 3512
1527 2438 3054 3376 3810
2042 2842 3842 4902 5662
1513 1982 2402 3074 3578
3015 3774 4556 5338 6695
6421 7646 10047 11419 13918
4002 5682 7242 9642 11122
5689 6676 9120 10718 13726
3887 5497 7247 8997 9102
1301 1991 2810 3369 3629
4625 5714 6258 8740 9896
3660 4714 6388 7411 9054
2282 2962 4362 4842 5362
6205 7991 10295 11658 13632
1778 2386 2946 3698 4706
4921 7177 7874 10334 11482
4481 5951 7527 8997 10117
4622 5322 6512 8892 10082
2426 3554 4826 5906 7010
3912 5272 7074 7550 9896
1584 1976 2578 3446 4062
6715 7940 9116 11958 13918
1226 1826 2642 2798 3494
5980 7989 8920 10831 13281
2246 3170 4028 5524 6118
6323 8234 10096 11027 12742
4962 7300 8079 9309 12138
3558 4090 5854 6386 8038
3098 3362 5114 5858 7154
6578 7922 9842 10850 13394
5941 7394 8142 11398 13026
3308 4236 5338 6556 8673
4516 7183 9290 9935 12644
6752 7052 10602 12352 13152
1052 1512 2142 2362 2682
1092 1442 1852 2562 2842
2546 3914 4754 5378 7178
6112 7381 8556 12175 13115
5337 7362 8650 11732 13618
2333 3962 4028 5282 6580
3098 3794 5162 5786 6482
3148 4656 4812 6476 7074
2858 4538 5126 6442 8234
2242 3022 3982 4922 5782
3926 6338 6482 8174 10658
1092 1622 1822 2602 2722
5762 8354 9746 11282 12770
2054 3384 3745 4201 5208
2605 3156 3536 4562 5664
2107 3242 3836 4178 5096
4702 6958 9496 10389 13397
5154 8282 8926 10398 13066
2108 2594 3530 4556 4790
4720 6203 7919 10142 11234
4994 7010 9026 12338 13922
1855 2739 3181 4320 4422
5762 7394 9794 11954 13346
4682 7877 8552 10532 12647
3027 4402 5027 5752 7152
1475 1685 2257 2818 3104
5086 7697 8957 10982 12827
3102 4502 4627 5677 7502
3747 5252 6617 8402 9837
5384 5735 7061 9986 10922
2093 2399 3555 3946 4473
4000 5179 6388 7349 9178
4430 6767 8079 9965 11031
5642 6958 9496 12034 13209
2482 2862 3602 5182 5802
1610 2066 2246 2726 3374
5537 6482 9137 11027 13322
4717 7300 7505 10129 11072
3362 4006 6106 7254 7478
4602 7730 9064 10352 13802
3878 6576 7716 8476 10376
4797 5707 7247 8297 9207
2642 3914 4730 5282 6578
4924 7684 9018 10306 13158
4874 7478 7898 9494 11636
6581 7992 9355 10953 13679
6065 7616 9684 11000 13350
4748 6470 8234 10880 11720
1601 1874 2719 2901 3733
1652 2252 3017 3737 4127
3586 5186 5858 7842 8642
1542 1674 2004 2697 3225
3084 3268 4671 5982 6120
5590 6602 7966 10342 11750
2802 4286 5126 6442 8346
4558 5102 6462 7924 8910
4772 6662 9227 10982 12962
3932 4802 6512 6842 7952
1612 2200 2676 3250 3894
1358 1922 2210 2642 3350
4994 6242 7022 9752 10961
2018 2576 3800 4538 5078
4132 5287 7177 8752 9452
5290 7176 9022 10129 11810
1646 1694 2498 3062 3182
1168 1652 2389 2477 2873
2802 4762 6162 6610 7562
5763 7570 8559 10537 12644
1997 2177 2747 3497 4502
3538 3954 5332 6138 7360
5252 8302 9802 11452 14052
5660 7684 8512 11272 12330
4722 6962 8322 8882 10802
4136 6047 8075 9947 10649
2816 3362 4034 5126 5924
6242 7298 8978 11426 12578
4125 5396 5644 7008 9302
5228 6476 7451 9089 10805
2485 3224 3602 4412 5330
2666 4274 4754 5282 7106
3887 5462 7492 8857 9102
5807 6932 8867 10577 13187
5830 6770 9825 10953 13256
4924 6764 8374 10122 12560
4757 6439 8284 10498 12097
4689 6409 8860 10236 12042
6764 7058 9704 11370 13673
2686 3522 4468 5612 5766
2234 3044 3278 4304 5096
5474 7154 10034 12338 12818
2402 3582 3602 4642 5202
4184 6603 8981 9104 11072
4124 5489 6605 7659 8899
5194 7130 8802 10078 11706
3319 4435 6667 7194 8248
4610 5942 7310 8714 9578
6299 8462 9496 12222 12645
2618 3458 5258 6170 6266
1821 2722 3470 4167 4660
2758 4318 5280 6502 7100
4132 4902 7457 8682 9907
3257 4621 5644 8031 8341
5672 6797 9092 11027 12242
6073 7878 8494 11090 12146
4422 5408 6734 8366 9420
1344 1663 2114 2796 2950
3018 4120 5918 7397 7658
3906 4994 6114 7906 8418
1982 2648 3422 4160 5330
4167 5357 6722 8577 9347
1752 2467 3674 4405 5034
3402 4302 4777 6377 6627
2690 3914 4802 5810 6530
3697 4706 5658 6834 7898
5882 5966 8402 9536 12518
2356 3456 4402 5282 5986
3763 5843 6899 8219 9473
2617 4178 4994 5906 7202
3730 4655 6866 8516 9803
2992 3222 4234 5775 6580
2228 2984 4076 4685 6176
6211 7914 9846 11042 12790
2338 3042 3840 4923 5417
4486 6158 8096 9160 10528
6176 7597 10684 12350 13036
2809 4484 5537 6509 7913
4861 7877 8282 11702 12872
2126 2738 3944 4340 5078
5161 7054 9333 10279 12644
1996 2192 3302 3842 4172
3002 3362 4706 5666 6746
5482 6122 8162 8922 10402
1549 2160 2550 3083 3408
2929 4250 5282 5642 6410
2160 2960 3572 3878 5051
1531 2627 3167 3407 4457
2502 4077 5327 5952 6952
5006 5510 6698 8426 10586
5700 6643 8448 10662 11769
2102 3068 3866 5273 5882
4348 6767 8571 9063 11728
1850 2200 2606 3362 3894
6052 8352 9502 12002 13002
3607 5042 7492 8892 9417
3992 5816 6842 9046 9920
5081 6242 8562 9842 11402
3776 5256 7772 8142 10029
4961 6962 8202 9162 11882
3890 5438 6806 8246 9434
1152 1552 1932 2352 2752
2966 4656 5722 5904 6918
1333 1828 1993 2829 3203
4130 5378 6178 8290 8386
4422 5850 6394 8570 8910
3194 4034 5518 7142 8122
2837 3005 4475 5252 5609
4322 5654 7850 8858 9398
4423 5414 6404 8219 9902
4342 4869 5892 7256 8279
5686 6911 9263 10831 13820
2149 2947 3916 4790 4961
1454 1685 2411 2510 3104
2207 3488 4307 5063 5966
1272 1572 1942 2282 2722
4487 6047 8231 9752 10337
2601 4050 4257 5062 6511
1072 1782 1822 2392 2712
2627 3677 4097 5084 5777
2927 3552 4852 6102 6502
2501 3602 3882 5162 6002
2109 2705 3419 4269 5034
6701 8051 10852 11852 15002
1550 2102 2546 2714 3242
4740 8190 9018 10950 12284
1744 2134 2420 3226 3642
3194 5303 6605 7504 8992
6225 7107 9998 12056 14653
1361 1642 2122 2492 2852
2722 3362 3742 4482 5302
3265 5666 6946 7874 9058
2145 2818 3378 4114 4322
4418 4514 6402 7202 9570
1836 2424 2900 3376 3782
4321 7202 7762 10042 11722
5706 6626 8374 10122 13480
3980 5170 6632 7482 9828
3426 4962 6978 7074 8642
3266 4802 6370 7906 8482
1952 2492 2732 3617 4142
1535 2121 2719 3369 3564
3234 5378 6402 8066 8738
4388 5000 6598 7958 10134
1940 2450 3368 4116 4694
2021 3482 3662 5202 5942
1541 1861 2004 2807 3214
1646 2090 2558 2810 3242
1430 2032 2634 3152 3754
2360 2720 3890 4538 4808
6028 7040 8420 11364 13112
1701 2603 3504 4303 5051
4181 6234 8096 9388 10452
2098 2706 2914 4082 4178
1489 2150 2378 2906 3410
1622 1754 2162 2678 3146
3306 4678 6162 6582 7366
3569 4236 6237 7020 7832
5210 6932 8150 10376 11804
2774 3126 4028 5150 6536
3436 5102 6122 7550 9556
3567 5489 6264 7101 8868
2972 3148 4138 5634 6074
1332 1828 2378 2862 3060
1497 1960 2103 2796 3159
3752 5342 5792 7232 8402
2108 2792 3494 4142 4736
2548 2947 3897 4771 5360
1742 2657 2852 3317 4487
2058 2824 3504 4405 4558
2926 3902 5302 6377 7077
5321 7002 8682 9762 10722
2114 2818 3138 3650 4642
3098 3578 5042 5282 6938
2348 3544 4326 5867 6879
3252 3827 4902 6152 7327
6350 7592 9708 10950 12330
1352 1772 1852 2312 2602
2381 2960 3589 3776 4949
1597 1873 2594 2966 3506
1681 2042 2546 2714 3506
3961 5690 7310 9326 10046
2378 3236 4160 4864 6338
3537 6022 6827 8892 9627
2564 2963 4370 5168 6197
4553 6890 8325 9022 11605
1501 2147 3197 3782 4397
4799 6316 7874 10129 11195
3401 5480 6800 7592 9737
3676 5882 7247 9102 10082
5052 8552 9702 11902 13052
2585 2984 4349 4748 5483
1654 2256 2802 3558 3838
3098 4082 4850 5666 6650
5105 7438 9286 10562 12322
4367 6218 7365 8660 11065
5979 6495 8430 10795 11569
4431 7226 8387 9548 11354
1837 2926 3402 4286 5034
3418 3950 6134 6414 8374
3954 6120 7374 9502 9920
5131 6196 7830 9502 10490
2402 2802 4022 4742 5802
2830 4706 5210 6694 7338
1241 1722 1992 2442 2992
4214 6302 6914 8786 9794
3368 5282 6701 7394 8945
3458 4511 4943 6536 7157
4257 5996 7883 8438 10103
5150 6788 7841 8699 11273
4502 8012 9767 10757 11792
4721 6866 7763 9167 10337
1997 3080 3859 4638 5113
4890 8321 8838 10389 13538
1541 1883 2169 2796 3181
2440 3429 4924 5430 6810
3349 4565 5726 6266 7994
2129 3365 4087 4695 5474
3038 3104 4292 5106 6052
5751 8102 10852 12602 14552
1658 1706 2234 2894 3590
3130 3797 4188 5637 6879
2532 3456 4798 5282 5744
1420 1619 2213 2741 3291
4727 4937 6722 8507 10467
3098 4322 4466 6074 6266
3572 5112 7632 8472 10187
2835 3928 5462 6658 7412
4032 4993 6791 7132 8651
3970 5122 5826 7810 8546
5545 7878 9066 10650 12674
3632 5252 5822 6872 8162
2394 3636 4303 5384 6856
2097 2850 2930 3954 4674
1478 1922 2354 2666 3194
2186 3089 3929 4895 6239
4244 6050 8654 9536 11090
2432 2954 3494 4412 5204
1487 1927 1982 2818 2950
4285 6194 7310 8462 10370
1562 1939 2602 3252 3811
5458 7174 9594 9902 11794
5985 7570 9374 9814 13158
5202 8902 9052 11702 14902
2222 3222 4142 4982 5502
4832 6764 9200 10166 11258
1802 2342 2792 3752 4382
6065 7898 9214 11094 13726
1274 1718 2258 3098 3218
2036 3098 3422 4070 5294
2782 3342 3602 4682 5962
1333 1784 2202 2752 2928
2521 2942 4517 5336 6113
5292 7822 9800 10628 12008
1996 2795 4182 4733 5417
4394 6410 6626 8102 10766
2950 3170 4226 5458 6250
3698 5018 6404 7526 8681
2161 3011 3062 3963 4881
4096 6232 7527 8542 10292
3484 4700 5510 6239 7913
1697 2612 3152 3377 4247
3016 3500 4358 5502 6052
4094 4652 6295 7380 8930
3969 5210 6698 7380 9178
4717 7095 7628 9596 12097
2224 3192 4182 5282 6492
3536 5148 5954 6946 8124
4022 4682 5402 6692 8582
2242 2306 2946 3618 4258
5882 8332 10096 11517 12791
5334 6495 7957 9462 11956
1289 1784 2114 2554 3214
1380 2147 2537 3226 3460
3601 4892 6122 7772 8402
5701 7177 7710 9514 11154
4386 5698 7010 7202 8674
3334 4090 5966 6386 7758
3027 3552 4877 5752 6627
4162 6362 7802 9882 11362
2331 2875 3113 4167 4490
1454 1960 2378 2422 3027
5678 6602 8670 10738 12454
3026 4622 5714 6470 7562
1457 2121 2771 3382 3694
1592 2387 2792 3347 3902
4990 7527 8172 10322 12343
3326 4051 5352 6327 7477
3163 4294 5686 7136 8325
4372 5588 7108 9654 10794
1934 2004 2830 3390 4118
1135 1960 2180 2598 3049
3902 4532 6032 6662 7922
3026 3950 6022 6162 7618
5384 6593 8114 9596 10181
4758 6972 7874 10211 11318
3572 6057 6862 8787 9312
1172 1462 2082 2512 2832
2752 3478 4314 4996 5964
5087 6572 8237 10397 12287
2261 3562 4402 5142 5422
2864 4565 5267 6968 7265
2663 3434 4622 5722 6008
2837 4673 5294 5942 7778
2755 4052 5645 6698 7940
1836 1976 2816 3460 4160
3242 4268 5213 5996 8075
4030 5398 8020 9426 10756
3598 4555 5309 7136 8035
3402 3902 4702 6427 7102
2952 3577 5002 6252 7227
3916 4990 6005 7194 8354
4220 5512 7526 9768 10984
3992 4682 5462 7742 8792
2034 2370 3330 4066 4210
4391 5348 6470 7988 9671
4837 6866 7763 9713 11468
3866 4818 5714 6190 7310
3924 5552 7550 9474 9622
1113 1729 2422 2653 2895
2202 3062 4182 4542 5822
3226 4500 4708 6164 7308
2182 3342 3882 4802 5802
4881 6882 8522 9802 11402
1001 1662 1962 2482 2892
2452 3137 3612 4942 5512
3962 4502 6062 6812 9002
3714 4555 5512 7542 7687
2993 3719 4842 5414 6294
4327 7562 7772 10460 12476
2212 2620 3589 3827 4439
3290 3554 5018 5450 6338
1890 2306 3106 3970 4210
2994 3434 4688 5392 5898
3222 4650 5658 6834 7982
2062 3262 3682 5202 5422
2570 3578 4754 6074 7130
2776 3702 5502 6427 7352
1978 3384 3650 4543 5322
1322 1718 2270 2666 3386
3160 4106 5807 6752 7643
4019 6866 7529 9245 10727
2066 2242 3442 3538 4306
2801 4566 5490 7030 8178
2522 3446 4181 4664 5630
4902 7401 10194 11517 13526
3182 4532 6092 7172 8462
2585 3572 3782 5231 6197
1922 2297 2717 3572 4307
4802 6362 8042 8842 10482
3047 4787 5512 7339 8267
3902 4862 5972 6692 7862
1801 3170 3656 4340 5024
5209 5783 7628 10498 11892
4030 6386 8172 8856 9882
2017 2546 3298 3954 4642
3334 4006 5490 6190 8234
2396 2700 3650 4733 5151
4754 5042 6878 8102 9866
3037 3411 4710 5326 6602
3002 4262 5852 7652 7922
3674 5578 6802 8332 9454
3482 4982 6062 7712 7832
2061 3162 4302 5102 5642
4947 6624 8645 9462 11354
1651 2612 3182 3887 4082
1614 1991 2641 3044 3902
5282 6642 7522 9962 11202
4877 5657 7763 9986 11351
4873 7562 7688 10544 12434
2577 4004 4165 5798 6741
4490 7086 8274 9858 11970
1991 2926 3538 3895 4864
6074 7822 8650 11410 12422
4866 6082 7184 9046 10908
4225 5345 6882 8162 9538
2945 3935 4211 5798 6764
4455 4761 7414 8638 9930
1201 2138 2414 3026 3434
3700 3944 5807 6941 7508
4387 5748 7210 8706 9318
1901 3403 3745 4353 5664
2627 3656 4349 4811 5483
3212 5102 6362 6782 8402
1392 1532 2152 2292 2702
2289 3368 4688 5546 6382
3992 5930 7450 9350 11136
2144 3173 4034 4664 5903
5125 6629 9167 11094 13867
3730 5744 6338 8417 9803
6902 8602 9952 11402 13552
5545 7746 8406 10826 13114
3329 4682 5176 6658 7256
3843 5612 7210 8536 10202
5522 7914 8972 10214 12744
4681 7697 9902 10352 13142
2093 3011 3079 3929 5051
4162 6762 8122 10082 10642
1302 1752 1812 2392 2862
3390 4342 5238 6694 7562
3931 5042 5972 7472 8852
5420 7142 7772 10334 11720
1302 1900 2498 3226 3382
5084 6176 8612 9536 12350
2058 2773 3691 4303 4915
2130 2882 3138 3650 4306
4885 7262 9198 11310 13202
1421 1630 2290 2730 3038
4341 5217 7247 8717 10292
5282 7130 9638 10342 11530
3922 6267 6687 8892 9102
2882 3962 4994 5306 7130
2439 3958 4395 5752 6626
5568 6580 9202 11272 12422
4907 7742 8417 10442 11837
4524 6088 6530 8672 8842
1681 2357 3227 3677 4382
1940 2700 4049 4600 5550
1855 2518 3708 4082 4473
2739 3912 4211 5154 6833
1618 2802 2946 3890 4226
2498 4322 4394 5450 7082
4646 6796 8516 9548 11870
1634 1886 2246 3062 3326
1626 2130 2578 3194 3908
6162 6162 9022 9946 12322
4182 6366 7624 9363 10177
3053 4025 5024 6779 7130
5763 6237 9376 10408 12687
1757 1978 2849 2940 3512
1542 1542 2004 2466 3060
3887 5219 6847 9511 10621
1961 2508 2872 3320 3992
3176 3245 4372 5453 6649
4861 6581 7785 10924 11268
3134 4526 6150 7542 7745
4716 6931 7915 10457 12302
4330 5552 7735 9178 10769
5372 6070 8817 10211 11769
4496 6008 8234 9956 11510
1640 2298 2536 3222 4062
2426 3434 4874 5666 7130
4994 6866 9986 10802 12626
5762 7346 10322 11378 12578
4843 7898 10248 10342 12363
3801 4120 5715 6672 7803
1031 1782 2152 2452 2882
3606 5272 6768 7754 9454
1634 2322 2978 4066 4434
5041 8546 9698 10562 14402
2312 3654 4138 5238 6316
4259 4688 6503 7757 8912
1273 1922 2594 3038 3506
4904 7613 8903 10021 11999
4832 6554 8570 10880 11132
4959 5922 7106 9511 11102
5108 7776 9570 10398 12974
4994 7682 10274 11186 12626
1517 2357 3152 3317 4052
5291 6194 8989 9591 11225
1891 2417 2807 3797 4487
6176 8038 9214 11664 12742
4726 7247 9047 11567 12872
2228 2926 3402 4303 4966
4648 7270 8834 11134 13480
3098 3458 5114 6218 6338
3533 4688 5942 8450 9374
4033 4062 5483 7020 8209
1639 2438 3026 3250 3950
2110 2807 3113 3878 4609
6112 8180 9825 10906 12739
5302 8852 9152 12002 14302
5810 6250 9022 10738 12058
4368 6366 7143 9178 10399
3016 3500 4182 5238 6338
4141 6302 7670 8894 9938
6022 6323 9032 9677 11483
1274 1766 2342 3086 3254
1846 2567 2942 3512 4472
2474 3914 4922 5426 6746
3714 4674 5858 7170 9186
2708 3610 4468 5326 6206
2007 3011 3674 4099 5068
2071 2552 3047 3407 4427
5172 6676 9919 10436 13773
4411 6021 7457 8822 10397
5736 7240 9778 11611 12833
6751 8951 10652 12152 14602
3922 5217 6512 7702 9977
1890 2674 3106 3586 4610
3451 4402 5352 5902 6802
4342 6057 6722 8227 9417
1742 2522 3227 3452 4112
4097 7022 7958 9479 10337
5209 5947 7464 9801 10867
5854 6954 9462 9814 11882
4974 7350 8054 9858 11662
4062 5303 6791 7070 8682
5281 6081 8242 10362 11842
2101 2702 3122 3527 4067
3590 3642 4994 6164 6840
5108 5626 7180 8438 10843
4034 5654 6482 9218 9722
1832 2177 3197 3782 4007
4502 6050 6842 7994 9362
6303 7408 9754 11364 12928
4950 8332 9508 12497 14212
2314 3062 3249 3963 4813
3616 4552 4708 6398 7230
5245 7254 8822 12203 14457
2510 2719 3821 4676 5455
4934 5222 6626 8462 10694
3338 3530 4802 5378 6458
4970 7546 9754 10720 12238
5082 6162 8642 9282 11162
1062 1472 2032 2212 2612
3781 4622 5966 6890 7814
2942 3488 3950 5252 5651
5953 8402 9794 11330 13634
1945 3188 3872 4610 5186
5041 7122 8202 10122 11482
1245 1850 2158 2785 3049
3047 4178 5425 7223 8615
3906 5474 6306 7330 8642
5041 8114 9986 11234 14306
4194 4674 6114 7970 9314
2662 2862 4322 4862 5602
4345 6409 7742 9849 11741
4081 6122 7414 7856 9488
6176 8283 9018 11664 13526
5953 7634 9314 12434 13826
5752 7602 9252 11602 14152
5588 6890 8612 9662 11636
6902 7352 10102 12252 13702
1991 2569 3079 4048 4422
3138 4034 5602 6470 7674
2348 3245 4211 5913 6649
4817 7337 9002 10937 12017
3890 5114 6698 8390 9794
1906 2671 3079 4337 4915
1682 2060 2564 3124 3992
4192 5743 7130 8318 9638
5042 6680 8024 10376 12434
4577 7834 9638 10254 12586
2034 2434 2962 3826 4754
3277 4027 4802 6352 7102
1124 1784 2411 2697 2895
2618 3962 4586 5498 6242
3500 5051 6173 7691 9506
2953 4010 5234 6098 6770
5205 6194 9419 9978 11741
3961 5811 8105 8919 9659
5084 7184 8444 10376 11258
1346 1922 2234 2930 3362
2042 3402 4322 4742 5422
5634 6998 8318 10386 12718
4604 5891 8309 9986 10142
4224 7095 8571 9514 12056
1682 1898 2294 3074 3314
2666 3530 4418 5546 6434
4592 7832 9362 11252 11837
3802 6348 7298 8514 11212
5306 6281 7334 9791 10532
1340 2225 2498 3343 3720
3590 3824 4734 6398 7464
2585 3593 3845 5252 6050
4496 6302 7688 9368 11762
2992 3720 5436 6294 7074
4517 7011 8903 10279 12257
1232 1442 2002 2402 2762
3618 5282 6178 7810 8770
2498 4178 4994 5426 6794
2727 4127 4627 5552 7452
1401 1531 2172 2482 2972
1223 1707 2323 2763 2983
5854 6294 9374 10870 12190
2371 3406 4326 5522 6764
2758 3720 5020 6034 7412
5336 6386 7772 9704 11594
4997 6070 7402 8919 10251
3890 5582 7670 8930 9866
1401 1802 1902 2552 2782
5833 7597 10635 10978 13477
5935 8282 9524 11594 12422
1959 2909 3745 4657 5170
5205 6796 8129 9892 12300
3566 4646 4889 6185 7886
4934 5942 6590 7958 9758
4515 6292 7920 8734 10658
1757 2237 2852 3812 4382
5018 6602 9154 10606 12322
5377 8353 10562 12338 14066
3992 5952 6757 8087 10117
5852 8852 10852 11202 13352
3195 5427 6326 7039 8341
3026 4106 5066 5690 6506
3043 4448 5644 6190 7516
1920 2256 2732 3292 3796
4694 6488 9570 11686 12146
5196 7597 10390 12105 13820
4372 5550 7792 9882 10832
1430 1778 2186 2930 3362
1769 2289 2784 3161 3902
1779 2382 2872 3404 4132
2706 4344 4682 6008 7594
1312 1742 2052 2382 2642
3146 3530 4418 5450 6386
6252 7616 9590 11940 13068
5383 7040 9938 11548 13066
3957 5252 6372 8647 9242
5336 7562 8108 10418 11468
1940 2700 3650 4315 5417
6666 7401 8969 11321 13183
1783 1861 2550 3265 3902
2758 4292 5280 6762 6892
4202 6022 6792 8857 9172
3107 3337 4234 5959 6189
4412 6806 8948 9620 11132
1202 2018 2558 2882 3170
6420 7596 10684 12644 14408
5208 5906 8981 10621 11564
4942 5398 7678 9312 10984
4762 6088 6632 7856 8978
2000 2702 3566 3980 4682
2342 3116 3692 4070 5168
2689 3341 4244 5399 6155
4832 5567 7247 7912 9242
3096 3720 4864 6424 7620
2542 2902 4282 5082 5562
4162 4962 5890 7778 9154
4253 5657 7178 9089 11039
3302 5381 6338 8351 9077
2402 3650 4586 5378 6242
3522 4642 7010 7266 8898
2681 2922 4322 5002 5722
5502 6338 9286 10122 12630
5033 6070 7513 9252 10325
5570 7682 8834 11042 13010
2606 3257 4055 5189 6239
4843 6864 8744 11141 13303
3350 4838 6698 7070 8868
2142 3202 3622 4802 5762
2752 4252 5002 6152 6577
3401 4451 5502 6477 7127
3697 4886 6734 8417 9638
3050 3794 4994 5378 6650
1910 2774 3656 4574 4880
5721 6495 9419 11139 11225
1514 2256 2732 3292 4118
2149 2662 3783 4372 5037
2546 3938 4826 5450 6458
3002 4382 6362 6632 8432
4408 6320 8192 9908 11117
2795 3341 3845 5252 5567
2282 2757 3764 4904 5037
3226 5334 5675 7070 8713
3025 4874 5210 7282 8094
3742 5918 6598 8604 9148
1112 1752 1812 2372 2662
1201 2006 2210 3110 3554
5041 7967 8957 11477 12062
2035 3232 3973 4334 4980
2072 2864 3332 4664 4772
2730 3522 4006 5678 6074
4689 6925 8903 9462 12171
4637 6347 9452 10757 12782
2682 2922 3942 5102 5722
4474 6237 9075 10193 12429
5291 6624 9075 10451 11483
5202 5802 8122 9482 11082
1562 2222 3242 3482 4502
2082 3202 3902 5162 5542
3569 4062 5802 6962 8702
6211 8012 8147 11522 13232
2333 3632 4600 5392 6602
5222 7157 8822 9902 12602
2966 3902 5540 6528 6814
2998 4700 5564 6671 7589
3382 4084 5124 6034 7438
3922 4986 5378 6974 7562
2102 2942 4202 4782 5302
3249 4787 6324 7513 7745
3252 4344 4734 6424 7334
3632 5084 6338 7922 9638
3392 5222 5702 7382 8162
2670 3245 4694 5407 5982
3945 4932 5396 7165 8499
5290 7300 7915 10621 11236
3289 3985 5138 6026 6818
2561 3342 4362 5042 5282
1517 2402 2717 3662 4262
3842 4546 6082 7266 9186
4587 6022 6617 8472 10082
4594 6111 8407 9350 10990
3202 5730 6242 7138 8322
1354 2147 2355 3109 3850
5702 7102 10952 12502 13452
3176 3981 4625 5545 6005
4237 5322 7597 8122 10152
1744 2342 2719 2992 3447
3607 6197 7037 7912 9382
2777 3552 4877 6002 6577
2401 3502 3742 4982 5722
4293 5996 7291 9622 10436
4937 7663 10248 10859 12833
5202 8852 9102 11052 13502
5490 8724 10439 11615 12889
2042 3062 3623 3844 4660
3896 5612 6536 8549 8582
1793 2480 2788 3376 3922
3772 4149 5773 6730 8499
3810 5068 6530 7584 9284
6568 8234 10292 10831 13428
4751 6804 8210 9426 10870
4393 5690 7814 9002 10046
3997 6588 7365 9474 10029
3225 5551 5985 7411 9147
4937 6676 9120 11094 13585
4028 5711 6041 7592 8648
3362 4232 5942 7532 8462
1351 1571 2122 2432 3002
2654 3642 5644 5956 7620
3026 3530 4322 5306 6938
3917 4526 5918 7426 7571
2605 3308 3916 4182 5455
4890 8227 8744 11564 12316
2393 3935 4993 5499 6534
1598 1706 2474 3086 3338
4226 4787 6635 7988 9143
6074 6764 8834 10260 13204
5312 7607 8777 10937 11882
2864 4646 4862 6104 7967
4849 5404 7143 9400 10658
1892 2918 3728 4124 4772
4388 6839 9032 10494 11526
1977 3213 3688 4790 5455
