1000 10 5
9 56 160 76 155 90 108 52 100 102 88 0 45
5 44 142 126 100 64 195 94 111 149 181 0 22
5 85 143 46 117 125 143 189 138 110 51 0 24
3 125 42 171 165 75 185 112 137 67 192 0 12
8 91 92 152 132 139 129 96 106 105 55 0 40
5 92 79 43 98 173 171 192 89 123 153 0 22
4 76 125 64 181 71 198 111 197 181 74 0 20
8 96 77 182 151 55 101 65 175 184 95 0 39
3 86 99 145 150 194 90 147 113 194 182 0 11
7 106 167 99 174 192 43 199 101 129 194 0 35
6 97 112 44 43 81 190 133 64 170 164 0 29
5 146 86 114 111 101 107 156 43 40 189 0 25
10 67 49 159 192 199 139 192 169 111 106 0 49
3 93 121 121 84 180 124 165 49 85 121 0 14
4 185 50 131 46 71 125 135 102 56 60 0 16
9 193 113 88 123 105 154 154 83 64 124 0 45
6 59 69 66 154 125 159 79 149 46 62 0 30
10 173 109 84 76 46 144 173 172 122 199 0 46
7 109 53 46 60 162 117 81 62 160 107 0 34
3 119 48 98 133 106 104 118 175 165 133 0 12
8 68 121 119 68 99 67 120 86 177 147 0 40
5 86 187 173 112 130 107 157 146 109 125 0 24
3 103 50 142 68 68 57 145 92 162 105 0 12
5 60 131 55 190 42 77 176 144 177 108 0 21
6 96 114 127 165 170 92 140 145 161 113 0 26
5 53 145 69 191 64 113 103 89 184 84 0 23
6 117 121 84 178 152 193 88 77 198 82 0 26
6 157 124 145 191 74 48 67 164 155 69 0 29
3 169 60 95 158 179 141 136 40 81 50 0 12
10 99 156 180 138 111 117 110 163 193 56 0 50
7 191 118 169 81 105 129 118 148 151 142 0 32
4 59 196 159 120 147 43 160 135 97 119 0 18
8 77 171 99 96 99 76 153 197 48 79 0 40
10 63 167 122 199 90 46 127 51 199 198 0 49
2 119 64 147 103 80 84 83 143 149 79 0 10
8 119 140 128 52 90 161 142 193 161 52 0 38
4 128 116 150 53 43 151 99 171 106 175 0 20
7 146 62 135 193 60 79 166 137 149 135 0 32
5 109 95 58 136 131 109 168 179 53 169 0 21
3 58 79 94 119 198 40 175 76 193 57 0 13
3 157 183 77 105 93 175 191 78 167 137 0 12
7 113 141 67 155 101 53 176 198 68 88 0 34
8 91 131 111 138 144 137 135 183 103 115 0 38
9 107 196 46 100 179 134 104 71 114 199 0 42
4 160 104 115 197 120 127 151 73 121 189 0 20
10 98 94 163 175 157 175 92 187 190 129 0 49
10 57 172 117 187 153 50 155 187 155 47 0 47
6 67 197 79 176 60 58 145 162 111 46 0 30
3 98 66 84 49 131 155 62 189 115 84 0 15
7 178 189 140 175 43 127 189 122 155 144 0 31
4 98 107 57 60 136 51 64 95 131 117 0 17
6 107 64 64 147 161 82 187 161 176 185 0 29
9 81 156 140 87 106 76 84 109 69 191 0 45
6 200 143 154 177 168 56 128 76 127 199 0 27
7 149 134 147 119 139 77 126 86 95 128 0 34
10 76 109 46 62 89 179 72 155 147 47 0 47
9 63 193 173 185 174 166 47 154 161 178 0 43
5 87 48 109 111 139 44 95 47 117 94 0 21
7 41 182 90 169 78 64 61 85 57 123 0 35
3 186 128 80 96 160 188 91 131 178 83 0 13
10 127 181 64 149 111 197 153 72 149 135 0 48
3 63 140 74 132 103 152 196 97 185 95 0 15
7 67 58 59 123 169 100 63 68 166 92 0 35
10 51 69 185 193 111 124 60 123 103 147 0 47
10 71 138 55 54 79 195 74 194 83 180 0 47
5 162 175 118 136 113 194 155 76 90 119 0 25
9 59 157 143 41 159 122 159 192 156 180 0 41
5 129 156 110 136 133 149 196 128 107 59 0 21
8 145 95 132 117 165 194 68 52 120 113 0 36
8 51 125 155 62 108 106 157 171 103 80 0 37
4 48 141 40 123 153 142 95 88 172 161 0 16
2 184 100 46 88 119 157 181 85 157 147 0 10
6 49 196 192 123 146 82 181 133 50 127 0 30
4 97 180 173 138 86 93 131 120 133 58 0 20
8 86 115 119 133 132 161 91 54 101 63 0 38
9 118 80 168 55 183 88 79 80 163 68 0 41
8 178 165 70 72 43 156 192 161 104 61 0 40
7 60 131 125 74 192 55 160 147 153 141 0 32
9 163 68 113 183 140 52 188 193 74 182 0 45
4 189 179 107 52 115 103 93 163 106 188 0 17
4 88 197 101 58 129 54 131 118 133 191 0 20
6 129 133 135 122 129 177 81 105 195 48 0 29
5 180 86 86 194 85 99 184 52 48 89 0 21
6 150 155 127 169 180 150 130 156 181 66 0 28
8 118 87 75 73 144 195 46 75 84 104 0 40
3 142 82 149 117 153 126 77 182 55 189 0 15
7 136 77 102 185 123 54 102 173 106 113 0 35
7 87 132 179 198 82 62 101 88 117 155 0 35
9 92 151 90 187 166 197 69 129 133 119 0 42
6 77 152 142 78 84 73 125 183 137 182 0 26
3 122 101 116 114 170 156 193 180 59 45 0 11
7 69 123 155 112 127 145 76 166 107 47 0 34
10 182 170 132 146 82 60 133 68 64 177 0 48
4 183 77 163 63 94 75 74 88 178 177 0 16
6 198 60 172 78 120 99 187 156 45 91 0 29
3 138 180 171 118 140 41 81 193 173 91 0 12
10 52 137 81 157 98 141 95 164 86 124 0 50
4 122 84 53 173 91 81 130 185 57 95 0 17
6 154 47 115 57 125 156 119 157 103 74 0 29
10 97 106 108 48 78 199 186 65 50 102 0 50
6 154 155 196 86 171 177 74 66 117 194 0 29
3 125 119 110 110 76 103 162 100 133 193 0 14
5 182 54 56 44 193 63 185 126 46 168 0 25
7 181 120 99 87 178 60 63 140 117 132 0 31
4 62 159 116 109 60 110 173 95 60 75 0 17
6 88 199 52 108 66 145 44 168 61 103 0 27
10 123 171 86 135 175 149 72 120 92 137 0 50
6 146 191 98 74 179 177 167 163 45 54 0 29
10 66 64 155 120 104 79 78 106 44 110 0 47
5 165 186 93 197 83 94 103 79 150 52 0 25
7 108 92 163 137 169 50 123 130 117 105 0 33
3 149 94 129 115 184 86 169 74 162 174 0 13
4 119 133 76 85 63 91 66 151 107 171 0 16
6 62 190 42 109 104 165 54 129 47 123 0 29
9 98 54 125 84 128 105 118 90 198 132 0 41
3 75 80 95 46 120 162 69 131 90 54 0 12
10 192 60 123 69 88 118 42 162 82 42 0 46
10 101 76 153 105 98 156 55 163 143 194 0 47
5 167 89 185 127 165 175 91 50 87 117 0 22
6 194 136 80 74 129 66 167 180 145 125 0 29
9 186 187 133 54 43 196 114 94 150 131 0 42
8 83 53 179 84 95 69 199 195 64 72 0 38
4 54 79 104 136 171 47 143 163 195 43 0 18
3 157 96 187 56 60 175 191 194 82 125 0 12
10 173 176 148 98 194 198 117 161 66 112 0 49
7 171 130 103 121 154 55 155 96 161 69 0 34
4 75 139 184 133 142 135 131 143 143 77 0 16
3 181 49 60 191 186 137 189 70 152 104 0 12
10 199 151 132 189 167 193 78 195 156 186 0 50
4 164 180 87 132 176 65 194 84 50 179 0 18
7 62 175 137 127 143 119 150 180 64 53 0 34
4 193 146 125 52 77 128 185 109 74 143 0 17
4 171 110 81 192 159 41 82 116 144 87 0 19
8 130 53 48 52 54 179 52 190 199 179 0 36
5 136 167 108 56 78 168 189 123 63 40 0 21
5 107 96 70 170 92 59 145 112 196 122 0 25
8 117 103 114 179 66 114 63 115 176 80 0 38
10 141 159 158 195 68 168 72 112 87 112 0 47
10 103 72 162 44 145 44 172 159 134 98 0 46
5 163 92 88 141 54 64 42 46 60 141 0 23
10 189 136 124 191 168 70 127 56 196 56 0 50
9 40 171 167 48 165 71 153 93 89 185 0 43
6 159 187 159 109 98 102 177 61 131 110 0 27
4 45 149 123 52 175 42 165 87 62 42 0 20
7 164 95 113 71 142 42 174 126 139 82 0 34
8 100 160 75 85 113 193 131 54 199 68 0 36
7 113 72 134 73 107 130 133 151 92 52 0 35
3 78 125 83 45 104 162 49 140 50 115 0 14
4 132 125 85 57 69 127 101 111 195 64 0 18
4 149 157 155 150 76 57 60 190 136 125 0 16
6 147 56 156 136 101 139 150 154 164 80 0 26
6 185 178 57 84 90 155 113 92 88 127 0 26
8 129 169 162 168 73 137 154 193 82 188 0 39
5 82 106 126 180 46 187 77 168 191 161 0 23
8 140 76 57 67 138 66 87 176 190 147 0 39
9 109 198 71 59 175 194 90 114 91 84 0 42
5 66 182 79 64 80 181 128 191 91 128 0 25
4 164 158 122 122 110 124 174 155 75 117 0 16
7 175 61 66 90 151 171 80 56 93 157 0 33
2 194 174 105 54 78 131 140 43 171 41 0 10
6 84 94 173 106 197 159 193 65 117 68 0 30
10 90 149 183 46 80 124 129 183 82 187 0 49
4 94 133 44 163 64 179 185 56 123 117 0 18
8 54 170 85 58 165 66 59 57 89 111 0 40
6 148 129 100 159 111 87 165 150 56 147 0 27
9 86 111 157 174 114 184 54 186 88 143 0 45
3 157 99 198 53 125 182 154 116 151 149 0 15
4 135 194 117 149 150 138 60 70 139 106 0 16
7 188 74 61 49 200 169 140 184 126 80 0 35
10 102 105 107 161 145 106 59 161 42 95 0 49
7 41 93 57 110 198 154 164 86 57 126 0 34
3 158 156 79 52 72 132 143 108 107 87 0 15
4 52 158 140 180 72 95 50 62 161 54 0 16
9 174 161 54 107 66 117 114 133 183 138 0 44
10 79 93 195 180 176 76 68 58 137 56 0 47
9 195 163 168 116 52 195 98 176 128 196 0 43
4 194 187 114 115 123 129 102 91 70 96 0 18
9 53 177 157 54 192 157 190 100 89 127 0 45
10 52 152 149 52 88 157 161 55 62 90 0 49
5 56 162 189 139 123 101 141 61 119 96 0 24
6 191 57 82 193 64 154 96 190 117 107 0 30
7 158 155 138 187 129 200 82 180 145 50 0 31
9 128 60 143 52 189 198 125 125 62 116 0 45
6 143 72 111 87 101 91 145 122 78 139 0 30
5 70 65 134 182 95 59 78 185 74 193 0 25
5 139 60 192 160 163 71 156 66 65 79 0 22
8 128 92 65 171 125 181 50 47 122 193 0 36
5 118 50 165 196 153 90 154 73 197 80 0 24
4 111 195 86 181 134 88 149 64 60 50 0 17
6 139 195 151 165 133 68 96 120 48 126 0 30
3 161 65 78 175 54 64 176 161 68 152 0 12
5 171 103 65 151 61 119 168 105 148 147 0 24
10 100 196 167 131 136 165 157 68 123 145 0 46
6 132 74 122 148 123 168 188 136 140 185 0 27
10 152 73 189 131 85 126 173 181 178 165 0 49
4 88 171 63 116 191 63 197 79 83 113 0 16
6 185 84 169 195 71 101 71 56 148 146 0 29
8 69 141 56 150 195 123 147 58 105 50 0 38
9 114 124 150 131 180 95 66 52 143 91 0 45
4 171 99 60 195 89 106 195 98 135 141 0 19
6 173 173 135 134 101 41 194 103 58 188 0 30
10 128 64 82 82 177 163 61 74 195 103 0 46
5 181 118 169 137 185 108 113 44 133 161 0 21
7 67 187 79 118 74 59 155 102 48 111 0 34
2 113 181 178 147 103 162 163 120 90 63 0 10
10 172 49 170 198 119 139 159 171 48 58 0 47
10 163 171 127 86 163 98 108 50 117 42 0 47
4 181 94 184 161 106 71 91 95 147 177 0 19
10 130 127 171 122 113 84 62 95 156 186 0 48
3 92 84 188 51 98 59 96 145 173 122 0 11
8 135 199 105 67 135 56 91 88 79 132 0 36
9 64 72 105 85 141 131 93 164 66 94 0 45
10 107 182 176 103 84 61 192 72 192 105 0 48
7 133 113 161 61 131 52 189 66 136 167 0 35
3 102 196 145 50 81 110 42 143 43 94 0 15
3 181 90 106 199 58 43 67 125 158 155 0 13
7 101 136 186 85 61 76 187 123 187 103 0 35
10 196 62 69 96 120 84 103 145 59 103 0 48
7 121 66 198 163 119 147 122 74 186 66 0 32
3 142 139 147 132 90 126 69 88 154 93 0 15
9 81 46 97 199 63 169 56 111 79 160 0 44
3 49 160 47 159 44 58 179 176 190 177 0 12
7 79 134 164 61 96 78 188 187 119 107 0 32
6 124 164 116 164 75 62 98 121 91 93 0 30
6 64 75 99 47 149 113 77 128 100 74 0 29
2 90 159 77 47 80 63 113 77 73 56 0 10
4 70 82 181 117 99 81 162 151 86 68 0 17
9 74 195 104 159 141 200 161 40 185 107 0 44
9 145 60 101 101 147 196 185 131 195 190 0 43
7 55 135 64 114 126 137 51 122 124 136 0 35
8 155 46 113 70 161 79 178 82 49 81 0 38
10 197 65 43 99 74 93 59 185 69 187 0 49
3 169 98 123 96 58 103 152 91 161 84 0 11
7 104 75 100 123 169 193 106 51 98 129 0 32
7 73 113 99 89 163 148 134 160 60 57 0 33
3 107 135 115 113 53 178 48 129 123 199 0 15
9 50 111 103 168 90 107 175 99 194 115 0 45
9 128 145 135 104 169 153 81 71 130 43 0 41
3 126 112 161 178 145 130 175 99 191 155 0 11
3 61 72 145 167 130 130 107 162 66 151 0 13
5 137 161 130 126 130 58 171 141 86 43 0 21
3 117 169 152 140 60 176 100 164 100 179 0 12
4 92 141 166 162 117 140 151 199 68 186 0 18
3 117 150 137 156 47 114 44 127 135 104 0 12
4 62 175 62 146 75 113 42 126 73 54 0 20
8 69 49 77 86 148 174 84 79 118 154 0 40
5 90 149 125 174 192 125 130 119 72 104 0 25
8 176 92 77 72 198 116 97 175 112 178 0 40
8 58 107 47 188 78 119 167 60 87 81 0 38
4 119 132 149 154 155 56 194 64 99 165 0 16
9 168 105 96 100 102 76 183 159 53 158 0 43
9 48 171 109 122 155 180 164 83 47 171 0 42
3 138 89 150 93 121 89 42 128 195 60 0 15
9 150 158 174 99 123 111 187 60 120 116 0 41
7 157 109 80 192 142 188 70 152 150 77 0 32
10 163 166 103 43 123 183 77 197 174 145 0 49
6 165 87 96 131 40 90 49 49 55 60 0 30
3 149 60 112 65 55 185 176 177 163 68 0 14
9 191 183 177 116 147 126 154 193 78 92 0 45
5 108 62 130 68 169 95 185 124 161 72 0 24
3 54 105 109 199 104 190 57 110 152 62 0 11
4 155 196 44 95 129 126 161 181 175 127 0 18
8 152 115 84 174 159 128 116 141 102 84 0 39
5 177 195 44 108 54 163 43 71 53 48 0 24
2 174 185 80 121 190 123 65 61 55 153 0 10
9 173 79 145 99 72 138 176 163 44 167 0 41
6 116 44 100 179 88 138 71 137 126 157 0 29
8 55 65 168 155 154 80 189 116 99 64 0 36
7 191 74 103 149 74 131 195 146 163 95 0 34
5 181 91 80 40 122 165 67 111 149 72 0 23
3 46 150 76 80 87 193 107 101 109 120 0 12
5 44 63 72 78 65 179 103 196 196 107 0 22
7 183 92 162 106 148 54 88 71 184 137 0 33
8 123 124 146 97 103 117 123 142 117 83 0 40
5 197 41 82 80 129 45 104 40 54 74 0 21
7 82 46 65 132 99 158 112 190 130 192 0 33
10 193 157 70 138 143 126 42 137 82 135 0 46
5 133 74 61 82 87 116 169 197 109 165 0 22
9 171 76 134 199 199 98 199 159 43 129 0 43
10 97 58 177 51 147 91 123 46 173 55 0 47
6 99 111 130 48 108 58 95 79 173 45 0 26
7 54 103 95 47 74 139 74 143 68 171 0 32
9 192 71 90 71 190 93 192 131 126 91 0 43
8 158 153 177 140 68 162 134 117 76 41 0 36
9 136 145 179 125 91 92 164 88 121 193 0 41
10 99 174 160 181 169 86 101 171 67 46 0 48
8 137 182 85 72 131 109 91 50 172 130 0 39
10 169 102 157 109 95 82 123 44 94 129 0 46
9 84 131 140 103 155 199 56 135 103 77 0 41
4 101 59 152 87 184 174 159 59 115 62 0 18
2 54 143 144 157 184 41 143 54 183 87 0 10
3 83 181 84 92 77 112 53 192 98 169 0 13
4 104 113 52 115 79 190 168 116 162 180 0 16
3 113 139 137 138 147 161 62 113 119 143 0 11
9 124 149 147 69 118 189 164 177 52 70 0 44
4 69 182 167 189 52 46 82 193 45 154 0 16
3 157 52 77 59 58 59 172 118 90 64 0 11
10 134 182 107 56 111 162 137 198 147 66 0 46
4 139 148 128 56 194 66 132 129 190 48 0 19
9 71 73 110 158 176 141 100 67 69 123 0 41
8 125 42 127 46 177 185 48 189 172 123 0 37
10 142 80 168 107 174 45 155 169 77 179 0 50
8 158 88 67 102 94 52 79 46 63 100 0 39
10 72 166 84 78 49 197 150 120 186 155 0 47
5 83 85 90 48 133 107 135 137 109 148 0 24
10 47 154 119 44 193 58 102 177 142 99 0 47
7 183 110 90 70 190 180 100 109 126 187 0 32
10 63 133 195 148 111 91 169 178 135 74 0 47
2 45 71 86 81 94 174 146 184 68 93 0 10
2 200 151 104 140 100 86 70 54 57 103 0 10
9 87 99 168 200 163 70 191 170 58 126 0 42
5 180 177 114 162 80 174 196 116 56 55 0 22
10 182 60 146 84 94 166 158 59 159 155 0 50
4 156 91 149 158 119 91 154 141 172 196 0 17
5 180 157 99 110 77 179 138 123 70 90 0 25
9 82 110 193 76 74 133 154 61 112 127 0 44
5 60 127 73 164 167 112 129 178 100 161 0 25
9 131 168 103 194 128 94 137 174 176 84 0 41
2 90 91 115 130 57 97 166 74 105 185 0 10
5 192 111 160 97 181 111 44 136 155 87 0 21
6 143 109 155 50 127 95 79 114 94 189 0 26
9 92 76 107 170 134 65 119 165 51 65 0 45
3 76 169 95 111 127 101 189 125 182 164 0 12
10 151 86 181 153 136 172 178 176 150 168 0 46
9 191 157 118 63 41 57 181 90 152 88 0 44
4 144 111 71 78 115 76 67 119 188 72 0 18
2 200 58 139 196 75 164 139 185 92 48 0 10
5 51 134 55 55 160 50 139 123 163 104 0 25
3 94 115 63 178 83 200 185 117 82 86 0 14
8 109 58 81 80 96 85 123 143 120 175 0 37
5 84 122 175 126 131 135 181 58 186 184 0 24
2 187 45 71 107 123 46 76 121 156 87 0 10
3 111 92 99 56 49 67 113 198 47 159 0 14
7 78 63 59 182 181 168 183 157 176 197 0 34
7 70 98 122 151 166 136 66 63 47 93 0 33
9 72 118 171 82 155 128 158 101 161 191 0 43
6 182 139 185 63 98 104 142 178 43 183 0 27
3 60 186 160 129 131 118 54 65 178 157 0 12
6 171 64 195 47 119 195 179 68 83 102 0 28
5 157 135 113 163 79 163 144 150 157 54 0 22
5 96 82 113 133 111 151 174 197 175 49 0 22
7 155 110 157 166 165 123 149 192 177 171 0 35
10 58 136 77 196 62 45 137 91 120 168 0 47
3 47 111 137 163 163 86 197 74 66 196 0 14
6 172 128 83 139 120 143 157 85 121 58 0 30
5 190 114 146 111 154 188 40 62 64 184 0 22
6 102 159 87 131 132 158 184 100 59 167 0 26
9 73 131 101 88 63 175 47 56 172 119 0 41
6 81 53 109 119 171 62 91 59 48 146 0 28
7 94 131 118 145 170 177 85 111 173 117 0 35
9 126 66 74 131 63 40 197 75 119 45 0 41
9 62 58 113 94 104 150 177 91 188 188 0 45
7 106 177 155 111 78 98 137 60 61 112 0 35
5 91 162 117 62 82 164 90 156 117 181 0 24
6 137 126 86 68 66 198 107 170 152 111 0 30
8 69 106 78 153 135 198 132 71 171 115 0 38
7 104 163 114 124 73 187 152 160 86 71 0 31
9 93 170 93 158 177 162 118 193 149 137 0 45
5 168 82 161 195 105 135 88 64 129 146 0 22
5 161 109 186 66 93 170 197 194 75 145 0 24
5 96 40 187 94 129 87 94 57 108 93 0 23
7 127 90 173 116 189 166 42 133 135 111 0 31
10 157 167 93 160 111 195 97 84 45 108 0 48
10 82 98 95 98 77 169 96 158 142 166 0 49
10 54 64 118 69 192 121 196 51 139 43 0 48
7 146 134 96 70 119 79 163 195 199 65 0 33
4 188 127 188 124 116 101 187 98 163 175 0 17
3 155 110 145 98 101 76 103 89 196 179 0 12
9 96 179 141 130 101 64 164 150 126 86 0 42
8 166 149 60 139 66 53 125 168 161 143 0 39
5 103 119 121 193 107 147 51 151 52 65 0 21
7 117 103 59 112 58 195 72 52 127 155 0 33
5 152 84 67 82 160 102 73 194 183 122 0 24
5 72 151 141 80 116 46 109 143 120 151 0 22
8 195 192 139 166 174 56 128 125 140 126 0 40
4 96 113 174 133 167 82 149 152 114 44 0 20
7 135 186 169 41 51 67 73 157 149 111 0 34
8 125 168 121 92 56 84 186 111 135 115 0 39
5 63 109 44 105 130 120 162 193 163 77 0 25
8 85 147 165 116 69 186 189 78 127 109 0 39
4 105 140 118 128 50 102 164 78 143 122 0 17
3 76 99 76 53 169 124 62 124 90 111 0 13
7 180 188 141 62 127 153 128 52 50 128 0 34
7 125 145 89 68 161 49 119 159 146 194 0 31
10 69 75 183 182 59 90 60 45 167 74 0 48
8 82 191 103 176 147 94 146 151 105 155 0 36
7 107 177 169 189 75 113 82 114 86 167 0 31
3 187 98 87 62 105 84 75 122 63 96 0 13
4 101 88 121 187 108 123 193 179 166 183 0 16
6 122 117 149 183 96 167 58 67 100 66 0 26
4 129 161 63 51 179 154 185 88 70 109 0 18
8 143 115 117 109 146 135 92 124 126 109 0 37
5 49 71 91 177 148 167 107 83 74 104 0 21
6 114 113 88 156 199 143 158 109 142 183 0 26
5 173 40 162 53 147 90 140 61 169 80 0 22
6 102 163 84 133 142 157 98 53 40 41 0 26
10 123 107 101 62 106 135 137 177 99 76 0 49
5 159 78 126 194 113 107 89 108 167 119 0 24
10 195 168 171 171 146 97 139 181 197 53 0 47
9 116 169 198 71 48 60 40 177 40 132 0 41
4 116 72 100 183 127 96 80 124 114 50 0 19
7 169 66 79 55 163 152 186 164 134 189 0 35
10 185 130 83 174 188 99 48 129 129 66 0 49
9 110 82 181 115 51 163 141 102 127 130 0 43
3 105 133 136 178 101 150 59 130 180 107 0 13
4 42 187 106 153 74 82 171 199 131 58 0 16
7 96 171 108 175 64 163 117 158 49 165 0 31
10 145 199 134 91 137 172 106 121 135 119 0 47
9 81 153 129 92 154 119 129 43 156 52 0 41
4 153 140 186 197 195 42 94 175 133 161 0 17
4 156 101 58 149 171 113 90 66 51 98 0 16
6 130 166 52 96 108 192 119 176 124 129 0 26
7 198 147 189 51 176 83 46 48 184 53 0 32
7 95 147 193 160 148 171 132 100 163 107 0 32
7 52 131 159 153 132 46 120 93 171 133 0 33
3 90 169 50 171 122 78 138 187 92 148 0 11
6 101 81 112 163 160 199 52 162 71 163 0 30
5 53 118 183 193 131 93 193 151 110 45 0 22
9 106 42 59 119 73 143 188 191 116 100 0 43
5 46 40 112 126 165 146 193 75 97 154 0 21
8 192 92 164 116 116 106 167 89 66 76 0 37
10 105 102 104 86 195 67 197 159 150 181 0 49
5 41 40 192 84 123 59 102 117 167 188 0 23
7 190 40 194 143 40 86 184 165 90 183 0 31
9 80 117 62 189 52 73 84 148 136 153 0 43
7 172 154 95 75 172 52 153 132 129 132 0 34
7 118 165 96 123 163 133 74 161 172 192 0 33
4 116 118 155 111 157 52 55 77 173 84 0 16
7 129 52 144 151 171 199 191 70 119 189 0 35
6 110 61 105 133 153 191 65 46 141 102 0 30
6 155 141 119 78 131 111 77 173 183 145 0 27
3 96 143 183 82 81 58 89 55 64 187 0 13
7 181 200 95 72 190 156 94 186 165 57 0 35
3 62 192 172 157 107 158 181 54 182 185 0 14
6 50 110 193 125 88 147 75 183 62 104 0 27
9 193 61 115 65 153 174 162 184 131 69 0 45
8 175 137 141 98 101 88 164 132 178 65 0 36
3 108 63 117 106 160 93 121 50 124 72 0 13
5 119 40 184 97 165 72 137 86 125 129 0 21
7 82 86 148 100 165 161 160 99 167 100 0 31
9 46 80 195 51 72 122 115 185 76 189 0 42
6 111 147 131 135 150 89 65 68 80 140 0 29
9 177 85 180 188 50 93 196 90 180 95 0 41
6 70 74 121 80 103 58 72 66 119 55 0 27
4 60 193 110 54 151 95 77 139 195 165 0 20
3 107 85 185 81 189 69 166 51 90 66 0 12
6 109 184 99 41 99 123 90 74 118 105 0 26
5 42 151 132 121 85 113 57 182 100 152 0 25
10 86 146 190 107 112 71 157 66 179 70 0 46
10 76 115 155 82 132 49 92 103 154 151 0 50
6 82 66 153 127 114 96 75 165 119 95 0 28
7 103 110 131 67 188 147 171 122 195 75 0 35
10 49 129 170 125 66 91 77 133 198 158 0 47
7 198 78 66 100 122 118 157 69 181 173 0 31
3 123 48 80 178 122 178 168 83 160 111 0 11
8 162 127 44 80 112 177 163 195 114 121 0 37
3 151 161 192 60 154 132 104 48 141 112 0 13
3 180 90 88 131 161 96 197 73 61 186 0 14
10 139 119 103 93 187 124 117 155 63 146 0 50
4 148 113 135 96 78 166 113 75 91 111 0 18
7 99 111 47 171 163 56 149 84 139 173 0 35
6 168 141 151 132 56 64 117 174 74 120 0 29
3 151 179 74 182 72 114 144 99 124 143 0 11
9 86 114 60 79 44 104 92 132 103 171 0 42
3 124 171 143 197 48 150 94 58 136 147 0 15
3 78 185 51 115 135 73 128 177 95 131 0 11
2 97 80 64 131 137 102 86 55 127 48 0 10
8 165 123 48 190 68 72 171 122 71 137 0 36
10 108 145 114 112 189 66 106 116 131 115 0 48
4 163 163 115 162 87 80 43 71 64 84 0 17
9 170 66 171 77 107 124 185 175 183 50 0 45
7 153 189 143 58 133 180 140 191 100 137 0 35
5 61 173 170 58 40 92 62 169 185 103 0 25
10 119 107 180 132 118 181 83 58 137 85 0 49
5 107 169 109 62 58 60 67 185 126 135 0 25
3 56 47 94 188 122 125 123 96 109 170 0 15
4 147 68 118 181 62 96 94 41 167 80 0 19
7 174 81 149 129 157 187 162 171 107 60 0 34
5 175 103 169 149 149 66 155 104 161 176 0 21
9 63 69 56 117 99 136 180 58 131 162 0 44
9 122 84 60 47 51 128 183 187 79 143 0 45
3 185 171 189 45 75 156 147 73 191 119 0 13
9 195 135 114 135 185 41 135 52 165 193 0 44
3 101 130 47 166 177 90 42 115 89 131 0 15
7 183 82 173 70 182 103 115 50 101 68 0 32
4 66 90 155 143 127 197 160 190 153 140 0 17
3 125 50 68 175 102 143 140 96 137 158 0 14
5 92 197 98 146 75 129 190 149 130 131 0 24
7 182 96 134 66 52 151 55 145 125 76 0 33
9 83 131 92 159 98 161 194 83 99 80 0 41
7 123 182 69 61 71 181 115 143 103 119 0 31
7 63 193 135 160 188 127 186 164 80 184 0 34
6 98 144 50 90 101 57 148 66 68 199 0 26
7 86 102 101 128 119 177 167 182 182 146 0 32
3 150 117 130 94 135 99 51 132 41 90 0 15
5 176 130 160 158 132 137 108 143 191 193 0 22
5 140 157 147 133 189 66 180 90 78 90 0 22
6 98 53 49 165 169 143 144 154 64 116 0 27
6 70 98 170 166 56 129 167 117 139 55 0 27
6 109 41 73 69 163 52 90 151 179 123 0 29
4 198 189 185 134 105 127 82 47 121 197 0 17
4 41 97 87 64 46 58 173 119 49 117 0 16
8 146 78 110 90 167 121 48 52 59 103 0 40
9 159 56 161 143 72 56 90 159 156 193 0 45
3 76 121 133 90 158 180 193 63 147 185 0 14
3 68 99 48 61 80 136 137 89 183 118 0 14
7 84 99 54 75 55 133 71 167 42 95 0 33
10 84 66 161 91 96 195 46 147 91 108 0 49
5 139 179 43 191 85 109 52 84 121 137 0 25
4 165 107 48 160 55 153 43 113 58 69 0 16
7 71 151 127 178 103 157 53 112 182 112 0 33
9 85 167 87 127 101 45 118 152 158 195 0 42
7 74 77 59 96 84 154 76 162 186 60 0 35
9 135 62 164 80 161 50 64 194 129 161 0 45
10 167 147 186 177 128 164 62 177 167 99 0 49
6 139 157 190 83 190 99 159 90 162 149 0 28
9 67 130 115 56 190 46 183 167 99 161 0 41
5 50 80 121 63 124 105 164 194 153 100 0 23
5 66 186 149 115 175 58 183 53 72 45 0 22
10 79 49 155 172 121 61 166 121 185 160 0 48
9 64 170 109 138 154 175 112 139 199 89 0 44
2 157 112 126 59 58 158 113 125 73 130 0 10
5 150 191 177 87 172 198 167 50 194 153 0 23
3 69 147 79 44 120 136 176 187 137 109 0 13
4 146 86 166 78 77 54 87 130 79 105 0 18
4 110 70 167 97 113 109 69 92 72 47 0 18
9 167 86 159 112 163 67 124 176 189 146 0 42
7 176 64 84 184 102 197 98 197 129 82 0 32
8 106 161 168 62 174 113 155 195 133 168 0 39
4 52 144 76 117 187 195 83 106 172 141 0 20
4 139 140 65 74 124 94 99 168 66 184 0 17
7 58 153 195 110 198 150 116 60 193 101 0 31
5 155 62 157 64 111 175 152 66 75 109 0 22
8 68 115 90 48 130 50 143 103 197 109 0 37
3 146 179 133 120 139 188 166 192 189 103 0 12
6 108 188 149 129 78 141 99 131 72 99 0 30
3 74 159 48 126 92 156 144 86 135 41 0 15
8 101 197 46 127 66 146 105 114 43 169 0 38
7 90 179 72 89 193 130 162 167 162 187 0 31
6 67 121 171 89 48 70 123 91 112 106 0 28
5 44 190 95 166 171 80 59 109 65 140 0 21
4 147 153 150 118 163 71 190 197 72 72 0 18
6 98 153 43 165 174 55 199 179 115 161 0 28
8 196 199 94 46 125 120 60 105 62 148 0 37
2 149 74 61 159 192 170 41 157 168 181 0 10
7 181 113 82 60 153 107 189 94 98 87 0 34
7 52 87 124 97 119 143 149 70 169 129 0 35
10 92 158 74 151 171 112 73 148 104 40 0 47
9 143 142 72 96 52 91 176 106 112 65 0 43
7 137 193 178 111 139 179 86 77 169 116 0 32
9 165 107 185 170 85 184 44 129 52 165 0 44
9 126 55 122 199 96 197 190 157 126 66 0 43
9 177 110 154 80 143 98 88 184 170 133 0 42
3 107 57 97 151 197 89 148 50 139 193 0 15
4 56 99 152 137 50 85 177 103 58 62 0 20
7 116 140 121 141 163 163 194 73 160 110 0 33
4 191 185 171 189 65 151 156 153 165 85 0 16
6 53 86 104 50 138 169 64 63 119 151 0 26
6 183 103 139 190 182 188 94 95 157 48 0 27
7 57 62 55 174 54 143 183 187 95 189 0 31
4 143 178 93 41 105 73 199 133 159 114 0 20
3 172 199 143 44 81 88 79 151 58 115 0 13
9 137 177 156 140 98 123 52 98 162 107 0 42
7 141 162 171 44 48 128 70 135 136 96 0 32
9 171 197 88 87 57 57 73 66 169 157 0 44
7 190 46 173 176 162 81 153 164 103 143 0 33
7 150 77 189 74 183 89 66 131 139 53 0 33
9 186 91 49 105 42 73 133 158 195 62 0 44
9 101 123 173 190 92 64 197 188 107 45 0 43
8 74 80 163 120 179 77 150 44 197 101 0 36
9 175 89 150 67 127 118 111 66 199 62 0 42
6 109 191 136 64 162 176 113 121 180 119 0 29
4 86 44 171 109 163 103 146 42 182 87 0 19
8 121 59 123 183 40 51 129 71 160 73 0 38
8 149 125 181 155 156 177 76 197 147 195 0 36
9 51 44 47 60 48 58 127 54 132 134 0 45
2 200 192 171 111 120 54 93 93 41 144 0 10
8 177 90 100 191 57 174 128 110 101 146 0 37
4 47 176 63 64 146 173 110 191 119 121 0 18
6 66 84 69 165 61 84 90 187 47 62 0 27
5 47 97 147 47 137 165 64 47 60 64 0 23
3 64 199 135 61 143 68 131 107 158 166 0 15
6 56 47 139 68 100 117 68 123 185 189 0 28
6 74 146 139 129 110 136 146 183 95 146 0 30
4 62 150 193 165 86 173 80 188 104 187 0 17
6 157 104 113 77 86 177 167 184 128 113 0 26
4 129 69 139 161 118 118 129 58 179 102 0 16
6 165 76 150 149 165 147 150 67 74 150 0 29
4 144 42 56 64 48 107 51 132 97 170 0 16
10 75 78 137 66 76 162 64 56 187 44 0 46
10 47 185 122 47 74 86 181 88 95 163 0 50
6 157 140 53 56 188 198 44 118 67 143 0 29
8 159 197 114 151 103 61 95 90 133 189 0 40
7 148 93 54 160 68 42 139 187 65 130 0 33
4 117 121 47 85 181 156 171 129 64 139 0 19
6 141 177 125 166 137 66 126 166 97 50 0 26
3 168 153 72 149 189 187 77 128 165 132 0 14
10 149 58 139 188 54 164 134 91 170 100 0 50
9 43 105 143 188 97 151 121 155 145 175 0 43
3 96 65 54 156 171 90 103 147 63 109 0 15
4 49 148 47 134 50 143 124 74 76 63 0 19
6 151 174 163 73 132 91 98 139 190 184 0 28
9 51 112 162 133 66 143 183 92 47 153 0 42
9 176 126 191 170 157 90 131 114 176 49 0 45
10 197 145 171 144 195 60 200 103 157 60 0 47
4 90 158 178 92 48 68 42 161 64 116 0 19
9 132 101 197 183 198 113 88 78 54 86 0 41
8 130 98 133 117 151 120 177 175 187 62 0 37
8 181 68 73 193 144 82 170 161 189 71 0 39
7 188 45 128 166 147 165 111 98 162 55 0 32
5 177 84 95 45 122 82 53 149 107 69 0 22
10 140 195 72 102 92 71 89 85 131 46 0 47
8 166 129 128 99 140 66 101 156 164 127 0 36
8 164 151 96 94 129 106 40 190 81 189 0 36
8 143 112 135 197 133 64 108 137 99 195 0 37
7 57 166 111 107 128 138 62 91 187 185 0 33
5 57 146 105 106 99 151 198 151 129 157 0 23
6 183 185 108 83 117 132 138 150 102 88 0 30
8 43 70 51 160 133 147 130 196 64 175 0 36
9 123 159 57 62 50 143 165 98 195 145 0 45
8 149 80 195 189 52 166 134 137 103 103 0 38
5 173 54 84 127 118 97 71 53 72 187 0 21
6 46 128 185 169 48 94 148 76 157 135 0 26
7 135 164 152 155 177 123 152 167 186 138 0 34
10 141 187 64 91 199 106 58 147 155 127 0 46
10 134 84 152 173 141 118 90 74 75 54 0 49
7 66 171 111 181 48 103 48 121 129 129 0 35
9 198 165 183 175 188 74 175 115 159 51 0 44
3 72 48 129 197 151 63 199 63 108 93 0 15
7 164 140 69 150 150 95 58 146 158 170 0 31
8 135 151 86 138 199 191 73 191 101 88 0 37
3 134 193 127 160 160 47 166 170 185 135 0 11
5 41 126 180 163 99 143 44 160 127 92 0 23
7 156 57 182 189 86 167 106 109 125 52 0 35
5 149 171 42 74 77 88 125 196 111 178 0 25
3 126 52 54 199 165 92 50 130 111 127 0 11
4 62 80 143 93 113 98 52 194 157 55 0 18
9 106 93 116 199 83 191 173 74 136 45 0 42
9 179 168 45 160 118 167 167 157 133 134 0 41
8 100 46 66 113 52 60 75 139 196 43 0 38
10 84 159 133 169 187 166 153 48 137 163 0 49
6 62 177 181 153 163 179 176 134 113 171 0 30
9 88 152 121 150 111 145 175 123 41 82 0 43
5 75 114 119 145 182 169 195 198 128 177 0 22
5 177 162 54 167 103 167 166 141 78 123 0 24
5 195 66 40 194 167 138 143 101 59 146 0 24
6 96 87 179 98 121 111 91 125 100 173 0 30
10 160 189 110 158 157 124 175 119 81 175 0 47
7 106 81 143 123 129 62 126 102 144 93 0 31
10 156 109 115 94 76 133 51 44 106 53 0 46
6 128 173 77 83 100 171 89 129 54 147 0 26
6 187 75 130 68 52 163 76 186 61 86 0 26
4 191 170 182 190 109 179 193 98 141 190 0 18
10 185 80 94 195 47 53 82 83 101 64 0 49
3 143 139 154 194 50 179 162 169 85 48 0 11
9 131 183 96 172 109 135 66 64 84 145 0 43
9 140 45 194 132 113 42 78 49 144 134 0 45
4 86 44 131 77 70 88 157 114 147 153 0 19
3 121 187 133 74 169 142 130 103 133 116 0 11
8 165 90 44 191 184 135 177 100 82 182 0 38
5 101 190 196 84 137 163 56 151 141 82 0 24
7 42 167 69 59 116 170 168 125 140 117 0 31
3 151 157 72 67 60 130 116 144 124 107 0 13
6 124 175 174 115 170 53 64 129 92 179 0 26
5 112 103 70 169 97 60 139 128 173 144 0 23
2 192 170 173 66 82 85 143 160 112 72 0 10
7 183 100 145 60 60 50 170 96 88 164 0 33
10 185 84 98 42 101 148 179 123 79 182 0 48
5 160 159 191 42 148 42 42 138 60 122 0 21
7 80 195 191 67 113 66 86 143 71 191 0 34
8 121 169 51 53 53 71 197 154 156 121 0 37
3 165 149 80 187 98 165 100 53 143 153 0 11
7 113 191 164 82 45 153 147 165 44 53 0 35
5 72 153 99 79 106 160 98 88 86 139 0 24
7 158 105 135 55 129 181 56 132 67 52 0 34
9 175 194 116 40 58 92 56 185 84 145 0 42
10 100 144 99 73 115 52 104 112 83 102 0 49
6 155 109 170 136 50 103 194 170 103 100 0 26
8 86 154 76 101 181 45 106 42 84 167 0 38
10 187 134 199 99 161 64 60 125 67 139 0 49
8 155 137 94 130 50 118 138 166 69 43 0 38
6 122 137 86 158 46 177 101 58 158 162 0 28
8 59 178 185 146 51 51 183 107 145 113 0 38
4 141 188 152 181 68 149 168 125 130 151 0 18
6 149 53 145 181 47 174 171 74 150 123 0 29
9 58 50 40 91 119 165 128 139 191 109 0 44
10 112 92 171 154 103 198 131 84 101 86 0 47
10 150 50 66 145 157 121 111 178 159 166 0 47
9 86 107 107 112 101 98 102 43 40 42 0 43
4 184 189 85 47 49 68 84 125 193 130 0 16
5 135 122 68 149 89 101 57 176 75 165 0 21
6 62 47 131 169 130 103 68 152 72 104 0 30
6 46 143 196 71 80 146 98 78 131 186 0 30
4 170 158 71 91 157 133 133 76 106 86 0 16
3 192 139 93 149 91 66 94 183 165 121 0 15
4 198 199 155 155 109 106 74 153 181 112 0 18
5 152 67 120 173 170 56 73 179 98 143 0 25
7 42 105 62 51 96 125 123 187 131 186 0 33
10 112 45 111 48 188 187 149 136 54 81 0 50
7 113 58 165 194 163 186 63 49 67 90 0 35
8 66 192 91 96 52 52 165 134 52 73 0 38
6 143 134 87 81 177 40 200 52 182 80 0 30
10 103 159 124 64 173 76 99 176 119 147 0 48
4 189 127 76 58 76 56 191 111 188 44 0 19
7 189 179 123 179 86 186 124 118 96 98 0 33
4 176 50 49 43 61 168 78 189 132 99 0 20
7 147 52 169 59 89 82 144 46 113 107 0 31
4 167 197 99 77 180 53 144 176 80 42 0 17
5 75 135 184 84 84 86 149 167 124 67 0 24
7 40 57 188 155 135 183 165 129 52 49 0 31
8 54 125 151 152 121 47 191 113 78 93 0 37
3 161 169 154 48 55 86 178 199 64 86 0 13
3 68 114 55 53 76 149 163 55 141 159 0 14
8 152 47 158 54 64 155 142 153 115 140 0 40
8 169 72 141 89 165 168 157 71 107 89 0 40
6 136 153 133 143 181 185 188 140 48 135 0 29
8 171 97 97 148 80 111 96 165 151 46 0 36
4 178 128 90 44 50 133 45 45 143 195 0 17
9 58 43 100 75 135 46 74 186 80 72 0 45
10 165 191 98 93 47 72 146 118 125 170 0 49
6 125 50 53 65 88 195 131 149 105 103 0 29
5 116 101 69 176 81 108 84 175 103 72 0 21
7 197 148 164 198 54 135 81 169 145 179 0 31
8 157 79 83 157 88 49 194 173 44 72 0 39
4 91 96 104 197 180 88 188 133 193 53 0 20
5 85 152 148 135 90 173 153 115 102 68 0 23
9 97 59 140 194 111 125 125 143 172 187 0 41
3 118 69 141 95 125 113 103 123 95 114 0 12
4 50 69 82 123 61 149 58 135 166 85 0 20
8 92 142 192 74 94 76 107 150 41 96 0 37
5 121 165 194 78 176 109 64 124 51 69 0 21
10 181 100 159 49 52 116 177 143 170 74 0 49
9 78 155 194 200 42 53 163 93 153 76 0 41
7 89 163 81 69 111 194 189 78 161 153 0 35
10 109 43 149 58 103 50 78 165 120 88 0 49
7 96 55 147 150 130 186 115 190 124 139 0 32
6 180 172 125 111 61 187 85 146 63 63 0 29
3 75 80 195 40 86 175 96 151 121 153 0 14
8 154 54 198 89 69 113 148 80 105 184 0 39
5 110 58 166 154 173 116 84 105 175 87 0 25
10 115 91 148 55 161 125 147 51 123 104 0 49
6 106 94 185 103 105 186 51 197 159 115 0 29
4 110 79 122 185 186 44 86 113 105 86 0 17
7 40 62 199 101 195 123 61 192 86 110 0 31
7 47 102 147 92 46 56 52 112 132 189 0 32
9 186 186 124 179 67 76 137 86 65 56 0 43
4 136 42 49 165 60 195 41 167 53 199 0 16
4 59 157 52 174 80 114 41 182 77 187 0 20
4 76 187 200 109 51 193 60 157 167 110 0 19
10 75 140 48 75 55 103 80 121 119 94 0 47
8 101 95 75 175 172 72 63 86 149 123 0 38
5 135 49 62 173 116 140 184 84 178 54 0 23
7 141 167 68 107 177 170 109 185 149 98 0 33
2 175 47 111 185 164 181 191 147 147 61 0 10
5 175 129 86 68 103 115 126 163 175 83 0 22
6 93 47 66 166 157 104 193 169 169 163 0 30
9 122 49 109 68 118 133 125 86 114 157 0 42
3 70 156 142 116 182 152 80 46 74 81 0 14
7 174 61 92 103 68 159 164 78 185 197 0 31
3 157 187 117 135 109 171 50 159 182 57 0 15
9 101 102 72 119 60 62 166 59 68 168 0 44
4 111 83 146 65 74 98 180 113 155 138 0 18
4 135 147 43 143 148 122 169 110 163 72 0 18
6 66 151 70 142 55 149 92 189 187 194 0 28
10 135 66 110 165 140 172 86 107 76 199 0 50
8 48 109 53 175 122 106 83 117 173 54 0 36
8 56 179 138 196 191 182 92 59 79 189 0 40
7 99 159 64 143 101 163 177 97 80 91 0 31
6 139 86 186 53 133 185 130 135 146 191 0 30
9 78 44 125 174 47 155 133 198 44 193 0 44
10 99 49 182 90 122 43 165 137 72 95 0 46
7 142 133 70 151 188 83 152 117 177 52 0 34
8 172 129 180 105 64 199 178 166 96 197 0 37
8 175 177 86 149 47 149 109 114 104 110 0 39
7 173 76 164 123 92 87 113 165 155 162 0 33
3 78 134 115 58 135 60 121 185 139 98 0 14
9 163 136 70 135 40 96 132 187 88 40 0 42
7 195 196 194 191 42 133 132 62 131 149 0 33
6 77 55 94 145 133 122 126 62 48 167 0 27
8 131 42 119 197 139 149 146 121 157 116 0 38
4 131 88 59 67 93 43 138 60 187 75 0 16
8 141 99 156 52 153 86 43 132 162 120 0 39
5 64 82 113 193 129 147 82 42 152 197 0 21
2 125 89 148 160 77 70 90 175 86 118 0 10
6 169 70 161 96 117 168 90 121 101 122 0 27
9 100 181 186 113 61 74 181 178 59 139 0 44
10 147 179 121 106 90 56 96 134 198 92 0 46
3 51 129 77 48 197 137 88 137 142 148 0 14
4 43 78 153 57 194 106 199 82 42 142 0 19
4 147 179 70 99 95 184 167 62 153 191 0 20
8 136 155 104 48 46 55 137 150 59 130 0 36
5 75 54 104 90 103 107 146 163 46 93 0 25
3 92 136 188 189 192 194 193 54 134 68 0 12
8 115 187 147 75 73 169 107 174 157 121 0 39
6 82 191 196 105 136 84 41 179 106 200 0 27
10 92 178 40 165 103 73 118 58 145 156 0 50
5 83 50 156 173 153 108 139 199 58 98 0 21
6 83 80 155 191 180 177 157 76 79 131 0 28
3 96 52 44 148 60 60 92 178 70 168 0 14
4 183 124 87 169 98 107 172 171 104 113 0 18
4 148 93 55 86 144 176 91 74 90 166 0 16
7 151 176 60 42 129 46 104 104 61 73 0 32
5 60 154 132 112 82 178 128 171 194 112 0 23
5 97 172 176 60 96 198 116 60 87 161 0 24
10 136 42 175 147 159 54 121 134 185 121 0 46
7 137 134 116 92 144 94 111 56 86 62 0 31
3 144 139 183 144 128 165 117 70 105 136 0 15
7 125 149 145 88 92 172 94 107 83 54 0 35
4 180 77 157 78 150 50 73 195 185 95 0 19
7 59 63 177 113 84 86 46 59 71 133 0 35
5 66 136 101 105 154 80 155 68 159 135 0 21
6 194 199 82 66 103 98 100 114 121 153 0 26
5 199 94 88 108 129 48 122 154 68 131 0 24
9 95 43 84 134 200 178 80 104 137 153 0 42
3 107 97 145 96 107 82 70 105 197 111 0 14
8 48 70 46 147 177 60 114 123 70 135 0 37
10 141 55 50 46 147 64 92 185 67 158 0 47
5 46 119 161 113 166 177 172 103 183 147 0 23
6 47 144 171 107 197 103 69 160 119 150 0 28
7 68 51 117 161 194 102 121 85 129 162 0 34
10 102 86 53 149 103 42 191 191 196 199 0 50
5 181 78 58 111 146 107 62 190 181 99 0 24
4 124 194 52 117 147 190 57 149 79 143 0 16
2 190 50 161 143 147 133 178 115 109 200 0 10
3 89 77 78 94 96 61 117 102 138 64 0 12
5 168 48 132 76 74 90 190 48 149 177 0 24
4 118 85 183 74 60 71 75 158 147 192 0 20
5 176 73 54 92 144 120 184 133 148 59 0 25
7 175 97 75 90 185 191 111 152 125 105 0 35
5 80 86 136 175 82 200 57 166 80 117 0 24
10 148 92 50 76 105 161 66 86 116 111 0 48
9 59 175 155 167 153 95 84 103 170 173 0 42
7 127 97 52 74 182 136 185 155 94 146 0 32
8 48 99 81 127 67 149 159 93 167 167 0 37
10 199 72 60 111 199 134 55 66 137 94 0 47
5 111 155 179 109 140 159 170 51 132 172 0 25
9 71 120 153 58 85 63 158 78 150 105 0 43
5 169 98 126 49 140 95 110 76 94 165 0 22
5 44 115 91 156 140 168 62 198 133 59 0 24
10 89 159 92 44 77 154 170 93 108 68 0 49
2 76 68 66 169 161 150 176 113 52 193 0 10
8 92 200 180 141 141 66 192 197 128 41 0 39
10 43 152 192 70 76 90 74 82 112 131 0 49
6 147 189 86 106 126 45 110 58 60 188 0 30
7 168 128 190 166 182 58 135 125 110 188 0 32
6 49 129 114 90 161 109 42 189 119 177 0 26
3 185 58 72 165 179 123 142 42 135 146 0 11
7 87 109 127 194 160 123 98 161 54 77 0 35
6 145 42 102 123 137 161 192 163 199 140 0 27
4 143 127 52 121 96 98 166 52 121 78 0 17
4 58 159 152 82 49 83 105 143 89 75 0 20
3 115 66 197 46 82 84 83 50 56 199 0 15
7 113 175 52 88 126 50 44 101 108 60 0 32
8 94 52 147 127 139 70 96 85 101 181 0 39
8 158 116 150 148 44 135 162 107 126 198 0 38
7 80 186 108 199 131 115 133 50 123 63 0 35
9 75 102 194 78 46 94 135 100 200 193 0 42
3 147 195 93 95 181 57 112 171 125 140 0 11
4 142 78 146 52 77 125 51 117 90 63 0 17
8 192 173 42 53 44 162 195 123 178 161 0 36
6 183 183 58 128 119 69 82 133 45 158 0 28
5 99 182 150 45 47 78 195 178 179 74 0 23
8 60 167 130 195 141 175 149 175 51 41 0 40
7 64 171 189 77 55 98 139 171 71 85 0 32
8 52 84 158 134 58 178 156 83 150 127 0 38
4 122 48 169 95 146 138 56 88 197 198 0 16
9 60 56 119 123 172 116 187 108 168 186 0 43
7 169 93 58 96 92 184 190 182 65 114 0 33
7 72 99 144 99 153 92 154 183 57 129 0 32
6 128 40 111 199 136 132 146 152 103 50 0 26
4 131 57 80 42 60 117 62 179 101 198 0 19
9 193 91 118 70 124 117 52 149 167 151 0 44
4 167 105 137 181 118 151 135 101 71 113 0 18
3 196 50 88 106 159 105 142 159 105 163 0 15
5 177 89 145 164 143 65 178 106 195 159 0 23
5 54 131 58 158 58 71 109 134 112 84 0 25
7 172 66 109 100 78 67 197 170 79 104 0 35
6 158 179 115 107 182 125 121 195 124 154 0 28
3 141 181 60 107 62 76 157 144 48 75 0 14
3 57 137 58 67 131 42 90 149 185 163 0 15
10 67 106 193 81 46 160 189 91 189 158 0 49
4 162 112 155 149 74 134 56 88 190 171 0 20
2 51 45 50 163 176 124 187 200 49 160 0 10
10 135 88 157 99 149 169 197 167 191 92 0 46
7 72 75 174 47 149 163 113 159 119 86 0 31
10 137 41 183 66 116 41 96 142 187 123 0 46
8 70 177 53 60 157 92 106 48 105 163 0 40
4 42 87 63 142 52 140 74 166 58 64 0 19
8 82 167 163 100 152 176 86 134 71 129 0 38
6 170 58 162 95 190 54 53 155 195 117 0 26
10 96 53 65 46 54 143 105 97 146 155 0 50
6 92 161 161 145 184 106 190 82 66 175 0 29
10 134 98 99 78 58 156 94 111 132 176 0 47
8 70 171 181 184 84 99 57 125 152 72 0 36
7 73 195 121 172 72 200 139 108 44 68 0 32
2 88 143 126 175 195 163 90 153 101 108 0 10
6 74 123 80 145 129 157 160 50 40 193 0 26
8 52 54 185 139 189 145 80 85 79 50 0 37
10 107 154 200 94 121 168 107 74 44 74 0 46
9 176 108 157 105 151 89 147 52 81 194 0 42
4 115 77 177 92 153 137 54 44 94 160 0 20
8 156 97 46 184 121 160 141 171 47 193 0 37
9 41 51 58 90 102 195 61 162 58 161 0 43
8 162 187 125 132 114 53 180 75 77 101 0 37
10 191 169 184 149 64 123 80 44 111 178 0 50
8 145 161 191 187 156 149 72 76 175 200 0 40
2 197 106 122 136 112 74 142 141 189 98 0 10
3 58 166 76 161 83 41 72 90 171 84 0 11
7 123 99 152 61 63 150 91 199 156 93 0 35
8 52 136 88 119 87 177 89 51 141 57 0 40
6 137 40 90 50 112 53 100 90 165 122 0 28
7 160 117 166 121 110 159 92 184 149 106 0 33
4 173 131 82 171 122 130 89 75 161 197 0 16
5 121 134 165 75 133 141 140 136 154 92 0 22
10 169 187 143 112 92 186 168 167 88 154 0 49
9 56 98 199 91 147 84 120 81 47 88 0 44
8 85 52 156 51 187 176 55 132 115 89 0 39
6 90 94 115 54 145 120 192 65 155 115 0 28
4 195 77 74 48 175 57 53 167 200 131 0 19
3 106 88 181 79 137 59 192 184 174 72 0 14
9 117 91 172 72 175 156 102 139 145 62 0 41
7 96 193 169 46 86 109 52 138 95 90 0 34
4 66 65 175 122 125 46 134 127 50 83 0 18
6 167 117 190 130 188 135 99 197 171 136 0 28
3 74 159 196 68 192 104 111 116 127 73 0 15
7 80 177 174 69 118 167 111 193 105 104 0 34
10 142 197 116 64 104 78 169 107 155 74 0 50
10 82 115 121 156 200 107 86 82 186 144 0 48
9 72 198 181 140 63 44 87 133 132 66 0 44
3 121 133 93 60 183 155 148 61 73 95 0 11
3 121 115 96 96 88 197 89 125 149 72 0 14
8 153 126 164 90 182 54 169 56 191 151 0 39
4 124 86 100 74 123 185 138 106 117 110 0 18
8 199 48 88 189 128 197 185 158 147 158 0 38
9 136 194 48 84 64 195 152 64 178 43 0 41
8 177 66 177 123 61 73 182 169 119 44 0 40
9 187 44 68 163 116 124 46 128 77 158 0 44
9 200 110 127 154 156 135 55 185 90 132 0 42
7 121 161 56 162 147 136 171 114 167 82 0 35
3 125 64 78 48 179 67 81 97 80 127 0 13
7 64 175 106 56 53 72 121 164 165 50 0 33
9 196 53 129 169 100 63 176 174 57 157 0 44
9 52 136 151 120 189 58 137 60 68 90 0 43
10 47 66 178 133 136 149 83 90 59 49 0 50
10 162 161 101 183 90 110 52 114 154 42 0 48
3 199 169 142 177 181 106 73 85 148 70 0 14
4 66 139 95 171 156 120 176 198 111 100 0 18
6 103 48 48 129 120 165 147 179 93 118 0 28
9 43 70 177 69 164 64 103 142 58 91 0 44
3 177 193 162 45 156 157 103 65 78 107 0 14
9 125 180 98 185 156 74 141 56 168 192 0 43
3 153 88 134 174 155 163 60 189 113 165 0 14
5 142 169 159 94 117 104 65 168 91 64 0 23
2 100 147 99 135 60 99 138 113 57 78 0 10
4 184 161 80 194 140 96 140 101 104 171 0 20
9 128 48 73 191 82 181 72 189 80 91 0 44
7 106 193 177 104 82 117 48 151 135 193 0 34
7 65 131 109 50 108 166 47 40 182 151 0 34
9 62 54 136 139 124 196 81 137 166 191 0 42
6 150 69 157 170 197 54 145 99 159 109 0 29
5 143 71 119 164 41 145 138 50 112 106 0 24
8 195 48 75 125 174 95 159 153 155 126 0 38
7 58 55 148 173 198 174 109 174 65 68 0 33
9 171 120 111 53 57 83 193 130 190 74 0 44
8 101 119 111 185 128 56 123 100 92 86 0 38
4 74 180 119 140 155 105 60 104 141 192 0 16
5 114 190 60 95 92 57 191 43 159 52 0 25
6 123 159 127 102 96 58 96 133 68 113 0 27
10 181 46 157 59 119 130 93 169 146 175 0 49
6 49 153 74 153 174 106 66 80 157 149 0 28
4 42 188 62 64 100 163 87 125 133 154 0 18
6 167 182 144 79 46 117 149 78 60 157 0 26
8 49 141 69 149 168 113 195 80 197 50 0 40
2 84 167 92 193 124 137 48 110 67 134 0 10
6 150 151 51 43 179 130 165 143 189 127 0 30
8 123 197 187 127 129 127 87 194 46 101 0 38
3 133 181 41 121 185 62 75 195 130 195 0 11
10 52 99 125 159 195 187 190 171 195 43 0 50
5 56 154 104 127 104 106 177 188 61 141 0 23
5 169 107 120 150 171 176 159 134 185 199 0 22
5 192 90 179 44 154 147 167 126 187 163 0 24
6 67 172 101 47 183 167 190 104 54 66 0 27
3 67 139 182 107 69 185 191 43 134 131 0 14
9 44 70 190 110 165 115 153 85 161 163 0 43
2 154 163 65 174 156 93 84 158 189 99 0 10
7 49 179 98 197 125 143 66 84 183 164 0 35
6 135 121 198 66 175 109 42 78 82 45 0 28
3 147 113 102 197 195 99 121 115 139 186 0 11
10 47 154 189 61 59 105 189 110 152 79 0 47
4 141 119 119 76 171 126 118 137 155 86 0 16
9 198 182 107 174 134 80 129 88 129 50 0 43
3 180 87 116 151 98 50 143 180 135 166 0 15
3 120 153 105 65 153 97 131 133 82 85 0 15
2 105 114 44 130 74 151 169 198 68 81 0 10
3 161 183 75 74 69 141 62 154 101 181 0 14
6 88 147 54 187 163 76 80 114 118 171 0 26
5 108 168 183 135 68 171 130 131 189 68 0 25
10 149 109 177 171 91 124 180 134 52 162 0 46
8 180 72 186 58 105 74 56 199 81 122 0 39
5 84 62 180 173 78 103 50 77 107 172 0 23
169 235 288 153 156
100 179 183 220 268
104 166 204 258 274
125 144 185 253 282
126 160 208 242 263
132 169 180 222 294
122 180 217 232 263
124 174 189 246 261
109 150 212 228 273
107 176 180 232 267
131 158 190 258 288
117 147 209 227 298
101 146 183 248 263
110 145 182 259 270
126 143 190 257 274
127 140 199 225 298
138 164 197 221 286
131 153 193 227 264
129 156 220 251 293
140 148 180 234 274
102 165 191 221 286
100 146 183 253 297
121 155 217 222 286
128 169 216 259 268
127 155 203 246 285
111 164 182 224 284
121 157 182 222 299
104 158 196 259 266
121 176 204 258 274
107 174 200 238 287
126 150 210 241 269
135 160 202 254 288
112 151 198 241 293
105 175 196 248 264
125 152 207 236 266
107 177 190 249 283
140 158 203 251 278
127 172 188 243 272
109 160 194 244 275
114 162 216 235 264
112 159 219 248 262
112 173 186 236 298
116 148 180 228 274
107 171 180 249 291
126 175 198 253 282
113 146 220 254 260
133 165 181 251 277
100 164 207 246 261
113 150 185 246 297
121 173 198 224 289
104 159 214 260 299
119 176 220 236 269
101 171 192 248 276
116 141 208 250 269
111 176 207 240 277
118 145 213 223 296
129 179 216 252 275
109 153 208 224 282
137 140 217 227 283
114 141 202 245 290
117 171 188 242 280
136 148 212 233 260
136 156 192 226 264
140 178 204 243 268
136 168 200 258 291
103 166 195 230 274
135 164 197 224 264
108 162 198 223 262
105 173 195 229 297
133 158 184 221 262
111 146 180 248 290
124 151 217 221 276
136 143 184 249 274
110 157 195 246 286
135 142 210 249 267
123 160 214 230 283
136 158 203 244 286
137 151 200 248 267
134 141 199 253 281
103 164 199 257 272
103 161 181 222 292
129 166 198 221 300
116 146 200 239 264
122 142 183 246 299
100 146 203 239 268
127 172 195 226 285
135 164 207 255 281
119 168 216 244 274
112 143 180 250 286
108 170 220 256 283
107 152 183 242 297
113 145 200 238 281
116 166 181 243 278
112 178 190 230 291
120 180 206 244 283
131 142 218 251 271
130 174 196 245 276
112 177 220 230 264
134 165 198 224 283
104 165 191 232 293
120 143 198 220 283
130 152 186 220 279
111 159 183 231 282
123 161 182 256 288
100 169 196 255 265
117 169 198 255 269
138 165 181 224 295
131 178 212 230 288
126 141 193 226 275
111 171 180 221 281
107 161 192 224 287
107 178 194 257 300
131 174 197 220 269
120 147 189 239 276
134 159 191 227 265
116 148 199 221 294
133 146 213 228 276
104 153 203 235 274
135 144 187 256 290
122 154 215 227 294
127 150 180 259 271
113 157 220 248 293
130 160 220 227 275
129 145 181 260 281
109 154 184 221 291
109 148 207 223 281
109 144 187 249 282
106 144 211 243 290
137 176 187 235 267
119 140 202 249 295
112 163 217 228 282
105 150 202 227 270
118 176 206 240 278
120 157 219 227 294
110 145 196 233 262
120 172 217 232 293
101 165 217 226 291
112 174 187 224 268
124 155 206 233 266
116 142 187 257 263
131 161 188 239 284
129 140 215 241 290
126 162 210 233 290
136 180 201 242 290
104 142 201 236 275
110 141 198 222 273
113 151 199 226 291
140 157 212 258 267
114 160 186 246 272
106 153 193 244 293
104 148 206 221 265
100 172 196 256 296
105 167 194 237 295
122 149 185 239 291
137 162 191 230 268
120 178 199 248 293
129 167 189 254 267
139 158 217 260 290
106 151 192 243 291
102 172 197 247 265
100 159 188 258 269
116 164 189 239 275
138 142 196 234 263
123 172 185 237 260
119 143 198 233 267
123 164 209 237 265
115 141 211 246 298
118 150 201 240 279
120 179 208 242 284
139 179 198 257 265
104 160 203 237 268
122 157 190 256 278
107 166 210 229 271
112 143 208 227 283
119 158 181 240 269
127 153 185 234 280
135 149 210 236 266
127 145 195 237 260
114 163 204 258 271
106 172 213 223 292
131 173 186 254 262
114 150 195 248 271
137 145 189 246 294
104 158 199 260 277
101 178 220 226 296
128 146 211 253 295
104 143 216 231 269
133 150 206 237 267
131 168 181 226 297
113 153 215 251 284
116 165 182 249 293
108 178 200 251 285
111 170 207 234 292
121 178 189 224 265
134 150 202 231 281
117 165 199 231 265
140 161 190 221 277
127 160 201 232 289
101 168 187 252 272
133 172 183 246 274
112 150 219 241 276
129 158 220 224 289
139 165 218 223 280
111 146 186 245 300
137 148 217 249 295
116 148 193 220 275
125 143 210 220 279
127 163 214 246 289
124 147 199 252 287
124 145 182 237 270
105 161 188 258 278
122 180 192 231 283
108 150 191 232 292
119 180 197 257 300
118 155 215 249 296
134 144 188 255 299
110 161 186 234 282
136 169 205 245 289
131 155 213 249 260
104 166 187 239 280
138 166 188 254 282
108 151 188 238 271
126 165 182 227 289
109 178 197 258 269
126 147 203 250 275
104 166 190 253 291
124 164 208 224 263
132 143 197 229 292
123 149 211 221 271
108 146 206 222 298
111 140 205 252 270
118 170 208 224 260
134 149 195 245 287
106 150 203 242 297
107 143 185 225 271
102 146 187 226 300
122 143 206 224 287
103 168 181 258 270
103 174 195 232 298
102 164 208 229 287
135 141 200 226 279
105 164 215 255 295
131 153 220 229 273
103 162 193 241 281
128 143 218 234 280
128 141 191 226 299
128 174 205 229 262
114 159 188 242 264
105 150 194 226 276
120 141 208 241 299
104 146 192 248 290
116 162 209 245 295
110 142 198 238 282
124 168 199 236 290
103 160 198 259 283
117 175 220 237 272
102 175 212 225 268
133 166 191 248 299
116 163 183 244 292
129 157 214 223 271
134 150 183 240 272
136 167 189 255 270
130 152 190 233 275
110 162 187 220 272
109 174 184 260 279
110 141 200 250 267
113 165 191 221 283
139 161 197 253 264
102 151 211 227 270
101 165 220 232 269
137 153 213 252 280
135 179 182 223 270
131 158 205 225 270
110 157 198 260 270
124 152 186 259 287
101 167 196 235 285
132 165 206 240 298
116 174 219 227 267
134 174 196 223 282
111 169 213 250 264
137 149 204 224 269
124 180 196 223 278
101 174 196 233 264
120 160 199 225 285
108 154 219 233 272
132 158 196 241 296
140 180 219 238 288
128 166 191 257 289
140 146 194 225 289
101 178 209 232 282
127 169 208 251 282
113 176 214 251 268
117 171 191 237 296
111 152 198 252 291
117 179 212 222 267
119 158 182 246 263
140 158 216 240 276
136 179 181 226 288
101 143 200 233 261
117 170 211 250 260
140 160 183 230 298
139 176 200 239 271
101 170 204 225 296
100 149 208 252 285
138 157 210 245 299
131 176 212 238 295
110 177 190 240 274
130 161 191 255 293
136 169 189 253 274
119 167 188 229 296
129 159 218 252 261
128 150 205 258 299
137 149 220 240 291
109 180 212 226 275
107 174 204 229 298
106 149 191 222 290
138 158 208 221 260
114 160 184 234 269
129 147 208 243 266
118 140 183 257 262
121 158 197 233 280
118 146 190 240 295
135 163 217 227 287
102 160 219 222 291
123 175 201 248 295
122 161 193 248 298
115 157 219 222 291
134 167 220 251 283
136 163 205 243 289
119 177 186 233 293
118 146 209 225 298
139 163 204 238 293
133 150 188 241 277
123 155 192 237 275
110 154 218 247 275
135 141 197 224 276
109 144 211 224 273
110 153 182 257 274
114 145 206 234 289
125 146 218 227 271
118 165 194 221 262
103 174 212 238 260
122 162 217 235 297
108 143 189 260 260
114 161 204 257 295
119 141 217 220 291
124 162 193 257 297
114 146 194 234 300
100 170 208 258 273
123 143 201 221 272
114 179 214 220 294
132 169 199 246 278
119 152 191 233 265
100 166 189 246 294
128 149 181 235 287
107 143 188 232 270
103 140 216 231 272
133 169 212 250 279
140 146 220 229 260
140 163 191 249 280
113 146 207 254 291
139 174 216 224 296
111 179 190 252 279
118 147 201 251 276
117 157 200 244 280
108 158 197 252 261
115 168 203 246 262
139 169 210 246 295
107 166 181 227 282
138 157 203 258 273
111 179 201 257 267
135 175 196 225 290
110 164 191 227 283
134 152 203 220 260
120 150 183 229 282
102 177 216 249 267
123 151 185 235 297
107 140 185 256 261
139 142 213 228 290
118 159 186 225 275
107 141 187 231 288
129 179 211 246 281
101 140 201 238 300
118 140 195 226 291
102 175 200 259 273
114 155 211 245 269
110 155 217 227 289
132 158 181 257 268
127 161 197 242 266
137 144 210 231 277
123 163 187 257 275
121 165 190 234 260
110 146 209 247 267
101 167 218 245 296
119 150 198 237 280
124 141 189 243 288
139 145 192 223 269
121 146 186 250 288
123 162 213 257 277
122 172 185 233 267
106 169 190 234 293
117 154 185 233 268
113 151 188 227 268
116 148 217 226 283
127 180 219 253 290
128 175 208 225 268
137 169 187 259 266
106 168 206 244 260
103 167 199 221 282
122 162 208 230 282
115 142 219 226 277
104 168 220 258 279
126 162 220 231 283
120 170 183 230 287
139 152 199 253 279
130 145 192 256 274
117 142 210 232 275
114 175 182 228 296
110 175 190 258 267
136 171 193 259 277
109 142 195 234 293
129 144 185 260 272
116 148 188 251 277
127 166 199 220 290
110 143 202 224 277
137 154 213 227 269
129 155 201 249 283
107 172 198 245 300
126 146 189 247 272
110 161 187 250 277
106 157 208 253 265
108 148 207 236 279
140 147 203 220 265
110 161 180 226 274
136 163 185 220 272
128 140 188 229 290
140 178 195 238 282
138 168 187 258 277
138 148 200 242 273
132 156 195 228 266
112 152 208 226 279
132 168 200 257 296
134 147 207 221 298
140 162 214 241 273
122 140 200 229 271
113 165 181 248 268
135 141 181 242 280
109 173 189 222 283
123 147 220 226 287
139 180 218 259 300
132 177 220 254 278
106 157 217 256 268
117 154 218 227 281
129 174 203 245 292
129 156 219 234 282
122 145 210 228 285
102 154 205 250 280
112 176 208 241 263
135 164 215 249 277
137 155 199 228 294
102 166 195 259 299
105 153 188 226 281
102 152 189 234 269
122 174 182 256 275
101 169 190 248 269
122 147 189 245 276
129 166 203 256 260
137 173 193 254 287
139 148 190 239 263
132 171 188 229 298
126 140 191 253 263
109 141 194 250 278
124 180 184 251 290
136 158 215 248 293
126 171 195 258 298
102 175 198 245 283
125 165 197 259 272
115 156 215 252 284
111 180 201 225 292
123 146 220 220 300
127 168 189 257 288
103 145 217 245 279
119 147 188 222 281
136 140 204 252 268
117 168 195 221 293
113 145 201 251 267
126 148 192 246 277
127 157 196 247 274
137 161 217 232 296
100 168 181 228 281
115 154 187 256 273
101 147 197 251 265
132 148 191 227 261
130 153 213 222 274
102 178 217 242 266
103 140 198 255 284
138 176 201 223 268
118 171 200 257 262
117 141 211 222 286
117 149 188 241 276
123 159 206 256 299
112 163 216 251 263
136 167 212 236 297
116 149 194 253 278
100 175 180 230 284
134 161 216 235 266
105 156 189 260 278
118 143 212 229 297
105 160 201 254 296
131 156 213 259 294
101 145 200 250 292
124 174 197 238 282
127 142 218 256 276
112 157 197 226 278
114 162 214 253 280
125 140 192 226 271
124 163 214 259 261
124 170 183 233 278
111 160 183 254 300
103 164 217 245 295
112 147 188 258 286
115 158 191 221 277
110 177 218 237 300
109 158 188 257 276
111 160 216 220 286
135 148 207 258 286
132 180 180 250 267
114 178 214 259 291
127 174 189 227 293
140 168 208 239 284
128 165 185 227 300
125 140 214 248 280
104 162 205 259 288
104 144 198 237 275
103 140 185 240 280
108 145 213 259 269
134 177 191 230 264
130 163 218 260 282
135 157 190 230 299
101 146 190 229 283
101 168 214 233 269
136 158 199 260 282
140 172 182 220 290
110 166 208 224 300
125 175 183 226 284
105 157 213 252 266
112 180 192 258 273
138 177 215 239 285
128 169 180 222 295
116 161 219 246 267
104 176 201 226 273
140 180 214 248 260
106 153 206 220 296
135 162 216 247 299
106 170 192 228 297
123 177 216 226 298
119 158 190 222 273
128 144 209 242 265
128 156 198 257 300
137 177 220 237 283
128 147 213 235 267
114 180 206 237 282
129 142 181 254 279
114 175 180 224 297
104 146 202 239 264
136 145 212 226 283
116 168 204 251 278
132 143 220 252 275
111 171 209 257 279
121 151 218 236 285
121 172 189 247 297
129 180 209 247 284
138 148 203 241 277
139 145 215 241 267
104 155 180 239 264
109 166 184 244 296
114 156 211 220 272
124 142 206 237 277
131 154 189 240 268
120 167 212 242 280
122 153 185 226 280
103 175 197 225 270
109 154 181 228 265
115 152 182 259 281
107 176 188 256 297
139 163 197 240 265
105 140 195 249 265
117 166 206 248 288
127 175 214 237 286
110 161 211 245 267
129 163 210 240 283
140 161 199 226 283
109 168 219 223 277
111 163 203 260 266
134 168 182 237 286
140 144 212 235 299
129 179 213 226 266
115 170 218 242 293
123 144 189 223 287
107 151 218 239 270
116 143 214 246 262
123 142 213 256 295
119 152 185 240 288
110 143 202 250 300
123 177 216 237 298
139 164 186 256 283
132 163 204 220 286
130 148 183 235 279
103 158 192 227 288
105 156 189 258 265
111 174 189 253 297
134 150 190 247 264
133 142 195 259 262
140 176 181 222 274
115 180 191 260 275
134 163 187 233 261
114 152 214 257 274
100 162 211 244 277
103 144 191 224 266
132 180 208 223 292
132 157 209 232 269
117 149 215 227 289
138 147 214 237 265
137 151 198 234 260
118 151 215 235 284
110 170 219 233 270
136 164 192 229 267
120 154 182 230 300
136 153 198 253 265
107 164 207 220 299
122 155 210 226 284
138 161 194 247 291
119 147 183 241 267
132 141 207 231 272
137 165 202 230 298
116 143 220 227 285
134 170 217 240 263
122 140 188 241 299
133 151 190 245 284
140 180 205 250 300
122 170 201 252 293
136 140 193 256 285
107 140 200 240 277
127 170 208 241 287
123 180 208 246 291
120 173 189 238 293
132 175 220 249 261
134 172 188 257 266
102 157 207 223 275
137 166 214 243 276
124 152 207 254 284
113 151 186 259 300
118 155 189 220 290
110 144 185 226 295
122 177 208 231 282
119 177 194 232 282
115 168 205 260 268
138 169 193 256 278
132 165 190 221 289
116 142 192 259 296
113 146 183 260 267
113 160 219 258 282
118 171 180 241 283
136 179 197 233 278
102 167 214 251 299
103 140 192 252 289
101 162 192 248 296
137 173 181 248 296
140 173 208 247 260
130 151 185 232 263
120 168 185 241 270
132 167 183 260 288
128 170 211 220 268
124 157 217 257 264
105 174 214 227 264
121 171 186 249 297
103 175 190 253 289
124 141 207 242 277
118 148 210 238 282
140 162 196 253 269
114 145 190 252 261
126 141 191 236 278
107 155 194 235 265
104 158 181 257 274
108 148 195 252 276
125 165 213 255 294
135 177 198 224 295
108 171 197 245 286
133 160 213 220 272
139 151 182 228 268
117 178 215 242 292
132 158 206 253 279
101 177 205 255 298
108 173 184 248 269
124 172 216 227 274
127 174 183 252 283
121 180 206 246 273
121 180 188 239 262
107 154 190 240 274
106 155 202 248 271
103 148 208 234 280
106 151 183 259 299
119 145 193 240 275
101 162 180 222 300
127 148 184 255 283
136 142 205 223 266
132 167 189 253 273
122 144 191 254 269
114 154 194 254 276
126 179 210 250 299
102 172 190 249 266
108 180 200 243 279
103 169 182 238 296
125 140 180 254 267
140 149 187 229 262
128 155 209 223 289
109 170 184 247 298
138 148 184 246 267
113 166 195 244 260
138 155 202 251 278
124 158 213 254 286
100 141 195 254 266
124 166 219 251 284
137 141 185 236 287
129 175 183 228 271
139 168 216 256 294
135 169 190 239 272
128 154 192 254 269
133 163 187 236 289
139 158 218 240 287
112 155 197 223 299
107 154 208 260 300
135 171 210 247 281
113 175 187 239 274
131 161 184 229 300
130 142 214 220 263
118 161 184 220 269
105 147 197 230 288
113 156 200 254 262
113 179 208 239 289
137 169 187 241 288
130 173 189 260 274
128 176 202 254 270
113 144 218 233 297
124 153 212 220 264
127 157 200 225 285
129 164 184 239 265
128 163 214 246 263
125 166 188 260 295
124 147 183 220 269
128 144 185 254 269
127 140 197 241 288
112 180 190 251 298
136 172 220 237 271
136 175 195 252 289
131 149 181 221 278
121 166 195 236 289
116 140 209 231 285
136 143 210 230 300
128 154 190 248 262
114 166 187 252 285
125 163 219 251 267
108 174 192 254 280
118 166 192 226 297
134 161 195 228 279
117 178 208 254 263
125 165 210 222 281
126 148 185 246 270
135 160 208 253 292
137 155 208 255 276
115 158 209 225 280
110 169 220 233 280
112 145 191 254 272
130 153 212 221 293
117 147 181 229 296
112 148 196 231 288
128 170 220 226 286
108 160 198 240 275
124 171 215 247 294
108 149 186 223 261
113 140 199 224 271
139 180 183 228 267
104 180 201 259 270
114 159 218 226 274
102 180 198 225 273
131 159 191 250 299
116 151 205 221 269
131 152 185 240 299
132 146 191 241 291
137 145 214 227 279
119 175 214 252 260
115 174 212 227 277
110 150 209 260 285
133 176 192 258 292
122 168 208 227 263
137 180 187 253 290
106 141 187 225 293
121 180 220 247 289
110 170 185 252 278
127 176 213 224 262
107 169 220 232 282
124 163 195 243 298
101 174 208 243 261
114 142 190 254 296
129 162 187 226 297
137 174 192 245 281
107 167 196 243 291
108 150 209 258 290
103 177 190 254 271
104 167 184 233 273
136 157 182 243 300
130 180 198 233 277
132 180 215 253 296
111 144 207 224 262
132 156 183 255 292
111 169 204 240 287
135 175 209 232 283
108 164 183 231 276
107 174 216 257 266
140 142 187 238 290
134 151 218 221 295
132 165 195 252 264
121 142 180 241 288
134 172 204 253 299
137 161 217 242 294
134 153 192 220 264
130 180 206 246 299
101 164 194 223 267
130 161 206 222 261
116 168 184 237 282
116 166 187 234 273
123 171 187 239 296
123 157 201 256 274
105 158 198 223 280
139 149 203 257 291
108 166 200 221 299
114 161 196 246 263
112 163 194 222 264
121 152 196 247 265
117 160 214 255 264
139 164 201 243 285
127 167 198 226 261
136 163 201 220 280
122 154 188 249 287
125 152 190 244 287
103 143 217 233 278
109 143 189 220 272
101 154 201 243 299
134 147 208 223 289
111 145 202 244 288
113 169 184 234 265
133 152 198 235 269
119 176 205 255 288
132 160 183 260 292
103 179 189 221 266
138 148 183 233 291
132 164 195 239 278
108 149 214 240 272
133 152 218 260 269
111 176 180 236 291
104 166 200 250 270
106 157 216 242 273
115 165 194 225 291
124 171 198 245 281
121 168 210 224 264
120 148 219 240 269
119 164 184 223 289
102 178 195 225 271
115 180 207 234 296
118 161 194 260 281
130 165 201 222 285
100 171 209 231 282
107 158 183 236 268
114 161 185 245 278
132 171 207 220 267
132 153 199 226 300
135 172 212 233 263
124 155 219 220 289
129 168 184 242 271
124 175 199 254 279
131 141 203 230 286
133 176 183 248 282
114 168 207 256 285
118 175 213 228 288
131 152 202 231 269
132 180 181 252 275
104 148 183 258 299
119 148 192 228 275
118 179 183 250 288
101 175 198 250 271
106 141 180 230 269
138 169 187 237 290
126 170 209 257 271
137 178 186 222 262
137 178 185 253 296
117 140 192 232 265
132 157 193 253 270
132 180 198 242 260
103 178 199 229 282
110 143 210 240 278
104 159 193 228 265
103 152 218 253 271
112 164 206 230 261
122 141 182 249 286
112 165 204 260 260
119 155 182 234 275
137 148 184 224 272
109 180 193 238 289
104 153 203 254 275
111 158 220 250 292
100 179 210 242 278
106 167 216 222 269
103 148 183 252 262
120 161 217 244 295
118 148 220 224 274
114 153 218 260 300
130 149 199 236 267
139 148 203 253 274
130 148 217 260 297
132 154 198 234 279
131 180 205 248 277
122 140 183 222 285
119 148 205 255 297
104 145 196 253 295
116 161 199 228 272
124 176 181 225 289
122 144 182 239 291
128 140 218 244 263
132 179 187 236 273
103 152 198 240 295
116 161 201 245 289
100 156 206 254 261
124 161 194 227 266
136 140 185 240 288
131 154 198 222 293
140 167 194 227 285
120 149 195 256 268
100 173 209 251 286
132 146 206 259 263
112 176 214 228 265
127 142 195 255 273
117 164 191 256 290
109 150 217 224 294
138 142 212 244 288
113 180 215 222 286
123 145 189 233 291
118 166 190 249 280
106 150 181 249 288
121 152 197 229 287
119 160 184 230 288
111 140 181 243 280
106 160 214 222 293
115 175 197 232 273
122 140 218 234 283
111 147 207 230 285
130 167 198 259 294
120 151 186 242 291
127 163 220 233 261
140 155 194 244 262
116 165 207 232 284
132 165 208 244 300
115 149 207 230 260
102 154 194 224 293
131 150 203 245 267
120 158 186 244 295
134 148 199 242 276
139 157 213 243 291
123 145 183 227 269
124 156 216 228 294
117 141 183 256 271
138 168 191 233 264
112 175 200 242 289
131 153 181 247 291
110 166 181 257 266
122 150 220 239 285
121 171 206 247 264
117 170 186 238 265
117 153 184 256 263
112 170 181 255 291
132 171 219 232 270
127 147 205 232 295
139 179 180 259 271
118 172 184 229 300
104 169 212 260 270
115 148 206 226 294
139 175 180 240 285
112 149 185 257 289
112 165 201 256 283
112 161 190 229 272
101 167 220 221 289
125 168 196 240 272
125 146 186 230 297
134 171 187 227 268
135 167 214 230 299
139 164 212 240 266
132 173 199 239 279
128 164 203 225 295
111 154 180 257 295
140 178 214 259 263
130 142 202 236 262
112 149 198 225 297
4507 8064 8244 9910 12071
2295 3661 4497 5686 6039
3008 3464 4449 6083 6779
1520 1928 2506 2914 3167
5288 6769 7209 8890 11771
2691 3969 4784 5114 5796
2488 3489 3789 4930 5231
4258 5858 8278 8902 10658
1184 1945 1989 2562 2948
4592 5538 6659 9040 10091
3400 4271 6071 6593 8653
2532 3659 4584 6211 6586
5397 7113 8927 12702 13241
1772 2010 2669 3609 3847
2040 2248 3193 3610 4779
6218 7388 8874 9955 12881
3938 4598 5799 6820 7931
5941 7184 10129 11556 13489
4768 5040 6129 7966 9327
1231 1989 2301 2662 3443
4007 5848 7329 10131 11892
2911 3728 5218 5338 6875
1543 2036 2601 3118 3226
2674 3263 4272 5176 5996
2893 4273 4741 5834 7395
2791 3619 4195 5116 6889
2711 4116 5105 6745 6927
3516 5113 5925 7492 7957
1291 2097 2409 2866 3455
6308 7508 10510 12060 13461
4327 5128 6473 8138 9227
2023 2726 3573 4348 5285
4207 7009 7849 9930 10571
6133 7456 10153 11574 13045
1077 1779 1909 2500 2841
5328 6012 7723 9548 10575
2548 3449 3769 4870 5451
3495 5129 6217 7818 8811
2401 3411 4546 4945 5555
1463 2075 2857 3234 3417
1351 2085 2241 2842 3587
3952 5041 6129 7762 9327
4073 6507 6849 9472 11069
5299 7358 8325 10636 11855
2267 2928 4410 5091 5211
6525 8093 8878 12309 13584
4707 7717 9739 11573 12278
3397 4508 5559 7390 8921
1822 2604 2979 3370 4346
3231 4937 6643 8070 9280
2030 3001 3750 4022 4584
2936 4968 5577 7202 8015
5227 6353 9370 11261 12116
3004 4761 5598 6490 7490
4019 4938 7252 7592 10075
6070 8421 10161 11854 12935
4694 6587 8954 9642 12137
2885 2948 4567 4777 5954
3997 4943 7079 8585 10161
1528 2232 2453 3156 3651
6536 7112 10186 11194 12491
2048 2349 2889 3400 3971
4908 6239 7149 8515 9390
6399 7904 9409 12136 13688
4848 7811 9175 10820 12889
3383 4109 4934 5610 6611
4435 6651 8128 9153 10753
2212 3642 4104 4819 6248
4796 5697 6633 7966 9443
4114 5410 6669 9187 10741
1992 2424 3482 3546 4427
1368 1438 1849 2501 2751
3307 4718 5859 7390 8591
2708 2848 4210 4990 5351
4681 6088 8142 8750 10765
5584 6486 8332 10014 11737
5488 6048 8009 9930 10691
4296 4520 6377 8106 9003
4642 7389 8964 11576 12251
1758 2746 3086 3784 4976
2588 3328 3969 4430 6011
3371 4242 5810 6942 7667
2569 2990 3852 5176 6290
2807 4096 5694 6703 7515
5088 6889 7809 9050 11411
2032 2468 3114 3835 4226
4172 5888 7569 8550 9601
3927 5013 6309 8761 10021
4543 7148 9249 10762 11897
2789 3960 4767 6302 7733
1250 1603 2210 2628 3102
3951 5653 6163 8272 9463
5383 8553 9129 11050 13979
1927 2889 3305 3914 4539
3807 4126 6332 7289 7870
1567 2097 2361 2950 3323
5607 8859 11010 11510 13211
2286 2813 3375 3818 4822
3023 4794 5548 6738 8508
6008 7158 9910 11010 14161
3778 4416 5403 6390 8102
1561 2235 2571 3244 3959
3082 4033 4559 6410 7211
3107 5248 6085 7916 8226
1996 2882 3375 4345 4584
3734 4464 4896 6058 7976
6557 8909 10609 11510 14411
3662 4097 5607 6564 7986
5224 8046 8469 10397 13218
2682 4034 4809 5610 7186
3538 5883 6411 8491 9911
1711 2271 2570 2870 3508
1928 2360 3033 3834 4427
3894 4620 5548 6593 7696
4763 6076 8169 9071 12065
1604 1760 2566 2746 3323
4791 7046 9348 10820 12615
6353 6776 8798 12042 13641
2691 3396 4740 5004 6479
3691 4358 5229 7522 7870
4753 6602 9249 10426 12317
4948 6088 8370 8636 10461
2330 2618 3267 4691 5069
1315 1857 2217 2662 3504
5348 7260 10153 10937 13780
3713 4904 6367 8477 9599
1703 2312 3386 3898 4651
1652 2121 2253 2830 3215
5957 7008 10109 12460 14761
2023 2942 3916 4114 5087
3577 5109 6878 7728 9191
2013 3001 3511 4090 4737
2287 2991 4171 4323 5597
3967 5228 7066 8399 9443
2527 3620 4566 4882 6164
2532 4134 5435 5660 7286
4263 6621 7115 8522 10195
5836 7293 9692 10961 12513
5343 6540 8611 11833 12109
3021 3711 4333 5507 6543
6457 7008 10760 12060 14511
5425 6974 9039 10029 12481
3679 4868 5436 6544 7841
2087 2848 4030 4731 5511
3747 4802 6742 7558 9293
4075 5444 7173 8146 10487
4908 5503 7429 9040 9355
1603 2249 2613 3455 3819
1915 2762 3483 4402 5285
1671 2377 3306 3546 4251
2607 4481 5105 6666 7707
2737 4351 5053 6172 7681
4766 5819 7224 9331 11360
3159 3735 4402 5300 6175
4687 6951 7770 9682 11438
5426 7023 7947 10678 11225
3482 3958 5434 6510 7261
1703 2424 3081 3898 4667
3373 5685 6510 8161 8756
1007 1599 1889 2591 2701
3487 4929 5679 7180 8261
6770 6966 9613 11476 12898
2222 3105 3339 4276 4691
4768 5728 7930 9330 10691
3328 4437 5653 6409 7166
5182 6353 9504 11080 13421
1777 2258 3024 3610 4196
1927 2873 3337 3882 4555
4873 6274 6939 9005 9285
5103 7849 9957 11623 13143
4155 5346 6469 8714 9463
1612 2499 3160 3445 4076
1799 2296 3338 3642 4539
5244 6961 7973 10571 11847
5977 7199 8704 11008 13171
5813 6415 9040 10158 11449
2294 2618 3520 4276 4691
5137 7343 9189 11620 12206
5201 8437 10447 10937 14319
3152 4161 4473 6106 6299
3427 4508 5859 7451 8141
4255 4503 5868 7636 9125
4687 7118 8964 11711 12476
3037 5349 6610 6790 8891
3207 3658 5284 6335 7386
2295 3154 4762 5092 5929
4796 5408 7426 8542 9623
3152 4041 4353 5434 7139
1928 2609 3665 4277 4839
3487 4958 5469 7480 8801
1303 2145 2409 3022 3431
2671 4089 4977 5626 7019
5574 8197 8703 10314 12201
3626 4058 5463 6247 7598
5740 8094 9761 11329 12996
2248 2585 3049 3546 4443
3690 4648 5838 6738 8392
3845 6393 7115 9587 10347
5993 7749 8244 11080 12341
2135 2858 4171 4589 5255
3877 4748 6610 6730 8681
6402 7598 10038 10268 12891
2338 3074 3915 5155 6311
4665 5040 7387 8476 10041
1168 1488 1940 2210 2761
5883 6729 9880 10350 13124
5976 7669 10067 11572 13594
2363 2801 3790 4798 5464
5960 6968 8745 11387 12971
1162 1780 2077 2849 3069
4399 6489 6921 8326 10199
4867 6758 8604 10450 13151
5719 8648 9465 12346 14411
4137 5433 7534 8725 10371
2018 2168 2829 3835 4496
1437 2102 2427 3052 3677
4767 5923 7184 8585 10126
6296 7448 10234 11962 12490
3335 5321 5993 7658 8971
2078 2498 2829 3820 4241
4759 6653 8281 10483 11935
1520 1989 2193 2734 3479
3495 5705 6313 8266 8619
3788 4418 6099 7510 8261
3023 4823 5519 7347 8450
1248 1649 2090 2250 2641
2252 2439 3358 3903 4975
5420 6564 9294 9734 11935
4651 6286 8868 9556 12826
3892 4908 7185 8831 9461
4491 6469 7914 8522 9891
6574 7309 9564 12015 14074
1173 1658 2242 2672 3278
3431 4585 5930 7211 8684
3373 4826 6180 7468 9912
1838 2153 3100 3370 4316
4642 7569 8154 11621 12161
4230 7143 8004 9522 12229
1129 1813 2298 2529 3168
1763 1841 2610 2948 3638
2212 3452 4524 5365 6206
1580 1844 2650 2758 3287
1861 2925 3483 4348 5069
1544 1724 2626 2818 3371
2568 2828 3829 4530 5991
5128 6969 8209 9170 10491
2857 3984 4709 6061 6611
4207 6009 7770 9050 11051
4567 5366 7913 9168 11373
1671 2344 3081 3979 4651
4995 6974 8996 10545 12696
4627 5972 8326 10006 11855
1867 2528 2994 3550 4361
4230 6568 8127 10630 11614
3751 5609 7050 7594 8715
5005 8584 10398 11035 13143
3997 4988 5739 7450 8981
1631 2290 2571 3426 4099
5813 7073 9640 10045 12206
3224 3608 4401 5770 6539
1504 1845 2088 2815 2981
2348 2744 3429 4204 4961
4297 6327 7302 8590 10619
2623 4185 4425 6251 6707
1107 1418 2010 2511 2681
4640 6774 7840 9071 11614
4039 4677 5722 7347 7667
3679 5444 7606 8182 9731
3441 5619 7490 7898 9157
3159 3527 4908 5806 6451
1628 2157 2193 2686 3251
2890 3484 4520 4960 5951
3637 5189 6543 8591 8921
4967 6088 7449 10370 11491
2128 3516 4125 4945 5996
4363 5453 6807 7930 9845
5343 8013 10084 10452 12293
2956 3837 4321 4916 6215
4780 7276 9169 10760 11363
6447 7011 9598 10538 12654
3231 4689 5105 5808 7239
3239 5577 6282 7466 8459
5167 6888 8566 9685 12266
3895 5552 7894 8398 9803
5420 6486 8045 9891 12147
6727 8648 10521 11434 13834
4999 6482 7458 10033 11282
6448 6724 8933 10360 13305
4148 7307 8579 9522 11573
2293 3050 3753 4528 5087
1137 1769 2149 2520 2691
1528 2232 2492 3091 3859
1783 2440 3177 4042 4667
1294 1978 2342 2452 2948
5244 6961 8017 10835 11583
2248 2536 3465 3850 4427
1504 1978 2000 2496 3179
4653 6586 9210 10729 12017
2230 3239 4019 4760 4950
5748 6568 7512 9440 12229
5151 6521 7409 8853 10038
5057 8509 10209 11260 14811
3907 5819 8122 9838 11126
6493 7387 9879 11525 14064
3151 4232 5097 5722 7091
5177 8328 8939 11290 12889
4167 5160 6121 8170 9387
6400 7951 8892 11901 12889
1197 1679 1889 2300 2971
1297 1598 2190 2530 2620
5383 6308 8619 10846 12569
3022 3286 4849 5290 6413
5457 9009 10610 11310 13761
1826 2967 3477 3903 5077
2657 3733 4785 5560 7262
6080 6960 9162 9734 11451
2857 4009 4609 5860 6736
5297 6035 8538 9973 10917
1188 1408 1839 2581 2631
2548 3326 4146 4903 5891
3075 3804 4949 6250 7681
6083 7343 9774 10225 12926
1231 1928 2638 2674 3503
5665 8058 9255 11418 13581
5375 7092 8501 10922 13123
2077 2834 3952 4006 5249
1347 1678 2209 2520 2840
3408 4083 5134 6085 7236
1673 2487 2613 3272 4113
4373 5410 7743 8335 11037
3344 3920 4905 5722 7043
1338 1508 1889 2420 2781
1730 2178 2697 3328 3861
3747 5244 7422 8408 9361
4463 4661 6511 7402 9119
4694 6200 9083 9642 11750
2977 4139 4923 6950 7409
1375 1748 2482 2818 3479
3508 4096 6114 6366 7599
2604 3639 4278 4872 5775
2273 3837 4674 5246 5731
4277 5678 7604 8235 10406
5083 6729 8892 12231 12231
1603 2262 2865 3608 4141
3577 4238 6520 6610 8741
2735 3572 4255 5664 6545
2971 3804 5053 6094 7811
4107 6979 8537 10588 11204
3452 4012 5638 6198 7627
3997 6274 7499 7710 10301
5420 6937 8168 10096 11409
5363 6849 8604 10495 11936
3507 5819 6624 8620 10301
3080 3584 4353 5650 6899
3217 4298 5650 6971 8111
3921 5328 8218 8788 10347
4130 5247 6581 7760 8660
6308 6578 9910 10315 11711
3088 3594 4211 5488 6171
2719 3512 4977 6106 6995
3205 4010 4977 5161 6819
3448 5558 5899 7822 8660
5671 7064 9657 12058 13259
5740 7701 9809 11966 13731
5191 7593 9465 12107 12539
3802 5553 6708 8128 8657
2370 2881 3579 4192 5026
1291 2001 2181 2734 3395
5804 6602 8535 10846 11477
4336 6990 7848 10033 10424
2843 3684 4125 4735 6101
3637 5421 6312 7501 9350
3224 3656 4882 5290 6251
2648 3308 4035 5048 6215
4087 7089 8650 9970 10691
2467 3028 3709 4710 5951
3645 4768 6299 8715 8885
5429 5546 8317 8902 11321
2958 3984 4659 5635 6886
4180 5507 7302 9019 11244
2200 3051 3596 4192 4788
1320 1828 2623 3104 3912
4019 4768 6639 7694 9905
3169 5434 6209 8039 8474
5479 7448 10138 11770 12923
3967 5588 7822 8182 10415
4100 4906 5620 7978 8319
1659 2101 2570 3156 3469
2200 2312 3370 3706 4443
3205 4246 4871 6692 7161
2186 2979 3429 4222 4691
4077 5410 7743 9150 9890
2128 3515 4587 5155 6227
3101 3908 5157 6172 7291
2736 3110 4167 5356 6347
3622 3778 5001 5808 7005
5936 7162 9123 12260 14123
2959 3896 5121 6178 6659
5742 8093 8704 10961 12560
4353 6938 7799 9604 12024
2231 2935 3524 4437 5103
3963 5294 6590 7955 9391
5691 7260 10643 11084 13878
5468 7748 9426 10889 12480
1672 2284 2713 2935 3495
2200 2712 3001 4154 4267
3293 5217 6396 7574 8071
4848 7858 9363 10397 13265
5009 6650 8537 9440 11573
1962 2422 3733 3852 4720
1671 2696 3530 4138 4475
3283 4220 5730 6016 7369
3847 5449 5865 7370 9195
4456 4872 6377 8106 8939
4298 4793 6345 8459 9053
1294 1570 2320 2562 3036
3427 5259 5469 6850 8891
2427 3859 4189 5687 5885
5856 7361 8308 11147 11922
2296 2990 4104 4924 6164
4781 5336 6854 9631 10075
5691 7260 9221 12310 13584
2929 3827 4586 5070 6681
3417 4441 6272 6954 8598
5899 6630 9169 9771 11578
4393 5278 6843 8476 9633
3538 5685 6543 8095 9911
2024 2344 3033 3963 4363
3857 5644 6554 8761 9706
3187 4718 6250 7601 7961
2923 4004 5599 6382 7544
1828 1919 2649 2870 3456
3857 5644 6309 7920 9601
1912 2291 2599 3090 3819
3464 3788 5085 6193 7841
6308 8019 8784 10720 12701
4976 6056 6741 9298 9983
1802 1932 2609 3156 3560
2780 3284 4104 4798 5597
3479 4720 6458 7016 8660
5551 7064 8409 10804 12443
3894 4271 6012 6419 8653
5748 6650 8783 9891 11204
3302 3788 5410 6193 7328
2267 3309 3629 4971 5371
1628 1700 2181 2914 3371
2841 4507 4923 5782 7369
3082 3683 5510 5660 7186
6401 8288 10037 11924 13810
6607 8858 11009 12710 13910
2975 4404 6086 7178 7515
4102 5398 7640 7955 9846
6070 8186 9550 11525 13735
4006 4844 6799 7264 8753
1349 1603 2320 2518 3146
3781 5706 7595 9260 10371
1463 2297 2714 3143 3430
1897 2304 3019 3496 3889
6858 7758 9959 11410 14711
1843 2996 3519 4672 5393
3682 5364 6589 7920 9846
2965 4417 5491 6797 7812
1349 1923 2011 2826 3036
4249 7107 7989 10427 11309
1838 2213 2844 3685 4151
1427 1834 2242 2826 2870
1378 1738 1939 2550 2881
5012 5336 6849 8614 9479
6344 8217 9033 11002 14315
2150 2388 3256 4312 4482
4912 6353 8739 11261 12521
4347 6309 6449 8795 10161
3407 3958 5384 6210 7336
6181 8387 9564 12652 14613
2557 4384 4959 6135 7086
1882 2483 2964 3895 4091
2192 2972 4094 4798 5407
3781 6129 6843 7660 9939
2590 3074 4630 4630 6311
5595 7400 8325 11318 12683
4642 6533 9775 11035 12566
1555 1919 2453 2896 3664
5992 6168 8985 11098 11803
1762 2529 2934 3325 4406
3623 4648 6442 8043 8555
2150 2524 3273 4192 4720
1786 2206 2753 3468 3847
3296 3872 5217 5578 7115
3307 5553 5982 7534 9284
4722 6322 7676 10507 11204
3138 4565 6117 7792 8226
4496 5040 6504 7728 8885
3388 3986 5548 5782 7135
3271 5705 6954 7754 8523
1552 2108 2979 3836 4271
3044 3881 4431 4916 5907
2603 3771 4409 5664 5775
3166 3815 5707 6004 7733
3166 4031 5085 6517 7463
3574 4619 5983 7434 8682
1911 2779 3682 4277 4482
2183 2680 3401 3786 4763
4647 5968 7769 10131 11131
4507 7884 8109 10360 12791
1884 2262 3034 3300 3735
1477 2192 2655 3651 3903
3901 4727 7006 7567 9812
5152 7848 9858 12456 14515
3282 3908 5334 6485 7361
1623 2328 3209 4011 4683
4099 5751 6510 7864 9317
5341 5972 9166 10762 11603
3927 5504 6905 7920 9741
5137 7298 9639 11395 12611
6133 6868 9418 11084 13290
3479 4572 6001 7262 7318
5092 6979 7512 9563 11409
2560 3688 4218 5852 6911
2273 3616 4783 5400 6501
5383 7064 9033 12395 13739
5067 6961 8413 9734 12199
1107 1778 2189 2380 3011
2514 3642 4333 5922 6359
1450 2088 2818 2870 3729
2438 2672 3735 4654 5159
2384 3249 3249 4510 4817
4795 7484 8997 10888 12233
4071 5577 6057 7274 9387
5468 6560 8121 9331 11087
2568 3308 3709 4550 6011
2132 2388 3648 4226 4771
3231 5030 6364 8039 8939
2295 3176 4366 5225 6061
3818 5188 6854 8891 10372
1303 1748 2566 3119 3239
4028 5319 5739 6910 7931
1957 2453 3279 3910 4240
5138 5974 7229 8750 11373
3138 4534 5900 7109 8785
2835 4713 6002 6534 7543
2864 3326 4188 5470 5933
2528 3105 3285 3970 5231
3087 4656 5833 6282 8411
4633 6484 6780 8372 10519
1057 1578 2140 2530 2671
3815 6129 6537 8782 9293
4837 6203 7534 8375 9986
6024 7952 8469 10444 13876
4995 6931 9427 10588 11492
3335 5641 6442 7242 8747
6168 7929 9425 10922 11450
4565 6587 8868 9470 12739
5677 6812 9081 10384 12569
1597 2559 2889 3430 4466
2467 3548 4329 4530 5971
3935 5223 6279 7336 9020
2056 2312 3354 3882 4251
3335 4064 5157 6692 7811
3706 4787 5949 6409 7651
3976 4565 6613 7295 8288
2287 3609 4129 4750 5651
1685 1854 2362 3313 3638
4795 7359 7569 9418 12485
3335 4680 6474 7659 8459
5992 6388 9338 9954 12463
3835 5552 6741 8293 9185
4364 4727 7270 8326 9086
4891 7532 9205 11318 12287
5210 6501 9384 10158 12266
4363 6200 6813 8902 10703
5425 7568 8787 10384 11939
4010 4300 5896 6999 8044
2649 2763 4095 4589 5084
3959 5899 6849 9093 10043
3931 5985 6633 8794 10667
5137 7029 9505 9910 12251
1248 1428 2070 2380 2781
4855 5706 7002 8890 9927
2167 3014 3825 4366 5051
3302 4140 5004 6112 7571
2376 4034 4541 5185 6221
1642 2319 2724 3431 3986
3227 4264 5105 7263 7879
3217 5289 5649 7690 8921
2371 2779 3358 4090 4516
2737 3648 5080 6485 6901
1879 2664 3305 3978 4619
3690 5083 6215 6883 8305
1767 2584 3386 3930 4283
5941 7506 9669 11050 13029
7008 8058 9959 11310 14161
3168 4881 6361 6477 8044
4447 6528 8129 10411 10651
4430 5553 6015 7831 9449
2668 2744 4037 4475 5692
3362 4663 5548 5886 6927
1617 2388 3061 3398 4113
6158 7208 9459 11160 14361
4608 6501 9384 10287 11621
1747 2153 3220 3700 3941
2344 2706 4056 4874 5616
3339 4264 5189 6730 8075
4627 6014 8493 10510 12611
5542 7973 9729 10675 13421
6541 7716 8751 12042 13312
2516 3105 3885 4190 5445
5338 6076 7512 9645 11450
3818 5855 7113 8409 10667
4102 6093 7380 10073 10346
3559 5577 6057 8106 9515
2956 3308 4189 5444 5819
6259 6682 9174 12184 12325
5048 6345 6525 8002 9875
4147 6489 6885 9370 9911
4966 6040 6928 8631 9668
3769 5024 7072 8491 9053
2307 3735 4863 5622 6382
3097 4329 5740 6731 7991
4759 6489 7497 8038 10523
5948 7073 9415 10450 12116
4453 5670 8180 8636 10993
2906 3095 4504 4987 5576
3570 3934 5157 6094 6771
4019 5142 7320 8000 9667
5067 7829 10084 10728 12431
6672 8045 9417 11231 13094
4207 5398 6379 8060 10511
5992 6740 8721 11142 11671
1612 2469 3115 3310 4496
3789 4813 6520 7016 8815
5114 5965 7187 9149 10778
1317 1625 2022 2662 2948
3044 3251 4771 5323 6267
4803 5783 7079 8060 10441
2907 3583 5510 5685 7136
1482 1878 2396 2650 2903
2203 2528 3393 4348 5393
5594 6350 7989 10300 11939
5747 7388 8414 10260 12311
4643 6468 7647 9586 11145
6672 6868 9466 12554 13976
3217 4208 6010 7211 8321
5468 7318 8953 10373 12352
2713 3969 4585 5422 6413
2887 4161 4545 5722 7043
3175 4208 5289 5986 6274
4028 5169 5649 7720 7991
4801 7388 9739 10491 12936
4255 5154 6643 7543 8567
5711 7000 9531 11694 13075
2945 3934 4845 6744 7811
3075 4039 4923 5730 7551
1987 2600 3339 4078 5322
5985 8682 10201 11329 13829
1316 1956 2143 2562 3113
4952 7232 8824 11190 11535
6218 7613 8694 11530 12521
2516 3144 3619 4209 5502
1283 1570 2121 2860 3267
4301 5556 6963 9891 10157
2719 3848 5265 6202 6779
3665 5310 5589 7481 8784
1776 2336 2570 3039 3625
2659 4350 5573 6536 7785
2376 3228 4425 5807 6658
1017 1628 1929 2490 2971
4529 5717 5982 8194 9779
6728 8312 9993 11866 12490
2738 3179 3894 4882 5534
4087 5721 6299 8204 9191
4891 6187 6780 9630 10667
1416 1879 2331 2430 2959
4347 5503 7605 9005 9250
2527 4185 5146 5458 6347
4121 5822 6333 8476 10109
4333 7359 7989 10636 12149
6084 6917 10153 11868 13584
3075 3856 5470 6198 7343
5328 6164 7457 9624 10233
5593 7113 9319 12359 12800
4796 5366 7267 8978 10575
3003 4349 5442 6591 7431
3959 6013 6887 9777 10423
1951 2672 3519 4547 4979
3632 4793 6186 7405 8537
5948 7797 8721 9866 12991
5083 8046 9268 11525 13453
6259 7528 10021 10350 12795
5985 6501 7835 9814 11535
1879 2856 3449 3882 4683
2779 3326 4335 5323 5870
3037 5319 6159 7660 8951
3247 5199 5529 7451 8081
1991 2761 3466 3642 4395
1912 2619 2754 3790 4256
2185 3249 3717 4438 4925
3032 4509 4709 5985 6561
3538 5091 6279 7931 9053
5307 7758 10110 12411 13561
3612 5188 7290 8200 9811
4035 5746 6963 9853 11373
3578 4358 5799 7210 8261
4855 7785 8649 10666 14412
2421 2820 3505 4856 5388
4496 4694 6775 7369 8789
2648 3348 3789 5070 5471
3790 4472 5930 7885 8350
1945 2626 3307 4329 4703
3031 4304 5049 6010 7187
3169 5341 5899 7730 8257
4003 6669 7409 9001 10334
1346 2206 2375 3104 3859
1758 1968 2529 3567 3749
5608 5968 7489 9170 10491
5128 6208 8369 8930 11571
3168 4939 5345 7173 8653
4976 5336 6633 8866 9623
1928 2831 3324 4158 4431
6218 6983 9099 11305 12521
6083 7750 10446 12456 14025
2907 4097 5665 7377 7725
2611 3494 4608 5281 5975
4255 4379 5744 7326 8908
5039 6834 7146 8902 10580
2787 3368 4329 5130 5890
3113 3896 4379 5507 6267
5256 6322 7881 10424 11040
1604 1964 2253 2842 3479
2788 3168 4369 4810 5751
4151 5743 7298 8261 11074
2254 3242 4377 5470 6311
6622 8387 10299 12113 13780
4640 7184 7676 9809 11245
4593 5643 6449 8025 10511
6378 6966 10496 10790 12898
3784 5161 5897 7050 8619
3052 4271 5723 6680 8363
1589 2192 2809 3567 3679
4414 6990 8121 9331 11282
3433 4233 4684 6035 7211
6377 8486 9270 12750 13437
3719 5113 5867 7376 7840
1928 2456 3716 3971 5060
3852 4751 6582 6830 8195
4072 5032 6409 7210 9131
5555 7061 7921 10287 11406
2055 2616 3434 3946 4218
2507 3328 3769 5210 5911
2364 2802 3486 4190 5122
6024 6776 8704 11949 12654
4834 5328 7495 9168 10955
2583 4149 4379 5783 6865
4496 5684 7269 7831 8953
1367 1758 1959 2530 2901
2890 3286 3991 4872 6127
3637 4988 5859 7090 8681
4879 5888 8788 9712 11981
1912 2010 2949 3230 4211
3976 4782 5899 7699 8133
1717 2499 2814 3790 4286
5507 7180 9646 11054 11758
1951 3141 3465 4582 5051
2131 2997 3465 4078 5357
3760 4516 5469 6394 7823
5857 8909 10409 12710 13160
4507 5949 7570 8002 10127
5048 5928 7409 9851 10811
4192 4968 6457 7853 9063
4118 4658 6249 7660 8291
5067 6960 9206 9910 12331
5067 7783 10130 10728 12891
3815 4938 6503 8647 9259
4818 5669 7854 8187 10852
4570 5741 7068 8941 11556
3703 4892 6477 7633 9515
1799 2388 3090 3174 4015
4543 6729 8325 10090 11561
4099 5651 7104 8161 9713
2924 4032 5032 6032 7058
4302 5328 7572 8522 10309
2232 2889 2937 3658 4283
4063 7029 7848 10111 10541
2401 3347 4588 4756 5765
1027 1809 1989 2260 2741
3544 4301 5166 6760 8084
5111 6652 9030 9734 11847
6034 7000 8519 11050 13765
1856 2052 2683 3384 4085
2611 2763 4076 4323 5312
2387 3509 4289 5050 5210
4147 6273 7642 8182 9983
2757 3758 5234 6510 7136
1603 2120 2313 3106 3515
4765 6561 8122 8863 10268
3706 4869 5058 6841 7841
5307 7058 9359 11260 14662
2548 3788 4629 5197 6080
3087 4769 5189 7066 7795
1786 2473 2992 3146 3679
1933 3051 3970 4186 5087
1991 2616 3129 3898 4779
3239 5577 6666 7786 8363
2629 3274 4379 5853 6819
3104 3896 4497 5434 7139
6310 8013 8841 11280 12937
3324 5186 6085 7543 9032
1627 2258 3144 3880 4361
3612 6204 6659 8901 9496
1983 3182 3505 4437 5198
4768 5503 6379 8515 10511
2738 3789 4167 4903 5828
3439 4688 5599 6588 7706
2671 3464 4978 5386 6299
5552 6560 7695 10720 12275
1561 2375 2865 3370 4029
5003 6483 7742 8594 10482
5083 7717 8610 10867 12983
2468 4011 4978 5921 6128
3928 3984 5245 6674 8131
4564 5142 7422 7524 10041
6608 8258 9759 12610 13211
2912 3416 4329 5794 6923
2151 2760 3273 4058 4795
1377 1618 2179 2430 2951
1616 1845 2313 2650 3179
3127 4328 4953 5914 7187
2027 3289 3890 4470 5351
3258 4034 5160 5560 6536
4067 5889 6449 8305 9881
2791 3993 4497 5626 6563
5911 8217 8985 11482 14219
5173 6602 8451 10762 11519
3367 5065 6346 7146 8971
5151 5521 7520 9519 10778
5083 7811 9409 10397 14064
2857 4034 4909 6161 6586
4823 7018 8352 9556 11363
2670 3352 4321 5445 5841
2815 3848 5146 6130 6347
6819 8044 9858 11917 13976
1278 1679 1989 2270 2621
5312 6365 7848 8590 10931
5985 7554 9221 12211 14074
3758 4568 5709 7330 8621
3303 4584 6954 7466 8907
2841 3727 4924 5730 7084
1118 1702 2220 2683 3300
4698 5153 7290 7815 10126
3004 3923 5463 6598 7787
1928 2882 3137 3988 4516
2668 3048 3969 4710 5391
1792 2648 3084 3835 4331
4231 5128 5865 8330 9355
4024 6990 7380 8629 10385
5252 5632 6963 8864 11069
4628 5748 6834 8375 9741
4543 6266 8998 10090 11435
1470 1680 2407 2870 2969
1894 3001 3069 4022 4958
3751 5985 7209 9010 9731
2975 4404 6058 6786 7655
2652 3804 4471 5185 6704
4967 6849 7929 9810 11251
3879 5385 6730 7178 8459
4567 5632 8332 9130 10233
1911 2633 2953 3578 4635
4393 7663 8394 9685 11664
3802 5949 6840 7732 9779
3783 5160 6217 8330 9003
3388 4299 5235 5782 7421
1907 3258 3981 4399 5369
4715 6961 8061 10395 11803
2059 2907 3339 4420 5015
1988 2574 3115 3310 4016
3044 3527 4586 5208 6911
3383 4309 5309 5835 6585
4347 5433 7675 7710 10126
3620 4713 5161 6786 7599
1743 2459 2795 3566 3917
1973 2123 3054 3460 4301
6525 8633 8976 12162 13829
2287 3368 4149 5130 5711
1187 1759 2139 2290 2891
6034 7000 9302 10636 12385
4100 5589 5620 7822 8536
4791 6816 8427 11879 13765
4768 5928 7690 9130 11011
2249 3410 3486 4760 5483
3845 6659 7533 9510 10309
2763 3675 4690 5991 7006
6908 8458 9359 11860 14511
3661 4938 6070 7463 7869
6447 8375 8751 10444 12325
4939 6416 6669 9118 10667
3752 4488 6154 7435 8491
1328 1578 1939 2540 2711
3440 4689 5157 6302 6770
3818 6595 7372 8483 10445
5067 6586 9670 11050 12799
4375 6687 8116 9586 11141
2067 3048 4370 5070 5431
4151 6077 7632 8520 9668
5254 6071 7835 10718 12309
4151 6114 7557 9631 9631
5958 7759 9109 11710 13761
5488 5928 7369 8970 10891
1097 1809 1939 2390 2901
1151 1691 2243 2805 3036
3892 5538 7709 8760 10231
4007 7169 8409 9690 11131
2975 4685 6058 6226 7543
3406 4893 6048 8327 8657
1927 2584 3481 3914 4731
2603 3264 4850 4938 6039
5593 7505 10691 12750 14711
5728 6564 8765 10394 11759
5429 5780 7926 9877 10697
3647 4152 6085 7290 8327
2516 2934 3771 4456 5312
1841 2529 2879 3482 3888
5010 5748 7512 9112 11697
4053 5040 6979 8680 10109
1879 2618 3537 4565 5321
3255 4517 5582 6394 7627
1867 2649 2724 3385 4346
4156 4904 6197 8136 9905
6408 7008 10910 12210 13161
6344 8601 8985 11338 13115
4539 6696 8721 10570 12991
1283 1779 2220 2705 3190
1407 2192 2894 3567 3665
4844 6288 7575 8863 10385
2456 2528 3339 4330 5195
4986 5860 7533 8446 11145
5748 6855 7963 9317 11696
4807 5968 7809 10251 10731
4407 7621 9205 11054 12595
5552 6140 8661 10888 11057
3927 6169 7500 7990 9286
1659 1854 2544 3326 3560
3868 5420 6312 8458 9581
4803 6608 9558 9866 12947
5942 6114 9125 10502 12395
5657 9009 10760 11110 14311
5912 6968 9081 11194 13979
1659 2333 2669 3496 3931
1915 2708 3267 4493 5195
3395 4264 5525 6422 8047
5243 7049 8105 10130 12683
1561 1968 2543 3413 3931
4565 6888 9212 9556 12610
1617 2459 2767 3258 3833
2813 3228 5024 5392 6520
1117 1478 2080 2310 2861
2607 3348 3969 5190 5891
5287 6652 8193 10658 12815
4326 5550 7490 7932 8885
4768 5278 6605 8306 8919
4879 6938 8703 9754 11939
3835 4793 6041 7086 8711
2767 3584 4978 5530 6251
3883 5861 7382 8522 11146
4331 4958 6708 8095 8822
5287 6960 8193 10746 12991
5100 5632 7571 9206 10499
2232 2520 3417 3898 4667
3083 3633 4584 5685 6736
3355 4220 5842 6166 7949
5740 6917 8976 12555 13290
3872 4713 5357 6534 7403
2023 3159 3609 4366 5213
3414 3986 4715 6432 7577
4407 6649 7249 10291 10651
1227 1508 2210 2400 2861
3637 5139 6189 7420 7931
4453 6469 7077 9054 10081
1294 1691 2033 2827 2904
5607 8509 9059 12760 14561
3044 3941 5047 5346 6221
2802 3242 4519 5114 6501
3344 4305 4329 6226 6515
3193 4653 4977 6193 8111
1463 2375 2977 3650 3791
4952 6372 8868 9728 12653
1398 1759 1809 2410 2861
3927 5223 6484 9006 10126
3143 4628 5637 7178 7935
1239 1780 2099 2529 3003
4754 7858 10350 10397 13594
2007 2697 3145 3850 4363
5383 6286 8007 9900 12782
2018 2574 2814 3415 4031
2032 2513 3219 3460 4496
1398 1648 2129 2410 2670
1856 2431 2795 3356 3917
3335 4272 5287 5860 7681
2782 3858 4509 6436 7386
6448 8196 9853 11924 12108
5078 5546 7888 9214 10229
2583 3435 4563 5185 6842
