200 10 5
9 112 130 73 147 49 132 188 84 152 92 0 43
7 50 99 139 76 161 126 186 154 83 186 0 32
6 43 93 99 146 75 62 74 100 174 93 0 28
6 71 49 90 146 191 121 106 189 104 177 0 28
7 100 51 74 118 49 170 78 105 149 86 0 31
10 128 186 101 173 167 101 165 64 182 44 0 48
6 76 132 194 46 50 178 74 63 142 125 0 26
9 63 198 127 70 153 181 154 49 104 58 0 45
6 72 113 104 142 169 125 56 177 89 75 0 26
2 192 113 63 72 199 183 117 41 112 163 0 10
9 59 64 175 169 174 89 74 175 46 70 0 42
5 184 64 112 152 56 195 94 184 64 87 0 21
9 129 64 174 142 114 80 74 169 163 84 0 43
6 141 144 160 83 125 197 87 58 90 168 0 27
7 145 118 62 96 91 114 56 84 173 113 0 34
7 127 76 119 184 155 53 179 117 103 149 0 33
6 104 83 118 78 176 105 163 108 77 42 0 30
6 119 81 50 162 151 184 138 88 106 62 0 27
5 196 144 118 133 170 190 153 58 69 159 0 24
4 180 113 119 103 195 159 169 68 104 198 0 16
2 172 56 97 158 83 149 161 134 125 78 0 10
7 147 81 52 99 158 146 106 180 119 89 0 33
5 191 172 57 178 120 128 99 97 84 177 0 22
4 157 171 171 87 142 97 78 104 187 122 0 17
10 126 179 145 62 188 140 111 154 179 138 0 48
10 95 122 157 173 183 102 136 140 158 67 0 46
6 103 188 113 66 159 96 175 124 123 89 0 30
8 137 130 105 155 124 106 166 145 172 146 0 39
6 91 154 99 163 125 183 156 192 93 99 0 29
3 72 160 123 126 191 141 151 196 171 104 0 11
5 173 83 154 122 174 50 138 42 109 56 0 23
6 116 63 78 163 110 93 89 169 49 191 0 27
6 75 182 198 112 70 55 134 179 137 92 0 29
8 161 82 161 95 100 85 70 103 138 159 0 36
7 155 157 88 68 159 114 98 117 72 104 0 32
8 113 118 121 129 148 64 99 68 110 188 0 38
8 68 165 198 48 122 104 112 48 192 129 0 38
10 164 56 74 110 46 145 92 143 136 198 0 50
5 70 197 101 52 118 102 55 92 180 105 0 21
10 65 68 199 79 83 184 49 187 131 123 0 48
6 198 111 167 86 186 144 116 115 94 45 0 28
4 62 85 72 58 122 53 59 74 43 89 0 17
4 107 71 191 190 197 45 131 184 93 54 0 19
6 134 87 154 149 165 92 105 194 46 43 0 30
6 140 162 118 72 139 184 133 159 41 43 0 30
7 138 138 47 181 182 54 99 179 136 101 0 35
8 162 143 177 72 83 179 91 116 138 129 0 37
8 186 106 111 186 132 59 169 128 82 184 0 40
9 195 171 80 185 155 69 126 59 133 47 0 44
10 183 166 86 141 138 93 173 190 191 193 0 49
5 80 84 97 185 144 99 56 106 72 91 0 21
7 128 68 158 79 125 195 61 121 159 175 0 31
3 97 52 146 111 142 111 105 110 190 146 0 13
7 68 126 194 94 198 52 173 93 157 44 0 33
8 43 116 41 122 153 173 165 195 117 75 0 36
9 107 69 130 80 59 112 118 55 48 126 0 44
8 131 72 68 110 65 131 60 75 71 89 0 39
4 110 172 111 154 63 135 115 184 103 167 0 16
6 100 48 40 52 113 41 150 164 160 66 0 30
8 64 46 174 158 85 94 189 107 114 78 0 37
6 80 199 198 93 175 65 82 138 69 68 0 27
8 195 177 165 139 94 177 87 72 61 166 0 40
3 173 163 142 105 132 82 130 182 132 143 0 13
7 175 95 74 174 145 73 134 196 149 80 0 34
10 80 155 97 143 157 186 52 90 172 182 0 49
9 64 174 124 147 196 124 194 64 137 71 0 42
4 50 112 85 160 180 109 122 73 85 185 0 17
4 110 77 148 167 144 62 56 129 112 48 0 16
5 126 76 192 133 144 116 115 169 159 161 0 24
9 76 43 105 147 88 87 116 159 110 194 0 41
8 82 190 187 49 50 80 128 184 194 62 0 38
5 88 102 90 57 62 49 47 56 82 173 0 22
7 116 146 65 76 72 184 146 68 54 79 0 31
8 147 69 97 161 56 60 142 69 153 190 0 36
6 188 104 171 57 69 195 156 44 180 189 0 29
4 164 81 183 195 109 56 59 172 79 44 0 16
3 188 195 65 47 42 72 189 129 173 46 0 12
8 143 41 45 155 198 167 144 161 53 108 0 40
8 195 187 186 48 193 91 136 77 84 196 0 36
10 93 45 124 137 120 197 136 113 78 63 0 47
6 151 180 162 110 118 172 182 65 196 167 0 26
7 101 76 107 184 185 143 172 88 90 142 0 34
10 192 138 194 67 78 50 55 76 159 164 0 50
9 84 197 85 171 158 108 98 197 112 120 0 44
8 128 46 66 122 141 85 176 119 41 165 0 36
9 114 129 83 120 108 184 113 169 42 89 0 45
8 72 77 88 169 174 121 188 122 52 49 0 40
6 65 78 175 181 101 170 82 185 179 60 0 29
5 83 147 68 141 64 73 70 52 119 43 0 25
8 50 187 177 71 83 154 58 143 117 196 0 39
5 158 152 80 74 73 83 144 157 117 98 0 23
5 94 76 63 150 42 86 99 58 195 101 0 24
4 184 119 143 179 68 59 119 114 133 127 0 20
7 42 64 93 127 182 106 164 69 137 43 0 32
5 118 104 180 149 187 118 57 119 67 161 0 23
7 174 88 60 189 149 143 106 97 127 92 0 33
9 122 72 143 75 120 140 168 113 154 88 0 44
5 126 171 123 159 126 124 177 117 74 170 0 23
6 169 126 125 125 40 167 195 140 107 120 0 27
10 146 50 184 107 117 127 114 115 148 43 0 47
6 179 173 140 41 95 66 130 132 43 103 0 26
10 195 117 131 162 156 161 196 66 64 149 0 49
3 47 119 177 131 143 69 82 120 164 57 0 14
6 147 122 87 156 153 118 129 197 182 198 0 29
3 169 79 116 96 90 130 191 42 67 52 0 13
6 104 52 119 76 66 172 126 192 178 165 0 30
3 46 167 52 161 141 154 128 48 93 134 0 14
6 106 48 65 86 128 101 63 156 127 95 0 28
10 192 166 88 171 170 125 109 74 132 148 0 50
10 116 62 155 41 57 91 120 176 95 52 0 48
10 110 196 94 50 83 65 99 145 161 138 0 47
5 150 118 157 76 167 192 81 76 179 186 0 23
10 104 177 107 157 178 110 193 47 120 123 0 47
8 183 115 163 41 109 82 196 181 184 41 0 36
5 93 194 45 60 177 59 93 71 59 65 0 23
4 53 81 156 108 113 87 128 196 114 92 0 19
5 173 171 182 118 99 58 95 85 49 163 0 22
4 151 166 83 138 104 128 182 165 95 153 0 20
3 49 79 118 179 113 48 190 165 54 111 0 14
7 51 198 147 93 177 152 120 109 177 57 0 31
9 68 153 67 102 150 169 196 54 167 95 0 45
5 169 151 145 100 76 167 79 103 105 101 0 25
9 56 143 108 123 194 109 130 151 70 141 0 44
6 81 136 87 101 165 82 41 183 85 101 0 26
5 134 63 115 62 143 63 190 115 185 141 0 22
9 154 125 146 111 59 85 177 196 101 113 0 43
5 196 90 60 109 196 74 189 83 126 100 0 24
8 189 179 50 88 122 130 177 164 52 60 0 39
9 83 87 175 116 127 115 120 153 178 56 0 45
6 48 42 121 59 179 101 176 112 82 79 0 27
4 76 188 44 167 60 59 161 142 112 92 0 17
6 150 142 63 83 182 111 99 146 165 188 0 26
5 129 85 169 142 172 78 73 146 119 88 0 23
10 188 152 43 144 127 58 158 74 88 192 0 47
4 55 172 101 151 144 145 87 159 171 124 0 17
6 125 155 187 108 138 161 182 171 161 144 0 29
10 195 125 181 50 184 64 94 132 41 146 0 47
9 87 109 78 64 157 152 194 192 155 192 0 45
3 43 77 41 64 49 169 154 187 100 95 0 14
6 111 189 112 87 105 188 182 42 186 95 0 27
7 50 108 190 68 171 145 118 65 177 119 0 32
9 46 192 124 191 66 164 57 137 73 168 0 43
3 142 132 52 133 132 50 196 50 91 62 0 13
7 96 131 76 75 144 41 101 41 85 74 0 35
3 151 166 151 52 111 142 45 158 91 103 0 11
3 186 99 146 171 136 88 93 130 118 184 0 12
5 45 60 177 68 192 119 192 80 70 190 0 21
3 165 180 189 183 48 114 56 116 41 132 0 14
5 84 109 94 45 126 139 170 113 153 189 0 22
8 123 62 192 51 127 47 45 123 197 102 0 37
9 68 147 54 161 92 190 195 95 83 108 0 44
3 83 90 130 41 133 96 49 80 128 47 0 12
6 100 174 43 60 157 174 185 177 82 169 0 27
7 91 63 52 92 161 80 138 89 196 136 0 32
8 163 97 165 62 174 107 132 176 128 177 0 39
3 55 199 93 181 46 101 71 75 82 50 0 14
8 116 161 173 146 173 107 81 48 85 164 0 36
9 130 179 155 174 176 109 85 167 184 56 0 44
5 123 198 177 121 129 146 197 111 136 51 0 23
6 151 88 192 63 116 179 128 150 95 180 0 29
6 108 92 128 126 113 136 106 152 178 43 0 26
3 145 132 143 103 69 132 131 181 47 198 0 15
8 95 88 151 100 113 101 149 80 142 178 0 36
8 181 137 74 91 58 179 189 144 109 167 0 36
5 189 117 150 91 123 162 182 85 99 99 0 21
8 186 146 110 108 163 186 105 121 75 154 0 39
4 140 161 141 68 44 104 51 67 153 100 0 19
6 179 110 81 117 139 70 114 81 74 155 0 27
7 64 81 199 102 149 180 163 109 75 106 0 32
6 143 70 169 185 42 51 89 184 165 175 0 30
10 92 65 90 184 43 167 45 194 151 107 0 48
4 151 109 152 195 140 86 144 143 123 68 0 17
3 75 64 79 76 51 179 198 54 163 179 0 15
3 78 138 121 117 132 77 148 159 49 49 0 12
6 198 122 142 117 62 125 186 144 49 94 0 26
3 130 123 162 144 168 118 155 160 72 64 0 12
7 126 189 60 124 171 128 131 97 115 109 0 35
5 192 80 76 99 163 48 129 42 176 146 0 24
7 88 107 180 108 106 167 138 91 173 157 0 34
8 86 162 61 111 80 149 191 114 122 74 0 40
6 190 60 64 162 75 184 115 165 164 162 0 30
10 113 97 196 72 184 156 58 194 69 107 0 49
10 171 181 132 126 142 197 72 79 83 193 0 48
4 186 126 184 64 123 157 78 137 45 153 0 19
9 152 88 58 60 103 177 95 101 196 177 0 45
9 100 62 137 92 66 40 78 140 142 198 0 44
3 169 191 68 56 174 103 123 140 142 41 0 14
9 198 128 112 107 87 66 180 175 142 189 0 44
10 142 117 58 143 116 80 109 89 89 105 0 49
5 90 84 136 174 191 178 66 46 153 77 0 25
9 168 89 52 137 141 72 96 94 59 41 0 41
3 70 111 80 81 91 139 79 178 145 101 0 15
9 170 64 154 80 157 117 176 78 198 91 0 45
4 145 117 189 134 101 198 151 175 43 57 0 20
9 136 153 71 193 194 187 50 116 100 81 0 44
4 67 52 74 127 80 138 107 133 105 132 0 19
7 76 68 58 161 40 44 195 91 153 68 0 31
3 186 188 155 81 164 184 100 127 175 121 0 11
3 97 76 145 69 130 42 121 198 172 156 0 13
3 158 192 166 92 192 98 149 163 75 63 0 15
30 53 42 44 31
115 150 191 249 270
135 152 215 260 264
131 153 183 253 296
126 148 215 232 265
109 180 205 229 296
127 174 214 246 295
108 160 189 239 299
135 148 184 230 293
122 160 182 231 300
138 159 189 231 282
119 180 216 240 284
117 152 205 227 272
104 140 190 246 279
109 156 202 255 292
134 161 213 228 286
103 141 209 249 271
103 172 206 223 290
132 161 216 252 266
117 180 213 259 279
103 177 210 235 290
140 168 189 241 282
114 140 218 230 269
125 177 182 233 284
108 176 201 244 264
131 141 219 237 285
121 146 202 246 296
115 153 191 233 286
100 147 215 253 269
125 154 194 239 298
133 159 213 232 268
127 175 212 250 290
137 144 191 240 268
127 179 214 258 281
119 142 191 241 263
103 169 216 233 261
132 179 188 259 260
127 157 217 258 289
101 173 185 225 277
107 150 190 255 270
136 164 190 234 285
128 161 206 242 300
101 161 188 256 285
127 149 215 227 296
100 176 187 247 278
123 147 220 227 291
139 167 212 246 272
113 140 183 248 264
101 164 212 229 262
137 143 204 239 270
127 156 181 236 285
117 166 218 220 286
138 159 190 250 292
131 144 190 250 288
120 145 187 234 290
111 141 217 257 281
120 146 205 233 295
114 157 210 237 265
101 172 209 243 278
138 157 209 232 270
108 162 184 229 264
109 149 204 221 271
116 170 188 243 278
130 178 181 232 281
130 141 182 245 283
133 152 204 242 295
105 140 187 225 274
122 157 183 257 276
139 158 181 224 291
100 157 194 221 268
119 177 189 232 266
127 168 193 235 273
121 154 184 250 273
119 156 203 250 294
113 169 187 239 269
135 146 183 241 280
134 161 188 259 295
133 152 184 250 288
139 165 186 225 265
128 179 210 231 278
123 179 205 221 283
102 166 217 235 262
107 152 206 227 285
124 158 199 248 262
125 164 182 220 270
122 142 219 253 293
112 172 184 224 280
118 180 186 243 262
106 178 215 238 279
123 146 215 234 298
137 169 195 227 262
121 156 206 246 290
114 160 189 246 290
139 151 210 252 270
107 141 196 246 264
100 163 188 231 300
127 145 201 224 265
129 174 205 255 270
102 168 194 234 297
100 178 203 228 267
101 171 191 257 285
134 166 181 245 269
100 168 200 252 261
109 171 203 221 290
119 166 187 244 297
117 156 207 250 265
123 149 185 240 282
117 154 188 256 290
135 179 195 232 291
140 147 220 259 267
104 178 183 229 265
107 180 217 221 283
118 157 195 223 260
105 156 210 226 263
128 163 186 232 295
118 162 207 229 260
100 156 214 252 283
127 179 199 248 275
113 160 219 253 285
100 156 184 243 266
130 158 191 225 291
116 152 182 239 295
129 148 214 222 295
121 162 207 258 284
118 152 213 232 300
126 154 203 233 295
100 160 202 239 286
131 147 210 249 282
112 145 201 242 288
138 170 209 242 294
131 167 184 251 272
107 173 205 245 290
127 176 193 223 268
132 153 191 255 260
133 142 181 248 274
137 170 212 240 289
115 146 211 258 286
110 173 199 249 266
122 174 217 237 272
133 157 181 257 274
106 140 197 245 267
121 180 208 232 267
111 160 208 240 300
139 163 189 254 289
140 146 188 240 260
128 163 208 239 265
122 180 194 225 294
110 169 211 252 299
107 168 194 260 297
110 168 200 250 268
114 174 216 253 285
134 178 191 250 291
128 173 183 236 279
137 157 202 232 273
126 162 207 221 292
127 179 191 250 260
107 171 190 240 266
138 162 195 240 269
115 140 198 244 272
113 166 195 232 280
119 176 198 240 272
127 170 196 220 286
109 172 204 231 263
139 151 189 236 265
110 174 184 232 274
112 154 190 251 279
115 168 211 230 290
119 174 182 221 285
108 154 202 238 271
130 163 194 256 280
102 158 215 228 299
135 154 209 258 279
103 158 201 224 291
122 172 205 255 281
129 160 185 223 269
101 165 205 255 268
115 172 209 252 278
137 152 217 257 279
111 170 195 227 296
136 146 215 225 286
117 166 202 249 260
107 143 209 246 272
139 177 207 248 265
110 175 186 237 262
120 164 208 251 288
116 174 193 260 274
138 179 189 252 296
129 159 193 254 269
111 148 214 260 277
115 179 184 233 292
139 153 216 233 285
121 160 217 226 297
106 171 216 256 283
113 146 197 237 292
136 163 191 237 263
125 179 202 246 279
107 156 197 241 268
130 155 185 243 279
108 140 208 255 300
130 153 220 258 271
117 144 180 251 290
4954 6461 8225 10721 11624
4330 4874 6892 8333 8461
3678 4294 5135 7097 8302
3538 4154 6033 6509 7434
3388 5591 6367 7112 9190
6105 8363 10284 11821 14174
2817 4171 4926 6227 7789
6085 6670 8292 10363 13200
3181 4171 4743 6019 7815
1390 1601 1902 2323 2834
5007 7571 9084 10093 11942
2467 3203 4317 4780 5726
4481 6030 8182 10592 12012
2952 4222 5466 6898 7898
4566 5485 7254 7764 9738
3408 4663 6910 8231 8957
3099 5171 6192 6703 8714
3574 4358 5844 6817 7195
2817 4331 5124 6229 6709
1657 2843 3372 3773 4654
1410 1691 1901 2423 2834
3771 4630 7207 7603 8891
2760 3905 4015 5139 6262
1845 3003 3429 4161 4502
6298 6778 10524 11389 13694
5575 6726 9304 11329 13630
3459 4601 5742 7003 8595
3909 5743 8398 9881 10505
3634 4476 5638 6944 8656
1473 1760 2355 2565 2962
2930 4036 4888 5763 6684
3709 3898 5169 6493 7250
3692 5202 6218 7495 8162
4294 5123 6888 8690 9482
3305 5419 6925 7469 8366
5026 6813 7155 9855 9893
4835 5976 8258 9817 10996
5059 8662 9262 11263 13865
2256 3161 4002 5369 5684
6538 7883 9132 11245 13694
3593 4518 5780 6789 8414
1726 2748 3208 4366 4859
2423 2841 4097 4326 5638
3009 5291 5622 7423 8354
3699 4420 6612 6823 8744
4875 5856 7432 8623 9533
4191 5191 6783 9190 9782
4049 6571 8493 9173 10494
6038 6302 8988 10529 11894
6233 7655 8881 11577 13979
2466 3497 4590 4632 6020
4288 4939 5901 7763 9066
1713 1882 2482 3263 3758
3970 4795 6183 7735 9585
4005 5086 7824 9265 10130
5289 6434 9032 10265 12994
4455 6134 8202 9256 10349
1625 2763 3356 3901 4462
4150 4721 6282 6973 8114
4005 6005 6820 8486 9782
2952 4034 5521 5980 7331
4649 6811 7532 9733 11134
1700 2325 2364 3029 3667
4430 4804 6200 8343 9636
6527 7458 10008 11871 14469
4419 5891 7866 9464 11523
2083 2680 3123 4383 4706
2234 2539 2907 3597 4670
2409 3779 4669 5317 6447
4888 7268 7761 9525 10920
4836 6395 7346 8943 10388
2672 3399 4060 5514 6020
3698 4846 6305 7763 9128
4077 6095 6744 8617 9698
3925 4244 5319 7002 8134
2154 2586 3019 4157 4734
1606 1834 2219 3013 3470
5570 6611 7452 9013 10614
4617 6455 7572 8328 10022
5790 8424 9647 10399 13315
2661 4327 5655 6123 6826
3647 5179 7016 7731 9704
6210 7911 9962 12413 13114
5510 7227 8020 9693 11894
4401 5122 7896 9121 10562
5049 7751 8292 10093 12614
4729 7211 7452 9733 10494
3083 5173 6247 6915 8105
3084 3660 5387 5863 7464
5353 6602 7617 8866 10232
2792 3598 4750 5671 6684
2745 3851 4548 5917 6974
2790 3030 4212 5053 5414
3433 4523 6284 7886 8462
2309 3760 4336 5326 6915
4201 4796 6645 7405 8759
5685 7667 9032 11233 11893
2355 3875 4474 5395 6846
2709 4818 5493 6169 7223
4756 8048 8989 12092 13409
3494 4327 4717 6383 7008
4909 8243 9812 12362 12803
1535 2405 2854 3107 4074
3460 4825 5434 7089 8627
1530 2039 2703 3263 3459
3700 4481 5562 7213 8474
1647 2167 2644 3597 4074
3790 5023 5471 6508 8162
7010 7360 11012 12963 13363
5001 8556 8796 11005 12734
5038 8471 10211 10399 13315
2724 3622 4497 5142 5994
4944 7343 9883 10635 12375
4618 5879 6708 8365 10634
2724 3737 4773 5280 5994
1909 2975 4078 4801 5391
2803 3949 4390 5469 6064
2269 3210 4392 5073 5714
1409 2195 2588 3416 3738
4040 4909 5933 6988 9035
5229 6851 8202 10768 13290
3235 3710 5362 5562 7389
5333 7138 9120 11365 12510
3077 3962 5550 6045 7814
2781 3398 4478 5139 6504
4309 6891 8698 10290 12312
3154 3538 5052 5989 6782
4377 5665 7851 9451 11246
6220 7661 9417 10902 13244
3547 4520 4979 6790 7358
1828 2952 3497 4178 4944
3312 4587 5030 5811 6982
3046 3530 4405 5879 5994
6261 6684 8519 11670 12892
2339 2901 3616 4092 4927
3344 4244 6131 7495 8308
5179 8142 9365 11716 12516
5499 7841 9777 10678 12254
1872 2209 2545 3611 3850
2871 3791 5331 6629 7223
3881 5771 6668 7437 8558
4782 6891 8956 10333 12914
1817 2130 2468 3315 3771
4910 5121 6592 8413 9114
1418 1804 2300 2642 2929
1473 2171 2340 2712 3542
2319 3560 4443 5305 6293
1507 2363 2727 3653 4172
2429 3707 4412 5513 5910
4227 6449 8004 9374 10559
5905 7843 8415 11013 12818
1546 2087 2207 2845 3362
3709 4250 5466 6277 7385
4042 5195 6636 7084 9358
4963 6992 7461 9763 10153
1507 2405 2672 3373 3738
4978 5843 7032 8653 9698
5069 6170 8724 10750 11982
2608 3829 4497 5349 6454
3460 5115 5754 6973 7902
3312 4431 5108 5733 7450
1644 2591 3072 3478 3959
5014 5447 6816 8509 9554
3969 6275 6636 8365 9878
2361 3245 4002 5285 5873
4494 6563 8241 8983 11324
2271 3317 3470 4212 5429
2925 4169 5466 6439 7331
4170 5227 6220 8205 8974
3069 4751 6462 6853 8984
6490 7402 10044 12397 13406
1760 2697 3429 3821 4962
1839 2591 3087 3838 4229
1558 1931 2232 2689 3242
2635 4301 5342 6644 6982
1389 2075 2520 3037 3350
4805 5330 7607 9008 9778
2673 4091 4692 5461 7118
4634 4974 7322 7663 9738
4689 6651 8092 9973 10414
3219 4300 6282 7394 8174
6821 8684 10155 12165 12998
5289 8412 8940 11389 12590
2289 3127 3964 4782 5486
5229 7841 8697 11713 12344
6082 7887 8327 11101 13038
1816 2237 2714 3569 3780
4893 6522 9428 11453 12202
5644 8782 9027 11430 14322
3485 3835 5412 5838 7139
4970 6571 8909 9278 12191
1599 2576 3252 3853 4259
5094 6580 8877 10678 13155
2730 3271 3832 4753 5274
5509 7887 8900 10837 12290
2042 2975 3755 4592 5106
4040 4816 5747 7546 8663
1197 1550 2300 2818 3314
1699 1999 2872 3367 3536
1764 2170 2712 3779 4365
