200 10 5
4 94 80 91 67 23 51 65 65 76 76 0 19
3 47 70 95 57 40 68 72 48 25 46 0 13
9 94 57 75 32 81 28 99 77 74 45 0 43
4 66 93 76 38 76 99 32 94 48 98 0 20
7 42 81 61 41 41 35 31 43 43 96 0 34
9 22 44 76 81 89 52 56 51 57 96 0 45
7 46 60 55 86 27 70 68 26 96 39 0 31
9 36 96 78 78 44 40 48 31 25 57 0 41
4 52 67 82 22 72 67 66 47 71 61 0 17
7 47 58 36 89 50 67 69 99 52 52 0 33
7 64 22 50 70 57 69 93 43 46 33 0 31
6 22 24 93 37 23 48 77 53 61 92 0 26
6 78 69 55 41 52 71 73 33 90 25 0 28
6 55 71 69 83 94 44 77 79 50 47 0 27
6 42 32 30 26 66 22 49 26 78 43 0 30
7 84 73 80 35 30 29 42 53 72 43 0 32
10 25 46 26 65 46 50 83 74 83 56 0 47
9 71 84 39 79 95 30 37 41 57 23 0 44
5 94 36 59 69 71 39 38 28 59 23 0 24
10 60 54 89 85 29 59 90 81 85 60 0 48
6 64 63 32 44 31 32 95 26 61 35 0 27
2 98 36 79 90 35 52 60 50 60 73 0 10
4 59 30 34 67 37 63 31 61 81 56 0 20
2 47 83 76 97 43 91 76 84 83 42 0 10
5 98 76 55 29 45 40 45 28 88 42 0 22
7 48 31 54 57 88 64 23 97 54 31 0 32
3 81 92 83 34 54 98 72 84 80 31 0 14
6 31 91 34 46 35 85 83 24 35 97 0 27
3 41 99 28 42 82 37 54 60 45 87 0 14
10 66 67 56 51 26 92 32 49 21 85 0 47
3 85 97 97 51 50 35 39 27 96 82 0 13
5 21 64 34 55 98 52 24 65 72 62 0 22
5 73 95 38 48 59 83 94 97 67 22 0 23
9 52 79 85 85 66 66 53 72 68 32 0 43
6 27 72 27 73 44 31 32 88 42 62 0 26
7 23 76 86 27 97 49 60 89 39 21 0 31
6 84 23 54 60 93 45 85 44 69 29 0 27
7 71 23 67 72 67 69 52 94 80 100 0 32
8 65 66 81 47 21 31 61 97 25 26 0 37
8 64 50 51 81 31 40 45 36 93 36 0 36
4 64 76 26 54 75 47 54 40 92 29 0 18
8 36 34 66 78 29 83 67 67 51 72 0 36
8 73 50 22 95 35 88 83 93 71 66 0 40
6 26 25 30 70 72 32 50 96 20 70 0 29
5 76 64 71 73 21 61 47 54 54 81 0 25
9 54 75 69 96 86 88 58 56 82 81 0 41
7 63 47 86 85 88 87 38 91 71 84 0 33
7 50 61 67 37 35 33 61 65 67 84 0 32
2 94 64 91 43 31 56 79 100 85 49 0 10
6 93 36 42 99 43 52 50 69 52 95 0 30
3 72 58 94 35 64 36 35 44 35 58 0 11
4 57 77 81 38 83 27 87 32 54 79 0 16
9 98 63 30 36 50 92 66 57 93 34 0 44
3 88 31 66 86 66 89 80 76 67 41 0 11
3 81 47 95 82 25 47 74 75 75 24 0 13
6 55 23 83 27 67 89 36 48 88 91 0 26
6 96 99 96 49 69 65 100 27 26 76 0 29
3 96 55 38 41 22 76 43 94 64 50 0 11
6 67 25 39 57 95 95 88 82 31 41 0 27
9 42 29 98 47 82 81 97 79 87 25 0 45
6 57 71 33 36 92 71 25 53 93 56 0 28
7 60 84 82 50 28 98 43 89 25 77 0 35
4 75 24 37 100 47 98 69 72 26 53 0 16
10 94 46 67 50 21 33 95 56 26 26 0 49
6 29 62 31 58 72 68 31 87 32 67 0 29
10 62 53 88 69 41 74 56 38 28 30 0 48
5 63 46 45 40 91 68 55 34 61 24 0 21
9 72 47 41 92 83 92 80 49 53 84 0 42
9 46 30 51 98 85 81 83 31 29 28 0 44
4 22 37 93 50 36 67 79 86 76 93 0 19
4 82 26 26 28 47 58 89 100 50 31 0 16
2 55 24 50 81 74 54 76 65 88 94 0 10
9 31 67 80 70 69 31 21 37 68 94 0 42
7 71 52 82 62 47 83 57 52 32 82 0 33
7 91 83 22 56 58 61 51 46 31 58 0 33
3 58 92 32 88 38 25 23 62 93 42 0 12
10 33 45 82 62 39 49 54 58 85 25 0 46
8 25 91 55 87 42 33 44 34 46 82 0 39
8 89 98 98 59 57 56 33 33 82 70 0 40
4 64 73 57 67 85 32 84 30 96 56 0 17
4 63 26 63 80 48 29 76 72 90 91 0 16
6 78 68 31 49 48 39 72 95 58 30 0 27
8 82 34 92 31 39 49 22 59 52 90 0 39
4 39 63 80 64 54 55 70 30 46 52 0 17
4 52 89 66 93 91 43 70 32 87 46 0 16
5 33 79 25 91 93 20 46 77 33 77 0 24
10 21 47 74 56 72 72 98 78 54 47 0 47
3 92 30 29 21 54 44 40 23 71 83 0 12
8 53 53 51 20 22 41 61 55 57 59 0 40
5 85 53 65 71 21 49 67 78 98 28 0 22
6 24 98 76 22 98 82 85 57 78 96 0 28
6 49 30 22 69 99 40 59 29 30 26 0 28
7 85 80 38 36 62 59 26 53 73 69 0 34
7 22 30 95 84 42 54 41 21 29 33 0 31
3 72 22 53 43 89 65 76 39 42 34 0 13
9 53 28 51 35 57 22 30 49 56 96 0 45
10 82 87 31 79 54 96 27 33 76 69 0 46
7 69 90 98 82 41 87 83 43 56 71 0 32
8 57 67 47 32 77 83 47 43 72 47 0 36
6 78 83 68 29 40 94 68 84 46 20 0 28
8 45 77 85 75 80 70 75 30 47 72 0 40
9 25 46 72 57 83 39 89 35 52 27 0 41
6 86 25 90 22 49 98 87 49 93 85 0 26
4 58 27 49 87 79 53 33 57 68 32 0 20
5 30 62 40 60 61 84 95 37 87 42 0 21
9 99 56 51 26 71 97 96 67 44 59 0 45
6 76 55 49 69 37 68 99 71 74 42 0 27
3 66 89 46 27 70 86 70 90 95 64 0 12
10 59 75 99 41 94 58 86 78 63 79 0 48
4 87 25 96 61 40 88 25 80 53 24 0 16
6 29 65 31 71 86 74 54 95 59 75 0 30
6 23 92 82 46 37 26 36 86 61 76 0 28
4 34 73 41 95 40 84 69 20 24 85 0 20
9 49 63 73 38 74 77 92 89 21 27 0 41
7 73 64 24 98 38 39 74 56 74 100 0 35
3 23 56 86 27 35 99 54 69 26 26 0 15
4 51 36 48 72 67 35 73 26 28 40 0 20
3 66 98 21 80 83 97 83 100 57 50 0 14
3 66 78 31 58 43 92 38 54 81 49 0 12
9 43 55 80 95 70 32 54 74 67 37 0 45
6 39 87 60 77 61 90 91 67 60 91 0 30
8 67 34 81 35 67 42 29 50 41 70 0 39
6 35 62 29 97 65 72 95 30 48 64 0 28
10 31 94 63 93 44 94 50 86 78 82 0 49
2 91 65 75 29 27 83 75 67 82 47 0 10
7 55 83 39 59 35 70 56 81 75 84 0 33
4 86 64 24 62 44 67 46 45 36 28 0 17
6 32 44 40 77 70 24 37 97 81 84 0 30
10 92 24 35 64 61 84 98 69 27 83 0 48
9 67 79 98 98 38 82 85 99 22 50 0 42
3 78 89 88 25 35 61 86 83 33 56 0 15
5 25 57 85 34 23 61 23 33 79 86 0 22
7 91 20 51 36 23 93 38 29 28 81 0 34
10 90 70 69 95 71 75 73 90 48 81 0 49
3 44 76 47 39 31 64 87 23 36 42 0 12
3 38 62 64 54 27 92 64 58 31 45 0 11
2 46 90 38 41 46 91 20 42 82 85 0 10
10 42 44 88 22 97 38 88 93 50 87 0 50
8 20 32 68 47 23 55 25 91 68 25 0 39
6 98 57 32 98 60 30 46 48 81 49 0 28
9 96 96 81 61 64 41 53 56 98 68 0 43
8 93 47 44 79 92 72 79 93 98 25 0 38
10 100 38 95 86 70 69 50 38 83 35 0 46
6 53 43 72 44 82 48 87 68 65 52 0 29
5 42 47 68 20 66 33 40 65 86 55 0 21
10 52 77 77 54 68 61 52 45 45 81 0 46
3 96 62 73 90 69 57 63 80 83 94 0 13
3 50 79 85 34 46 86 35 78 37 30 0 12
8 60 46 23 93 70 43 80 55 84 95 0 39
10 47 44 89 38 64 47 59 93 24 72 0 48
7 36 59 83 90 67 57 32 98 51 53 0 35
7 29 65 87 75 86 51 99 92 30 90 0 32
8 99 54 62 24 75 32 48 67 52 26 0 37
10 31 44 88 69 50 51 47 68 22 44 0 48
10 50 74 59 38 32 23 80 95 61 32 0 50
10 54 29 90 97 23 40 29 63 92 34 0 47
5 88 58 65 97 57 29 100 61 62 82 0 21
7 38 35 43 91 81 75 33 38 99 35 0 35
9 38 87 88 72 90 65 46 63 48 37 0 41
7 97 60 21 23 44 92 28 63 49 39 0 32
7 93 75 56 54 65 25 56 49 80 95 0 35
6 76 27 51 85 55 24 40 29 87 83 0 26
7 73 31 71 49 42 86 44 23 89 70 0 31
10 70 77 23 89 70 66 32 92 43 63 0 46
8 100 74 41 86 37 25 26 85 25 56 0 37
5 73 60 76 26 100 43 91 42 35 41 0 21
10 67 50 49 23 73 30 39 73 64 64 0 49
10 46 68 46 57 48 54 98 75 88 80 0 49
3 51 41 74 48 94 34 65 82 42 65 0 14
4 98 32 75 79 58 37 72 83 32 56 0 18
8 47 37 100 66 80 97 97 50 61 61 0 36
6 25 23 39 92 46 34 42 22 67 68 0 29
8 77 24 54 69 45 79 81 66 86 47 0 40
5 86 85 51 78 78 47 82 91 59 42 0 25
9 27 88 59 46 53 32 30 94 69 88 0 45
7 53 70 74 92 80 82 37 57 83 90 0 33
4 24 36 33 63 23 50 98 32 70 68 0 20
4 80 87 51 60 21 61 76 39 70 76 0 16
7 68 81 46 92 50 33 87 37 59 25 0 31
3 58 71 26 72 99 37 28 94 66 67 0 12
4 91 22 72 69 54 79 29 82 45 97 0 19
5 85 95 40 89 37 61 53 86 55 89 0 25
9 48 75 41 97 23 90 69 86 46 38 0 44
7 78 21 25 92 84 85 44 69 95 54 0 34
4 22 30 27 92 86 87 23 30 91 43 0 19
10 71 39 21 80 98 64 90 77 82 94 0 47
7 50 22 71 33 64 34 93 29 47 29 0 34
3 66 33 21 66 60 33 92 98 34 83 0 14
3 64 70 85 70 80 67 45 75 32 24 0 14
6 76 92 92 48 37 65 30 50 86 70 0 29
8 55 86 60 94 67 31 92 79 97 55 0 37
5 81 90 23 41 97 39 30 49 39 34 0 25
5 65 56 39 75 36 22 67 67 96 67 0 21
9 61 71 65 33 59 44 29 30 79 53 0 43
8 96 94 31 37 90 53 100 38 50 37 0 39
8 97 64 75 97 48 35 87 67 37 74 0 40
8 79 26 32 51 60 54 98 76 89 21 0 39
4 24 23 86 79 76 61 66 34 73 91 0 16
7 80 51 58 67 44 39 61 58 67 95 0 31
7 64 62 43 42 20 89 55 94 94 23 0 34
34 51 33 36 46
132 157 202 257 271
140 180 218 243 272
108 145 181 244 290
103 172 182 258 297
117 163 217 252 285
131 171 190 249 261
137 160 217 231 282
111 163 199 231 281
135 167 208 257 287
136 170 202 223 260
117 142 182 238 267
103 179 213 232 277
113 175 214 225 278
125 168 202 258 299
102 173 198 259 264
100 156 186 231 265
119 154 199 225 297
130 148 186 238 261
112 142 214 235 299
115 158 187 233 262
116 175 202 255 274
121 157 211 250 270
104 155 205 254 268
137 157 215 225 262
123 140 197 256 283
110 160 195 239 298
121 171 215 243 279
115 176 196 231 262
123 174 211 227 260
119 176 187 258 299
116 156 210 249 264
139 170 194 259 281
107 172 206 239 274
103 141 212 236 291
104 180 202 234 276
138 175 182 239 298
110 155 195 237 267
126 151 218 222 269
127 162 219 246 276
140 177 194 249 273
125 151 195 260 268
120 158 219 238 273
125 153 204 252 282
100 149 185 226 292
113 174 184 255 276
104 154 181 259 283
114 164 198 240 298
136 145 190 250 292
131 151 197 231 264
128 180 193 232 297
106 176 203 253 260
140 177 219 227 283
101 167 188 247 276
105 155 189 220 297
100 172 201 237 290
124 169 207 224 279
101 146 217 242 280
136 162 194 259 268
126 149 196 253 300
104 179 210 241 295
122 177 213 241 299
109 165 190 247 288
129 145 185 249 281
123 166 203 236 265
100 165 187 245 270
122 168 205 224 269
108 160 202 220 263
119 162 193 251 266
113 146 195 220 269
110 170 201 244 268
121 166 209 228 276
132 158 220 252 281
124 147 197 235 277
107 173 210 244 272
137 160 181 244 282
104 145 192 235 289
117 153 212 220 292
137 158 191 229 283
125 158 199 244 291
129 151 196 225 267
123 171 210 246 289
135 177 182 224 292
133 176 203 231 289
130 143 183 223 299
139 146 182 229 276
120 140 207 235 294
124 170 200 246 262
114 173 185 233 295
136 156 200 260 273
122 157 219 239 274
136 157 201 226 261
110 150 204 241 280
113 173 195 241 286
117 170 197 235 293
138 149 185 249 285
140 164 195 256 285
114 148 212 246 290
133 160 182 249 282
125 144 183 234 295
133 170 193 242 290
105 145 203 242 294
102 156 187 260 293
123 143 194 252 276
138 140 201 255 261
113 158 199 236 294
140 151 212 220 298
140 143 211 237 295
127 154 183 245 267
104 150 192 258 285
134 151 184 223 285
129 173 187 226 296
100 152 201 252 265
137 151 198 240 273
139 180 208 225 275
115 143 185 244 291
126 178 220 236 299
124 144 202 224 271
100 178 189 220 289
131 158 196 244 266
139 174 185 235 271
105 142 205 225 270
101 151 197 244 270
114 156 203 235 300
129 158 204 225 297
115 176 219 257 276
122 152 197 257 298
133 150 184 220 295
118 151 185 228 298
103 161 180 222 266
130 179 205 255 287
100 141 210 245 268
118 167 188 235 285
140 144 198 258 279
114 157 216 241 262
102 146 182 252 280
108 154 189 251 273
104 173 189 232 298
136 145 212 239 291
129 161 187 256 300
122 142 215 259 264
107 168 191 259 274
118 159 199 252 294
135 160 209 232 293
125 157 202 258 292
100 140 193 225 277
110 171 207 229 274
138 145 191 221 292
121 141 206 220 266
118 168 201 239 287
127 167 191 238 295
110 173 194 235 269
101 178 205 240 270
111 157 217 257 293
117 173 193 255 300
112 158 196 258 267
115 166 184 232 269
100 140 212 250 270
113 147 189 231 269
129 178 216 244 283
104 178 180 249 268
128 173 198 242 289
114 168 215 224 271
103 167 203 247 297
108 160 220 239 281
110 145 200 225 297
128 140 201 238 265
126 163 192 260 280
116 165 217 224 266
132 142 200 220 297
134 149 218 246 299
117 154 218 230 290
119 154 205 256 263
113 165 189 238 288
133 167 194 229 297
137 142 183 235 284
107 141 180 243 282
107 179 215 251 291
113 165 196 242 260
106 141 202 255 266
104 170 206 242 298
116 157 219 243 295
129 148 188 248 283
132 157 215 256 275
138 150 196 248 277
140 158 218 245 285
114 180 184 246 299
127 159 193 250 294
111 152 183 237 295
129 169 206 244 292
134 155 190 226 279
120 150 190 232 265
136 170 186 254 271
118 173 181 222 266
126 149 211 247 266
122 150 211 227 262
126 179 214 245 263
104 147 181 250 269
116 146 195 231 262
114 174 199 255 291
124 162 203 251 272
2594 3085 3969 5050 5325
1908 2453 2971 3312 3707
4718 6334 7907 10659 12668
2128 3553 3759 5329 6134
4053 5647 7517 8729 9872
5982 7808 8676 11370 11917
4336 5063 6867 7310 8924
4626 6793 8293 9626 11710
2380 2944 3667 4530 5059
4579 5724 6801 7508 8754
3709 4502 5769 7545 8464
2746 4772 5679 6185 7385
3239 5015 6133 6448 7967
3454 4642 5581 7128 8261
3128 5305 6072 7942 8095
3271 5102 6083 7555 8667
5673 7341 9486 10725 14157
5810 6614 8312 10636 11663
2762 3502 5277 5795 7373
5600 7694 9106 11346 12758
3207 4839 5585 7050 7575
1290 1673 2249 2664 2877
2150 3204 4238 5251 5540
1461 1675 2293 2400 2794
2788 3173 4465 5802 6413
3593 5226 6369 7806 9733
1772 2504 3148 3558 4085
3183 4871 5424 6393 7251
1804 2552 3094 3329 3813
5669 8384 8908 12290 14243
1585 2132 2870 3403 3608
3146 3848 4391 5862 6360
2532 4070 4875 5656 6484
4499 6158 9259 10307 12709
2773 4800 5386 6240 7359
4367 5537 5759 7562 9429
3046 4292 5399 6562 7392
4117 4934 7122 7253 8789
4781 6098 8244 9260 10389
5130 6486 7108 9124 10003
2333 2818 3639 4852 5002
4399 5792 8028 8724 10007
5082 6220 8293 10244 11464
2970 4425 5494 6711 8671
2900 4465 4722 6543 7082
4334 6418 7543 10794 11794
3837 5519 6663 8077 10028
4441 4735 6204 8163 9535
1399 1613 2104 2467 2819
3923 5516 5914 7109 9101
1237 2053 2368 2951 3032
2329 2944 3643 3776 4707
4513 7461 8399 11035 12331
1227 1811 2209 2571 3470
1366 2350 2746 3238 3962
3306 4506 5519 5972 7438
2997 4332 6439 7180 8308
1585 1887 2260 3017 3122
3484 4120 5419 6995 8294
4747 8170 9585 11000 13465
3493 5068 6098 6900 8560
3888 5885 6776 8809 10271
2151 2417 3084 4151 4684
6109 8245 10082 11721 13162
2969 4898 5551 7273 8015
5938 8177 9977 10902 13092
2343 3471 4382 4773 5706
5078 6912 8235 10710 11350
5052 6527 8717 9834 12025
2164 3343 3953 4799 5271
2016 2766 3482 3799 4599
1404 1680 2340 2680 2988
5292 6273 8407 10029 11821
3602 5823 7068 8213 9155
4612 5386 6092 8213 9492
1320 1840 2436 2981 3666
5460 7140 9893 10267 13626
5434 6267 7576 9083 11225
5082 6423 8090 9919 11829
2281 2670 3466 3979 4722
2047 2845 3494 4093 4808
3734 4895 5033 6195 8075
5273 6977 8047 9157 11456
2298 2528 3235 3942 5285
2319 2436 3036 3820 4604
2960 3453 5106 5796 7251
5910 8102 9532 11725 12487
1444 2191 2343 2950 3735
5528 6341 8129 10568 11096
2764 3557 4961 5415 6207
3900 4502 5764 6481 7484
3154 4301 5849 6910 8028
3916 5996 6758 8352 9912
3704 5381 6236 7439 9275
1885 2035 2527 3401 3892
6389 7485 8899 11683 13006
5319 6905 9891 11477 13530
4344 5225 5944 8132 9210
4585 5281 6712 8582 10819
3810 4870 5528 6932 8307
4271 5897 8256 9842 11957
4250 6500 7791 10832 12207
3281 3814 5174 6721 7361
2852 2893 4154 5270 5394
2448 3423 4311 5112 6369
6391 6893 9678 10043 13603
3871 3953 5833 6552 8155
1610 1953 2320 3106 3385
5062 7301 9345 12557 13871
2235 2519 3069 3719 4753
3955 5303 5733 6928 9074
2869 4360 5765 7228 7601
2831 3120 4091 4959 5641
5789 7496 8662 9370 11452
4103 5102 6600 8705 10382
1969 2781 3438 3688 4672
2565 2979 4179 4634 5606
1468 2613 2774 3229 4242
1659 2001 2483 3090 3369
6347 7945 8447 10730 12374
3224 4359 6293 6907 8289
4009 5993 7819 9684 10716
3267 4471 5817 6734 8597
6406 7845 10129 11172 14747
1223 1872 2329 2733 2935
4105 5114 6628 8647 10026
2351 2651 3252 3888 5214
3620 4632 5675 6994 9141
5017 7843 8768 10814 12957
5542 7630 8739 10870 12234
1569 2212 3294 3843 4204
2675 3785 4261 5327 6460
4851 4990 6861 8940 9667
5662 7798 10728 11970 13013
1294 1853 2309 3197 3553
1262 1799 2207 2931 3188
1109 1845 2016 2474 3178
6888 7344 10737 12105 14738
5114 6382 7413 10148 11892
3497 4070 6162 7423 7566
4672 7335 8340 11309 11964
4561 6145 7691 9739 11362
6297 7463 9749 10821 13666
3705 4654 5987 7647 8655
2171 3039 4190 4884 6013
5134 7980 9660 10687 12787
1887 1982 2611 3021 3992
1536 1790 2615 2793 3377
4679 6662 7970 9477 11380
6179 8125 9292 11579 14352
3925 6172 6921 8384 9596
3300 5815 6697 7840 8820
4178 5910 8168 9673 11028
5691 8414 9387 12403 14591
5675 8006 9931 13072 13528
5484 7916 8774 11063 12827
2168 3036 4596 5420 5854
4034 5248 6747 8246 9603
5371 7410 8992 10158 11781
3399 5816 5882 8136 8757
4563 6166 7057 8626 10301
3040 4480 5734 5974 7227
3260 5286 6425 7818 9400
5039 7465 10265 11151 13110
4145 5463 7536 8477 11190
2775 3036 4358 5160 5745
6256 8093 9533 12909 13901
5762 8196 10778 11126 13212
1936 2083 2934 3227 4356
2497 2777 4062 4584 5571
4289 5645 7991 8431 10630
3530 4568 6081 7594 7802
4596 6710 7686 9679 11712
3412 4284 4976 5874 7618
6258 6486 8359 10734 12972
3606 4751 6065 8188 9502
2208 3694 4437 5179 6005
1885 2752 3269 4036 4336
3359 4467 6400 8079 8427
1316 2150 2606 3061 3769
2279 3084 4302 4773 5795
3311 3799 4825 6365 7263
5893 7009 9598 11428 12276
4783 5199 6793 8595 9600
2749 3102 4280 4810 5595
5432 8577 8767 11721 14246
4400 5509 6687 8662 10186
1629 2231 2686 3478 4330
1888 2474 3015 3571 4274
3976 4599 5638 6706 8279
4523 5654 7162 8744 9988
3489 4361 4771 6515 6951
2560 3752 3926 4815 5769
5502 6506 9213 10785 11614
4841 5952 8373 9008 10396
5121 7276 8698 9958 10690
4129 5836 7185 9924 10678
1937 2438 3256 3857 4375
3607 5506 6297 8068 9207
4297 5614 7035 8698 9426
