1000 10 5
155 72 40 71 81 95 46 27 84 48 92 0 155
122 61 68 36 34 29 44 38 36 28 70 0 122
105 42 88 92 78 48 43 56 100 96 32 0 105
179 75 75 79 72 77 35 55 36 30 61 0 179
169 101 26 93 23 51 79 72 36 55 54 0 169
122 84 40 41 63 70 77 71 44 59 100 0 122
110 61 43 26 77 68 83 62 97 44 25 0 110
114 28 22 78 88 78 38 22 64 26 99 0 114
112 74 26 55 63 26 84 35 86 50 28 0 112
133 69 50 99 41 45 41 77 63 99 31 0 133
111 82 21 45 30 55 29 56 25 93 46 0 111
180 101 97 64 59 36 98 96 69 65 35 0 180
189 70 75 48 49 54 69 62 49 21 70 0 189
123 81 89 79 43 34 101 25 82 61 48 0 123
122 91 95 57 77 71 25 78 39 46 72 0 122
162 77 76 41 21 25 83 45 68 90 75 0 162
163 73 44 27 96 85 48 90 77 82 80 0 163
106 55 92 95 44 91 87 33 38 100 43 0 106
162 23 58 66 63 87 27 99 38 23 20 0 162
185 57 21 95 40 89 47 60 85 98 71 0 185
165 59 58 85 43 21 68 60 40 76 100 0 165
114 86 82 60 54 31 34 81 89 54 34 0 114
198 93 90 62 84 100 69 72 83 29 34 0 198
188 84 51 75 64 20 52 94 89 41 86 0 188
121 26 44 30 41 73 24 31 30 24 95 0 121
104 63 34 66 53 40 99 54 31 99 59 0 104
196 35 73 66 34 29 62 74 46 59 57 0 196
113 76 39 55 80 67 28 79 74 45 31 0 113
113 57 50 47 31 64 91 33 29 28 35 0 113
104 40 83 83 69 99 39 77 52 74 34 0 104
190 60 26 86 84 42 89 36 91 23 91 0 190
197 70 86 33 74 67 27 41 93 27 34 0 197
165 46 76 49 87 73 58 44 43 83 42 0 165
171 28 80 84 49 81 48 37 80 21 44 0 171
104 80 43 57 83 77 58 71 87 37 28 0 104
177 47 58 47 92 75 34 25 23 44 74 0 177
200 53 79 25 82 61 66 78 59 43 89 0 200
181 65 35 99 32 25 26 38 95 85 29 0 181
188 98 95 98 85 63 46 85 37 55 55 0 188
100 84 100 45 39 97 67 94 44 81 31 0 100
163 93 81 21 44 72 96 63 40 95 99 0 163
184 83 66 68 27 20 50 87 34 59 46 0 184
169 81 26 42 60 37 97 73 35 48 70 0 169
168 40 22 42 49 94 63 71 26 90 38 0 168
157 40 72 32 26 85 56 93 61 87 95 0 157
111 64 65 60 27 58 58 91 43 61 39 0 111
108 94 40 60 73 91 91 87 70 20 62 0 108
106 75 86 96 28 28 99 21 94 77 48 0 106
123 31 74 91 74 21 28 57 59 37 64 0 123
139 51 57 64 63 51 58 96 66 84 91 0 139
197 81 86 44 26 62 64 88 40 35 60 0 197
190 97 96 26 76 60 84 41 49 89 90 0 190
162 56 37 46 21 39 62 43 84 94 95 0 162
170 34 83 91 54 31 68 87 55 34 53 0 170
144 79 31 51 23 92 55 59 72 68 28 0 144
104 57 51 42 51 67 21 66 59 32 30 0 104
164 49 60 96 61 61 93 40 92 25 34 0 164
166 50 77 98 54 45 23 30 42 27 23 0 166
193 34 99 97 35 94 29 29 33 43 30 0 193
162 24 57 84 48 75 73 55 69 69 87 0 162
184 85 86 23 82 73 53 50 66 57 58 0 184
137 26 92 96 70 60 37 82 55 31 23 0 137
134 73 23 76 23 96 98 85 79 58 74 0 134
172 46 33 87 22 78 76 62 55 92 98 0 172
154 44 43 29 31 56 97 45 25 80 53 0 154
101 42 64 40 67 27 84 32 88 56 95 0 101
166 28 91 83 74 95 76 73 65 99 29 0 166
117 24 75 41 58 46 36 29 40 43 81 0 117
122 68 58 39 80 53 52 82 89 63 100 0 122
170 63 29 75 67 66 21 95 30 40 60 0 170
170 32 29 85 27 96 36 67 56 45 38 0 170
190 68 59 53 81 56 78 57 36 50 87 0 190
153 35 70 93 30 30 67 25 67 22 42 0 153
145 48 50 95 44 33 85 29 95 64 49 0 145
105 27 86 63 52 92 84 94 99 86 22 0 105
142 29 46 75 56 23 43 95 24 32 68 0 142
120 44 27 29 61 23 100 35 83 83 71 0 120
132 20 98 61 74 73 54 92 92 80 88 0 132
104 26 93 30 25 81 85 60 29 71 23 0 104
154 88 77 25 66 39 79 37 55 86 81 0 154
180 73 67 34 81 42 23 90 64 44 33 0 180
162 91 30 24 95 27 46 56 34 72 57 0 162
105 60 24 77 80 23 89 28 42 71 79 0 105
126 30 52 85 22 82 64 83 48 42 73 0 126
142 67 42 75 71 39 47 28 99 64 82 0 142
196 26 27 65 100 70 60 42 41 44 61 0 196
122 92 70 89 50 76 70 51 34 55 51 0 122
189 52 55 70 78 70 34 72 95 41 38 0 189
112 23 41 42 58 70 21 62 49 93 34 0 112
158 70 61 73 62 63 73 61 38 84 39 0 158
117 96 39 76 89 62 88 51 56 42 28 0 117
182 34 47 95 37 37 96 25 70 92 54 0 182
115 38 72 68 49 25 72 45 77 54 59 0 115
120 39 50 39 30 51 31 32 54 77 89 0 120
169 23 76 56 48 79 48 36 52 82 97 0 169
112 100 48 34 82 23 87 71 76 29 73 0 112
112 32 66 40 34 31 89 23 33 28 43 0 112
151 56 98 83 44 23 30 51 64 86 93 0 151
193 57 70 74 36 66 79 83 56 86 46 0 193
183 35 83 29 50 76 56 22 95 99 93 0 183
178 40 89 97 88 21 79 49 51 29 56 0 178
180 74 54 63 32 45 91 85 28 87 56 0 180
130 76 94 27 30 76 91 85 89 63 54 0 130
109 65 79 33 82 70 66 63 44 49 97 0 109
122 96 21 46 24 69 40 28 51 93 86 0 122
114 87 67 41 39 62 93 38 99 79 95 0 114
110 60 65 33 59 41 66 99 30 81 97 0 110
136 31 52 23 64 86 52 76 48 65 84 0 136
166 92 78 61 87 53 37 53 26 79 44 0 166
192 61 58 101 95 67 58 70 85 96 99 0 192
158 55 99 51 58 59 55 77 71 94 32 0 158
116 86 33 72 80 33 69 84 87 24 23 0 116
109 44 90 58 82 92 67 76 64 34 47 0 109
140 70 73 39 30 30 84 24 61 68 60 0 140
106 96 58 55 71 80 24 89 33 33 90 0 106
141 53 49 44 40 61 42 42 55 83 81 0 141
192 74 26 38 75 64 61 32 76 91 24 0 192
139 67 71 44 26 81 56 28 39 69 47 0 139
110 67 42 45 36 25 85 72 81 98 35 0 110
189 39 73 87 83 28 89 99 24 99 80 0 189
143 29 98 56 99 45 40 49 96 68 24 0 143
165 60 77 91 26 43 84 63 32 34 100 0 165
152 63 92 57 70 33 35 62 55 45 101 0 152
146 38 32 38 24 31 92 87 47 33 77 0 146
180 53 55 76 59 70 91 41 48 99 65 0 180
177 55 44 34 36 46 86 58 48 77 25 0 177
131 30 34 83 69 70 43 59 72 23 78 0 131
200 99 43 95 64 97 64 25 92 31 83 0 200
189 37 96 63 91 34 74 96 50 76 96 0 189
133 64 69 98 70 65 61 24 49 80 59 0 133
134 82 66 48 82 51 39 84 75 92 28 0 134
167 52 46 44 82 33 26 25 59 31 36 0 167
192 49 47 48 63 37 27 80 34 62 93 0 192
110 44 44 81 76 32 43 37 52 38 92 0 110
188 38 32 72 78 82 88 90 62 41 90 0 188
179 90 99 39 65 36 31 70 45 79 92 0 179
126 43 31 100 34 40 60 76 34 81 37 0 126
130 21 70 26 48 47 82 21 41 32 47 0 130
150 61 47 99 22 35 52 28 20 22 45 0 150
154 62 96 91 56 58 60 46 81 39 23 0 154
129 82 82 90 21 72 89 82 97 98 96 0 129
188 70 89 61 55 94 40 34 37 61 26 0 188
200 75 42 90 93 62 95 84 96 82 51 0 200
176 88 78 34 97 83 42 55 74 27 54 0 176
156 67 44 65 99 74 74 98 41 96 93 0 156
105 27 97 88 55 93 100 51 99 92 53 0 105
191 101 100 30 46 26 31 62 39 69 53 0 191
153 97 66 63 30 38 63 81 92 21 58 0 153
138 94 23 78 64 83 48 88 59 60 76 0 138
128 84 50 100 70 25 54 84 85 100 64 0 128
134 93 91 94 87 42 28 51 40 90 35 0 134
123 82 33 74 54 58 70 46 79 50 64 0 123
168 26 36 71 57 74 21 83 43 101 25 0 168
190 26 27 44 69 78 37 33 95 34 60 0 190
129 63 67 24 39 88 85 89 81 33 92 0 129
192 81 23 73 56 90 91 95 50 47 93 0 192
196 82 98 83 52 43 61 73 97 62 36 0 196
128 93 76 87 81 99 32 83 83 27 38 0 128
162 33 99 64 55 23 43 61 52 89 33 0 162
195 65 30 52 74 41 44 70 89 73 63 0 195
161 74 37 62 65 85 88 86 81 37 84 0 161
192 24 26 69 36 91 66 22 80 22 81 0 192
117 100 82 80 39 74 70 71 93 38 81 0 117
149 53 87 58 59 95 52 96 41 33 37 0 149
103 79 43 74 80 95 74 40 76 60 87 0 103
135 95 35 95 93 67 44 61 78 22 70 0 135
151 36 28 30 96 22 38 58 80 85 55 0 151
139 30 44 21 35 89 75 100 71 81 100 0 139
155 40 32 60 47 83 25 98 74 65 73 0 155
105 66 28 60 60 40 47 98 32 85 22 0 105
200 42 57 88 71 39 74 44 58 89 44 0 200
140 54 40 58 79 72 46 88 32 52 83 0 140
126 87 33 66 67 43 32 98 44 91 38 0 126
127 55 51 40 52 28 83 22 79 37 76 0 127
176 67 65 47 86 99 56 66 26 22 33 0 176
156 71 62 53 90 90 53 66 33 98 40 0 156
112 42 85 91 48 75 48 41 86 28 21 0 112
188 84 45 40 31 66 37 92 33 82 92 0 188
108 95 65 56 70 56 74 82 32 64 43 0 108
115 53 53 61 98 25 88 95 24 38 95 0 115
127 27 74 100 25 34 96 52 46 64 72 0 127
127 25 74 87 23 86 30 59 30 72 74 0 127
182 81 23 36 47 31 48 76 94 64 52 0 182
133 65 63 68 52 31 21 45 77 48 75 0 133
145 99 33 56 63 66 37 82 56 46 45 0 145
195 20 60 22 55 21 49 69 45 40 81 0 195
117 59 78 83 26 63 40 63 34 36 98 0 117
124 66 85 76 74 85 35 28 62 50 34 0 124
182 75 20 100 34 84 86 64 99 76 28 0 182
180 41 72 40 99 60 32 47 40 83 52 0 180
124 35 44 25 32 57 70 47 91 55 34 0 124
144 24 29 94 90 38 75 60 86 65 96 0 144
179 24 78 54 56 38 83 31 61 62 79 0 179
182 83 44 67 74 21 39 24 62 26 51 0 182
145 34 29 35 95 86 94 70 41 90 56 0 145
117 40 90 93 34 79 35 64 25 85 70 0 117
138 88 93 67 44 42 50 80 94 68 21 0 138
101 66 31 29 22 87 36 58 46 23 48 0 101
142 33 37 68 35 30 81 80 70 41 72 0 142
111 90 43 22 81 89 21 31 31 82 28 0 111
161 32 73 40 93 53 84 38 54 66 89 0 161
122 30 68 61 47 34 73 29 52 68 26 0 122
120 26 36 43 57 72 31 75 89 62 29 0 120
200 65 80 95 34 75 25 26 48 65 64 0 200
137 91 46 50 54 40 27 61 44 68 34 0 137
164 63 45 34 38 44 22 97 77 28 33 0 164
146 65 74 100 89 59 68 63 91 39 61 0 146
162 84 43 100 81 94 31 65 81 74 50 0 162
176 21 58 34 35 35 23 32 31 23 84 0 176
170 54 29 70 60 41 66 88 52 82 40 0 170
152 54 68 78 92 85 77 95 79 42 26 0 152
197 32 54 72 58 27 34 85 79 55 39 0 197
188 81 67 56 67 44 31 93 65 63 56 0 188
175 68 97 70 28 36 69 31 67 78 55 0 175
197 61 77 73 47 53 56 100 81 82 75 0 197
123 26 33 73 60 75 79 50 50 27 81 0 123
129 98 81 58 91 93 39 71 95 60 92 0 129
171 31 46 80 29 40 93 101 65 58 34 0 171
160 51 78 91 25 71 28 52 50 57 92 0 160
188 40 48 87 83 59 54 80 44 78 42 0 188
156 25 27 75 63 22 53 54 53 46 98 0 156
185 93 41 26 86 46 40 74 83 34 98 0 185
187 38 49 39 24 44 41 48 26 53 62 0 187
171 97 91 65 90 70 88 25 55 93 34 0 171
152 95 95 62 66 81 63 100 94 66 29 0 152
190 39 22 83 42 23 47 56 39 87 24 0 190
115 61 64 30 41 71 48 53 22 56 99 0 115
120 75 86 84 55 40 63 91 44 73 99 0 120
193 48 81 36 32 30 34 82 46 94 40 0 193
137 29 72 39 46 59 57 30 27 26 55 0 137
160 51 39 62 60 47 49 73 47 82 32 0 160
174 50 29 35 47 85 100 37 93 47 38 0 174
161 34 70 25 94 39 98 77 64 63 88 0 161
165 75 69 56 101 70 89 70 74 76 84 0 165
121 43 68 21 22 24 37 97 73 33 50 0 121
164 90 60 72 40 40 93 98 75 93 60 0 164
175 79 63 22 44 81 67 54 66 99 99 0 175
162 30 58 62 99 84 70 49 29 65 81 0 162
114 94 39 89 73 64 43 48 62 61 22 0 114
197 89 54 53 67 88 77 58 68 48 88 0 197
130 42 31 79 75 97 73 87 80 85 41 0 130
179 24 94 98 89 77 66 67 24 72 36 0 179
144 37 25 95 20 45 27 28 55 80 37 0 144
162 59 67 84 59 35 89 91 59 69 53 0 162
122 77 39 42 49 65 67 53 57 92 43 0 122
122 61 24 78 24 54 53 72 21 87 51 0 122
129 53 66 59 89 69 94 21 56 95 60 0 129
187 73 84 47 21 28 43 81 66 68 55 0 187
157 96 48 30 22 60 81 52 64 48 57 0 157
140 50 43 38 45 77 25 63 71 48 25 0 140
193 78 24 65 93 31 95 93 43 30 33 0 193
194 46 57 91 27 77 31 67 85 75 78 0 194
138 47 35 38 65 47 74 82 23 37 27 0 138
142 43 68 33 83 25 95 42 67 94 25 0 142
129 94 31 36 82 93 44 27 51 53 73 0 129
177 71 69 50 36 85 78 94 51 81 61 0 177
136 78 32 81 93 93 69 75 48 43 57 0 136
195 60 39 44 83 81 56 98 50 61 25 0 195
173 68 69 31 29 50 54 25 87 40 67 0 173
113 29 65 46 76 43 67 45 75 72 57 0 113
184 67 95 26 67 100 100 43 68 44 26 0 184
160 68 84 81 37 38 23 35 43 56 37 0 160
140 82 62 90 99 92 82 57 58 82 101 0 140
101 69 70 63 91 30 95 71 39 46 43 0 101
153 69 77 84 59 84 39 22 91 48 37 0 153
103 37 41 22 84 54 43 22 42 75 43 0 103
151 27 76 81 36 74 61 43 22 84 43 0 151
200 59 37 89 94 83 43 41 39 65 85 0 200
118 23 94 38 39 22 41 48 88 95 62 0 118
116 52 65 80 48 100 61 89 32 41 72 0 116
158 38 65 57 93 47 34 64 42 59 100 0 158
147 57 52 81 42 96 73 78 70 43 96 0 147
137 41 40 99 64 98 92 74 27 45 35 0 137
134 20 61 100 72 66 29 32 24 31 80 0 134
153 72 22 42 98 40 72 44 57 95 77 0 153
197 70 23 58 67 57 49 50 75 67 56 0 197
173 41 90 58 58 39 36 40 82 40 27 0 173
164 95 66 78 67 72 25 46 79 60 24 0 164
139 28 79 98 57 66 89 31 52 84 93 0 139
123 59 83 52 47 41 32 76 48 73 52 0 123
142 84 56 69 63 21 26 31 36 39 80 0 142
140 92 35 72 39 79 68 69 65 50 29 0 140
152 91 67 94 90 55 27 88 34 87 33 0 152
118 47 32 50 20 39 67 89 50 53 32 0 118
166 93 41 31 95 94 44 75 74 88 96 0 166
128 58 36 27 39 23 66 67 54 35 25 0 128
154 67 42 44 69 50 90 84 78 51 80 0 154
173 43 42 79 89 96 49 56 32 96 68 0 173
160 22 24 34 21 83 22 49 54 73 47 0 160
110 98 30 23 81 90 42 68 60 26 51 0 110
124 31 99 99 51 22 32 65 46 96 94 0 124
153 64 93 74 98 99 70 72 35 78 99 0 153
115 70 70 42 50 74 79 35 72 51 40 0 115
153 87 81 88 34 55 90 60 79 87 40 0 153
105 66 53 53 31 42 23 49 41 77 82 0 105
189 88 43 82 27 46 60 66 96 88 54 0 189
190 77 90 87 53 36 78 38 32 32 26 0 190
139 63 75 87 51 78 31 55 36 66 21 0 139
161 53 82 68 69 93 41 23 36 68 46 0 161
160 29 44 98 75 81 96 55 93 60 100 0 160
194 37 53 22 92 38 83 27 25 90 25 0 194
144 47 65 34 53 63 41 59 69 46 71 0 144
187 31 53 70 27 40 78 58 71 90 74 0 187
159 49 65 42 83 67 22 87 85 43 27 0 159
118 76 43 52 27 87 60 84 49 76 50 0 118
165 90 66 96 47 92 66 48 94 76 54 0 165
162 90 40 67 78 96 25 56 62 68 96 0 162
104 57 91 59 34 47 34 73 25 57 22 0 104
108 80 80 62 41 32 39 100 72 28 83 0 108
171 87 65 87 58 99 64 100 84 100 73 0 171
162 82 95 73 30 59 82 74 38 100 55 0 162
103 47 61 43 72 34 21 41 64 21 29 0 103
140 49 87 30 88 85 96 30 29 81 33 0 140
190 74 23 41 30 45 34 82 86 86 89 0 190
140 28 85 55 28 51 28 86 71 39 24 0 140
128 25 36 84 58 53 51 92 82 84 92 0 128
157 95 30 27 80 28 76 66 90 99 100 0 157
161 51 34 41 57 60 43 61 99 39 50 0 161
105 39 48 45 43 78 87 24 38 84 51 0 105
142 99 90 35 71 62 48 79 24 73 84 0 142
198 35 82 97 41 21 77 68 58 45 78 0 198
193 39 58 48 53 89 60 76 61 62 30 0 193
152 70 74 41 30 80 62 56 96 81 28 0 152
116 70 36 54 75 52 58 91 95 38 61 0 116
145 81 78 56 35 35 100 97 91 51 37 0 145
198 73 95 67 40 69 54 87 92 99 98 0 198
108 83 48 89 83 93 27 51 96 84 84 0 108
131 55 73 97 35 41 25 99 73 66 54 0 131
100 72 77 62 46 56 67 30 74 29 42 0 100
123 67 97 81 77 54 54 51 101 54 91 0 123
190 66 31 50 40 69 34 26 23 57 92 0 190
141 81 95 34 53 90 35 96 82 80 38 0 141
199 29 85 70 76 69 25 28 37 79 45 0 199
190 21 61 64 34 58 79 63 57 43 60 0 190
194 96 78 77 68 84 77 30 51 28 41 0 194
150 97 42 88 49 78 52 58 87 50 98 0 150
129 51 74 85 42 85 25 70 34 45 32 0 129
182 50 85 66 47 35 48 83 37 86 88 0 182
136 21 24 35 21 55 33 88 51 52 53 0 136
119 37 29 43 43 52 77 23 100 71 25 0 119
133 30 56 58 86 79 89 71 30 84 54 0 133
118 92 91 64 89 29 87 87 72 80 30 0 118
104 25 22 83 86 61 43 47 85 48 97 0 104
194 83 100 59 95 80 100 61 39 38 26 0 194
143 21 36 48 96 70 50 50 36 21 84 0 143
131 23 71 60 71 95 69 62 91 26 45 0 131
173 35 47 48 40 26 62 93 64 88 79 0 173
106 73 22 58 65 64 26 40 63 83 34 0 106
139 22 42 85 94 69 91 73 56 62 84 0 139
107 48 74 96 95 78 20 22 29 64 97 0 107
146 33 24 78 62 59 87 61 49 88 46 0 146
163 23 32 83 75 50 51 28 75 100 48 0 163
153 85 78 57 93 94 82 91 72 29 53 0 153
143 84 63 86 66 61 66 71 61 73 25 0 143
127 90 70 82 44 38 69 88 31 34 38 0 127
137 98 37 41 86 95 78 51 61 97 40 0 137
171 68 52 43 83 74 22 50 86 97 74 0 171
111 34 81 71 99 82 37 100 57 94 56 0 111
147 78 88 85 70 37 60 28 92 43 34 0 147
155 77 32 31 43 54 68 64 55 76 98 0 155
127 87 73 66 33 66 91 83 75 22 85 0 127
183 98 52 27 91 27 49 74 73 94 42 0 183
192 92 21 42 26 21 53 53 93 39 32 0 192
101 85 52 47 26 24 85 34 76 70 55 0 101
137 55 67 36 80 23 82 60 99 94 53 0 137
195 81 42 83 36 27 63 30 59 53 76 0 195
162 37 82 43 92 52 88 73 66 46 41 0 162
108 96 45 29 48 23 36 37 96 79 81 0 108
197 85 76 39 85 32 53 66 48 68 92 0 197
101 69 79 98 91 46 79 48 23 86 90 0 101
145 51 39 77 65 32 87 29 73 67 80 0 145
115 82 88 96 78 52 33 80 37 98 85 0 115
105 22 60 93 101 90 69 33 90 91 83 0 105
101 58 100 71 67 24 84 86 55 84 72 0 101
130 44 46 52 37 58 54 83 38 36 94 0 130
129 40 63 87 60 51 23 23 30 70 37 0 129
116 43 87 44 93 33 86 98 47 80 39 0 116
101 68 82 50 23 60 77 87 61 73 79 0 101
160 72 44 83 54 66 98 38 62 39 98 0 160
139 79 92 38 66 93 32 87 44 92 39 0 139
118 61 37 98 34 93 62 22 37 35 71 0 118
140 55 59 36 90 42 93 51 40 51 43 0 140
102 72 83 57 87 29 66 53 95 79 46 0 102
119 55 80 69 35 84 45 95 84 25 99 0 119
185 29 72 87 39 51 73 63 75 40 81 0 185
141 93 89 91 58 93 49 99 30 53 29 0 141
180 92 37 62 31 69 67 70 44 29 85 0 180
123 96 40 92 64 97 32 64 51 26 21 0 123
144 69 58 53 54 76 26 57 66 31 94 0 144
157 65 40 68 94 32 62 88 43 67 84 0 157
184 30 28 77 54 21 73 65 46 26 45 0 184
156 74 45 54 44 31 97 44 75 69 95 0 156
157 29 65 84 82 73 62 31 97 63 47 0 157
131 59 24 51 38 89 33 95 37 87 26 0 131
161 87 23 38 73 47 46 50 87 51 43 0 161
175 83 59 37 41 64 89 48 85 40 89 0 175
123 97 48 59 93 81 33 48 34 50 91 0 123
152 48 41 40 25 21 78 73 64 45 70 0 152
146 56 61 83 41 24 54 36 40 96 22 0 146
178 46 55 71 24 68 45 79 90 75 45 0 178
126 80 59 45 99 74 20 74 101 93 36 0 126
135 44 36 72 72 41 23 52 44 84 99 0 135
133 89 44 36 30 35 82 78 79 33 23 0 133
198 42 95 27 63 84 66 79 22 68 65 0 198
139 91 56 60 54 62 48 76 30 97 81 0 139
114 43 22 67 82 45 59 39 81 21 68 0 114
134 36 77 51 63 57 43 91 27 30 28 0 134
101 98 65 34 68 27 50 34 53 76 35 0 101
164 99 35 83 54 32 77 60 70 56 49 0 164
123 41 57 33 71 55 26 77 57 64 35 0 123
136 90 98 45 66 21 83 75 95 22 35 0 136
189 54 53 66 22 100 44 38 89 98 95 0 189
157 72 72 77 51 93 76 64 89 24 95 0 157
156 49 59 95 80 47 39 51 58 73 75 0 156
104 35 22 95 45 49 80 65 73 32 53 0 104
166 73 54 67 65 97 31 73 57 100 31 0 166
165 43 99 80 67 49 28 75 81 39 92 0 165
171 55 96 64 82 88 63 56 51 22 83 0 171
169 24 91 60 23 84 45 26 73 23 87 0 169
116 55 75 58 21 59 49 88 92 34 33 0 116
151 31 100 72 48 91 22 62 79 88 88 0 151
130 55 60 20 35 37 72 94 74 53 52 0 130
107 66 78 90 81 79 83 65 96 65 80 0 107
149 50 90 58 27 74 45 93 41 42 63 0 149
198 38 44 53 69 78 43 53 86 24 54 0 198
139 87 35 97 45 73 101 89 43 59 74 0 139
118 27 55 88 96 35 32 97 69 37 88 0 118
145 70 100 60 73 45 46 46 51 51 72 0 145
176 39 100 72 45 98 78 86 48 87 60 0 176
199 80 96 100 95 63 30 21 84 73 23 0 199
196 33 62 100 25 25 35 34 40 48 39 0 196
181 91 57 58 24 47 93 33 92 90 27 0 181
143 38 82 75 60 81 86 39 57 82 66 0 143
132 42 53 42 50 43 93 88 26 62 62 0 132
123 31 100 49 59 74 76 85 90 67 43 0 123
171 98 58 47 43 29 76 91 63 71 42 0 171
148 26 73 70 77 73 52 89 53 89 48 0 148
106 35 56 35 62 51 23 66 31 82 97 0 106
107 34 90 87 69 92 78 29 71 59 28 0 107
163 20 69 31 53 81 100 69 72 83 57 0 163
200 87 53 43 71 53 46 48 62 74 95 0 200
150 56 26 89 49 61 21 40 43 91 78 0 150
192 37 62 81 35 32 77 101 100 76 63 0 192
153 47 56 45 39 72 75 24 39 27 48 0 153
198 43 59 42 82 93 82 46 48 21 59 0 198
160 95 53 55 46 55 26 78 26 35 88 0 160
123 79 28 41 67 94 51 71 27 49 59 0 123
164 53 62 22 57 73 26 98 36 41 89 0 164
139 62 36 32 65 93 78 89 59 67 43 0 139
139 48 21 47 30 96 91 47 93 29 61 0 139
128 98 37 72 68 54 65 33 20 34 58 0 128
132 97 43 88 64 20 59 67 39 74 36 0 132
166 68 30 27 25 75 60 54 91 39 51 0 166
107 32 82 78 24 95 70 92 64 34 88 0 107
184 39 69 76 92 85 68 77 40 87 39 0 184
183 33 49 53 91 65 86 40 91 31 96 0 183
189 80 75 100 34 38 49 22 31 78 72 0 189
167 22 53 85 80 62 45 61 38 61 45 0 167
147 79 74 87 29 28 53 42 40 82 63 0 147
135 26 92 37 98 91 89 92 100 95 58 0 135
160 50 53 78 58 98 68 63 77 92 95 0 160
159 41 35 91 56 57 73 61 51 40 98 0 159
199 84 76 45 35 69 94 83 36 79 92 0 199
148 90 78 68 36 31 82 74 100 76 30 0 148
131 39 46 88 30 80 67 70 97 81 101 0 131
140 85 45 73 54 66 73 52 76 29 60 0 140
108 89 89 99 33 57 47 32 20 93 87 0 108
171 46 89 77 67 100 29 90 96 42 97 0 171
184 84 64 22 84 84 29 34 67 81 100 0 184
130 85 22 29 23 21 21 92 89 23 80 0 130
112 53 54 73 69 84 88 87 46 100 38 0 112
140 34 98 76 64 42 29 52 97 75 74 0 140
159 78 42 32 73 73 24 38 46 44 37 0 159
112 51 58 33 72 33 27 24 96 24 35 0 112
159 72 97 22 92 64 100 95 23 37 60 0 159
152 87 73 88 62 64 22 58 41 99 99 0 152
183 68 78 31 83 46 74 92 26 21 75 0 183
120 86 23 69 34 40 37 45 74 37 69 0 120
121 67 59 25 68 55 84 88 98 98 41 0 121
149 87 62 84 43 69 42 85 21 82 83 0 149
194 24 22 90 86 63 81 63 89 79 69 0 194
131 92 88 88 47 95 93 44 61 93 65 0 131
114 47 53 49 74 75 97 81 63 78 49 0 114
108 50 67 22 50 65 28 61 53 22 38 0 108
179 69 48 34 61 59 66 99 24 88 84 0 179
106 75 60 51 33 83 82 84 85 24 50 0 106
178 47 43 83 57 58 62 62 91 35 70 0 178
140 26 27 46 88 33 33 71 76 43 86 0 140
131 84 95 58 70 21 22 60 59 42 59 0 131
143 88 40 45 38 74 54 45 39 79 24 0 143
129 82 49 98 92 39 47 34 27 73 89 0 129
175 57 100 23 49 85 92 37 35 35 47 0 175
102 42 52 25 79 99 23 51 59 35 73 0 102
160 71 48 83 48 56 88 30 40 29 87 0 160
109 66 92 82 52 26 29 83 65 78 81 0 109
136 48 74 36 39 27 60 71 76 85 60 0 136
130 59 59 32 76 21 80 28 36 86 65 0 130
171 54 78 46 97 24 61 99 32 27 49 0 171
121 39 21 37 28 54 68 97 45 41 30 0 121
175 63 67 82 93 42 52 62 28 70 23 0 175
161 84 80 80 92 84 29 33 83 25 69 0 161
145 25 42 70 58 79 47 33 96 30 55 0 145
133 75 72 21 68 24 42 50 72 81 23 0 133
148 67 28 64 79 88 22 60 86 63 35 0 148
163 88 20 93 22 21 39 93 58 97 96 0 163
145 40 53 85 79 78 75 62 92 79 29 0 145
177 24 97 71 82 97 74 96 80 73 61 0 177
188 71 38 24 46 82 29 56 30 89 68 0 188
130 75 94 81 88 34 90 94 83 86 36 0 130
112 85 68 44 51 77 96 33 41 45 25 0 112
139 70 48 51 43 49 33 37 52 66 91 0 139
135 29 52 38 80 71 76 92 99 78 66 0 135
114 70 89 49 47 71 57 71 58 24 61 0 114
155 100 26 84 25 36 75 68 55 99 89 0 155
183 41 60 32 82 45 44 91 80 83 70 0 183
197 23 49 79 44 51 51 51 33 26 33 0 197
196 71 22 86 83 54 74 92 84 64 77 0 196
142 59 20 44 48 35 69 71 68 55 82 0 142
179 54 76 54 100 87 81 85 62 41 39 0 179
169 59 80 89 31 64 56 86 75 33 63 0 169
192 30 23 22 39 80 42 82 94 70 96 0 192
173 96 30 26 39 26 30 32 64 90 65 0 173
167 36 22 68 72 41 95 38 40 61 34 0 167
173 60 61 27 92 95 38 99 89 51 62 0 173
184 44 87 93 79 46 32 92 30 43 63 0 184
106 57 41 83 63 74 50 21 37 101 40 0 106
190 80 72 45 67 43 92 87 37 85 37 0 190
124 39 80 99 72 62 56 50 26 97 83 0 124
177 24 52 98 54 80 56 97 84 85 45 0 177
191 43 58 22 55 22 81 37 72 71 98 0 191
136 48 100 30 80 24 42 96 31 74 51 0 136
185 39 40 76 75 21 79 27 48 25 66 0 185
119 98 55 45 53 86 44 81 60 54 47 0 119
190 48 81 33 86 21 89 62 92 57 20 0 190
113 23 37 62 91 45 37 21 20 43 59 0 113
147 71 48 96 86 27 44 33 96 62 60 0 147
106 30 88 69 86 38 99 89 75 83 67 0 106
164 80 96 72 35 93 56 20 81 41 32 0 164
189 86 21 72 59 40 53 83 100 77 95 0 189
183 92 67 55 31 48 26 27 50 84 99 0 183
194 51 50 68 54 27 35 78 71 29 84 0 194
144 84 55 68 67 30 39 80 92 78 62 0 144
120 46 74 61 98 74 52 65 36 25 26 0 120
141 48 98 77 70 62 66 83 59 61 77 0 141
159 91 100 59 64 27 83 99 78 87 29 0 159
179 49 79 83 54 99 91 88 91 69 82 0 179
178 91 30 85 71 94 83 96 31 89 53 0 178
142 31 23 70 90 29 58 86 32 44 79 0 142
186 33 57 51 67 21 89 84 63 88 36 0 186
190 80 34 82 84 98 75 27 86 77 95 0 190
177 60 41 43 38 92 35 30 36 29 72 0 177
127 67 80 83 80 64 26 46 84 41 39 0 127
115 47 31 61 41 43 38 79 61 81 31 0 115
191 97 28 80 39 27 62 65 60 31 25 0 191
175 74 40 95 57 53 40 41 61 59 93 0 175
138 96 41 68 77 91 23 47 51 78 96 0 138
131 100 39 23 68 28 35 32 47 74 40 0 131
115 75 78 82 65 65 81 52 98 29 97 0 115
158 69 68 27 30 92 46 44 75 76 26 0 158
126 50 61 41 72 69 34 79 89 41 73 0 126
179 94 44 68 45 48 84 41 52 34 85 0 179
151 49 48 46 54 34 67 25 26 96 32 0 151
133 51 91 83 46 22 74 37 71 65 75 0 133
182 69 56 76 80 42 57 27 86 87 64 0 182
177 25 65 44 42 57 97 47 85 33 79 0 177
123 94 43 53 71 78 90 90 50 69 46 0 123
182 28 99 41 72 34 89 84 36 38 89 0 182
188 28 69 35 73 55 61 48 22 45 30 0 188
179 91 84 66 54 86 92 40 39 80 48 0 179
160 38 23 61 39 37 61 73 99 49 26 0 160
184 52 70 31 92 45 70 35 75 20 44 0 184
177 93 76 22 79 86 77 44 81 28 65 0 177
130 94 50 22 76 80 98 100 74 42 75 0 130
191 91 32 98 48 83 89 59 46 90 26 0 191
174 62 35 36 52 90 75 53 97 78 94 0 174
190 33 54 44 57 93 64 82 92 95 37 0 190
123 88 40 82 71 74 58 83 75 57 53 0 123
183 23 75 79 69 89 80 52 91 34 91 0 183
133 91 86 70 99 26 58 94 69 45 69 0 133
130 44 26 83 35 70 61 79 23 97 41 0 130
125 77 94 76 82 97 55 75 66 21 56 0 125
197 68 31 31 51 33 25 88 80 98 31 0 197
197 89 27 45 53 63 36 84 37 33 56 0 197
177 67 56 92 91 84 84 47 71 35 76 0 177
126 77 21 51 67 34 92 30 57 32 81 0 126
145 101 25 98 44 81 55 81 40 42 77 0 145
127 96 64 25 31 68 24 35 26 25 29 0 127
146 24 98 59 61 35 63 76 50 31 61 0 146
147 58 43 93 80 36 43 99 71 89 59 0 147
119 92 77 31 59 77 53 54 80 62 59 0 119
137 59 61 47 51 49 45 21 23 52 72 0 137
165 40 39 34 60 41 87 87 29 87 47 0 165
130 62 97 60 65 34 67 65 42 22 20 0 130
140 73 78 65 29 81 69 61 49 70 61 0 140
166 52 98 41 53 57 83 84 33 79 88 0 166
170 85 61 78 82 68 96 91 24 81 91 0 170
169 36 68 38 87 28 60 65 93 27 26 0 169
187 94 48 60 86 70 56 32 82 95 97 0 187
110 83 46 25 43 41 67 23 46 79 55 0 110
145 66 82 58 64 67 85 85 31 37 33 0 145
191 53 50 83 31 74 77 43 64 24 33 0 191
142 98 20 75 34 94 50 61 31 61 87 0 142
122 81 52 58 53 27 31 35 92 101 32 0 122
170 82 38 75 96 47 90 67 56 97 65 0 170
133 35 84 62 99 56 57 32 37 76 22 0 133
178 47 50 57 68 29 92 40 63 63 96 0 178
154 45 29 86 82 29 46 57 20 33 44 0 154
197 58 72 76 91 94 50 36 70 38 42 0 197
117 61 84 91 80 64 64 35 78 95 70 0 117
117 77 73 83 77 57 86 33 68 72 53 0 117
164 32 39 25 36 32 67 80 86 48 58 0 164
172 71 36 100 70 83 42 50 91 87 24 0 172
112 34 55 77 68 67 73 61 38 93 31 0 112
165 32 76 52 97 55 58 41 73 91 48 0 165
110 34 67 88 27 49 70 76 59 79 94 0 110
100 36 23 32 68 34 25 56 93 98 67 0 100
124 25 97 40 69 31 77 69 62 94 52 0 124
129 36 95 27 77 27 60 40 42 35 55 0 129
108 36 69 42 100 20 79 51 51 92 34 0 108
136 39 58 34 53 46 63 40 60 75 97 0 136
179 64 55 51 89 58 47 100 92 38 23 0 179
181 82 80 24 39 42 48 71 22 41 88 0 181
156 91 59 81 72 47 62 97 37 89 84 0 156
198 77 80 65 67 59 45 41 29 54 54 0 198
174 99 40 80 32 43 52 50 52 82 67 0 174
106 90 70 27 24 68 96 24 31 47 37 0 106
174 50 65 82 47 23 68 21 98 38 36 0 174
159 50 72 52 71 35 97 83 25 90 69 0 159
169 38 40 36 86 57 53 24 89 70 37 0 169
175 64 79 63 83 65 35 25 58 23 21 0 175
165 21 39 42 34 75 81 69 45 24 70 0 165
188 79 75 31 86 100 60 61 23 67 86 0 188
154 91 45 63 35 99 34 60 99 89 34 0 154
185 22 33 33 87 30 54 84 87 94 79 0 185
144 65 100 87 23 44 41 66 57 64 31 0 144
117 74 64 32 64 44 67 82 48 36 35 0 117
106 31 66 49 63 49 92 24 81 92 42 0 106
176 67 51 70 36 61 34 55 27 55 47 0 176
156 70 73 80 57 43 27 38 28 62 57 0 156
159 41 61 65 61 44 48 75 43 83 25 0 159
165 39 54 55 68 92 21 58 100 78 49 0 165
196 22 32 21 22 41 45 65 24 71 60 0 196
102 31 86 92 32 61 28 94 36 62 97 0 102
184 23 58 57 60 64 38 91 52 29 100 0 184
101 20 40 55 52 83 37 94 83 64 43 0 101
100 69 65 21 93 86 79 77 86 80 72 0 100
159 30 27 32 39 79 25 60 74 60 52 0 159
124 33 54 99 23 80 34 85 62 40 34 0 124
103 84 53 50 35 31 56 40 44 91 27 0 103
135 61 79 56 98 74 53 85 61 46 37 0 135
136 55 57 97 88 27 67 89 69 43 46 0 136
121 89 77 24 100 54 77 57 35 28 67 0 121
119 22 60 56 30 79 86 74 50 43 49 0 119
186 84 75 34 78 73 55 27 63 55 25 0 186
154 74 67 75 99 49 78 22 32 94 98 0 154
194 39 51 80 67 84 47 21 100 24 99 0 194
199 60 20 65 81 94 74 67 64 68 53 0 199
158 66 28 85 22 53 73 62 33 70 42 0 158
168 33 78 43 28 31 82 59 79 92 62 0 168
179 26 70 40 100 22 43 56 43 86 74 0 179
190 45 72 97 43 39 70 47 77 49 81 0 190
127 86 25 76 24 83 32 80 36 82 62 0 127
157 36 34 96 74 51 78 23 28 61 45 0 157
187 62 94 71 94 57 70 66 43 91 31 0 187
114 89 45 39 80 69 61 93 72 62 30 0 114
141 37 44 51 23 75 22 69 96 95 67 0 141
115 58 80 79 51 83 42 55 83 32 58 0 115
195 55 49 59 65 25 23 100 93 71 79 0 195
139 30 92 63 39 78 73 24 87 96 84 0 139
158 53 55 20 26 28 36 96 50 89 33 0 158
136 42 98 50 69 99 30 42 88 38 94 0 136
107 42 46 92 51 32 22 85 48 97 60 0 107
178 29 53 20 37 59 25 77 86 99 95 0 178
166 61 48 69 47 94 46 27 77 78 75 0 166
115 53 39 88 76 59 44 85 20 57 72 0 115
161 86 36 78 66 45 70 78 37 22 99 0 161
134 79 48 73 34 62 75 64 64 84 41 0 134
148 28 63 38 101 67 55 77 31 22 52 0 148
116 83 30 91 69 25 44 80 96 84 95 0 116
193 27 21 74 24 100 32 27 98 94 38 0 193
177 61 84 73 87 45 51 100 69 68 68 0 177
180 47 95 21 29 82 70 78 47 26 63 0 180
139 68 79 93 33 35 65 44 67 58 75 0 139
166 77 98 73 85 33 24 31 28 97 70 0 166
135 65 34 60 49 43 39 88 100 51 84 0 135
146 97 65 94 54 27 42 84 40 25 79 0 146
140 99 71 29 54 33 79 42 54 31 26 0 140
165 99 34 94 89 29 94 58 29 52 31 0 165
142 76 84 65 93 37 55 42 66 94 86 0 142
180 74 82 88 67 32 94 96 75 77 96 0 180
123 62 57 43 72 81 71 52 98 37 85 0 123
114 77 30 48 101 63 94 21 26 31 22 0 114
106 63 23 31 91 95 21 50 78 25 37 0 106
182 99 52 45 84 97 94 64 40 35 51 0 182
121 89 23 20 49 75 55 41 79 50 31 0 121
146 50 57 39 71 100 87 26 63 68 34 0 146
147 35 82 74 48 33 98 25 63 75 26 0 147
177 40 31 37 53 63 81 32 37 73 52 0 177
104 88 93 39 42 44 83 56 72 71 99 0 104
155 67 40 20 46 38 100 34 61 71 27 0 155
130 39 22 53 97 43 49 24 54 24 39 0 130
195 55 69 46 43 53 52 98 44 76 27 0 195
161 91 56 57 90 61 30 33 63 82 44 0 161
149 45 61 79 83 39 27 73 60 82 38 0 149
108 90 45 24 64 61 48 59 21 59 76 0 108
122 47 25 35 92 87 73 27 85 41 29 0 122
133 89 51 83 61 45 58 82 46 92 96 0 133
120 33 85 98 97 51 76 57 60 53 45 0 120
187 70 71 52 54 62 23 26 87 78 60 0 187
154 91 74 69 85 49 23 67 43 94 30 0 154
156 95 50 64 52 82 73 77 95 87 73 0 156
114 42 92 61 58 43 42 27 68 78 61 0 114
188 39 68 97 97 80 86 67 58 61 31 0 188
187 93 36 99 89 37 66 87 26 76 100 0 187
127 66 23 43 57 96 31 68 34 53 58 0 127
126 67 87 47 101 32 43 20 91 52 44 0 126
103 24 90 28 36 77 54 54 53 95 53 0 103
197 83 28 97 26 22 53 46 31 78 64 0 197
177 74 39 25 98 94 68 25 42 57 41 0 177
197 90 51 52 73 23 55 86 74 76 63 0 197
132 78 65 22 39 35 41 35 37 77 22 0 132
172 33 37 26 50 63 89 87 40 83 91 0 172
155 73 66 52 49 90 65 53 93 86 88 0 155
167 70 61 83 94 33 28 53 73 83 47 0 167
128 61 22 28 60 67 84 40 94 22 36 0 128
189 91 44 97 47 62 98 39 61 54 37 0 189
190 24 40 23 46 68 60 69 24 69 88 0 190
128 71 77 45 57 70 52 42 51 28 46 0 128
107 62 76 53 30 55 95 64 43 47 52 0 107
118 45 49 81 55 36 31 70 51 50 99 0 118
137 84 38 63 94 34 64 52 63 56 29 0 137
180 28 98 73 41 60 68 38 56 78 98 0 180
190 73 58 97 30 74 63 47 77 92 82 0 190
198 73 49 40 71 98 67 79 26 94 100 0 198
132 88 61 100 71 41 97 74 62 53 73 0 132
176 58 100 29 36 90 48 29 82 78 78 0 176
170 75 87 69 43 93 86 46 87 62 46 0 170
140 97 28 42 90 91 92 47 43 74 61 0 140
177 39 79 58 32 64 79 75 33 100 85 0 177
164 69 63 76 70 99 60 23 38 67 40 0 164
172 40 88 70 98 24 57 42 67 82 97 0 172
187 86 42 83 78 33 76 23 45 80 80 0 187
139 91 52 48 37 47 98 26 21 64 70 0 139
112 94 99 95 67 34 76 74 24 38 47 0 112
143 55 92 81 31 49 21 77 70 66 75 0 143
126 67 66 94 75 82 61 22 47 80 93 0 126
136 58 77 30 48 60 28 75 27 63 43 0 136
171 54 44 52 21 67 44 94 63 52 90 0 171
105 73 23 73 65 33 28 42 48 77 101 0 105
114 58 60 35 100 62 83 40 87 52 59 0 114
173 77 48 20 42 33 23 74 35 60 55 0 173
181 98 56 62 29 77 75 34 39 70 37 0 181
119 84 66 34 94 49 90 23 64 71 100 0 119
118 86 49 78 65 89 84 78 99 38 36 0 118
143 94 36 25 37 60 40 22 97 93 22 0 143
193 98 83 50 50 69 87 60 48 60 98 0 193
198 29 45 55 90 32 34 100 46 52 76 0 198
120 23 58 53 83 55 49 47 65 90 85 0 120
109 69 39 22 80 94 62 98 70 44 69 0 109
130 26 67 26 100 90 95 67 36 25 37 0 130
141 69 75 82 51 29 29 73 61 56 90 0 141
130 80 23 51 40 50 57 31 82 44 89 0 130
168 93 73 70 59 93 45 56 89 86 35 0 168
185 28 79 33 28 22 85 52 49 66 71 0 185
163 79 30 27 67 71 63 64 65 75 55 0 163
150 31 90 96 81 74 23 68 98 73 77 0 150
128 34 32 29 93 28 73 62 29 72 21 0 128
181 28 79 97 95 60 64 100 96 42 22 0 181
106 62 83 90 54 70 24 89 73 43 60 0 106
123 68 63 21 45 51 100 46 40 52 76 0 123
189 58 78 55 76 69 57 23 90 58 61 0 189
121 39 41 54 35 30 31 97 71 30 98 0 121
178 36 65 88 90 39 81 85 64 90 56 0 178
199 79 25 54 71 34 24 61 68 30 40 0 199
102 98 49 58 71 84 21 37 55 25 66 0 102
156 50 58 52 74 99 89 92 56 32 87 0 156
121 43 57 91 62 31 28 78 72 26 30 0 121
151 83 86 80 31 25 36 34 56 80 91 0 151
104 28 54 40 40 33 21 91 20 60 83 0 104
146 78 91 92 35 98 59 46 73 64 72 0 146
155 91 86 35 32 50 62 60 71 45 70 0 155
154 46 61 64 40 36 88 29 50 35 62 0 154
149 78 85 93 23 29 76 46 100 79 70 0 149
123 33 40 26 70 30 28 31 35 88 52 0 123
149 83 62 31 82 59 64 95 78 38 30 0 149
181 93 65 29 65 97 27 49 83 72 65 0 181
179 25 56 55 45 52 35 37 49 33 38 0 179
173 57 77 48 30 33 32 94 91 42 57 0 173
169 86 58 88 30 31 40 91 35 28 28 0 169
184 87 49 28 25 25 22 41 72 40 28 0 184
104 36 85 86 54 95 95 51 70 44 32 0 104
130 59 92 37 75 22 40 35 90 22 30 0 130
199 83 24 83 84 76 63 64 59 36 36 0 199
152 93 83 83 54 48 84 100 95 21 65 0 152
104 75 52 83 65 20 42 36 90 38 68 0 104
126 41 88 32 63 45 28 70 80 96 89 0 126
164 94 82 92 93 25 24 83 29 49 45 0 164
135 22 70 23 100 100 74 92 38 45 65 0 135
134 67 27 96 81 79 64 41 93 76 30 0 134
159 50 82 27 77 36 55 74 73 51 93 0 159
174 53 73 46 86 83 35 43 82 30 100 0 174
117 85 74 51 28 51 71 93 44 81 24 0 117
160 94 93 28 70 35 76 64 81 71 23 0 160
133 36 44 38 40 99 23 60 26 93 34 0 133
122 66 59 27 55 100 41 72 24 78 29 0 122
104 83 36 50 32 73 46 67 24 25 60 0 104
184 79 37 44 85 42 76 28 79 33 60 0 184
200 85 53 59 28 93 59 21 88 54 92 0 200
131 81 60 76 81 50 87 27 67 72 92 0 131
145 90 71 72 63 49 74 87 34 63 38 0 145
139 89 86 37 29 98 28 43 44 52 98 0 139
153 44 25 87 73 21 38 64 56 74 61 0 153
105 59 48 63 47 22 23 32 41 52 96 0 105
109 40 21 53 33 68 80 61 80 88 84 0 109
162 61 93 94 70 54 42 35 74 80 99 0 162
137 38 73 25 52 55 65 44 27 45 80 0 137
155 33 34 79 59 41 70 41 81 51 52 0 155
106 85 44 61 59 54 77 85 32 80 22 0 106
117 51 57 85 67 30 50 88 86 39 95 0 117
149 20 66 98 49 21 94 89 78 32 54 0 149
149 56 38 58 89 85 30 51 74 79 81 0 149
169 91 81 48 83 85 28 27 43 26 76 0 169
147 21 33 74 68 36 96 90 43 25 34 0 147
156 24 45 87 63 58 87 28 25 72 29 0 156
162 63 27 37 79 77 62 96 70 49 61 0 162
190 90 42 86 52 93 61 86 22 48 63 0 190
101 23 26 76 73 69 80 49 44 45 78 0 101
180 55 39 64 88 46 23 64 70 47 38 0 180
138 85 62 25 57 98 75 85 23 52 94 0 138
124 56 90 64 45 62 51 45 96 60 94 0 124
200 98 73 71 67 47 84 25 27 83 32 0 200
153 89 74 24 34 27 83 62 38 86 67 0 153
121 74 29 28 23 90 39 80 59 44 65 0 121
166 25 78 79 36 42 48 21 73 24 61 0 166
183 40 61 80 31 46 44 59 92 58 68 0 183
196 80 44 68 41 26 92 27 47 97 24 0 196
164 37 44 39 67 79 85 87 96 26 95 0 164
135 57 83 65 24 47 72 30 69 65 22 0 135
141 94 26 34 69 25 100 43 37 63 92 0 141
112 66 42 68 27 68 70 74 22 72 71 0 112
176 78 52 83 98 73 67 51 76 24 98 0 176
155 64 87 42 59 21 69 49 39 31 50 0 155
143 36 26 76 46 87 67 30 32 85 91 0 143
104 84 73 74 89 62 62 49 77 75 48 0 104
176 22 48 68 22 72 56 78 31 78 70 0 176
144 32 100 23 55 95 62 62 83 57 95 0 144
170 61 61 23 46 52 33 61 39 98 98 0 170
106 58 84 41 22 30 68 21 69 93 96 0 106
130 71 34 75 24 64 26 58 72 82 37 0 130
199 65 71 66 21 38 31 97 48 66 55 0 199
131 26 61 36 54 67 76 72 90 48 22 0 131
181 50 96 69 96 35 56 87 22 52 74 0 181
191 40 56 96 60 64 54 78 97 70 74 0 191
162 77 39 51 77 30 47 23 79 35 100 0 162
157 52 25 32 35 79 83 73 31 49 53 0 157
173 34 78 47 63 68 79 80 78 26 25 0 173
141 70 79 61 53 59 50 51 94 85 88 0 141
118 54 100 53 26 43 82 101 58 98 71 0 118
149 94 89 98 31 63 20 27 94 72 44 0 149
119 95 88 87 96 73 77 75 65 58 42 0 119
185 38 83 77 38 60 27 44 60 22 57 0 185
112 78 28 42 73 32 25 97 48 44 22 0 112
150 54 71 93 93 49 40 49 55 66 79 0 150
144 49 74 73 50 26 28 71 98 41 28 0 144
102 68 92 76 61 69 47 55 100 33 31 0 102
107 59 47 72 97 71 21 75 38 54 33 0 107
181 62 70 57 98 48 24 89 45 30 67 0 181
131 68 64 89 81 35 20 31 40 52 42 0 131
188 82 67 95 89 44 43 63 27 71 83 0 188
149 79 73 30 31 88 61 64 71 38 27 0 149
151 78 43 79 50 28 28 56 70 64 28 0 151
192 66 49 31 42 53 22 33 83 23 39 0 192
103 64 23 72 97 96 62 98 30 58 83 0 103
129 27 39 21 91 22 94 37 64 23 90 0 129
155 22 73 82 65 51 23 25 82 61 44 0 155
119 31 92 30 27 89 42 90 44 98 72 0 119
152 75 26 87 64 79 55 71 56 48 94 0 152
178 30 38 28 31 66 88 43 82 48 98 0 178
147 70 32 54 90 91 72 94 86 79 88 0 147
121 76 38 67 93 29 30 84 48 77 56 0 121
164 60 37 47 37 59 70 47 26 58 84 0 164
139 67 88 82 50 93 67 43 91 54 79 0 139
103 98 66 69 63 28 66 62 73 48 75 0 103
191 66 31 37 89 97 51 56 73 51 69 0 191
144 26 96 56 28 49 50 62 62 66 76 0 144
135 82 50 77 93 38 39 34 73 72 55 0 135
114 42 71 83 53 63 54 78 86 78 25 0 114
122 79 98 90 60 46 60 22 87 20 31 0 122
184 79 24 29 23 47 57 31 41 39 48 0 184
171 72 74 64 85 38 23 86 58 38 34 0 171
119 68 44 58 27 28 94 21 28 27 51 0 119
111 64 60 85 68 27 100 99 33 33 44 0 111
113 90 68 26 31 62 50 97 51 85 70 0 113
176 40 56 25 91 51 97 63 69 91 84 0 176
109 44 64 31 92 43 81 51 67 46 97 0 109
168 64 69 33 52 26 96 68 25 79 28 0 168
112 27 46 67 30 81 33 34 73 59 69 0 112
171 91 41 58 61 21 73 76 94 51 91 0 171
177 99 85 36 69 92 28 89 98 99 51 0 177
132 98 64 97 50 79 99 78 93 69 36 0 132
115 47 82 92 75 76 70 91 36 21 25 0 115
147 28 46 43 77 94 68 41 86 98 98 0 147
186 91 39 43 96 40 40 52 31 100 81 0 186
156 60 66 86 75 63 56 85 60 59 68 0 156
102 89 56 68 27 98 23 31 64 22 74 0 102
181 90 77 35 73 23 53 81 84 37 30 0 181
186 26 55 77 24 65 31 74 46 66 63 0 186
159 78 57 76 25 80 40 29 28 100 94 0 159
198 78 28 58 84 85 71 51 48 26 33 0 198
150 58 64 38 94 51 43 63 41 23 49 0 150
124 73 44 88 88 80 37 49 53 79 39 0 124
126 68 95 72 20 95 70 21 89 60 71 0 126
172 41 56 27 61 63 99 51 72 26 60 0 172
145 62 29 93 77 26 54 50 44 30 46 0 145
193 60 59 37 24 73 28 51 75 45 57 0 193
140 84 45 72 59 28 100 53 72 71 101 0 140
115 95 65 24 67 50 34 27 26 83 36 0 115
139 50 62 76 35 73 63 71 56 39 100 0 139
200 46 61 82 67 77 71 46 41 91 79 0 200
104 82 40 60 72 66 97 91 26 60 26 0 104
185 90 32 38 84 52 60 63 100 71 96 0 185
200 28 98 88 27 78 50 82 68 80 26 0 200
105 21 100 79 41 76 56 25 53 56 30 0 105
199 42 77 77 91 30 86 84 83 69 41 0 199
195 51 27 82 85 67 32 43 86 29 70 0 195
138 78 84 95 82 79 61 73 63 58 28 0 138
145 57 78 38 71 85 43 71 26 75 70 0 145
141 48 76 63 84 44 54 43 44 84 55 0 141
129 70 29 98 86 22 84 27 37 64 99 0 129
187 85 91 101 51 22 43 23 37 96 59 0 187
165 47 32 91 99 50 45 94 81 89 69 0 165
114 32 53 99 77 67 72 81 65 76 44 0 114
114 99 49 62 57 51 67 76 82 41 73 0 114
183 64 53 60 52 88 21 68 73 42 94 0 183
149 84 32 30 59 55 59 45 38 57 49 0 149
111 53 96 33 100 41 65 71 76 69 21 0 111
195 40 66 36 37 54 37 35 71 68 70 0 195
116 89 75 79 38 27 67 62 34 58 99 0 116
181 25 98 66 54 34 86 81 44 46 78 0 181
104 80 39 55 92 89 28 64 32 48 53 0 104
115 89 33 97 63 96 98 69 61 32 47 0 115
146 76 68 51 83 88 42 75 66 27 80 0 146
127 64 74 88 33 59 91 39 50 47 70 0 127
123 86 46 35 33 39 71 72 74 77 91 0 123
181 94 74 87 20 75 30 89 47 84 82 0 181
149 81 84 67 61 50 81 32 41 45 35 0 149
144 29 91 74 73 37 28 62 33 31 92 0 144
155 101 95 93 74 40 72 31 94 57 95 0 155
123 96 85 94 33 78 100 40 21 40 48 0 123
163 62 50 26 26 100 95 25 75 26 86 0 163
157 78 26 61 68 37 72 85 39 49 58 0 157
186 47 91 70 45 70 64 20 76 59 44 0 186
143 91 34 63 45 58 84 88 57 57 35 0 143
182 25 60 50 78 87 37 94 32 72 74 0 182
103 89 46 27 31 74 43 48 80 76 57 0 103
145 100 82 23 68 96 35 32 53 35 27 0 145
186 62 36 35 77 83 41 66 58 21 52 0 186
137 57 56 47 55 21 47 54 67 91 97 0 137
101 62 75 66 92 73 43 59 87 72 57 0 101
170 55 36 45 83 56 74 35 35 27 96 0 170
189 56 79 98 83 44 63 81 36 53 30 0 189
191 88 28 40 50 75 21 51 44 64 23 0 191
160 72 43 99 21 54 62 60 99 26 28 0 160
122 91 93 68 68 71 31 92 92 74 64 0 122
159 88 68 37 70 59 89 87 58 88 90 0 159
196 53 74 68 50 69 89 25 47 39 31 0 196
135 38 94 85 50 57 61 80 54 81 98 0 135
109 41 76 92 20 56 53 70 69 47 27 0 109
165 57 28 75 58 80 42 68 29 54 39 0 165
158 36 22 28 91 73 78 98 27 74 76 0 158
103 100 91 75 77 53 26 63 43 60 54 0 103
163 88 79 37 36 48 94 63 82 80 84 0 163
128 60 27 44 50 40 98 67 86 58 21 0 128
137 39 26 38 73 45 89 53 76 89 66 0 137
169 57 99 62 24 75 43 75 54 96 80 0 169
172 41 25 80 47 77 42 77 77 76 86 0 172
126 75 84 75 36 60 33 40 95 44 47 0 126
124 54 90 58 57 85 81 65 100 82 38 0 124
174 53 83 49 35 75 31 59 52 93 44 0 174
122 37 61 42 26 69 97 50 38 100 27 0 122
183 96 99 97 87 92 28 24 30 59 74 0 183
113 81 78 23 50 86 51 41 79 36 73 0 113
125 99 23 78 46 88 96 24 54 36 71 0 125
100 40 33 92 65 78 44 29 94 24 74 0 100
153 25 80 57 68 62 44 49 58 67 92 0 153
147 46 89 51 94 75 28 66 82 94 42 0 147
137 63 46 47 87 23 29 37 96 38 47 0 137
175 28 77 72 22 67 65 71 77 92 34 0 175
155 65 50 73 75 62 92 57 100 64 40 0 155
121 58 98 48 93 35 60 28 44 85 99 0 121
113 53 55 60 66 34 69 43 23 98 65 0 113
163 32 100 80 52 62 77 47 64 71 45 0 163
195 40 33 61 54 86 62 71 32 63 48 0 195
152 99 86 47 40 87 29 91 52 84 99 0 152
119 21 33 42 87 92 50 37 76 48 83 0 119
181 49 97 56 22 52 52 77 58 70 78 0 181
105 73 98 78 72 93 95 39 44 36 73 0 105
149 53 34 100 29 99 59 24 38 70 91 0 149
183 46 55 40 55 78 66 27 68 66 27 0 183
177 54 83 95 78 43 91 61 40 48 88 0 177
192 218 151 219 220
119 173 181 254 287
117 145 217 231 299
126 165 193 255 291
133 157 220 256 265
133 179 192 221 276
119 167 216 248 290
118 152 213 236 289
105 174 188 241 268
107 148 219 260 276
127 157 195 241 292
115 143 218 248 265
135 175 198 243 283
138 153 204 251 286
137 143 188 225 272
121 165 219 257 270
126 147 205 245 284
140 148 186 252 285
137 140 189 243 299
139 142 184 259 283
101 150 181 241 280
108 151 186 258 280
134 167 184 247 288
128 150 181 239 296
112 167 208 240 282
119 162 217 221 289
105 174 192 257 297
104 178 220 254 295
125 179 181 220 286
133 176 211 225 289
107 166 213 249 268
133 180 199 227 277
140 174 201 254 269
117 152 219 228 267
135 151 217 224 289
125 168 196 247 271
112 173 194 236 279
111 157 184 239 277
137 164 202 231 281
126 160 212 257 277
112 152 218 259 281
134 178 186 247 289
111 158 186 229 297
128 171 184 252 283
124 140 211 243 269
105 152 208 248 286
125 176 182 233 283
101 173 202 243 279
120 142 183 238 272
113 146 199 247 300
127 168 191 250 261
113 151 187 226 291
119 152 183 239 266
124 145 204 257 275
108 144 190 250 270
137 176 220 259 289
102 140 214 227 297
135 162 198 221 284
126 163 190 252 288
135 177 187 224 268
104 164 212 236 289
131 169 211 232 289
103 164 215 224 293
126 158 195 228 274
130 141 204 241 266
123 145 203 236 274
127 160 185 224 299
100 144 182 257 268
120 178 204 249 275
106 176 201 246 288
138 148 210 234 264
129 157 182 234 266
135 160 209 251 290
133 169 215 247 270
124 145 195 257 284
110 147 188 239 262
127 148 207 260 262
126 142 183 230 272
120 154 205 252 293
122 155 191 257 285
129 143 216 236 291
137 148 199 244 296
118 148 213 247 281
137 158 201 237 277
138 145 184 259 279
106 167 213 245 287
119 162 180 221 294
121 143 218 229 300
138 165 200 236 273
120 150 183 242 263
114 141 189 247 260
133 180 211 231 293
139 173 193 252 298
125 172 207 252 267
140 149 182 239 283
121 172 208 252 261
123 147 220 249 270
132 142 196 230 287
115 160 181 249 285
126 157 205 236 286
107 179 184 257 260
128 155 217 226 277
102 156 190 225 273
133 144 211 255 275
114 147 218 246 297
139 148 187 260 262
127 153 208 260 289
130 166 215 243 283
124 152 189 249 266
136 173 212 247 291
134 171 186 258 291
132 160 214 224 268
140 180 218 246 289
121 158 194 259 293
108 143 203 245 283
120 143 195 255 299
100 175 203 236 263
133 156 214 245 284
103 141 192 259 262
110 164 202 258 278
106 174 204 237 274
135 178 206 244 290
126 143 201 220 273
116 159 201 245 279
111 140 217 236 283
136 178 183 243 269
127 140 209 231 266
111 145 184 257 295
130 154 214 241 282
100 161 184 220 276
115 178 180 236 268
120 147 204 238 283
104 153 220 241 265
104 156 213 256 289
125 161 195 226 296
136 180 199 230 263
137 156 191 253 272
127 165 197 242 288
133 175 214 233 292
120 166 220 243 269
127 155 195 249 272
117 152 213 253 283
130 156 183 247 282
106 161 182 251 269
121 176 193 233 279
109 174 196 233 288
123 161 208 248 274
140 172 215 260 287
135 169 193 223 260
111 144 211 246 299
101 156 209 222 263
108 178 208 243 265
134 143 180 244 279
116 148 217 221 269
120 142 213 250 283
105 151 198 235 295
136 170 186 223 300
115 149 183 256 278
117 152 203 259 265
136 169 218 247 269
131 179 180 227 282
125 174 190 240 268
117 160 187 257 300
129 150 187 234 295
127 167 185 239 266
138 170 205 233 260
126 157 185 258 268
139 166 186 250 272
140 143 217 258 282
108 175 185 253 296
110 165 213 258 272
103 158 214 241 262
138 172 208 238 275
136 175 207 255 295
119 162 184 247 281
120 142 209 231 299
131 140 203 246 269
117 166 190 227 287
130 163 214 259 295
124 162 193 260 286
117 168 200 239 293
113 168 220 252 261
139 161 204 235 272
133 147 216 227 279
139 145 180 238 296
101 167 193 242 300
109 156 210 245 261
111 164 220 251 293
112 163 209 248 293
111 154 182 226 260
103 173 191 242 281
123 167 201 244 282
127 176 194 238 299
101 165 210 240 282
137 144 191 257 279
114 143 188 243 279
121 179 199 245 282
100 151 213 260 282
128 162 198 249 296
129 168 210 231 297
101 159 209 220 264
109 158 206 244 288
132 147 189 236 275
111 159 180 260 260
108 146 198 257 274
124 165 184 239 260
140 154 182 254 294
103 155 196 253 262
126 180 204 224 293
126 151 185 256 280
135 178 220 226 290
106 140 202 238 264
129 172 205 253 266
129 168 193 239 290
104 148 193 256 289
137 149 211 247 288
105 151 210 242 267
116 146 185 252 287
101 160 216 232 270
100 163 201 244 269
115 168 196 243 292
132 175 193 233 299
137 150 201 251 261
126 147 206 236 271
131 168 190 229 289
125 159 206 242 276
118 151 184 230 269
131 173 196 249 291
104 144 211 229 268
127 147 199 258 269
126 176 203 249 275
138 148 180 244 263
109 170 194 253 262
108 143 206 260 269
137 141 187 230 287
127 154 212 237 270
128 156 215 229 273
123 141 191 223 296
122 143 208 260 274
131 145 218 260 283
100 140 219 228 261
115 169 207 251 270
136 155 207 228 288
136 180 195 248 279
124 172 185 236 282
105 144 213 247 283
118 173 203 221 275
120 158 210 257 278
101 151 201 237 274
117 141 201 258 288
131 142 185 241 300
128 173 187 238 295
130 142 202 254 291
113 144 196 236 297
139 140 185 239 280
129 143 205 230 284
106 175 202 254 263
109 151 219 254 288
104 179 183 257 280
129 173 189 252 273
114 152 200 259 296
104 177 205 228 263
134 140 190 225 295
120 155 217 241 285
120 144 191 222 268
136 162 184 240 262
125 156 209 253 287
108 160 194 222 282
116 142 217 231 275
105 149 192 244 294
106 159 193 245 289
102 151 187 244 274
136 151 203 260 269
116 166 206 258 298
127 152 199 256 294
138 155 215 252 280
109 169 189 248 272
137 157 195 249 280
110 170 188 223 260
124 159 206 255 279
122 147 216 253 274
106 163 209 247 274
100 171 193 230 297
131 157 191 230 263
108 159 209 248 269
108 165 191 260 298
106 161 217 259 279
121 147 216 250 261
124 166 204 240 269
140 145 180 233 267
124 171 190 229 281
130 164 205 224 298
139 155 198 250 283
128 157 200 231 276
103 149 194 233 279
118 140 211 245 264
102 156 214 254 265
127 156 216 258 288
105 141 196 242 267
124 172 203 235 286
108 145 199 247 287
125 144 208 255 298
110 159 198 252 293
120 149 184 224 299
140 144 196 250 283
102 155 189 238 287
122 147 188 252 288
107 173 195 244 277
120 148 184 255 297
134 152 190 260 292
104 171 209 252 287
133 149 194 252 281
125 162 197 245 280
123 159 192 248 292
130 155 214 226 284
128 171 199 244 265
108 162 209 231 268
120 172 181 224 274
116 166 192 248 294
123 157 188 234 293
128 162 219 220 284
101 152 182 246 272
112 174 211 234 261
117 160 190 228 293
127 154 219 223 280
132 170 193 232 288
119 162 194 237 299
124 144 216 229 260
100 147 215 222 288
138 175 183 224 297
111 154 188 243 283
114 144 213 251 299
135 154 214 238 263
106 174 186 255 296
102 177 189 252 298
127 177 205 220 300
109 150 220 221 277
113 160 189 237 271
122 175 197 259 264
100 146 215 240 284
105 153 190 253 262
120 146 186 249 285
131 178 199 221 300
140 142 211 240 283
124 165 198 230 285
111 169 206 259 266
125 141 206 258 268
126 171 210 257 277
126 152 183 251 291
136 177 183 255 263
120 168 181 254 267
130 159 193 251 292
109 173 210 235 294
111 152 193 248 283
102 168 201 252 300
139 177 199 225 265
113 164 197 242 261
111 154 192 223 260
110 165 203 260 265
133 159 219 260 289
139 178 220 230 278
139 166 195 258 294
127 162 196 229 284
111 168 193 250 279
130 172 202 239 295
122 158 208 222 296
129 154 208 222 295
126 166 214 220 260
100 155 208 228 292
135 156 208 255 289
106 174 192 260 266
110 177 198 232 273
115 180 199 260 287
112 159 195 229 280
121 144 210 256 296
125 145 195 224 264
103 171 186 250 263
132 172 217 228 282
124 171 204 232 272
120 158 211 243 299
128 179 184 230 292
107 146 184 246 284
103 144 195 233 297
117 149 209 228 287
134 164 190 239 289
122 166 203 225 274
102 150 220 227 281
140 152 204 255 262
103 160 216 223 283
136 166 217 240 260
105 141 202 233 292
113 143 184 220 260
118 149 188 252 283
117 170 212 239 269
101 154 180 242 269
106 163 201 231 300
138 168 219 226 266
136 179 196 243 268
123 148 190 254 286
103 154 195 238 272
110 153 203 243 276
106 157 196 232 299
104 144 188 253 283
135 168 205 246 286
132 154 194 260 295
107 154 191 234 298
121 155 192 229 297
125 153 210 230 286
111 167 197 242 291
124 161 190 229 291
136 175 181 235 283
133 171 214 236 300
113 171 204 253 263
126 151 203 222 284
125 169 212 254 286
107 164 202 232 293
125 155 196 242 284
128 152 207 227 300
107 158 220 242 300
128 153 180 254 274
135 156 190 223 275
136 160 209 226 261
123 146 214 234 297
134 171 212 226 291
132 149 189 250 275
120 152 190 253 291
101 168 182 259 291
138 154 187 246 263
136 171 186 232 275
109 151 217 251 289
104 154 202 225 292
129 166 185 222 273
110 148 193 245 271
109 157 206 234 269
130 145 212 244 285
120 153 182 254 272
103 157 218 260 292
115 156 186 242 295
134 146 187 255 268
111 155 201 251 269
110 158 215 235 281
102 146 208 232 274
106 166 180 234 299
111 159 207 225 278
140 174 213 246 272
111 170 185 245 268
109 158 203 231 263
111 155 220 254 261
127 150 199 242 293
121 170 188 234 282
134 175 220 246 294
127 168 195 252 297
116 157 189 252 270
138 153 181 258 284
132 155 207 258 260
130 164 199 233 293
102 159 211 231 272
119 179 206 232 278
103 157 182 235 290
115 151 214 233 288
127 175 215 240 291
134 154 193 258 268
114 153 203 237 280
114 145 180 224 300
118 173 202 251 264
114 149 211 227 275
113 173 219 242 262
125 180 190 221 263
136 143 181 259 270
126 151 180 226 266
111 170 213 231 287
139 147 185 227 284
120 141 184 254 296
119 164 183 249 290
122 143 213 257 279
115 163 206 249 285
112 153 196 230 271
138 166 190 235 263
115 158 201 236 290
102 169 211 260 289
139 157 200 225 265
138 140 188 224 284
109 166 219 226 295
114 175 206 221 297
136 157 194 232 268
131 161 191 240 269
120 141 183 254 276
104 173 203 237 290
132 158 215 236 264
127 177 215 256 264
124 149 185 244 290
121 178 216 257 264
102 166 187 227 297
136 168 209 221 261
139 158 192 236 273
126 178 219 227 265
106 151 194 249 286
130 177 198 232 295
104 146 204 236 299
126 178 217 256 289
140 171 215 221 291
127 175 214 247 279
117 180 202 236 292
139 147 190 239 261
133 177 220 238 281
116 180 192 227 298
134 168 189 233 265
137 146 213 255 296
138 168 217 258 300
108 175 203 241 261
135 160 182 240 276
101 166 190 244 294
139 160 183 225 282
139 174 217 245 293
139 160 203 237 293
137 163 185 228 287
138 178 200 248 297
104 154 210 246 278
137 160 194 246 300
106 153 182 257 288
119 153 216 240 300
119 177 211 246 283
131 169 184 242 288
101 158 185 231 291
115 145 194 239 272
123 158 195 234 300
109 175 212 244 288
124 154 189 258 286
138 156 199 226 266
134 162 210 249 294
133 165 203 239 293
137 164 188 255 280
124 145 180 233 271
137 174 218 253 292
106 162 187 247 277
124 179 181 234 271
116 165 203 237 267
131 140 203 235 300
138 180 205 234 260
122 140 210 225 296
123 176 196 230 294
124 170 204 229 273
131 179 188 243 273
104 174 181 247 280
114 160 220 226 285
133 150 209 251 297
116 164 192 230 275
129 150 204 228 294
109 148 184 227 273
122 152 199 249 275
115 167 189 254 300
113 160 197 260 288
127 142 181 230 293
130 143 184 236 280
111 155 217 252 285
122 144 208 222 286
128 165 186 255 270
101 173 214 241 266
140 151 208 231 266
133 177 198 250 274
100 158 197 229 280
118 171 201 253 271
118 149 183 240 300
139 170 199 255 265
118 140 196 220 292
123 156 207 227 290
117 161 219 225 266
114 157 192 235 270
138 164 207 229 300
124 154 215 248 289
109 167 201 245 265
112 168 219 250 283
132 178 187 222 292
127 148 207 251 261
118 157 213 238 264
136 149 188 246 267
102 161 206 230 272
104 176 214 253 262
104 175 206 248 282
120 178 203 238 272
129 146 184 224 264
111 142 204 250 294
134 155 211 223 296
105 162 208 226 292
114 142 211 232 285
135 156 203 253 299
132 176 180 227 291
116 142 199 237 281
101 146 203 253 275
122 151 191 231 289
119 148 190 253 285
133 144 210 247 283
133 149 212 234 289
101 178 209 251 300
117 178 181 258 294
108 158 183 244 298
131 142 200 238 286
132 149 191 254 298
121 170 180 228 295
108 172 200 235 300
139 152 197 252 291
129 164 214 229 292
110 153 201 248 294
128 167 216 256 280
122 179 192 258 296
104 140 207 237 262
120 173 203 253 260
114 178 220 224 279
136 170 185 250 298
117 142 208 246 288
104 142 201 227 267
114 151 217 254 263
123 165 194 258 285
124 142 214 255 265
114 178 216 235 260
137 170 216 223 272
127 171 181 244 272
120 170 209 259 293
110 154 214 235 295
119 149 183 238 271
140 155 208 246 282
119 179 182 221 283
112 155 204 242 269
129 167 207 231 280
128 157 208 239 270
104 156 192 229 291
121 174 212 243 271
140 142 200 237 260
124 160 183 259 262
109 140 189 239 276
126 177 184 235 270
133 154 194 255 281
126 144 181 251 287
103 160 210 247 261
139 154 204 236 264
140 155 201 247 260
137 158 217 237 275
139 167 191 250 295
126 158 195 239 300
130 162 184 230 281
124 159 207 256 274
124 165 197 259 269
101 156 203 241 277
122 165 200 228 261
133 159 180 234 290
104 160 184 220 266
113 174 182 227 276
137 163 198 242 294
140 176 211 235 293
115 169 197 245 299
110 163 216 239 261
123 158 199 248 280
126 153 211 258 298
134 167 216 221 266
132 166 211 221 262
111 148 194 243 298
118 178 205 248 297
106 162 197 243 296
115 162 196 236 299
103 157 214 227 272
139 145 208 222 262
119 179 182 245 287
114 143 188 245 299
116 154 209 235 271
119 151 189 222 276
102 168 219 239 287
137 143 197 255 290
139 145 215 220 299
140 177 210 238 274
139 162 204 226 275
112 146 190 253 264
133 177 218 229 297
115 149 181 240 288
108 180 210 228 265
131 160 188 247 282
127 177 216 231 266
140 158 192 231 260
128 148 186 249 262
127 174 195 245 264
111 145 212 260 276
109 166 204 232 273
127 158 198 221 275
107 156 207 259 283
140 172 200 245 293
107 163 197 255 265
128 160 199 258 296
101 172 215 256 292
131 145 219 228 261
110 157 203 258 293
134 154 215 224 281
121 145 198 225 267
121 174 214 260 290
133 178 203 227 300
117 155 193 232 292
129 142 219 252 272
100 147 186 227 286
123 140 205 243 284
120 167 194 226 280
124 179 190 256 290
137 160 189 255 293
103 140 186 231 285
134 162 205 246 269
111 153 184 225 281
124 169 216 241 269
140 155 203 222 275
134 175 202 222 274
113 145 217 224 293
121 145 210 258 295
127 180 220 249 298
100 146 195 235 297
107 157 183 239 284
105 151 216 230 275
118 156 220 244 300
130 148 218 254 284
124 155 214 231 285
116 159 220 244 292
130 171 208 226 270
127 170 201 251 274
126 160 180 252 297
126 160 212 253 262
119 141 209 251 261
109 145 190 243 273
139 180 220 251 265
101 157 218 247 262
101 174 208 249 272
138 174 191 225 277
106 162 188 227 290
106 144 194 260 282
125 159 187 220 273
111 172 192 252 268
131 144 189 249 299
115 173 207 222 290
105 177 216 253 272
110 150 191 260 262
129 140 193 257 294
108 148 214 237 286
134 173 217 231 294
105 154 207 252 279
134 143 200 255 283
112 163 192 245 269
122 142 196 255 272
130 160 216 221 274
133 153 207 257 293
125 167 211 237 260
119 142 190 259 285
133 157 184 221 281
124 147 219 245 298
120 172 197 259 300
111 148 197 255 294
129 162 211 229 268
113 159 185 254 292
126 159 198 256 274
129 167 194 237 283
138 168 184 222 276
132 146 215 257 293
116 141 198 238 273
107 159 202 224 278
113 141 205 231 299
130 145 182 254 273
115 158 218 254 273
121 140 182 253 262
105 168 185 259 285
105 180 210 245 287
132 155 180 235 260
113 141 182 255 262
124 160 200 248 280
125 169 202 231 274
121 169 198 222 266
122 163 207 226 300
113 164 196 250 271
121 154 185 246 274
105 154 196 232 278
115 154 220 233 300
127 148 180 246 269
129 160 188 260 277
103 179 220 237 272
112 140 193 237 262
110 166 203 252 289
127 151 206 231 286
130 175 187 244 272
139 169 211 257 285
140 155 206 238 260
100 155 219 253 263
103 168 195 249 277
131 142 206 257 267
129 174 197 240 287
105 165 197 240 266
126 175 218 236 294
104 172 180 246 278
111 148 182 240 262
122 145 204 222 291
110 166 196 243 284
119 140 211 228 270
110 162 196 230 286
111 155 217 249 295
126 165 195 251 278
105 160 200 221 281
110 158 195 226 274
105 180 205 224 286
102 143 186 250 261
129 159 187 256 295
109 155 202 230 261
136 174 218 222 292
104 179 200 236 287
117 155 203 251 280
130 153 196 248 300
139 154 187 247 288
102 157 216 245 267
115 172 212 244 286
115 156 219 225 270
113 150 189 239 282
120 175 196 245 270
133 153 186 222 293
108 161 200 254 288
124 179 219 226 288
114 157 213 244 294
102 159 197 255 280
128 151 214 241 299
122 171 203 239 288
106 166 196 243 283
116 167 205 232 271
108 167 184 221 282
139 176 192 254 280
130 175 212 241 274
120 154 186 220 274
128 147 211 253 262
124 171 211 238 263
120 174 214 245 271
120 158 189 240 273
115 169 204 229 295
112 171 210 225 284
131 156 209 241 263
128 164 203 251 269
127 146 189 229 289
114 169 185 233 284
121 159 199 256 278
137 153 212 236 275
134 153 194 260 280
106 146 208 244 267
121 179 208 260 279
134 169 220 231 292
133 178 200 250 280
136 146 187 235 260
104 175 209 251 271
133 167 209 229 268
103 158 182 247 262
117 145 219 254 300
135 165 194 240 273
126 146 187 252 282
124 161 193 255 268
108 178 192 228 273
140 176 187 222 294
127 173 189 253 268
106 157 187 245 270
124 157 206 253 262
108 176 210 236 267
125 156 208 245 288
109 179 211 231 293
126 168 214 224 261
125 168 211 227 264
102 145 196 230 260
134 151 214 246 293
130 140 216 234 288
134 175 191 260 292
121 155 209 260 295
104 156 193 222 265
131 161 194 221 289
123 163 187 256 276
135 142 204 244 287
109 151 209 248 290
131 142 214 247 266
105 147 212 236 273
129 147 212 238 280
130 170 201 250 261
135 141 180 238 261
133 160 205 244 282
126 164 216 247 270
124 144 195 247 293
123 147 215 250 296
136 178 200 255 279
117 141 199 239 280
101 142 208 222 294
126 167 186 225 300
112 167 196 247 276
134 157 211 250 266
122 167 195 221 280
102 180 193 227 272
139 169 182 255 295
121 143 203 256 290
134 157 185 239 288
128 149 202 220 288
108 160 220 227 277
106 146 220 243 273
120 144 215 237 281
111 157 197 250 294
120 174 211 250 266
104 180 189 232 286
125 177 200 234 286
140 149 181 227 292
127 179 193 245 285
129 170 220 247 275
121 163 195 242 264
123 143 208 227 292
118 151 209 235 268
130 164 183 246 267
108 156 194 251 296
116 162 182 231 291
130 167 194 233 285
136 165 207 237 264
121 152 218 256 287
103 155 214 257 263
129 161 184 221 294
101 140 208 223 294
105 170 181 250 263
131 165 183 237 269
120 165 192 242 279
118 146 208 255 272
124 180 204 234 279
122 149 204 251 280
129 161 184 235 293
128 179 192 247 276
114 151 185 232 277
101 153 201 235 274
101 166 208 254 281
110 158 180 229 269
126 154 198 252 292
109 141 196 220 269
122 171 205 220 295
128 176 195 226 265
118 150 216 238 291
140 166 185 255 266
130 179 194 251 292
138 152 202 257 291
109 155 206 260 272
124 167 183 232 267
139 160 208 253 275
127 168 199 238 290
105 166 186 230 266
115 179 183 257 299
123 180 216 242 284
104 178 191 245 271
136 172 180 237 286
121 169 219 248 272
107 177 212 232 295
136 157 205 254 300
131 168 201 250 281
114 173 191 250 290
112 156 207 243 262
138 172 197 225 282
120 154 211 255 288
106 148 204 244 289
114 167 214 233 279
110 160 181 221 274
129 147 202 253 279
119 177 180 221 293
135 176 217 226 287
114 147 190 221 268
107 164 206 250 300
133 167 217 245 262
122 141 197 255 271
108 166 209 239 282
140 178 214 228 273
125 172 211 259 263
113 147 189 259 281
105 177 185 238 299
113 152 210 230 288
139 149 212 255 292
137 146 187 260 291
105 163 180 256 284
125 163 186 250 282
114 162 211 233 285
106 151 183 237 267
134 177 190 227 287
109 171 210 254 294
122 160 204 244 287
104 147 209 260 281
104 154 209 259 277
127 153 210 242 279
111 166 196 234 280
134 157 207 227 278
121 178 192 224 264
108 170 190 247 294
118 160 191 222 288
129 175 207 248 295
101 145 205 249 289
137 164 195 252 276
113 158 197 234 292
128 163 183 248 300
106 165 217 253 260
136 168 200 230 277
132 145 192 254 274
105 149 200 223 296
139 172 217 231 260
133 143 208 226 282
138 149 218 235 275
132 157 191 231 298
109 157 216 237 261
124 180 199 225 271
126 170 189 258 262
129 146 187 224 265
118 145 209 228 275
18455 26827 28068 39385 44501
14284 17701 26488 28196 36494
13241 17337 20278 26790 30571
23818 28115 39394 45839 47450
22488 30264 32461 37363 46660
14528 20386 26366 30270 35396
12990 16732 23444 25975 31806
11980 19849 21445 27489 30568
11994 16588 24542 29135 30928
16902 20893 25948 32068 38852
12775 15885 24212 27543 29431
24311 31512 35653 43754 50955
26093 28929 38569 47454 54070
16863 17601 23138 27690 33472
14772 20142 26732 31369 32955
20423 23826 33224 39705 46024
22831 24136 30331 41091 46471
14533 14851 20047 25773 31710
22529 23015 29821 41973 45862
18695 27762 33498 44600 51817
17830 24927 30703 42586 46216
15287 19050 20989 28173 32848
25355 29712 35851 47337 58624
21066 31408 39118 45135 53032
14409 19614 26271 26755 34985
10930 18108 19981 26743 30904
20393 34900 43133 49798 57836
14136 20240 20466 24874 32334
15040 19900 23856 25439 32673
11138 17276 22166 25911 27888
25281 34213 37823 43144 52646
27591 34290 39610 50053 53008
19316 25092 36149 37635 44071
23096 25833 37121 38318 49435
13011 17484 20397 25703 28200
19834 30634 34351 41787 49399
22211 31412 36813 47815 55416
24808 29696 36575 41825 50877
23699 30092 39869 48331 52091
11210 15212 21814 25915 28116
21853 29026 30331 40275 47123
20434 29084 34237 42151 54665
21643 28911 31109 42603 47843
20843 23532 35462 40839 45208
16495 23876 32670 38951 44918
13886 19549 20215 25878 31429
10918 18697 21830 26259 30148
12731 15064 19412 25243 28848
13909 17970 24490 30396 36916
17664 23364 26562 34765 36294
22272 29759 36852 44537 57344
22621 28892 34783 45425 50556
20099 23502 33062 41649 44566
18370 24492 32314 42516 45916
19738 25356 31693 37310 41631
10618 14572 22270 23623 30905
22151 26580 32485 36258 46592
20927 27070 31553 41847 47824
26066 34174 36104 43246 51740
16858 26580 34358 38247 46834
24115 31108 38837 42702 53192
14121 22480 29469 30702 40157
16895 21184 26144 30567 36732
22371 24264 35102 41467 45768
18953 22342 31276 36359 42212
12838 16172 18698 22638 30215
16610 23916 30226 42678 44504
14050 20838 23881 29148 32190
12942 21485 24535 30027 35152
23471 25172 35714 39795 44896
21941 26702 30953 39795 45236
25661 30412 39723 47704 55115
20360 25869 32909 37805 41325
17991 21037 28288 37280 41196
11561 15447 19754 25111 27526
18045 21028 29408 36935 37219
15131 17052 21974 27615 32656
15850 20340 27073 33279 38692
12699 16132 19877 26743 29656
19877 22033 33278 36358 44830
24671 26651 35833 43935 53296
19126 23988 34520 40029 45538
14396 16602 21118 24900 29101
17399 18282 23197 32649 35170
15062 23726 30260 34805 40770
23335 31764 35293 43331 57641
14773 17457 26610 27952 36616
26093 31197 37813 44618 51613
13451 16812 20509 27119 29472
18023 22290 29876 39042 41096
15572 21072 24700 27041 34297
25309 31498 35139 45878 54252
14386 19792 23818 28995 30720
16811 17892 21853 28695 33976
20459 29080 35166 42603 44124
13787 16476 24654 27903 30255
14795 15916 21966 25775 32160
17375 24172 27344 37614 43051
24329 30313 39579 45562 55214
19591 32770 33685 47046 47596
22795 27602 38640 40242 49322
18370 28093 34214 40515 49157
17301 18731 27444 33165 35765
12436 16034 23776 26829 32389
16969 18068 22827 31735 31979
14488 17453 23725 29655 32962
14311 18272 23664 26744 31145
16875 20684 25717 33879 36192
22587 28730 35205 41016 48321
25739 32844 35725 49551 55888
20867 25292 33826 35406 42360
16251 20892 25301 28550 33539
13199 17234 21159 28246 31953
15130 20032 28434 34315 39636
12730 15169 20683 27045 31710
14110 24688 28637 33291 37099
25547 29964 41102 47054 54544
14327 19611 26702 36017 36434
12110 18052 22233 28395 30596
20044 32899 38570 44808 51802
19316 25466 29471 34906 41485
20801 23607 33179 36315 45061
17642 24180 30566 37255 42424
16216 20452 31696 34471 41334
24491 32053 32953 43755 48435
22490 24792 37007 40902 47098
14551 19007 24117 33682 38661
26011 30812 42814 48214 56416
18910 30442 34790 41595 52181
15306 23687 23953 31403 35660
16091 19710 27350 31907 37938
17378 25563 36754 40262 44271
19978 29964 40910 49167 55504
13761 17722 21463 24874 32576
25579 33853 37425 43254 49459
24534 27936 34202 45302 48704
16013 20802 24835 30507 36304
17301 22762 27833 30304 37976
18010 24912 33014 36465 40365
19569 23882 30043 38361 41904
15103 19620 27491 32652 36523
24451 29340 34417 46451 53032
21210 32213 36413 50216 53816
21307 30989 33981 41023 49120
17014 27157 30589 36363 44944
12926 16917 21854 26055 28786
26751 32864 41078 49674 54832
20666 25870 29543 34134 39796
15328 19883 29132 33963 41278
12938 19981 26766 28431 33680
14482 23865 27886 32577 35525
16493 17601 22153 30027 34333
19499 24876 36470 37143 45208
22810 26991 40484 47515 53786
13555 19491 25556 30330 38072
26123 32652 35725 42830 57616
22551 29216 35881 50192 54504
14986 19468 25998 33167 33936
22043 27390 35330 40028 43593
25556 34918 35113 44279 55006
20136 28027 30603 38655 43164
22474 30732 35917 49359 57616
15104 17562 21892 27393 34531
18934 24896 27578 35626 39650
14225 17522 21129 24013 26795
17021 21207 24988 34845 36196
21000 25078 28099 37765 41087
19471 19888 30177 35877 39213
16750 27137 28688 39230 45896
11560 17337 22379 27105 28575
20610 31612 42814 48215 52416
19331 24092 29133 33334 38515
17147 22062 26095 32144 37185
15124 20586 23381 31384 35703
21131 25003 36798 40670 52640
20447 21852 31682 38391 41980
13115 18605 21293 25439 32160
24450 30656 40245 48706 55475
13402 17508 20857 28095 30904
13465 19332 23013 27499 33711
14361 21348 27954 32019 33162
17664 20459 25921 29859 34560
24217 26766 39326 41328 50794
18498 19297 23953 31669 39384
14655 24227 27998 35105 43516
21265 30432 40964 47790 50911
12997 19200 25754 29382 34297
13898 20224 25929 30767 36348
20213 28041 33138 41147 47336
18550 31153 34393 43575 50596
15263 20720 24937 30271 34984
18299 25356 27949 34286 43072
18089 29547 37604 42975 50494
24945 26219 34775 46789 50794
16541 20747 27274 35250 40471
14167 20955 23296 28680 33010
13810 20850 29408 35895 38932
12939 16374 20011 25164 29912
18329 23868 29833 32816 42190
11221 17662 23213 24435 29320
17559 25450 33180 39299 46384
16115 17946 23071 28807 33566
13330 19092 21613 31216 31216
21610 29212 39614 51416 54816
16999 22618 25221 32758 35636
22971 25268 29861 41671 48232
15048 22642 28630 36954 38268
20423 29173 33061 36302 47482
22187 26588 32573 45071 49296
22961 30272 37414 38434 49315
16122 21292 30718 36191 40144
25424 33896 40398 49856 52417
24263 31596 36297 44946 54536
18210 25912 33788 44815 50591
27000 29364 41580 48674 56752
12925 18585 25844 29781 32857
14975 18846 23878 32523 37039
17281 27372 36950 39687 46186
16010 26093 32174 39055 43056
21630 31596 36861 45699 54912
20603 27312 30121 36362 46660
25356 27762 37199 46450 48300
23573 27501 38536 44147 50693
22412 28740 32503 39173 49435
19011 24180 31326 36799 41968
22431 28702 34974 43715 51126
15076 19907 22553 28649 33481
12490 17292 25334 27495 32176
24522 28383 38420 49809 51933
17273 24124 27824 34128 37690
22092 23692 28813 39055 42096
18976 29593 33769 44037 45604
17398 23035 33180 41876 43325
22616 23277 30868 37965 47371
15378 18646 25666 28692 32686
21003 25596 35274 37570 44788
21536 24687 33439 39040 51817
19775 23177 33710 42135 44404
14945 16541 24866 29655 32277
19710 27592 43158 44931 51433
14960 21982 26924 32645 35115
24355 27757 37067 40826 51568
19595 25932 28093 35726 40191
20099 27877 29983 38247 45700
12820 17580 26000 30149 34542
14407 21119 24780 26976 33566
15490 20394 27104 33168 35877
18897 28249 37601 44334 51254
18379 22148 31570 40521 45232
18351 19891 25913 33755 42016
24715 33401 36104 45948 56951
25231 27559 39201 49291 56470
15604 19884 27062 32583 41003
19750 19892 26283 33953 39776
16652 18459 26459 29685 36652
18772 30988 35768 44973 46566
14834 20548 29798 34559 39184
20290 34918 35698 50130 54616
22328 29941 32710 43611 47244
12892 17188 22613 29282 33464
19146 32581 37734 41967 48408
21451 22412 30413 36015 47217
16810 21712 30394 33755 39916
12131 14556 19305 22437 27084
20819 24798 28165 36735 40102
12885 16080 21540 26074 29577
16318 24173 29308 33537 42598
23211 28412 43414 46215 55016
12400 17594 22669 28807 34709
12306 18456 22401 28435 33540
16126 23870 29560 38568 43308
20003 22209 29854 38235 39558
15902 22754 28235 35361 40842
17029 20380 26679 34319 39412
21125 23727 32908 38571 42855
21483 33306 37246 48871 53600
23712 27173 33748 43092 48456
18051 27893 30846 36587 42656
17247 22113 28647 35460 38797
15017 18093 26582 31134 33718
15062 23158 29692 35089 38924
14010 23953 27033 32215 41596
19923 23876 29046 34975 39992
12754 18774 24676 29279 31758
17938 27402 31719 43175 49484
13578 20620 27790 33167 35728
18645 22650 33278 38515 40209
21463 28730 35306 41535 46553
22412 23212 28813 37295 42736
13651 18823 20913 25204 30926
16131 20348 25433 27790 36968
21278 23727 30307 38265 43315
14731 18067 23014 26580 31756
15769 22809 29696 35664 42704
12401 14712 22169 25740 27736
19288 29496 40460 48021 50101
24140 29651 41053 49035 54735
14605 19611 27258 33654 37129
19975 27704 32696 37849 46062
17290 23212 31854 39535 45936
24260 27947 40365 49485 57828
15850 22908 28525 36303 42208
22451 27875 34421 41903 55930
22271 22907 31177 39765 45013
12046 18302 22316 28099 33883
20141 24267 31033 41595 47536
17344 28039 31603 39543 44890
12491 15404 19149 26535 30904
14483 16428 20533 28095 31552
17794 29253 35753 43107 49093
21557 24150 31441 40839 45538
12886 16698 20304 25250 28856
17231 22272 26893 34735 40896
24711 29462 40674 42954 53976
17931 23952 27873 34175 37115
13834 20748 26766 29583 34320
18851 27017 28430 35183 43034
18686 26738 30925 39943 47350
12926 16497 19753 24585 30781
18187 23016 31112 31254 40344
20008 30108 36050 48724 53872
21626 33595 40737 45177 50388
17795 24332 28893 34671 44552
14743 17876 25418 25882 32496
19151 24662 27998 33654 41776
23572 32088 38425 46941 59218
13403 15564 23342 24747 28096
13110 19269 28179 29097 37745
13811 17512 18313 22414 29716
13663 18954 23137 29904 34825
21670 27371 40484 47705 56826
19046 21726 30188 33573 37098
21104 34638 37027 50760 58920
19390 33643 35923 47895 56636
24649 34350 39783 42694 58216
16360 22512 33014 33164 41566
14588 20652 24395 30588 34975
22214 31862 35867 47153 48063
13610 19868 29254 32655 38640
12505 18219 22624 30123 31194
15971 19430 24751 33132 37921
15469 21016 23495 26092 35416
14571 14779 21958 24975 29448
24067 32022 38425 44634 55306
15883 24179 29472 37052 38053
16386 18482 27000 33813 35124
21808 29595 36343 44476 47936
13367 16124 19411 26621 30862
18915 24616 25450 35460 36572
12851 17989 19380 27193 28585
18991 23226 28191 36661 42648
17777 28211 34244 38319 47938
16993 23268 29542 37959 43315
14596 24036 28756 36051 42916
17664 22492 25286 28589 33670
15492 22481 27003 33169 35773
18992 26347 32846 38148 44476
12220 18327 22547 28875 29430
19562 23384 32206 38234 42498
21556 27602 34114 35664 43105
17664 21094 24778 32781 37353
23252 29658 35881 41921 51988
21322 32268 37069 48015 53584
13141 17384 20415 24153 29811
16725 21658 28510 30428 40568
25166 30042 40574 43304 57541
20423 26905 34682 35654 42136
10810 16752 22478 24639 31552
26606 30744 40989 50250 56948
10716 17587 19405 26275 26882
15960 25678 28724 33655 39601
13235 20712 22898 29915 33020
11770 16707 20489 24060 29416
12231 14555 21223 25871 29912
16261 18862 25364 29135 34336
13297 22072 24007 32265 33943
15323 19964 25186 26462 32727
12535 17283 20618 23446 27488
19210 25292 33773 38894 47856
17803 24894 25589 31984 40604
12636 17240 21725 29043 33529
14430 20172 27314 32635 41597
11945 15210 21332 23271 29290
15957 19528 22623 28455 34407
22581 30722 37569 41639 50706
14392 21162 31034 32022 39637
25211 27372 36733 45915 47175
12679 19692 26582 27443 34825
19595 23916 31262 34574 37455
16495 22149 31728 36596 45861
20803 26324 33870 40495 47857
18419 23256 29341 39327 44164
18379 26702 33298 37538 42248
13241 20187 23594 31718 35255
17076 26255 32375 37205 48316
24161 29412 38339 39564 46565
16739 22030 24121 29904 32979
18707 22508 28893 38623 43488
15048 22496 28484 34763 39728
19590 27246 36148 43269 49144
13366 19794 24710 29247 37691
14050 19452 25393 34171 38221
17966 22356 27278 32732 38053
26147 30504 38425 51495 58426
14883 21418 26562 32541 41439
13805 17682 21901 26121 33874
16761 20514 28154 30834 38340
11221 16879 19910 24457 29407
20347 26416 31173 37570 47740
16739 21538 22276 28919 34825
18099 23268 29117 32110 40816
21367 32331 38570 47832 49722
19793 23719 31885 34868 44604
19510 26376 33085 39639 44631
11138 17068 21022 24143 30488
20761 25742 32549 40187 47160
21131 25092 34169 37469 49516
18307 27030 37634 41396 51316
21643 25869 30433 42941 46322
15671 18108 22053 25883 31916
20547 24172 31573 34140 39426
16001 18991 27834 30434 38626
14349 18309 22697 24196 31153
19679 22213 28174 37265 40991
23771 30108 37633 50109 57634
14049 23364 25311 36016 40465
16295 18184 22079 29043 31050
19731 24808 26983 33655 39891
19194 26588 38206 44191 50880
20706 30658 40212 44790 58125
25295 32549 36273 43527 53524
19920 26800 34947 44360 49067
15597 22463 29472 33477 38483
17171 19151 27998 32223 37636
14771 18831 22399 31257 33472
17623 26859 37292 44475 49948
17030 23100 27541 35831 43676
14215 15488 19835 27045 28424
11887 16597 21521 26872 28799
17940 25766 35059 38320 45819
20410 29212 41614 46415 54816
15910 24913 27013 35115 44867
21322 30540 39758 43215 53392
21431 26634 32602 37652 41631
21988 33673 36643 48525 53080
17450 25292 32494 36975 42096
13663 19077 27074 31257 32118
20839 24612 32649 39703 48068
16830 23643 26145 32541 39214
18636 24337 30593 34208 40881
16266 21516 24973 32271 38032
15323 20736 24961 33279 35656
22919 25410 30059 42843 47160
14135 16597 22163 27621 27835
23931 30188 36629 42886 53928
18676 29109 38627 42288 49792
22501 33844 38948 43862 52558
17211 26231 30407 39260 48447
16915 22209 31472 34266 42352
17155 23637 29038 32414 39300
21451 24652 30893 41295 42895
18136 24339 32291 37698 44536
22697 28867 35833 44591 59717
17474 25617 29909 37163 39087
14945 19531 27655 29752 36041
15830 24232 30674 33895 36695
13511 19453 20533 23882 28420
23267 24465 30964 44304 46186
23195 27796 33134 41599 48960
14440 22112 27704 30044 37326
15580 16476 20733 25439 31824
16811 19751 25773 35575 41456
18931 26088 29110 39606 46126
13675 16027 23870 28799 31264
18295 25929 32767 39606 45331
17035 23268 29806 34975 41208
25265 30390 34783 43020 48145
13810 18972 24134 28335 34816
12352 20461 25544 31475 34985
20723 23405 29814 33539 39501
26784 27172 36485 43471 55112
14289 21758 28703 29620 38661
13006 19963 23498 25208 33874
14699 16968 20965 25071 28960
23460 28831 34202 42975 48167
12731 14958 19411 26940 29272
18522 30807 36148 42201 51636
18491 22132 30114 33055 36975
16647 23199 28178 33551 34599
17743 21319 26468 34907 41486
15619 22974 27878 33168 34071
17860 29063 32738 39740 51992
13883 17148 21332 22556 26637
22251 25292 30733 37775 43696
13745 19415 23885 24757 28900
14426 20548 26397 33879 38912
16911 23022 25753 30174 38366
17794 24978 34898 40371 51146
15256 21550 26270 30990 34984
24511 29937 37638 38689 50941
20457 28187 34467 39781 44934
16975 26113 29303 34234 42356
18499 19563 25283 31802 34729
19695 26208 32574 35238 41603
18918 29353 31309 37015 48590
19441 24373 27418 33800 38441
24260 25853 37714 45150 52408
25954 31596 40809 48518 56415
14050 22763 26404 31345 33946
15131 17932 20397 26895 30928
14049 23086 26423 33931 40882
18776 21612 24718 30389 38086
15857 19848 24751 27944 33417
21556 24812 31478 36749 45431
25082 29841 33868 41738 52537
27197 35078 39413 48870 58524
20394 30196 41174 48231 54504
19465 22732 27561 34946 42616
18984 27399 32591 46018 51568
20121 25869 36518 40574 50716
22858 33996 40525 47246 54351
22674 29249 31845 41881 49840
16877 26398 30908 38592 48614
19906 25097 33576 41362 47072
22643 29084 35893 43070 55216
11564 18562 22486 25878 30544
23571 29272 35923 49035 54356
17123 19356 24690 28039 33000
23729 28686 37183 44087 52054
25414 31527 38786 45663 55979
18643 22316 25581 34695 38096
22951 26837 33313 43120 50151
16314 20718 25955 30121 34763
20150 30792 35543 46945 52646
14023 20240 20466 26457 30639
17063 24267 29855 34854 39265
13897 14851 21531 24924 31816
22643 29533 33633 38390 42655
23069 26471 39704 42539 55960
22520 32220 35881 42104 53818
24067 32992 39590 44440 52978
18875 25789 27085 35007 39327
12490 20893 21733 29655 33616
16084 22572 31034 31880 40201
21158 23861 33244 39924 47239
20775 29369 34382 41185 49241
22973 26712 36326 40598 52348
15489 21028 26142 32249 38783
22703 28284 37028 46329 51166
21860 31742 35923 48275 57016
20011 28332 34882 46035 50992
16140 18046 23000 29225 37228
14961 16457 21173 27155 32216
21211 29617 41461 48147 54451
21361 25212 36414 38864 50066
17675 22782 25681 35205 37276
13241 22676 28048 31586 34862
16111 17377 23934 26580 30606
21025 27978 31297 39515 43307
12610 19920 24836 28869 35296
21132 30621 35992 45302 48524
17829 22511 27646 36255 45317
18498 22622 26480 33930 35260
21487 25492 35686 40055 53161
21782 27624 36653 40193 51346
14402 19815 26951 27689 32734
20759 28586 34958 42785 49156
25955 30844 38929 43066 56416
22206 27578 38499 44407 51747
17450 26733 32174 39215 42416
20618 30924 40310 46015 52087
23375 31519 33112 39308 51700
16521 19252 26924 32645 33945
22549 29999 40697 45473 50440
23675 25938 32725 42819 46474
19390 30603 39154 43715 51696
12802 21661 26336 31134 32241
19042 32037 37712 45399 51622
15970 23687 27012 31669 36192
16782 18992 23934 29135 34336
13885 17761 25514 31265 36766
26409 30547 41581 43945 58328
20695 31926 40990 44536 57540
20188 25146 37361 41079 50461
17021 19667 25591 31892 37690
19151 25533 26113 32929 42211
14743 18046 25287 30114 35703
14756 21328 29652 36953 40166
17945 22209 28090 33972 42499
14172 17624 22623 30122 33931
18232 19739 28784 33854 38787
21956 24597 34994 38624 47701
13139 23152 27183 32645 39016
16390 24932 25353 36135 41176
17938 26240 30391 40519 49485
22281 24151 34014 40475 48636
22319 25192 32292 42941 50378
22638 31803 33673 42650 55181
11890 18932 22013 25864 33016
20166 22052 28578 36555 42211
24650 31336 40888 43753 55788
15630 21738 28555 35231 41764
15626 20386 26365 31247 34175
20750 30442 32653 43875 50336
13842 18632 27545 31536 34862
21370 30806 36147 45049 46295
17566 27425 33894 34510 42982
26803 33502 36458 49265 58722
13699 16625 24350 28797 33712
12178 16626 23531 26574 31255
18706 24776 35602 41671 43147
21166 28392 33381 44391 49036
13899 15915 23982 28575 29695
18820 29383 35654 38790 42915
15081 18712 23774 24544 29935
12711 17113 18113 24415 27216
14890 21092 25929 32131 36347
14200 19878 27620 30329 38071
12863 16104 19777 25719 29284
19051 21092 28301 33470 38367
21312 32054 32591 39573 50673
20282 28067 36938 43817 48705
20135 26064 32306 36050 43696
25355 31098 41198 47337 53476
18106 27156 33422 39861 50651
12836 18456 22486 25773 28741
24372 24720 34814 41253 45256
19727 25452 29110 41196 41674
18432 23672 31955 40406 46661
22061 30988 32213 41140 47266
21956 25422 32023 42090 46381
23699 27084 34041 47203 53972
15872 24652 32354 38053 40210
25726 28502 37754 43675 48855
20171 22332 28958 35583 37455
16040 18498 25403 27743 32190
14745 17714 20259 26514 31286
22187 27820 34333 42078 52816
20291 25284 28717 35895 43852
19727 25293 32926 40719 43581
20471 27237 32518 42750 44400
19806 30588 39802 47251 54308
12455 16843 20414 23271 26638
24483 29268 33133 43071 53376
10515 16173 18598 22235 26883
11311 17413 18213 22715 27616
21794 25929 31495 38492 46762
17371 21836 26177 29154 36347
11855 17419 20304 25250 30813
14860 22017 29174 32280 35251
16739 21500 27077 33743 38096
15256 18524 25544 31233 36074
15957 19885 25718 26313 31669
24563 30888 39260 41120 48748
17104 22804 29889 37437 45908
22902 34544 39783 48126 57634
21104 32250 39216 48372 58920
18180 25608 30981 37303 47258
17314 26388 35966 38151 45712
24893 25967 37246 39753 46914
22620 34023 34593 46565 54546
14488 18173 23889 31130 37990
18223 24190 32827 36910 42563
22264 28249 35357 41529 51628
11638 19164 24980 27261 32734
19328 20174 27790 35970 40906
15996 16686 24739 25314 34401
27311 34527 40963 46424 53445
19332 22530 28370 31428 38241
17707 23080 30034 39990 41728
18099 24084 29661 31158 40408
12316 15955 19380 25695 30833
19234 32053 37394 40599 47186
21757 26572 31221 41017 46828
14616 20368 24854 26579 30605
22552 25450 30925 37206 41876
17163 19844 24937 33381 35124
18807 25765 28873 36275 39087
12886 16832 24606 30175 32032
21047 32051 39386 44791 52705
22490 27978 35060 39131 48691
19270 28092 37274 46635 50956
19471 23920 27813 34069 40742
17772 27070 32716 42345 44006
17290 21612 26878 34845 39976
14755 25124 31404 37391 42648
18351 20312 30674 31935 36556
18160 25917 33508 42585 48361
19039 21880 30544 31822 39918
21791 26112 35654 40515 48076
14893 21414 26335 31995 35685
15173 20304 23155 25892 34216
12413 16442 20471 24607 30968
23489 25855 39872 45879 49519
12110 17799 22520 27482 34623
17969 20451 29944 35493 41480
17651 24562 28531 33237 41176
21958 31695 33643 45327 51346
14259 16652 19669 26535 30488
15975 21712 28844 35820 44192
17431 21072 26663 31995 34985
21656 29847 35894 43890 54812
19975 27221 34790 38816 43324
20871 23107 30261 33092 40991
14483 18913 21829 23990 29608
13796 17702 26488 27342 35762
16103 19296 27943 34329 39251
15250 21612 26413 29894 35775
18710 27314 36479 43960 55556
16488 24190 28195 36821 43752
16390 23568 33710 35895 42916
13462 17796 25094 27830 34216
24451 27835 40998 47767 53407
23199 28997 40032 43211 53311
14742 20205 27954 31002 37100
16391 21558 26222 28490 34036
13092 17522 20716 25868 28237
24833 31532 35473 49659 58525
22313 28332 37538 44796 46389
23454 27789 41187 49462 51433
14399 19152 25094 32091 36052
23919 30972 37853 43186 45595
15665 24347 33804 38300 40626
16877 29071 34750 41598 45440
17675 22285 24461 28814 35472
20044 30631 35545 42918 54827
20150 27372 36873 49416 53596
16011 20365 23950 28175 34960
11887 18417 20557 26979 28692
15469 17003 22315 29397 35298
15765 23714 28373 30428 39746
18910 31872 38894 45555 48975
20910 28512 36304 49416 49796
25553 27731 38227 50901 58228
14266 19548 28262 31299 37768
23595 30460 38205 40670 51760
17860 26192 35204 42855 47446
18771 20031 28013 35715 39636
19834 28863 33997 43380 47629
20019 23300 32158 41835 44624
22371 27532 37166 38026 47144
24882 28622 38722 48074 54807
17386 23225 29343 32958 36155
13339 15916 21293 29023 31936
19030 22463 26325 31618 40199
15634 18533 27608 30884 37564
16330 23404 26805 35239 40816
18991 25320 33700 43620 50290
13556 17022 22169 24059 28156
12892 18138 21103 28971 33304
21809 27519 34267 44303 47418
23360 30239 35127 42912 51239
16433 20005 21909 26432 32860
15587 17239 25383 30341 34590
16599 20175 28328 34049 39055
20661 30699 39000 43247 53670
22384 27930 40604 45753 59219
15611 17412 21853 30495 32776
12545 17234 23776 27701 29772
15741 18212 23673 32906 34076
14815 23700 26098 36534 40201
13660 23413 27313 31865 37326
22187 26052 30253 39495 43696
20916 26097 33684 47191 48486
20223 26092 32613 40439 45656
18761 25362 30314 34664 41116
15499 21645 25358 28431 34064
22092 29515 37481 40920 54316
11988 17396 20789 26515 28742
14894 18954 22768 30273 33718
19855 29118 37058 43863 52558
13925 18646 26634 28207 36316
22617 26356 32053 43803 47898
25682 31852 37425 51755 55139
10516 18271 22454 24189 27760
17483 21852 30122 36988 40888
13320 20098 24576 30507 34985
19188 22813 31120 34895 43202
13531 18213 19461 25391 28304
20305 24686 30819 37536 41625
21711 24037 31944 36905 40315
15410 23882 33740 38977 40518
15357 25045 29068 37116 41289
16124 17477 25352 31626 32856
19232 25938 29366 35774 42779
19015 29878 35671 43455 48162
22564 31337 39035 42258 52642
18002 29769 31153 42573 48110
18770 25024 30772 40576 44294
22459 26692 37550 40862 53560
11450 17276 20397 25287 29552
15481 18212 27444 29655 35116
21900 32250 39018 45785 56930
16882 23572 32998 37863 44856
13115 17172 20293 26119 28928
13240 20173 25214 27861 35422
18051 25925 31994 37079 44952
14185 24313 27689 30254 38626
13678 19174 24938 33516 34990
20522 25293 29746 40719 46921
18977 26982 35162 40035 45430
15923 20370 25520 25988 34180
16650 28653 32013 37775 45936
15571 20627 27013 33398 37256
15871 18678 23925 30271 36616
14467 16028 19461 25703 29968
18778 28900 39758 45095 49144
23010 34412 42414 48814 57216
15076 20448 28703 29490 35386
16396 21762 27418 34670 40906
16691 24338 27257 34070 37546
20360 23421 28471 33980 44845
11350 16917 21013 26685 30256
13526 19523 23885 24648 31408
18478 25446 34520 39543 47644
13984 21795 27003 34950 38376
19851 23416 33184 37369 46361
12942 18138 21531 25348 30544
12412 19434 22945 28446 33127
17294 24895 30559 34583 40395
16102 24896 27429 32944 42035
23502 29756 32461 42941 47335
19121 25737 31177 35441 40293
18731 24036 29030 34335 42760
20747 23826 34196 41001 42459
23571 32502 40104 45235 49985
12130 17586 21628 24760 27386
21611 28452 34033 43215 49156
15880 23334 28165 31616 40726
13898 21217 26054 27914 35232
26211 31212 41814 48215 52615
19595 25104 31072 38418 41172
15378 17678 22882 27724 34985
18934 28067 30723 38693 47160
22153 29109 36430 46863 50890
26863 30000 41566 46270 53916
21987 25104 31829 42655 45936
14320 19722 28094 32955 36061
17071 25251 29341 36675 39354
15019 18940 24654 25886 32720
23419 31340 35213 44014 49295
21092 22642 28999 36440 40316
14882 25038 29901 35908 38768
13843 17380 21750 23830 27887
18138 27821 32046 43488 46128
16858 20891 31550 36591 43216
22961 28062 32993 40815 46426
13367 15488 19835 26727 29908
16131 20942 25103 33165 34856
21502 35435 38222 45387 54343
18351 23068 24510 29096 38530
22998 31325 34222 45808 48523
20256 29999 35731 46810 51586
20099 25446 33386 41001 42459
16966 27645 32984 37067 41935
21636 27000 35997 42400 49840
15379 25252 29765 32585 41329
14879 19837 25266 26446 30813
18636 25044 31453 33837 39352
12148 17267 23338 27385 30956
24801 27946 39603 45524 54221
14571 15691 24206 26222 32272
20111 26262 28663 39015 43815
17434 22332 30109 37455 42496
10618 15925 19700 22659 27046
14028 17239 20771 23661 30939
22274 29515 33860 46351 49972
17696 18613 26737 31979 37613
20502 28400 39306 46639 54536
19530 21169 31900 36818 39650
15865 22209 32026 35651 41239
24779 28236 40718 45711 53776
13401 17522 20716 25765 26898
17427 18201 23233 30717 33685
20626 24812 31788 37835 43726
15005 19528 25718 29408 32145
18859 21900 29653 37559 44552
21904 26177 38284 44515 52704
20003 26178 29413 37500 41028
14168 17073 24093 28934 33896
16574 23300 34126 36423 48233
17525 23225 25867 31289 41716
11546 17213 20201 25456 28444
25605 29999 40315 47765 50821
17579 24061 28094 31838 40336
13780 24313 26069 30660 36736
15857 19278 20760 29085 33646
14772 17457 24779 31247 35396
24667 28900 34053 43991 53008
21899 25491 34556 37634 49264
12862 19052 26194 27027 32979
11776 16218 24434 26988 30319
13571 16284 24309 26796 31769
19546 27644 34685 44015 51760
13090 18978 23013 27265 29009
17482 30253 31765 38991 48064
14011 19836 22413 26222 32048
23952 25491 30964 38832 49948
22490 31695 34174 43379 50461
17039 22452 29054 32618 36315
13926 18757 22439 27845 30376
18092 21033 30590 33383 42940
21959 28098 38888 43725 49864
20291 25596 28561 38391 41668
11026 15924 19801 25617 30208
21007 29334 32955 41826 52687
24191 31074 36097 43352 53026
21635 26247 32927 37698 41991
23968 30107 43178 50703 56842
15460 23262 32114 38565 39466
16007 19976 22829 27418 36472
12736 17652 26222 28113 37061
18070 29253 31145 43016 45252
19006 23937 26548 34380 39021
23171 31857 37069 46721 53863
16531 20452 29134 35715 38096
14271 20713 23473 26924 32101
16969 20723 28370 34904 38936
25811 32212 36813 47015 58616
13323 18629 19981 25703 28719
21101 27947 34239 42935 51261
20210 30612 40214 47015 54816
10615 17442 21854 26685 29521
21901 31455 35834 45586 53547
24581 30042 38623 49155 56956
15053 19470 27062 30375 37139
17701 24807 29739 31914 42791
18059 24829 27508 31880 37381
15232 19362 27878 30717 37555
26191 31054 34608 47700 49757
21461 29547 32023 41429 48196
15743 17339 23041 29313 33190
12436 17682 23498 29655 31024
22703 30574 33502 42471 48877
20722 23852 31005 37712 40990
14108 18660 22102 26432 32206
20485 32383 36284 44865 51886
13350 20776 21241 29827 34700
22273 32592 39109 43816 51419
10826 18525 19877 25495 28200
15651 19792 20713 27270 32906
17676 24686 31988 36223 39727
13599 22491 26938 29478 37481
16739 19322 25228 31256 36916
23722 30420 36394 45265 50876
16996 25789 28472 37265 43226
16138 22476 29822 35007 37744
21401 26672 30548 34889 43726
14770 18954 25966 31380 35440
17288 24136 33266 39787 47123
17908 26231 33612 36595 43819
20471 29773 33680 41121 50981
18458 21033 28899 36194 39913
21669 32227 32773 40236 53342
13916 18140 22365 23292 29576
16541 21327 27564 32060 38877
19912 30516 38329 46515 55816
18232 22891 29743 33580 35909
12333 14253 19911 25770 27387
18370 28232 35544 40645 47956
26471 33654 40460 43106 51612
23885 32864 40314 49484 50248
18090 23532 30253 41455 44976
12820 21607 22583 29051 36494
17977 24180 33404 36585 45808
27255 29215 41565 49995 57248
18506 19721 25258 35115 39301
11455 17779 19633 27919 30972
20636 26907 30703 41265 46546
18022 25608 33352 36828 45046
10929 15565 18863 24427 27517
21853 28864 30983 37015 46797
13962 21900 26893 32527 37648
16724 21932 27961 33443 39335
17586 24855 35335 43955 47505
17898 26500 35962 44563 47660
16013 19290 26474 30507 35170
13774 20597 24318 29031 34736
23327 27330 36032 39512 48388
14773 21729 23438 27343 32224
19774 31122 34783 45216 53818
13345 18092 21596 25101 32560
16135 21887 25888 31014 36890
10110 14512 20514 24915 28916
20972 25104 29848 38571 42243
16621 23238 28972 34413 42940
17547 22343 25084 33991 41116
18560 28887 37989 44290 45515
21091 26052 31013 35664 42951
15983 17557 23245 30749 33170
11875 16849 22614 25214 33465
22668 28048 35385 37667 42395
25946 27897 40574 44084 55006
20987 22660 33150 35734 41816
15719 18695 22742 27503 35478
19739 28429 39110 42912 47257
13031 18913 20908 23639 28471
18785 25342 28174 38457 39053
23618 26730 34235 41007 48511
20897 25677 37007 40371 48691
