200 10 5
10 93 72 95 97 59 57 96 27 36 34 0 48
6 67 20 49 35 96 36 38 73 20 61 0 27
8 39 74 87 45 34 32 79 78 87 65 0 39
4 63 99 61 85 88 28 73 69 66 83 0 19
9 43 35 50 99 95 89 59 80 81 36 0 41
3 56 50 46 99 96 48 75 41 95 55 0 14
10 76 55 66 23 80 59 42 77 94 28 0 46
9 27 48 66 60 96 28 81 31 76 58 0 45
3 21 54 27 50 56 86 80 72 75 54 0 12
10 47 87 80 58 48 99 67 38 20 34 0 49
4 21 20 70 63 71 25 57 33 62 35 0 16
4 32 25 23 55 46 26 84 59 46 34 0 16
6 46 56 73 55 89 53 76 75 62 77 0 26
10 52 91 41 69 99 29 68 34 55 72 0 50
5 91 76 62 43 43 85 39 38 77 29 0 23
8 91 49 68 51 40 91 77 39 30 69 0 40
8 96 77 27 99 99 83 66 38 85 21 0 39
3 87 67 27 56 87 60 23 94 58 38 0 14
7 43 88 73 99 35 79 50 81 40 47 0 32
10 76 81 70 92 25 69 56 91 53 85 0 50
10 89 43 53 82 77 91 92 55 96 24 0 47
6 32 95 89 77 88 94 41 92 97 38 0 29
6 21 82 49 90 52 71 62 51 30 72 0 27
10 65 89 39 98 22 87 34 90 46 50 0 47
8 39 54 59 36 46 75 36 77 76 76 0 38
7 69 59 23 90 36 34 69 88 37 93 0 34
5 80 69 22 37 95 39 99 34 47 54 0 25
10 93 65 22 93 79 25 83 55 97 97 0 48
7 59 31 94 37 57 22 94 23 88 52 0 33
6 69 45 60 59 60 64 93 94 46 96 0 27
5 74 77 81 45 23 23 82 62 41 54 0 24
3 56 40 62 41 100 30 76 36 88 72 0 12
7 62 81 52 64 92 90 53 79 48 29 0 31
5 81 34 84 46 59 78 99 71 98 49 0 25
5 23 34 60 90 99 32 49 97 40 27 0 23
6 90 54 42 75 31 90 32 62 67 60 0 29
7 99 93 39 68 97 48 91 72 53 50 0 31
10 73 40 90 48 74 92 91 41 43 25 0 46
4 51 54 72 43 36 94 97 96 94 32 0 18
10 86 95 75 73 30 57 74 48 70 90 0 50
8 32 93 76 91 26 44 95 74 88 77 0 37
10 25 81 47 22 91 68 95 66 80 99 0 47
4 31 48 58 47 62 41 87 76 70 65 0 17
8 71 36 90 89 79 97 84 24 47 77 0 39
8 38 29 48 41 88 76 54 37 58 69 0 39
7 83 47 43 77 68 50 48 62 39 87 0 32
10 37 78 99 57 92 55 88 74 55 76 0 47
6 90 93 76 54 31 71 86 63 50 69 0 28
10 66 95 84 77 45 82 22 53 81 78 0 50
6 32 25 80 85 51 86 67 74 99 77 0 28
8 43 27 64 45 48 85 71 54 26 92 0 40
9 41 32 28 49 35 48 46 77 99 31 0 45
5 54 45 31 68 30 29 68 87 37 30 0 24
7 96 22 77 86 56 45 52 71 42 73 0 31
8 23 65 48 45 79 74 52 60 86 42 0 40
9 80 66 53 59 50 37 55 62 36 20 0 45
2 74 41 68 63 94 73 33 33 59 76 0 10
6 66 41 42 44 57 97 40 48 38 78 0 26
4 90 53 42 75 73 39 89 54 27 84 0 17
7 64 51 71 59 26 79 70 59 47 52 0 31
8 94 66 92 90 88 49 45 56 87 30 0 36
9 87 48 62 51 31 22 36 48 94 66 0 42
10 33 98 41 84 93 38 71 89 89 76 0 47
8 76 59 93 49 79 75 74 58 29 38 0 40
7 52 42 66 61 22 71 99 81 22 71 0 33
10 41 35 70 20 31 20 83 52 21 82 0 46
5 61 71 52 42 63 93 56 63 23 99 0 25
7 37 58 25 49 64 94 71 51 44 31 0 35
4 20 71 63 93 97 48 26 76 55 72 0 18
3 24 30 57 49 50 49 27 30 94 36 0 15
10 57 64 31 42 72 66 49 68 91 67 0 46
7 25 36 47 65 81 24 94 66 92 94 0 32
10 27 41 38 92 94 51 29 45 24 97 0 47
10 31 92 35 33 29 21 41 24 57 76 0 49
2 79 28 23 66 83 25 70 41 37 70 0 10
8 97 56 30 78 21 94 22 24 33 40 0 40
9 58 96 96 38 62 38 72 33 76 23 0 41
9 74 75 38 73 42 41 42 30 94 26 0 41
7 60 72 58 54 86 86 38 77 33 71 0 31
3 25 61 84 93 33 62 87 84 67 76 0 14
9 96 46 22 62 53 90 71 31 36 96 0 45
4 81 96 24 75 33 62 98 66 91 45 0 19
10 30 21 34 87 84 55 64 79 58 89 0 48
8 47 97 90 45 91 21 37 54 81 50 0 39
8 68 73 61 85 33 46 24 94 47 28 0 38
4 96 24 32 37 99 26 91 58 35 69 0 17
4 25 94 90 73 66 53 63 76 27 96 0 16
10 29 98 76 88 33 58 72 53 37 49 0 46
4 95 70 89 70 91 56 49 41 78 41 0 17
10 42 23 63 56 28 44 82 21 78 42 0 49
9 71 31 76 63 26 21 68 48 28 65 0 42
3 59 69 50 77 67 34 34 29 38 36 0 14
4 33 91 98 35 24 71 77 69 72 62 0 19
3 34 42 88 56 54 22 91 47 21 47 0 12
4 43 71 26 93 24 34 90 33 25 85 0 19
6 90 34 73 54 25 86 42 98 20 71 0 26
7 21 70 47 62 77 48 85 82 98 78 0 31
10 83 59 60 64 94 92 59 47 45 87 0 49
6 50 75 34 94 33 39 22 72 87 26 0 28
3 76 88 82 34 31 67 89 38 67 99 0 12
4 98 80 71 41 58 60 62 39 80 42 0 17
7 88 74 60 86 98 94 41 97 51 73 0 34
4 23 31 51 66 80 95 29 22 81 92 0 20
6 89 88 28 62 31 53 27 96 73 95 0 29
6 32 62 41 56 71 33 46 61 28 78 0 29
9 65 58 37 94 40 59 86 49 27 22 0 44
3 70 47 46 67 59 50 21 98 85 82 0 12
4 91 58 56 30 67 86 95 29 27 55 0 17
4 29 46 83 68 38 22 35 60 44 41 0 20
3 83 39 75 46 97 72 56 24 90 36 0 15
6 52 23 39 53 72 97 22 100 24 82 0 28
7 84 91 37 69 44 33 86 61 48 22 0 33
6 48 97 60 45 54 98 20 54 56 74 0 26
9 76 62 63 61 64 75 72 58 99 77 0 44
5 40 66 87 50 72 90 95 73 51 60 0 22
8 69 75 73 25 84 59 51 90 44 84 0 38
8 71 50 93 77 26 52 79 21 36 73 0 39
5 84 58 47 74 25 34 83 65 53 80 0 23
5 25 62 70 94 79 64 59 66 94 74 0 25
8 85 44 47 98 75 47 61 80 70 74 0 39
7 43 61 89 57 53 42 75 36 55 62 0 33
3 62 75 90 94 21 70 46 71 100 57 0 12
9 50 62 41 96 84 94 29 97 90 34 0 41
6 68 44 73 35 67 43 31 21 79 95 0 29
8 59 33 39 47 85 27 20 26 41 84 0 37
10 82 67 30 76 41 84 82 61 50 86 0 49
9 34 73 55 26 41 62 43 99 88 50 0 44
7 88 23 100 35 26 33 49 44 92 20 0 35
4 68 91 68 26 38 47 49 80 80 42 0 17
9 68 32 61 82 60 53 61 62 84 72 0 43
10 60 54 22 61 72 94 66 20 62 21 0 46
2 72 69 38 36 90 72 66 45 79 30 0 10
5 61 33 57 30 30 82 70 37 75 59 0 23
7 53 66 93 66 24 47 76 52 79 31 0 34
3 28 26 22 42 36 53 94 60 22 82 0 11
6 56 72 25 89 82 52 82 22 41 95 0 29
7 98 40 29 83 78 68 55 82 23 59 0 34
6 31 51 32 65 49 31 44 88 73 70 0 26
4 58 49 87 46 25 53 72 26 36 77 0 19
3 66 43 99 21 61 85 36 72 51 83 0 12
10 61 21 34 23 53 37 81 45 43 79 0 50
6 91 92 85 76 59 75 95 82 71 84 0 27
2 39 93 25 71 93 36 94 71 36 20 0 10
10 22 70 49 60 48 81 38 34 72 87 0 48
3 73 66 71 82 28 69 51 93 92 40 0 13
5 40 96 34 59 61 90 81 75 63 60 0 23
6 67 95 21 66 56 97 27 33 27 76 0 29
4 36 28 95 99 95 52 84 21 34 43 0 16
3 81 85 96 43 79 47 93 51 20 42 0 12
9 31 77 72 21 33 62 50 48 45 98 0 42
6 41 21 28 20 20 78 52 64 53 36 0 27
8 60 66 64 42 24 31 29 70 87 24 0 37
6 67 33 93 78 70 95 77 71 72 43 0 26
6 23 32 64 41 30 30 66 49 93 28 0 30
7 49 61 56 72 30 71 49 41 44 31 0 34
5 25 39 74 87 81 96 93 42 59 95 0 22
2 23 76 82 93 73 27 51 98 35 44 0 10
4 98 71 91 78 48 91 27 80 53 21 0 19
9 81 98 82 44 37 27 71 21 34 24 0 42
8 38 40 50 27 23 94 81 72 87 67 0 38
8 31 81 66 94 48 75 92 64 70 34 0 37
6 85 85 71 54 45 94 30 60 78 49 0 29
3 41 30 32 34 66 42 74 24 37 32 0 14
8 39 54 38 51 46 80 33 43 65 45 0 39
3 82 30 82 39 62 26 32 61 50 53 0 15
7 22 99 55 40 49 82 73 28 84 54 0 31
8 48 26 31 31 80 58 35 71 98 27 0 37
3 93 53 20 46 63 77 67 56 72 82 0 12
7 25 97 99 58 54 51 91 21 50 48 0 31
8 86 34 35 74 90 56 50 73 98 90 0 39
7 96 82 34 98 36 35 65 21 84 74 0 32
8 26 86 85 39 77 57 96 58 24 77 0 40
6 22 69 25 30 27 97 70 43 27 73 0 30
8 95 46 30 55 52 81 71 57 30 71 0 36
10 85 32 60 30 40 92 81 67 92 63 0 48
6 26 95 76 75 60 91 85 71 54 93 0 28
3 82 93 97 37 58 81 94 26 81 98 0 11
10 63 53 66 26 59 33 69 33 23 62 0 50
9 58 72 23 65 85 45 95 33 92 67 0 45
4 98 33 44 90 82 81 36 24 82 67 0 20
7 56 74 94 30 92 34 25 22 88 47 0 31
10 88 80 61 27 49 54 57 22 90 71 0 50
7 42 45 51 40 81 46 53 95 28 93 0 31
6 20 70 96 89 50 94 81 87 29 21 0 27
3 96 36 44 93 62 68 38 85 37 29 0 11
6 93 71 67 50 84 90 83 22 66 83 0 30
9 72 45 91 83 51 59 41 62 83 76 0 43
3 67 21 77 83 42 56 65 47 91 48 0 12
8 25 31 30 95 64 41 71 93 77 93 0 40
2 21 80 88 52 64 100 29 45 64 68 0 10
9 86 47 62 35 97 84 32 65 80 80 0 42
2 54 29 25 87 22 60 39 98 99 73 0 10
7 77 91 24 84 39 50 88 79 49 37 0 34
8 31 94 30 71 27 96 42 22 99 46 0 38
5 62 76 81 42 74 98 66 25 86 33 0 24
7 64 34 31 94 39 68 57 56 37 53 0 32
3 85 43 60 49 91 73 22 31 42 60 0 14
3 49 40 72 99 59 61 46 96 53 27 0 11
10 47 51 90 92 45 99 52 72 36 64 0 49
10 97 67 61 52 94 37 82 50 81 25 0 48
38 41 49 31 41
125 142 203 231 285
137 176 193 242 297
139 164 185 249 275
104 155 198 254 279
135 146 205 227 274
117 141 188 260 298
134 177 186 230 281
136 170 197 259 262
131 140 193 252 275
108 174 194 233 271
114 140 203 256 284
106 140 188 253 298
125 168 212 257 286
139 154 198 237 268
138 174 182 233 262
114 152 182 225 293
105 162 187 234 288
120 151 212 248 260
138 165 215 234 266
106 141 186 247 268
110 180 190 248 290
117 146 186 254 279
105 172 185 233 292
124 159 209 229 278
124 166 191 248 269
115 165 214 237 268
117 163 187 258 270
124 162 217 240 295
123 162 193 249 260
127 166 180 244 298
104 144 188 243 276
127 142 218 254 289
112 177 210 244 265
140 169 190 246 283
135 168 216 222 284
101 166 188 252 279
133 149 212 230 290
100 178 188 245 274
112 163 217 259 275
105 165 199 222 281
108 165 192 253 271
119 174 209 237 272
110 140 203 226 263
136 165 206 240 286
110 167 198 260 296
103 177 193 245 271
118 173 203 228 273
109 179 208 256 261
124 161 192 220 263
126 152 192 253 273
130 174 217 246 265
113 164 210 224 279
116 171 191 223 276
129 170 197 226 261
123 177 220 232 296
117 172 197 225 270
112 170 209 240 296
120 163 217 235 287
116 161 186 222 278
120 159 185 222 285
107 178 190 225 268
138 161 220 222 266
121 153 185 244 276
106 150 182 232 279
116 144 216 257 270
135 177 184 249 285
126 180 184 233 297
120 151 182 222 266
139 165 181 227 266
108 151 189 259 291
113 159 202 222 280
122 152 211 223 294
111 163 220 225 296
124 141 205 244 280
131 162 191 243 277
137 165 215 225 294
125 167 190 254 263
109 164 208 241 267
105 152 204 246 276
105 156 187 222 270
126 175 220 247 266
140 146 218 236 268
100 175 207 227 289
130 161 191 250 279
123 152 182 235 264
119 155 186 240 286
119 141 217 231 291
115 144 209 223 287
112 175 185 248 268
139 151 212 223 276
135 148 191 226 284
125 180 209 260 282
109 164 187 228 294
139 144 215 250 265
115 152 220 258 288
125 171 210 240 264
140 164 208 258 291
131 177 184 254 290
101 149 203 254 293
100 169 217 249 273
124 149 216 258 277
120 162 189 239 276
102 178 194 240 288
133 175 180 235 276
110 143 192 247 278
139 141 211 240 276
124 150 212 226 274
119 170 206 231 272
123 162 216 241 294
117 164 210 246 270
108 160 198 251 264
119 146 197 248 300
110 153 207 223 267
126 145 190 229 264
140 164 219 237 287
116 150 209 243 275
138 173 190 231 265
104 177 182 234 260
134 150 183 231 291
105 140 207 248 290
125 146 192 251 273
101 172 183 244 262
125 155 210 260 274
106 142 193 240 272
135 166 206 245 292
100 156 210 243 298
101 156 214 249 281
128 161 210 225 264
119 174 192 255 277
106 142 192 223 272
108 155 191 221 278
109 167 210 252 269
123 156 196 260 276
108 159 210 221 270
136 143 207 253 285
133 158 208 260 276
122 168 195 252 294
112 179 207 225 291
116 144 210 241 263
140 149 193 239 280
111 177 187 236 295
126 144 192 232 265
114 141 205 249 285
100 144 197 237 286
110 159 184 223 278
123 165 180 223 293
124 153 216 242 272
120 147 204 253 293
121 147 197 257 276
134 171 194 257 297
110 171 213 241 295
127 180 218 233 288
118 149 196 243 294
103 171 187 257 300
122 156 199 221 295
132 167 187 239 289
127 141 212 255 268
101 149 187 238 283
121 157 197 230 272
116 174 202 238 293
134 147 212 226 260
138 178 183 251 263
126 164 186 225 274
100 176 192 247 271
136 159 198 223 285
101 142 195 260 262
126 142 197 256 293
112 170 206 253 264
128 158 186 252 292
130 141 219 238 298
103 142 188 247 274
140 154 194 257 300
134 167 182 255 293
135 167 220 245 278
127 166 207 260 276
119 170 189 260 279
111 163 205 234 284
139 165 187 226 277
117 142 219 241 269
109 179 212 250 273
131 158 181 258 282
129 146 185 254 294
119 147 214 223 270
119 140 220 238 293
137 140 189 239 290
119 170 205 225 276
132 178 220 257 299
123 180 193 224 296
130 178 219 237 269
102 160 191 254 283
125 142 199 229 279
131 172 191 222 287
100 173 180 225 290
100 167 216 232 299
138 155 182 230 285
114 142 208 221 300
110 178 193 249 274
106 170 209 259 270
124 164 180 242 268
114 144 212 252 291
6010 6827 9757 11102 13696
3709 4764 5223 6548 8034
5432 6408 7227 9725 10740
1986 2957 3775 4841 5316
5546 5997 8418 9321 11249
1648 1985 2645 3655 4188
6175 8154 8568 10594 12941
6131 7662 8878 11669 11804
1583 1691 2329 3039 3315
5302 8538 9519 11431 13294
1834 2251 3261 4111 4559
1706 2251 3021 4063 4784
3260 4379 5525 6696 7451
6961 7711 9913 11864 13415
3185 4014 4199 5373 6041
4570 6092 7293 9014 11736
4105 6330 7306 9140 11248
1690 2125 2981 3486 3655
4427 5292 6893 7502 8527
5310 7062 9313 12365 13416
5180 8472 8942 11670 13645
3403 4245 5407 7381 8106
2845 4656 5008 6305 7900
5838 7485 9836 10777 13081
4722 6320 7271 9438 10237
3920 5622 7289 8072 9127
2935 4087 4688 6465 6765
5962 7787 10429 11534 14175
4069 5358 6382 8232 8595
3439 4494 4872 6602 8061
2506 3468 4525 5847 6640
1534 1715 2629 3062 3483
3482 5499 6523 7578 8230
3511 4237 4762 6164 7090
3115 3876 4981 5119 6547
2938 4826 5465 7323 8106
4134 4630 6585 7144 9005
4609 8200 8661 11284 12619
2026 2945 3919 4676 4965
5260 8262 9963 11114 14066
4006 6117 7117 9376 10042
5603 8190 9836 11153 12799
1880 2392 3465 3857 4487
5314 6446 8047 9374 11169
4299 6525 7735 10154 11559
3306 5676 6189 7854 8687
5556 8143 9554 10730 12846
3062 5024 5837 7182 7323
6211 8062 9613 11014 13165
3538 4267 5389 7099 7659
5210 6972 8693 9854 10614
5095 7392 9463 10094 12570
2794 4116 4597 5366 6639
4010 5282 6120 7020 8106
4930 7092 8813 9293 11855
5275 7752 8878 10139 12165
1130 1712 2103 2414 2975
3130 4249 5655 6124 7477
1982 2749 3175 3788 4742
3730 4941 5748 6896 8851
3862 6421 6853 8114 9663
5807 6774 9253 9338 11187
5697 7203 8708 11483 12987
4250 6012 7293 9295 11176
3838 4763 7141 8496 8925
6220 8154 8476 11468 13125
3160 4512 4612 5839 7440
4211 5297 6383 7784 9326
2513 2982 3271 4100 4803
1630 2276 2848 3900 4381
5208 7326 9305 10226 12896
3914 4875 6765 7150 9424
5227 7673 10353 10589 13927
6086 6920 10058 11970 13735
1321 1632 1923 2444 2785
5490 6611 8613 9013 11775
5135 6859 7803 10429 10798
4479 6736 8541 9895 10962
3265 4724 6337 7641 8571
1480 2196 2631 3122 3796
5680 7887 9913 11129 11984
2671 2785 4155 4498 5107
4809 8412 9949 10910 13887
5080 6291 7462 9764 10896
4685 5788 6929 8945 10047
2033 2647 3175 4094 4878
1914 2267 3485 3710 4672
5300 6635 9628 10272 13218
1914 2987 3158 4231 4571
6822 7410 10401 10941 13539
5681 6227 8035 9506 11944
1760 2532 2939 3654 3962
2081 3128 3566 4346 5602
1679 1739 2593 3014 3195
2195 2899 4193 4916 5487
3260 4458 5473 6254 6879
4350 5095 6460 8012 9036
6429 8685 9028 12460 14225
2837 4183 5697 7127 8220
1209 2040 2617 3002 3291
2118 2544 3685 4400 4724
4090 5520 6439 8140 9399
2049 3572 3893 4814 5775
3868 5087 5232 6829 8019
3200 4158 5581 7178 8078
6127 6215 9297 10574 12159
1498 1811 2557 2726 3303
2033 2902 3515 3941 4639
2470 3251 4333 4834 5895
1765 2472 3163 3704 4065
3034 4492 5557 7043 7407
3937 4829 6514 8198 9916
2870 3990 5396 5812 6957
5555 6392 8373 10090 11631
3090 3619 4831 5227 6329
4418 5711 7955 9248 10465
5393 6759 7423 9023 10350
2402 4084 4199 5397 5995
3361 3761 4588 5789 7291
4105 5471 8086 9686 11326
4135 4829 6349 8298 9024
1222 2076 2209 2943 3159
5135 6366 8623 10674 11249
3084 4130 5610 6975 7904
5005 6153 7635 9079 10819
4909 7655 10303 11921 14618
4453 6875 9429 10970 12379
4491 5647 7363 7889 9255
2033 2970 3276 4349 4724
4568 6118 8270 9604 11712
4978 7142 8799 10180 12804
1100 1682 2113 2534 2705
2839 3599 4521 5995 6363
3682 5418 7154 7528 9195
1507 1584 2290 2797 3150
3867 4593 6045 7554 8019
4158 5724 6642 8582 10011
2922 4666 5395 5864 7581
2214 2747 4004 4594 5012
1691 1799 2329 2882 3375
5560 8862 9362 11814 14766
3413 3900 5197 6278 7170
1150 1421 2063 2504 2865
4810 6923 9469 11391 13744
1440 2079 2405 2913 3630
2839 3807 4152 5143 6755
3606 4448 6277 7032 7903
1930 2363 3277 4062 4703
1462 1775 2377 3099 3327
5638 7193 8160 10808 12489
2979 4629 5764 6521 7980
4709 6672 8079 8634 10671
3078 3885 5109 6332 7660
3099 5142 5622 7724 9015
4158 5316 6779 7528 10046
2914 3686 4126 5272 6373
1280 1421 2133 2565 2695
1929 2843 3566 4537 5393
5092 6606 8287 9674 11439
4418 6624 7689 9058 11149
4969 5450 7858 8376 9635
4013 5174 5319 7293 7642
1775 2308 2617 3164 3851
3909 6876 7501 9648 10584
2051 2397 2983 3359 4290
3141 4413 6058 8075 8137
4672 5265 7302 9486 10856
1354 2052 2485 3050 3183
3978 4909 5778 7826 9067
5080 5510 8554 9296 11637
3306 4555 6029 7919 8784
5610 6171 7772 10294 12015
4030 5022 5472 7664 8805
4870 6023 7933 8834 10023
6106 7979 9949 12494 13263
3342 4772 5304 7294 7827
1231 1805 2268 2588 3139
6961 8262 9363 11314 13865
5275 6401 9869 10859 12120
2189 3592 4253 5014 5475
4071 4909 5623 8012 8757
6460 7311 9262 12714 14715
3699 4568 6648 6927 8385
3223 3791 5953 6440 7926
1518 1551 2092 2643 3206
3580 5112 6163 6764 8295
5686 7665 9473 11064 12872
1486 2172 2329 2701 3567
5210 7132 8773 9494 10774
1029 1612 1923 2555 2845
5261 5975 8371 9632 11734
1321 1732 1923 2234 2885
3410 5894 6133 7664 9876
3809 6358 8221 8830 11378
3323 3732 4380 5534 6856
3658 4555 6669 7086 9616
1550 2504 2715 3500 3851
1175 1882 2312 2863 2985
6087 8048 8833 11872 13147
5482 6923 10189 12110 13983
