1000 10 5
184 59 64 49 38 70 28 44 95 58 97 0 184
171 65 58 87 96 21 67 77 28 56 63 0 171
161 94 26 57 100 68 98 91 21 58 70 0 161
159 54 22 70 40 63 48 85 36 94 89 0 159
133 27 64 76 30 50 96 34 31 91 81 0 133
112 73 63 95 78 78 77 100 85 87 54 0 112
174 82 21 81 42 41 84 56 86 78 44 0 174
124 101 65 82 96 31 88 81 74 71 44 0 124
120 53 68 41 84 82 37 46 43 33 24 0 120
182 25 69 68 47 64 30 65 32 83 46 0 182
150 65 74 89 70 65 49 37 78 54 70 0 150
174 79 88 83 48 63 64 41 34 77 73 0 174
161 78 50 86 75 53 68 23 100 65 76 0 161
145 70 66 84 95 67 27 33 34 55 52 0 145
164 92 38 78 83 82 59 99 97 48 90 0 164
183 72 26 46 67 68 27 78 75 27 37 0 183
137 52 99 47 75 93 40 75 90 23 42 0 137
197 37 94 69 43 95 64 42 22 55 39 0 197
128 82 99 59 53 60 54 65 58 87 68 0 128
184 90 68 77 45 78 52 74 39 46 95 0 184
113 69 59 86 59 82 93 57 62 74 100 0 113
115 44 51 55 37 49 94 68 60 65 58 0 115
133 58 57 22 98 27 41 70 35 84 79 0 133
115 57 95 85 81 55 98 94 60 29 78 0 115
160 46 33 26 38 45 77 57 52 98 59 0 160
157 87 63 45 39 98 40 34 34 34 80 0 157
164 27 29 25 37 86 35 66 96 72 41 0 164
166 88 28 70 85 45 99 37 76 30 93 0 166
120 73 55 66 43 31 55 77 89 93 28 0 120
159 83 60 76 94 75 37 78 24 77 57 0 159
137 90 40 52 46 68 97 40 86 61 40 0 137
110 64 60 66 53 67 59 99 99 40 76 0 110
177 20 94 21 39 25 29 49 61 43 74 0 177
158 57 96 71 75 68 82 86 27 57 50 0 158
113 63 50 80 84 83 32 37 46 26 27 0 113
121 63 21 54 34 74 72 88 69 79 91 0 121
130 62 94 88 23 32 84 29 23 96 65 0 130
104 88 21 64 87 27 84 77 44 67 89 0 104
152 90 57 38 78 73 80 66 69 29 68 0 152
143 22 65 32 76 37 78 89 88 83 60 0 143
182 28 64 81 36 87 61 55 68 62 74 0 182
200 75 54 28 44 85 99 66 53 22 43 0 200
180 51 22 44 86 47 67 56 80 84 99 0 180
186 28 62 61 27 34 39 84 54 31 34 0 186
183 29 33 82 41 37 41 56 100 56 100 0 183
173 25 85 59 62 40 48 61 44 36 85 0 173
108 79 92 60 37 21 47 98 74 24 75 0 108
138 73 51 41 35 34 88 44 50 90 92 0 138
138 69 84 28 27 99 67 21 48 28 83 0 138
195 70 30 33 75 24 56 26 100 24 92 0 195
182 81 68 47 65 100 40 47 71 92 59 0 182
138 78 58 56 28 83 58 71 98 36 44 0 138
104 88 62 20 41 27 70 26 96 54 35 0 104
155 50 99 72 41 72 77 93 82 63 59 0 155
142 76 72 25 84 53 48 81 42 82 81 0 142
199 81 46 56 46 52 81 42 64 26 70 0 199
157 67 69 74 100 58 44 91 94 77 22 0 157
154 94 86 31 39 47 93 61 76 48 40 0 154
156 22 84 97 47 93 56 46 74 84 94 0 156
168 20 45 50 37 100 86 90 87 52 46 0 168
147 60 72 24 61 32 85 77 70 65 100 0 147
173 79 32 53 39 73 54 92 38 71 41 0 173
159 43 52 25 54 64 82 60 52 101 58 0 159
129 37 73 68 25 27 41 66 54 82 66 0 129
158 46 68 43 83 86 64 37 57 100 66 0 158
196 48 28 66 57 94 92 79 63 31 61 0 196
113 83 66 36 78 92 88 67 29 73 68 0 113
179 37 56 56 95 31 95 94 65 32 76 0 179
184 42 65 91 82 65 79 21 78 55 90 0 184
168 99 23 28 66 83 77 32 53 42 46 0 168
193 57 92 78 97 53 45 27 39 64 43 0 193
175 55 32 93 58 55 81 60 71 45 75 0 175
147 46 36 88 46 20 66 77 35 66 40 0 147
108 48 71 33 50 53 98 92 30 30 27 0 108
160 20 42 39 72 58 85 90 84 71 95 0 160
165 74 99 46 88 51 30 76 88 22 84 0 165
173 76 74 92 51 53 62 44 45 81 30 0 173
115 100 74 63 23 23 51 50 58 58 68 0 115
197 36 60 64 73 63 77 70 27 56 35 0 197
143 83 54 62 27 82 29 22 50 36 33 0 143
152 34 23 73 97 30 80 28 77 42 41 0 152
144 76 46 70 93 38 47 24 40 99 21 0 144
155 58 63 60 82 44 34 20 80 67 78 0 155
124 55 22 80 26 51 68 42 23 91 94 0 124
142 53 95 62 59 75 86 41 57 89 34 0 142
123 84 83 27 72 54 34 44 99 94 62 0 123
102 44 24 20 60 74 25 38 96 48 45 0 102
180 42 98 92 49 75 42 43 92 74 89 0 180
128 25 20 87 51 32 35 97 27 48 57 0 128
128 31 94 65 33 93 85 34 43 34 46 0 128
171 84 25 55 45 44 81 85 80 31 71 0 171
143 38 26 79 62 20 100 61 86 60 32 0 143
162 34 87 55 68 86 39 29 73 87 53 0 162
102 85 20 93 89 42 37 28 71 30 33 0 102
163 48 90 100 25 94 68 63 37 35 32 0 163
120 84 71 40 82 84 99 65 37 48 63 0 120
150 45 68 74 51 48 47 69 77 47 49 0 150
122 94 98 78 30 78 87 96 86 94 79 0 122
141 87 70 62 86 70 24 95 67 44 88 0 141
165 34 40 55 67 79 86 75 25 41 57 0 165
105 54 97 62 100 39 93 35 65 45 96 0 105
162 64 54 84 73 46 50 40 67 33 75 0 162
100 54 71 96 45 37 67 60 28 50 35 0 100
153 71 36 67 42 52 75 22 34 62 101 0 153
123 77 48 78 51 28 87 33 34 85 30 0 123
176 96 98 65 87 72 41 28 32 47 46 0 176
148 88 48 26 59 87 67 88 52 51 91 0 148
125 73 81 24 76 85 100 88 63 39 65 0 125
177 53 78 33 29 35 73 39 86 49 57 0 177
154 24 81 54 100 68 78 59 57 42 40 0 154
126 58 35 74 73 75 84 84 71 78 81 0 126
161 96 36 76 91 84 69 85 100 54 65 0 161
154 56 73 40 98 45 32 67 23 93 50 0 154
153 65 30 91 90 43 72 49 73 97 85 0 153
162 22 36 96 59 51 70 60 97 73 33 0 162
133 98 81 65 41 41 62 90 77 29 84 0 133
156 25 77 81 46 76 35 54 50 98 61 0 156
113 61 36 85 88 62 39 76 67 43 54 0 113
136 59 23 67 24 93 92 20 31 60 35 0 136
117 47 44 86 60 68 28 93 88 21 73 0 117
141 33 77 32 26 91 23 68 79 24 27 0 141
176 26 42 26 61 73 28 54 97 66 93 0 176
109 89 63 28 44 38 39 37 73 25 54 0 109
108 72 42 83 26 21 48 57 56 78 51 0 108
198 47 45 57 44 35 36 93 63 35 46 0 198
168 27 74 85 57 36 60 41 100 65 36 0 168
111 66 98 98 74 83 68 20 82 30 26 0 111
127 75 90 38 38 27 27 86 99 73 90 0 127
123 99 48 96 84 44 46 82 27 36 95 0 123
167 24 64 24 48 73 65 93 70 74 58 0 167
165 74 86 54 95 27 83 99 24 73 28 0 165
113 31 31 25 69 77 42 21 68 96 73 0 113
169 72 95 86 90 33 73 27 24 56 41 0 169
105 25 82 21 23 20 24 52 30 30 68 0 105
106 37 27 85 29 78 63 22 24 21 42 0 106
200 42 41 58 27 43 45 51 44 80 86 0 200
186 44 54 33 33 95 32 20 71 85 53 0 186
106 55 65 22 81 34 39 99 53 83 27 0 106
116 27 74 46 40 42 55 79 98 46 76 0 116
157 79 47 52 72 81 82 44 95 77 86 0 157
142 100 47 31 23 69 88 33 54 74 69 0 142
111 99 23 23 21 88 67 66 90 51 28 0 111
194 50 49 61 50 77 91 100 96 66 38 0 194
177 21 93 29 21 86 61 71 80 39 100 0 177
189 21 33 53 29 24 32 72 91 43 93 0 189
137 79 51 72 68 24 26 27 39 72 91 0 137
167 74 81 90 96 74 93 48 80 85 100 0 167
179 84 22 66 50 71 77 84 35 73 53 0 179
184 29 48 79 74 44 77 35 75 57 66 0 184
126 97 23 32 73 54 68 29 48 76 54 0 126
114 31 47 75 46 35 22 75 47 68 86 0 114
178 69 91 25 72 54 85 65 82 21 31 0 178
197 38 94 100 82 53 31 40 41 92 83 0 197
129 92 55 27 21 38 73 61 48 58 44 0 129
167 90 95 55 53 75 41 32 29 60 91 0 167
178 80 75 34 91 99 90 49 70 49 68 0 178
186 77 85 59 55 86 58 63 101 96 64 0 186
128 67 99 40 58 54 73 21 28 47 46 0 128
152 24 23 42 30 56 23 93 100 57 64 0 152
116 88 50 79 63 73 30 46 83 98 42 0 116
146 58 94 32 63 34 23 64 97 22 50 0 146
192 87 84 95 56 54 67 87 22 46 96 0 192
101 38 51 93 45 45 86 42 43 89 61 0 101
123 94 87 41 24 60 51 74 90 29 27 0 123
170 62 26 95 36 38 49 60 59 57 87 0 170
124 48 78 82 92 100 78 58 49 78 68 0 124
105 68 50 72 44 27 34 23 41 93 34 0 105
143 52 56 90 93 55 70 33 59 64 53 0 143
121 72 88 99 38 76 30 27 46 32 85 0 121
137 23 36 60 82 33 90 65 65 40 92 0 137
107 35 47 88 88 73 32 28 61 94 35 0 107
141 58 66 52 67 62 86 54 29 22 52 0 141
163 68 38 23 73 43 47 93 55 52 27 0 163
193 81 48 77 32 29 84 90 73 70 30 0 193
136 100 71 65 79 80 37 57 38 54 81 0 136
137 84 49 65 26 58 23 77 25 51 41 0 137
169 44 79 63 62 57 70 86 42 51 24 0 169
132 78 24 84 52 41 23 40 70 38 60 0 132
150 64 96 62 40 95 58 68 46 51 76 0 150
164 90 54 77 66 55 74 57 68 52 75 0 164
184 96 24 76 44 34 56 60 91 55 50 0 184
166 50 43 85 63 78 44 71 25 87 64 0 166
128 87 45 51 31 64 100 24 95 90 68 0 128
138 92 24 68 86 85 57 31 77 43 72 0 138
187 86 70 69 22 51 32 51 30 31 95 0 187
138 49 32 85 77 23 25 81 42 72 73 0 138
159 37 38 68 86 66 66 54 64 38 50 0 159
168 60 89 36 97 34 76 78 90 31 73 0 168
180 35 40 64 59 45 74 97 54 24 41 0 180
106 73 76 42 62 88 70 80 96 37 92 0 106
192 58 45 29 69 75 77 23 71 68 80 0 192
107 66 72 55 94 64 89 61 49 52 27 0 107
173 64 36 24 57 74 81 24 30 95 34 0 173
182 20 24 35 30 50 44 35 26 79 71 0 182
131 44 90 77 53 63 26 44 54 73 53 0 131
138 29 31 50 68 74 30 92 23 101 78 0 138
136 68 59 40 38 67 30 90 70 35 52 0 136
170 23 42 89 28 22 22 38 90 98 39 0 170
171 81 78 81 54 58 82 55 90 29 99 0 171
179 41 84 79 30 80 82 90 62 71 34 0 179
100 21 69 47 33 27 29 96 71 77 55 0 100
129 76 96 59 79 54 30 53 41 54 89 0 129
132 25 100 55 25 31 90 34 77 70 48 0 132
115 51 96 26 28 92 64 30 59 37 61 0 115
173 22 37 83 44 37 21 93 67 24 26 0 173
133 97 43 92 30 75 71 26 40 21 62 0 133
200 50 35 61 28 25 68 99 52 59 56 0 200
162 66 65 32 39 88 93 72 99 80 52 0 162
170 60 80 92 27 51 81 98 78 90 42 0 170
115 77 75 80 73 78 64 43 57 28 41 0 115
196 92 55 79 47 98 79 30 91 64 44 0 196
167 41 96 48 99 37 83 84 87 35 56 0 167
156 51 87 51 35 33 50 48 43 84 30 0 156
174 21 35 65 34 60 50 45 55 28 88 0 174
136 49 64 52 97 56 76 53 91 57 43 0 136
139 25 43 28 55 48 66 89 33 94 78 0 139
118 39 75 43 34 61 83 86 66 38 57 0 118
180 54 88 39 79 78 88 99 34 45 40 0 180
184 71 25 40 77 81 81 99 26 71 54 0 184
181 58 30 83 78 50 90 88 84 81 31 0 181
107 66 67 80 49 61 69 68 30 28 98 0 107
156 37 100 60 47 83 83 56 34 72 49 0 156
195 20 84 80 90 27 93 81 95 53 31 0 195
167 39 79 54 70 72 44 38 78 79 82 0 167
140 79 51 32 21 52 66 23 74 24 60 0 140
186 24 37 53 43 49 46 43 36 77 93 0 186
139 72 57 71 80 98 25 69 59 47 96 0 139
103 65 37 43 71 89 33 46 37 69 22 0 103
107 98 47 46 47 82 33 42 92 60 98 0 107
161 86 40 55 87 96 20 88 77 95 34 0 161
141 71 56 46 91 24 97 46 55 92 52 0 141
167 23 77 71 72 75 25 43 49 89 33 0 167
198 56 79 92 97 79 64 72 100 38 86 0 198
138 83 64 56 36 57 75 54 71 70 66 0 138
158 60 59 46 23 79 34 75 93 98 80 0 158
165 38 38 46 24 32 96 70 80 63 75 0 165
122 53 39 69 86 59 80 57 86 56 60 0 122
118 96 56 85 59 48 95 25 74 42 34 0 118
111 77 52 59 85 90 75 44 31 85 94 0 111
120 59 86 46 45 42 98 66 81 55 63 0 120
181 89 52 84 34 73 25 36 95 37 63 0 181
105 57 71 22 26 41 84 73 47 101 84 0 105
122 93 45 43 23 76 61 75 89 41 94 0 122
185 67 64 34 96 27 58 39 97 27 73 0 185
191 92 41 39 94 73 85 81 31 24 22 0 191
198 29 63 57 44 99 60 78 91 89 91 0 198
157 49 23 75 55 28 100 52 89 68 72 0 157
123 90 82 82 76 82 44 34 63 61 59 0 123
168 90 39 39 91 62 72 80 70 61 32 0 168
189 43 22 37 57 30 95 69 89 88 94 0 189
192 69 25 61 80 35 26 29 48 46 43 0 192
133 64 30 48 52 70 63 80 68 22 49 0 133
129 60 94 53 43 70 71 71 80 55 64 0 129
154 94 71 53 70 78 55 62 57 72 97 0 154
164 51 98 73 64 88 48 63 65 58 83 0 164
136 55 48 67 25 39 43 98 91 76 68 0 136
133 80 82 60 88 26 48 48 85 21 30 0 133
188 45 100 88 28 45 99 53 59 52 29 0 188
119 87 95 52 81 41 97 94 64 67 27 0 119
188 30 68 70 79 96 56 20 92 95 59 0 188
137 93 48 50 60 94 64 67 94 45 35 0 137
196 49 70 82 85 49 47 54 71 48 85 0 196
193 53 37 62 38 98 41 42 101 30 40 0 193
168 90 38 21 83 21 75 84 33 21 35 0 168
167 21 88 53 66 93 90 54 66 100 44 0 167
101 90 75 55 49 61 54 43 74 99 96 0 101
190 87 59 76 58 39 41 91 97 35 23 0 190
127 58 82 59 26 41 84 95 35 26 81 0 127
123 51 99 81 61 87 33 88 54 57 64 0 123
138 62 80 53 52 86 70 35 43 90 34 0 138
117 28 66 89 95 45 46 24 40 39 82 0 117
100 73 46 44 77 36 87 51 33 80 23 0 100
117 86 39 76 58 51 68 44 22 81 32 0 117
104 26 84 97 76 58 52 90 39 85 57 0 104
172 78 48 57 49 46 92 46 69 37 29 0 172
150 51 65 100 50 75 83 92 80 90 40 0 150
170 71 73 87 21 73 87 96 83 45 72 0 170
134 58 43 37 96 27 59 66 77 85 51 0 134
177 34 71 28 28 42 67 24 87 81 58 0 177
198 99 26 31 89 24 34 62 31 23 82 0 198
126 28 30 60 47 63 48 48 74 92 79 0 126
136 26 67 68 86 69 76 79 47 82 88 0 136
183 51 71 73 44 34 30 61 67 64 90 0 183
129 29 99 79 23 95 85 94 74 59 99 0 129
194 86 30 35 81 99 97 69 86 94 29 0 194
101 28 20 53 71 30 22 97 47 42 94 0 101
158 43 65 58 85 91 25 88 55 36 42 0 158
153 84 21 24 93 47 66 39 91 66 34 0 153
146 69 61 82 37 26 43 30 29 27 42 0 146
193 61 83 77 40 79 98 61 81 81 58 0 193
148 65 62 79 57 64 21 23 96 54 88 0 148
159 66 84 69 25 31 59 22 54 80 41 0 159
182 79 48 92 90 97 28 94 29 22 53 0 182
153 92 45 32 73 96 30 89 79 45 65 0 153
179 85 48 28 23 46 54 27 84 68 83 0 179
164 82 93 80 86 27 21 44 32 21 71 0 164
172 90 22 27 44 81 54 88 93 32 64 0 172
129 61 32 22 36 92 29 28 21 65 22 0 129
149 88 33 30 88 82 96 55 31 52 34 0 149
182 41 66 83 51 36 49 95 67 22 81 0 182
169 40 32 77 63 95 78 37 50 39 70 0 169
124 26 88 21 43 76 37 62 73 99 26 0 124
171 51 74 32 35 52 32 91 21 47 65 0 171
111 79 31 92 51 85 33 91 50 52 79 0 111
176 35 44 34 32 59 90 43 39 88 65 0 176
196 75 73 50 57 25 57 35 47 54 88 0 196
197 31 24 89 34 28 58 78 40 59 64 0 197
143 43 81 76 21 60 56 93 70 35 66 0 143
190 86 64 59 97 86 41 87 23 93 26 0 190
125 71 88 68 77 75 76 80 51 43 97 0 125
198 79 78 90 80 93 28 67 92 26 38 0 198
193 38 89 60 88 43 28 72 73 37 90 0 193
130 69 81 45 39 98 87 64 43 57 20 0 130
140 39 26 72 61 40 39 59 66 42 50 0 140
179 52 68 87 55 51 93 63 20 77 88 0 179
110 63 31 65 67 31 23 39 29 20 41 0 110
125 85 58 72 75 51 88 54 76 31 75 0 125
122 27 49 47 35 68 59 32 22 83 87 0 122
107 93 98 93 36 66 83 26 64 38 79 0 107
177 98 59 48 74 82 94 72 69 83 91 0 177
164 38 41 69 97 82 45 25 25 34 64 0 164
162 45 51 36 85 62 48 77 66 33 58 0 162
126 56 23 64 66 48 83 25 48 49 76 0 126
119 35 25 92 80 44 39 69 79 48 61 0 119
195 24 46 63 54 48 68 76 100 52 33 0 195
152 94 35 23 89 70 84 68 73 25 61 0 152
137 36 38 38 51 78 24 44 88 83 85 0 137
163 42 70 88 91 49 98 87 89 50 76 0 163
134 75 26 66 27 77 30 22 52 91 94 0 134
112 99 59 21 74 32 81 55 76 95 31 0 112
118 63 71 89 29 31 43 65 59 81 59 0 118
125 83 71 40 28 65 54 67 27 65 55 0 125
106 92 98 86 46 65 90 59 75 53 34 0 106
184 77 21 52 75 49 57 66 39 39 47 0 184
106 36 100 21 45 27 62 48 100 36 79 0 106
160 25 24 24 48 38 53 22 84 25 77 0 160
121 34 82 33 89 68 63 31 97 24 29 0 121
183 52 79 72 96 75 94 89 41 70 75 0 183
200 20 90 90 48 70 45 43 94 50 66 0 200
190 31 32 48 86 100 47 86 28 70 29 0 190
149 28 38 68 68 39 66 24 55 69 66 0 149
118 64 70 54 93 32 60 85 83 52 51 0 118
197 37 65 55 35 27 24 91 86 22 74 0 197
152 96 68 68 92 87 80 42 94 74 75 0 152
144 21 50 44 39 91 90 26 55 49 90 0 144
122 75 31 78 77 88 38 42 93 78 62 0 122
112 42 70 80 93 48 67 89 45 32 48 0 112
199 52 89 33 22 85 95 26 78 97 63 0 199
151 23 41 69 30 38 90 57 56 95 56 0 151
141 46 58 52 31 30 75 37 79 72 27 0 141
146 69 97 42 26 82 87 92 76 93 46 0 146
166 65 81 54 60 27 69 23 44 99 73 0 166
157 94 82 53 58 37 72 39 94 68 53 0 157
170 58 71 91 79 40 45 60 88 46 33 0 170
155 88 44 67 76 76 80 48 47 31 35 0 155
147 73 40 43 43 68 46 30 33 61 89 0 147
101 63 45 96 39 51 31 54 23 71 80 0 101
178 62 56 52 63 72 93 56 61 92 33 0 178
113 92 42 57 30 27 85 94 26 77 29 0 113
123 32 84 31 44 59 81 40 72 80 42 0 123
106 48 62 43 54 22 41 74 92 94 45 0 106
127 82 21 99 75 61 24 23 66 77 32 0 127
193 79 81 96 39 93 52 73 64 85 24 0 193
156 75 31 44 36 42 38 40 93 75 68 0 156
182 40 49 95 53 56 41 77 93 57 69 0 182
125 31 24 81 62 51 78 87 28 74 53 0 125
179 68 25 77 35 95 62 98 41 62 85 0 179
139 23 62 60 90 68 59 52 37 62 37 0 139
144 88 79 89 66 37 27 38 28 92 90 0 144
175 91 61 27 22 95 61 40 27 72 92 0 175
184 57 50 20 92 68 73 49 92 59 26 0 184
102 96 38 101 79 44 69 68 30 55 79 0 102
137 32 44 36 79 93 80 98 87 97 29 0 137
123 23 49 50 48 85 97 45 42 85 51 0 123
167 34 89 78 67 66 45 90 56 52 73 0 167
147 66 60 35 68 51 45 53 53 47 89 0 147
160 75 67 66 60 22 95 32 52 27 31 0 160
169 34 75 25 68 32 64 61 98 63 36 0 169
193 41 89 93 37 58 27 76 32 40 25 0 193
112 23 76 55 46 26 97 21 44 49 80 0 112
194 33 100 22 26 25 74 39 47 59 95 0 194
197 76 56 79 52 52 47 33 67 82 36 0 197
150 99 21 81 70 76 94 92 51 73 21 0 150
158 90 92 88 40 42 39 33 99 82 69 0 158
101 82 79 64 87 74 46 86 29 22 26 0 101
148 71 45 25 53 89 49 61 90 44 36 0 148
110 31 28 75 36 62 88 92 73 100 51 0 110
167 33 59 51 87 55 89 90 50 41 60 0 167
101 90 61 84 81 62 55 79 67 77 32 0 101
161 88 71 43 50 80 60 32 99 89 45 0 161
181 50 47 42 58 88 55 78 28 95 56 0 181
133 29 99 45 87 31 88 47 60 51 46 0 133
184 80 66 100 20 74 94 48 78 61 79 0 184
146 42 98 91 31 100 47 91 24 55 71 0 146
121 40 95 43 39 47 51 65 53 37 73 0 121
145 58 31 90 47 93 49 57 51 48 86 0 145
118 89 33 46 49 41 39 83 85 62 29 0 118
176 92 59 61 67 49 26 43 71 90 30 0 176
162 84 60 58 27 96 71 57 56 31 70 0 162
194 94 99 97 92 38 21 69 33 51 54 0 194
107 43 50 58 83 75 98 97 77 100 58 0 107
182 31 40 30 71 64 48 37 24 39 65 0 182
200 56 87 73 69 76 91 62 67 38 54 0 200
151 39 43 38 32 62 63 24 79 82 86 0 151
153 80 32 52 97 61 21 58 62 48 76 0 153
131 70 30 41 48 77 69 42 29 89 77 0 131
105 97 60 52 99 28 90 37 78 62 81 0 105
184 53 89 67 34 59 63 35 82 50 28 0 184
116 98 41 68 51 90 43 86 50 81 36 0 116
172 74 27 63 92 71 95 68 65 86 98 0 172
169 21 28 42 60 34 46 73 51 61 52 0 169
169 32 88 73 61 68 35 36 76 100 51 0 169
191 90 23 48 86 68 32 63 85 36 57 0 191
189 33 79 71 75 96 31 25 32 33 96 0 189
118 61 87 84 35 92 87 60 83 83 80 0 118
129 53 78 72 94 30 91 81 68 96 84 0 129
151 58 69 36 93 88 32 27 23 80 35 0 151
131 95 89 100 90 72 79 95 42 99 97 0 131
111 71 38 70 100 100 37 30 62 50 62 0 111
111 66 69 61 70 71 39 84 86 38 25 0 111
121 57 24 98 82 87 22 68 31 28 24 0 121
104 63 22 35 47 58 72 24 101 68 61 0 104
164 54 53 84 95 66 72 42 67 76 33 0 164
119 31 59 55 92 24 48 28 93 52 100 0 119
117 86 85 21 40 83 59 83 77 23 73 0 117
173 67 94 76 73 21 59 72 66 99 89 0 173
142 45 44 68 97 70 68 31 44 69 71 0 142
104 69 40 33 88 20 67 73 54 53 100 0 104
168 95 35 98 54 39 80 73 57 48 66 0 168
191 91 70 88 99 33 58 63 25 73 53 0 191
119 57 86 38 86 75 69 51 60 37 50 0 119
192 70 67 32 20 86 42 43 92 80 96 0 192
177 58 82 70 57 52 32 52 60 25 57 0 177
192 55 72 49 26 55 30 41 94 92 31 0 192
135 99 59 61 57 69 90 79 50 58 42 0 135
186 81 35 33 29 92 20 37 21 31 70 0 186
184 31 67 49 60 22 49 80 32 100 98 0 184
150 79 28 75 57 24 94 25 39 33 43 0 150
131 65 53 32 44 26 37 80 63 63 22 0 131
193 34 97 76 69 37 40 28 71 73 65 0 193
114 21 31 64 84 93 30 29 40 96 34 0 114
109 55 62 56 76 43 99 79 23 28 26 0 109
134 38 91 46 68 90 36 28 46 49 25 0 134
103 60 98 98 96 91 82 60 86 38 48 0 103
106 72 65 37 28 82 35 76 30 70 54 0 106
166 33 53 35 71 27 56 73 100 83 26 0 166
137 46 47 67 82 57 75 52 43 42 32 0 137
130 66 23 58 65 64 85 26 29 61 44 0 130
137 98 86 49 25 49 24 97 99 52 35 0 137
171 33 84 39 21 74 69 61 69 88 21 0 171
154 46 35 42 91 41 90 91 78 26 30 0 154
141 62 47 71 91 100 83 68 43 58 51 0 141
181 33 84 44 82 46 44 26 85 25 66 0 181
141 65 36 47 39 70 77 53 74 91 43 0 141
156 65 32 49 28 30 48 34 71 100 77 0 156
151 25 25 76 64 64 76 61 56 31 77 0 151
196 34 67 86 24 82 39 21 61 55 73 0 196
136 56 64 78 26 54 83 28 46 67 95 0 136
100 41 76 29 53 71 48 34 64 35 37 0 100
112 62 75 79 57 49 84 52 94 26 80 0 112
128 37 53 45 96 76 96 57 68 94 35 0 128
162 61 67 28 73 95 37 45 58 21 87 0 162
116 85 40 39 70 51 39 33 43 82 60 0 116
135 65 100 28 34 66 60 45 43 95 26 0 135
124 51 99 67 87 97 69 67 80 32 55 0 124
128 21 92 81 56 70 45 72 50 35 46 0 128
106 48 59 28 53 25 39 44 23 20 57 0 106
147 83 48 94 28 33 74 51 91 73 69 0 147
164 27 40 59 39 61 29 82 83 85 81 0 164
140 41 59 43 53 46 47 73 63 83 89 0 140
118 90 22 94 62 100 50 70 66 82 36 0 118
137 75 31 26 54 97 73 48 82 52 48 0 137
188 31 79 26 91 84 39 66 32 78 42 0 188
152 23 83 28 22 74 90 60 51 34 34 0 152
162 30 53 93 31 90 29 62 73 79 25 0 162
100 85 88 29 23 101 89 65 63 49 46 0 100
140 29 52 82 95 62 96 62 89 73 22 0 140
113 69 23 62 47 62 87 28 56 85 51 0 113
102 29 85 31 33 36 89 57 38 71 74 0 102
158 39 39 46 97 57 69 39 63 94 53 0 158
154 27 99 77 31 52 52 69 68 67 69 0 154
130 75 46 74 52 91 93 46 84 72 25 0 130
129 72 32 82 63 32 44 26 42 83 54 0 129
137 28 27 28 63 78 38 83 39 94 78 0 137
170 90 51 85 75 21 61 82 48 66 58 0 170
195 49 89 76 56 82 72 51 64 66 48 0 195
196 29 56 77 64 78 96 75 29 20 100 0 196
138 22 27 23 96 46 74 88 46 90 50 0 138
173 54 63 23 55 80 45 92 80 71 84 0 173
161 23 32 51 46 27 27 23 85 88 76 0 161
148 56 97 24 43 40 78 30 28 35 86 0 148
135 25 90 38 50 34 57 64 45 31 64 0 135
159 47 67 65 38 84 83 32 40 39 20 0 159
119 98 67 82 73 68 75 61 44 72 100 0 119
168 57 48 45 50 61 35 32 48 72 27 0 168
146 82 85 50 23 60 61 69 90 37 73 0 146
164 72 30 35 59 78 41 34 29 38 71 0 164
151 86 70 40 26 39 66 98 73 74 53 0 151
160 53 71 51 79 49 54 27 39 79 72 0 160
200 38 31 38 28 62 45 43 42 49 46 0 200
197 89 68 54 74 77 59 92 97 72 71 0 197
111 55 23 72 71 97 72 59 23 44 96 0 111
189 95 78 54 48 87 52 40 50 96 94 0 189
165 26 38 27 89 23 77 86 48 95 72 0 165
169 70 81 79 41 63 40 24 45 50 36 0 169
138 46 69 74 44 56 42 59 55 80 21 0 138
160 81 83 35 78 64 31 45 56 40 37 0 160
136 58 26 93 27 86 92 61 90 32 63 0 136
185 55 74 83 84 51 38 79 38 73 53 0 185
139 67 68 37 39 44 49 59 88 29 39 0 139
174 72 55 44 88 69 57 32 82 76 29 0 174
112 70 92 96 54 84 56 60 31 37 52 0 112
128 92 62 40 28 75 76 79 54 55 86 0 128
158 58 59 20 88 75 79 69 88 52 26 0 158
101 36 96 94 97 37 33 24 34 97 33 0 101
189 52 48 33 69 92 32 53 97 53 69 0 189
182 64 85 70 30 37 24 50 58 87 20 0 182
198 44 77 82 88 84 73 96 86 32 82 0 198
198 48 82 32 57 57 21 70 41 78 80 0 198
170 68 37 31 35 46 94 72 94 99 55 0 170
102 39 34 44 71 63 99 78 90 26 99 0 102
121 24 35 77 80 46 88 37 64 85 74 0 121
142 43 92 28 34 67 99 21 28 61 85 0 142
124 87 44 77 35 87 40 23 36 63 79 0 124
131 72 86 99 66 21 99 30 52 92 86 0 131
132 26 27 38 91 65 61 60 97 30 69 0 132
180 79 84 44 93 81 69 40 68 64 41 0 180
179 95 49 66 32 96 47 33 36 23 95 0 179
200 57 77 26 95 30 95 23 96 51 33 0 200
139 85 22 73 89 74 25 53 35 43 75 0 139
100 72 28 29 85 91 100 38 72 98 27 0 100
193 38 37 59 54 68 21 23 64 71 56 0 193
109 44 62 89 24 91 86 99 91 43 95 0 109
188 39 84 24 72 72 81 35 58 54 47 0 188
106 38 97 28 27 68 56 52 20 34 55 0 106
107 47 64 89 21 38 98 38 95 51 41 0 107
130 95 26 66 36 87 59 44 45 75 26 0 130
165 70 74 22 73 75 59 69 86 88 69 0 165
140 46 47 26 34 50 60 95 63 38 83 0 140
120 70 37 83 31 22 70 31 55 70 54 0 120
135 24 78 32 68 100 21 98 30 40 51 0 135
132 49 21 61 58 44 40 35 45 32 55 0 132
162 47 28 96 78 81 67 59 42 68 85 0 162
172 71 30 50 93 55 70 62 35 89 23 0 172
186 51 36 91 28 75 34 65 70 83 44 0 186
131 77 53 65 96 35 69 37 87 46 71 0 131
121 92 80 68 45 84 40 29 31 39 39 0 121
182 36 50 67 27 93 62 91 23 91 81 0 182
190 71 63 40 98 44 89 53 31 69 78 0 190
200 42 100 33 23 26 29 57 38 40 59 0 200
137 64 92 27 27 32 100 58 73 82 86 0 137
184 52 58 81 83 96 91 71 46 62 49 0 184
144 58 46 63 81 85 23 39 96 60 25 0 144
139 91 77 80 97 100 33 65 85 59 34 0 139
136 24 88 33 60 90 77 95 52 88 70 0 136
177 92 71 77 87 64 83 91 91 36 49 0 177
167 23 78 45 88 81 81 52 44 47 54 0 167
179 84 79 33 86 54 27 78 21 58 45 0 179
183 85 62 39 55 33 31 89 57 40 96 0 183
165 73 60 93 73 30 53 26 100 82 95 0 165
198 96 83 96 99 55 100 96 75 38 42 0 198
182 54 85 36 78 82 61 40 64 68 41 0 182
193 98 96 72 87 41 41 30 33 70 99 0 193
188 74 85 76 36 64 39 77 55 38 61 0 188
136 28 83 66 24 36 97 80 90 23 45 0 136
127 56 28 55 63 37 48 77 52 24 31 0 127
172 52 42 22 92 58 86 42 70 90 91 0 172
102 25 26 34 51 46 64 70 92 75 42 0 102
143 68 100 31 42 24 41 98 70 24 75 0 143
106 52 49 26 77 27 31 39 62 58 65 0 106
182 81 75 46 71 47 38 50 25 74 83 0 182
101 90 36 96 53 43 99 74 48 92 100 0 101
119 45 74 98 98 83 68 45 32 21 29 0 119
108 40 51 31 38 90 94 33 77 30 84 0 108
154 99 32 64 41 61 35 92 39 39 45 0 154
157 25 75 44 83 54 39 65 75 50 80 0 157
178 44 22 67 53 82 92 76 61 61 39 0 178
102 97 31 21 42 47 43 76 48 80 47 0 102
116 41 61 64 31 99 73 76 42 86 63 0 116
133 36 42 59 35 91 100 83 77 62 53 0 133
152 42 67 70 78 22 66 93 26 66 31 0 152
179 50 33 99 21 90 40 48 55 84 62 0 179
102 31 86 88 20 82 63 73 100 48 72 0 102
195 90 55 65 62 34 49 23 54 29 51 0 195
161 70 95 84 73 42 92 51 100 36 95 0 161
186 35 30 53 89 66 81 89 95 52 27 0 186
106 92 62 78 52 98 41 43 52 95 71 0 106
191 85 39 98 46 22 96 78 26 28 84 0 191
187 42 63 87 59 95 73 60 33 43 75 0 187
135 62 52 45 99 99 69 97 78 80 67 0 135
118 40 47 98 55 92 70 51 55 100 87 0 118
126 66 93 89 60 75 28 64 53 23 50 0 126
200 51 58 87 37 76 95 64 28 74 46 0 200
171 38 36 37 100 87 60 91 79 26 59 0 171
170 39 69 49 43 54 66 62 54 40 58 0 170
158 82 90 73 85 45 92 72 39 86 43 0 158
164 100 40 73 74 31 54 62 81 82 70 0 164
122 81 30 51 63 81 76 34 32 49 65 0 122
164 29 57 95 70 97 81 94 23 88 81 0 164
196 68 28 82 27 61 89 44 90 87 38 0 196
137 45 40 34 93 79 94 73 80 67 64 0 137
119 72 32 22 94 69 67 75 23 20 68 0 119
187 87 20 39 42 93 56 31 39 41 76 0 187
170 29 61 86 94 42 99 62 90 59 67 0 170
170 41 86 23 31 32 76 91 41 25 63 0 170
124 73 21 77 91 30 52 82 52 43 24 0 124
134 33 92 37 42 99 90 87 59 46 45 0 134
103 62 75 22 72 99 84 68 101 31 30 0 103
143 76 63 93 27 41 58 83 52 71 99 0 143
177 34 25 72 92 93 50 63 60 99 79 0 177
144 97 43 55 77 79 100 77 57 26 43 0 144
108 87 91 80 53 88 50 74 74 25 26 0 108
197 23 40 80 69 56 72 85 43 64 21 0 197
163 62 58 83 76 35 54 23 85 39 31 0 163
137 67 62 58 94 99 25 95 45 24 82 0 137
179 86 70 63 25 25 61 53 44 52 37 0 179
154 76 75 50 50 57 40 86 75 43 92 0 154
192 31 99 78 36 99 68 72 88 22 86 0 192
122 65 50 36 78 78 26 65 60 79 68 0 122
111 33 44 36 29 81 53 68 44 34 27 0 111
110 69 45 31 84 38 65 53 69 51 85 0 110
186 30 69 83 26 57 76 90 32 58 44 0 186
108 64 42 58 52 94 78 52 34 75 25 0 108
163 86 94 60 63 47 27 36 72 68 97 0 163
125 95 32 51 20 46 21 35 83 27 52 0 125
120 26 86 53 68 41 93 49 76 39 70 0 120
138 87 60 82 85 62 75 77 71 71 83 0 138
160 63 90 93 82 65 72 36 29 60 83 0 160
128 57 66 78 32 64 87 96 44 24 75 0 128
162 70 90 58 37 37 74 92 75 28 50 0 162
160 91 71 40 82 26 99 92 64 67 77 0 160
127 78 59 95 42 69 52 42 67 90 82 0 127
157 99 62 45 59 84 37 32 63 33 54 0 157
199 69 36 90 74 85 45 59 93 31 35 0 199
196 30 90 74 62 37 45 66 48 48 23 0 196
172 32 57 34 61 47 45 60 61 87 55 0 172
144 83 71 25 74 25 76 33 77 81 64 0 144
144 34 70 55 74 64 49 95 96 36 58 0 144
184 38 75 59 59 93 95 44 64 27 78 0 184
107 73 29 62 54 58 80 22 50 88 44 0 107
188 71 53 95 24 29 79 22 47 53 93 0 188
107 98 62 98 75 35 85 76 59 54 55 0 107
105 82 42 41 91 88 21 88 22 29 26 0 105
102 42 33 75 69 54 45 45 25 87 41 0 102
152 59 31 67 67 65 77 82 67 50 36 0 152
163 32 56 27 99 81 91 64 75 31 92 0 163
197 92 34 89 96 25 24 36 54 97 76 0 197
143 30 76 73 80 83 55 63 77 53 41 0 143
110 33 46 59 68 98 35 25 34 57 94 0 110
192 47 70 87 37 46 78 47 25 84 64 0 192
184 33 76 71 63 61 46 95 37 66 21 0 184
188 66 74 20 58 32 24 67 94 37 100 0 188
132 35 51 41 41 60 35 26 83 54 97 0 132
182 65 77 70 61 57 24 32 56 89 26 0 182
173 60 91 24 22 42 32 78 73 38 66 0 173
192 55 90 92 67 54 32 85 23 46 62 0 192
123 95 52 25 82 57 68 55 93 84 21 0 123
166 84 71 85 51 79 78 85 43 31 58 0 166
135 91 90 58 58 41 37 62 99 26 56 0 135
193 55 88 36 64 67 22 90 38 93 73 0 193
179 70 43 67 74 54 44 32 75 68 92 0 179
116 69 50 81 30 88 60 77 50 79 74 0 116
128 72 61 78 52 61 39 55 52 100 46 0 128
129 26 42 35 62 88 30 27 53 40 42 0 129
157 51 59 62 53 31 92 89 29 76 91 0 157
185 66 35 39 99 91 48 44 24 78 30 0 185
142 44 62 100 26 37 28 52 70 40 69 0 142
182 30 95 46 47 39 26 46 36 26 38 0 182
117 39 84 84 28 28 70 52 52 22 63 0 117
129 45 57 73 45 22 45 91 72 25 99 0 129
123 32 50 72 60 33 93 64 79 33 44 0 123
164 66 46 86 55 49 70 77 24 50 36 0 164
173 60 54 64 23 62 99 61 60 84 80 0 173
111 72 31 87 32 47 49 22 49 65 22 0 111
176 95 91 42 64 71 95 73 29 51 27 0 176
124 29 95 31 71 95 34 36 93 69 100 0 124
117 55 52 28 95 30 41 49 67 93 87 0 117
184 32 23 49 36 90 85 98 29 47 51 0 184
161 99 64 68 62 66 84 21 52 54 34 0 161
112 81 22 98 64 88 59 32 56 48 23 0 112
175 91 88 67 42 47 32 74 83 22 35 0 175
147 23 82 33 91 81 59 33 52 97 79 0 147
119 97 61 84 36 30 100 83 63 23 64 0 119
162 39 48 60 83 77 21 85 32 81 25 0 162
147 74 87 28 85 84 37 31 73 26 90 0 147
185 28 96 58 33 91 58 66 47 26 78 0 185
162 38 42 58 27 63 85 100 60 34 35 0 162
169 91 55 69 79 83 23 48 29 31 84 0 169
198 50 40 59 50 20 85 30 59 34 28 0 198
159 83 31 50 42 44 52 24 58 86 29 0 159
160 26 63 95 50 62 53 90 43 77 43 0 160
167 59 71 45 93 35 66 61 30 70 53 0 167
106 88 97 76 27 37 76 46 26 44 29 0 106
130 87 25 73 43 49 71 31 55 89 88 0 130
195 24 26 63 75 89 46 45 64 79 67 0 195
142 49 53 31 97 78 46 30 67 63 34 0 142
194 38 92 95 34 23 29 96 88 55 50 0 194
135 75 81 36 100 92 53 72 78 76 101 0 135
179 37 50 32 48 83 70 63 79 64 27 0 179
124 67 58 24 22 90 40 81 35 89 24 0 124
115 77 40 40 46 96 73 79 76 22 39 0 115
146 42 76 29 23 65 95 71 96 30 53 0 146
102 79 65 74 62 85 78 94 51 83 89 0 102
139 98 99 47 81 97 52 87 94 23 93 0 139
193 62 41 70 34 49 100 49 29 57 79 0 193
108 28 68 92 47 61 21 79 54 50 52 0 108
158 58 46 86 64 87 62 47 40 21 73 0 158
109 34 75 83 28 24 38 66 65 42 54 0 109
171 23 99 70 88 39 33 78 98 59 75 0 171
200 51 36 82 61 85 70 84 45 93 62 0 200
161 23 69 77 72 36 38 45 78 41 76 0 161
143 57 59 79 21 59 48 92 88 27 91 0 143
185 49 43 37 25 79 49 62 82 67 36 0 185
164 75 60 57 73 40 51 47 64 70 21 0 164
151 34 21 42 57 51 97 52 46 88 81 0 151
168 84 37 71 51 49 24 69 26 76 62 0 168
174 47 56 83 58 101 70 35 25 79 32 0 174
152 93 91 65 69 68 40 66 50 83 97 0 152
180 86 95 35 54 37 98 63 70 100 70 0 180
195 49 65 33 86 40 22 65 66 89 27 0 195
169 36 56 44 58 62 62 94 100 75 70 0 169
168 38 35 35 78 66 34 34 30 67 62 0 168
152 34 57 82 78 26 76 61 83 31 25 0 152
181 99 28 49 62 43 50 38 84 22 91 0 181
163 35 21 24 83 22 21 60 85 60 21 0 163
160 73 28 87 63 66 74 39 59 40 22 0 160
181 71 95 22 56 87 64 24 80 70 66 0 181
200 38 30 94 31 93 27 75 26 51 100 0 200
135 32 45 33 98 39 78 71 81 74 47 0 135
192 54 94 43 39 67 63 75 67 34 59 0 192
102 82 74 66 51 77 48 66 75 88 76 0 102
144 84 44 95 61 38 81 70 36 87 97 0 144
188 89 86 77 39 52 22 94 68 39 52 0 188
143 97 29 22 67 46 83 99 89 59 29 0 143
112 73 83 43 49 26 62 82 62 42 100 0 112
111 50 75 27 92 65 37 48 44 78 26 0 111
171 59 38 95 38 31 100 58 21 28 100 0 171
129 71 52 22 93 63 92 50 48 35 70 0 129
187 46 27 29 46 83 34 67 39 58 94 0 187
170 88 90 87 90 81 39 82 71 69 69 0 170
150 75 46 42 43 52 31 79 36 68 86 0 150
184 54 79 53 83 61 95 66 66 70 34 0 184
128 34 59 38 81 42 86 96 95 45 39 0 128
174 78 50 70 90 48 34 95 20 55 43 0 174
141 55 26 81 73 70 88 86 31 38 93 0 141
180 64 39 79 98 41 37 49 79 93 37 0 180
196 81 89 73 92 41 39 93 87 85 55 0 196
165 44 59 54 97 25 63 89 41 53 32 0 165
192 67 82 84 88 21 48 38 87 98 52 0 192
143 61 52 84 38 92 21 50 21 33 82 0 143
118 94 23 23 71 62 44 96 39 60 58 0 118
140 94 51 69 37 29 100 82 41 89 53 0 140
184 24 97 32 55 28 27 75 59 83 89 0 184
150 53 34 78 74 37 39 71 51 75 69 0 150
127 24 82 96 53 70 32 81 93 74 27 0 127
116 33 86 74 77 31 91 78 60 96 44 0 116
129 85 25 43 99 85 50 67 78 88 98 0 129
180 98 87 75 87 94 92 42 31 88 31 0 180
139 23 37 30 79 29 57 41 76 65 36 0 139
187 34 59 97 37 23 85 59 25 22 23 0 187
100 52 94 69 73 88 74 92 41 80 73 0 100
168 77 53 57 85 59 66 60 23 83 30 0 168
130 78 72 95 48 51 53 73 88 71 94 0 130
178 76 30 85 51 46 78 66 75 50 70 0 178
176 61 86 49 37 30 98 40 26 52 24 0 176
124 60 51 32 54 27 43 43 25 42 67 0 124
154 76 94 100 56 27 37 80 46 38 21 0 154
168 53 76 43 73 81 45 49 33 40 71 0 168
175 86 45 86 67 80 77 26 100 53 67 0 175
196 80 24 29 52 25 67 39 65 92 64 0 196
180 71 85 61 83 80 71 82 97 56 53 0 180
184 55 65 97 44 22 77 61 99 56 25 0 184
118 98 54 68 91 64 96 34 22 78 86 0 118
110 81 26 42 45 41 42 82 84 51 78 0 110
107 86 36 38 66 99 88 29 70 43 85 0 107
196 41 30 39 23 29 90 95 32 75 25 0 196
189 41 26 22 24 76 46 97 74 38 86 0 189
152 29 61 32 49 62 36 65 65 36 78 0 152
102 21 78 62 52 41 33 41 75 53 37 0 102
171 49 80 23 68 87 58 33 98 83 75 0 171
182 41 62 28 77 79 31 97 78 89 100 0 182
155 34 66 89 34 25 91 41 69 79 30 0 155
183 48 68 53 35 83 50 61 68 60 87 0 183
146 42 100 94 43 87 87 35 61 39 27 0 146
100 39 32 63 37 59 32 53 40 64 100 0 100
157 72 74 45 38 80 60 85 91 51 90 0 157
184 29 55 29 73 28 73 67 81 54 66 0 184
175 86 22 79 63 96 21 78 61 65 45 0 175
158 83 33 89 34 72 78 57 52 36 91 0 158
196 78 21 34 67 93 20 30 46 65 42 0 196
110 23 100 86 74 99 26 91 56 61 82 0 110
112 43 24 98 29 36 59 93 80 94 31 0 112
187 30 51 26 86 35 66 57 44 55 51 0 187
191 60 41 31 70 66 63 48 22 62 54 0 191
129 47 27 41 99 85 25 71 21 58 79 0 129
141 88 74 99 28 79 63 78 84 57 78 0 141
133 27 62 79 29 51 54 78 66 84 61 0 133
109 36 94 64 26 78 99 99 23 68 55 0 109
119 43 40 64 94 78 23 79 84 25 71 0 119
147 84 94 97 28 36 52 45 66 81 26 0 147
139 79 64 40 90 66 79 32 21 94 35 0 139
122 88 51 45 101 55 27 31 37 49 79 0 122
170 81 86 59 55 65 46 38 35 37 78 0 170
189 41 52 61 50 22 71 70 83 29 22 0 189
163 79 38 35 29 57 56 78 101 54 87 0 163
151 53 96 27 49 56 72 60 96 38 84 0 151
104 48 59 73 55 70 45 89 54 51 64 0 104
162 42 96 38 85 42 70 63 77 84 47 0 162
112 29 96 90 90 66 21 93 75 58 99 0 112
150 69 42 20 40 25 74 96 65 27 36 0 150
161 57 74 65 89 91 99 72 27 23 80 0 161
190 95 57 39 46 33 65 40 29 28 92 0 190
102 36 25 23 42 37 83 44 34 62 68 0 102
143 61 89 87 63 49 35 34 61 74 54 0 143
177 97 40 67 50 85 59 42 87 61 25 0 177
181 87 35 92 96 79 50 38 61 47 21 0 181
113 67 65 52 70 39 23 89 87 48 50 0 113
120 60 88 53 99 82 89 82 67 53 91 0 120
106 35 68 24 63 96 95 46 55 66 31 0 106
153 40 53 29 93 42 37 62 90 88 83 0 153
162 28 75 99 44 47 44 35 94 25 92 0 162
130 37 86 37 71 31 34 69 85 28 26 0 130
120 60 26 72 73 29 98 44 57 88 70 0 120
157 36 45 59 97 55 88 35 31 23 61 0 157
150 75 43 72 53 68 88 28 55 34 54 0 150
108 62 58 43 56 63 26 60 90 34 64 0 108
116 31 62 80 99 22 32 50 81 34 75 0 116
174 70 55 28 80 66 54 96 77 49 44 0 174
101 61 63 27 78 63 44 40 42 44 69 0 101
149 97 71 54 75 66 27 38 94 69 32 0 149
101 22 66 38 33 95 33 72 74 31 24 0 101
115 83 92 33 51 86 42 91 55 68 73 0 115
152 97 84 24 56 21 85 75 45 20 49 0 152
163 90 85 57 42 33 77 50 92 83 62 0 163
198 76 53 46 63 35 75 95 51 60 58 0 198
157 29 79 49 52 60 73 82 36 74 89 0 157
195 34 71 28 36 60 68 85 79 74 70 0 195
163 23 94 36 74 94 87 76 98 95 42 0 163
192 68 54 70 36 92 76 84 44 58 93 0 192
107 31 54 84 92 72 48 53 92 78 74 0 107
129 29 34 35 84 26 23 74 42 96 52 0 129
137 43 49 35 21 93 54 89 29 68 70 0 137
144 22 58 66 83 50 45 95 65 96 28 0 144
175 32 49 52 76 95 71 47 93 46 70 0 175
111 28 26 78 76 86 43 31 28 66 64 0 111
197 32 55 67 87 76 81 67 85 27 57 0 197
153 20 20 64 23 67 47 35 59 27 45 0 153
160 75 76 27 29 67 64 99 46 86 32 0 160
197 51 39 37 53 79 37 84 79 21 85 0 197
165 69 41 48 39 52 62 95 61 58 76 0 165
140 42 32 50 68 79 36 35 65 82 61 0 140
170 75 41 88 91 78 26 42 76 73 58 0 170
137 46 46 41 67 48 63 42 52 25 80 0 137
194 26 39 76 93 42 27 62 87 81 68 0 194
189 55 85 75 36 47 24 100 70 37 70 0 189
107 61 46 32 78 93 56 84 95 53 46 0 107
158 51 37 27 71 21 44 46 27 92 80 0 158
175 44 24 75 37 93 92 22 23 45 75 0 175
133 21 76 93 70 55 86 65 26 56 98 0 133
158 34 54 100 98 71 46 86 90 86 69 0 158
179 33 94 20 64 39 48 20 63 47 53 0 179
142 74 61 22 56 20 41 28 49 32 50 0 142
149 85 94 39 46 77 27 97 80 74 55 0 149
106 97 55 86 77 89 34 40 62 42 45 0 106
168 87 98 95 96 72 46 40 55 99 87 0 168
197 94 97 92 50 77 92 46 32 26 28 0 197
105 56 95 21 69 80 35 25 57 57 66 0 105
123 74 88 24 68 52 30 92 25 47 86 0 123
132 82 36 79 89 65 72 88 85 22 87 0 132
122 30 36 61 28 50 100 76 85 23 20 0 122
117 35 28 84 79 86 97 56 67 38 91 0 117
180 22 90 51 93 54 91 61 37 20 43 0 180
134 31 98 79 53 72 73 88 84 74 80 0 134
125 53 87 76 21 34 45 90 50 26 26 0 125
129 32 58 55 29 99 93 80 89 53 24 0 129
162 40 41 78 26 75 96 50 33 26 79 0 162
138 29 42 86 101 59 58 37 69 86 67 0 138
141 86 85 68 88 53 30 41 85 74 58 0 141
152 63 60 77 88 90 74 33 93 99 73 0 152
136 64 84 23 92 57 83 100 62 67 88 0 136
157 88 82 87 42 55 31 29 68 84 76 0 157
128 50 30 74 43 89 65 97 45 68 43 0 128
139 90 27 78 48 51 96 46 91 91 31 0 139
187 70 29 46 50 57 92 44 43 86 96 0 187
113 38 42 75 27 70 95 99 83 83 49 0 113
155 24 92 35 100 57 64 60 63 52 50 0 155
172 43 90 34 33 47 87 54 56 84 92 0 172
125 44 79 60 95 43 25 39 92 94 30 0 125
176 24 51 26 98 98 49 100 36 66 92 0 176
191 82 91 76 75 96 32 91 82 85 85 0 191
164 82 58 83 79 59 56 65 51 40 88 0 164
161 57 46 76 32 22 52 81 75 80 95 0 161
182 86 78 33 20 51 61 54 53 58 93 0 182
155 79 89 69 95 66 78 99 80 35 40 0 155
142 35 93 65 81 57 56 84 66 41 42 0 142
187 59 50 30 67 55 92 49 29 34 88 0 187
116 37 53 55 44 86 27 76 26 82 33 0 116
152 51 44 47 60 72 29 43 92 34 54 0 152
163 83 82 60 83 37 38 81 75 79 74 0 163
176 72 84 98 87 36 83 82 27 63 56 0 176
176 31 83 84 50 48 89 84 90 82 95 0 176
186 75 38 48 78 82 59 69 84 78 95 0 186
161 33 63 41 81 66 40 58 93 65 20 0 161
176 49 67 99 23 97 58 54 67 47 43 0 176
136 66 67 79 63 95 57 49 71 98 34 0 136
113 73 83 67 34 101 59 91 58 22 92 0 113
104 23 96 86 27 43 55 30 43 22 70 0 104
105 62 21 55 50 39 92 55 29 78 64 0 105
187 74 45 83 51 75 24 37 59 68 95 0 187
102 87 32 30 67 27 62 88 50 52 96 0 102
175 93 88 23 50 61 53 55 53 36 52 0 175
102 65 84 89 92 58 78 30 46 83 98 0 102
194 87 41 89 86 58 83 71 90 25 68 0 194
181 66 74 32 47 27 38 85 63 42 64 0 181
105 99 47 86 85 57 62 54 40 40 45 0 105
149 46 87 99 22 92 88 79 83 69 48 0 149
134 49 81 28 37 48 56 39 65 26 88 0 134
194 74 25 55 56 25 88 24 46 44 69 0 194
140 73 29 95 26 90 28 39 46 33 73 0 140
162 71 86 93 47 98 36 61 44 75 54 0 162
165 87 96 47 67 31 58 94 94 94 56 0 165
135 24 30 44 45 38 89 71 93 26 64 0 135
117 91 46 55 71 63 37 33 79 37 64 0 117
105 52 40 75 82 69 96 25 26 91 58 0 105
181 94 95 55 46 61 24 100 91 52 71 0 181
153 74 37 99 29 83 62 93 95 83 66 0 153
160 27 83 44 22 73 97 26 21 87 68 0 160
116 100 82 74 89 22 87 57 34 68 51 0 116
137 91 37 26 24 83 79 78 37 98 88 0 137
199 43 56 49 87 51 67 94 31 90 78 0 199
198 95 97 21 31 21 54 98 79 88 59 0 198
100 53 55 51 35 87 30 101 45 48 60 0 100
130 64 79 38 32 39 61 54 41 76 88 0 130
143 45 90 100 69 58 32 63 60 76 87 0 143
152 66 90 67 82 26 22 99 68 47 93 0 152
146 24 69 100 91 66 35 101 66 50 26 0 146
152 83 74 40 21 62 77 87 45 42 88 0 152
161 78 82 93 82 27 64 100 68 80 74 0 161
143 33 60 53 23 41 55 40 88 63 62 0 143
191 63 35 63 97 73 27 97 93 32 31 0 191
169 42 100 29 42 35 34 64 85 94 37 0 169
113 97 51 42 55 71 57 52 77 57 26 0 113
122 60 24 85 25 76 72 29 22 89 51 0 122
108 69 88 89 69 75 25 44 46 66 20 0 108
176 29 84 54 79 48 61 87 30 58 76 0 176
154 37 35 80 80 70 72 57 69 40 87 0 154
167 52 99 27 47 43 78 24 89 74 58 0 167
161 78 75 95 62 83 93 73 73 84 85 0 161
187 50 86 100 69 94 27 42 49 53 75 0 187
173 67 88 45 82 33 84 68 30 28 57 0 173
128 90 57 96 76 47 71 21 62 80 34 0 128
195 36 75 58 31 25 61 20 24 57 39 0 195
128 27 22 25 72 25 77 81 82 55 50 0 128
100 40 72 57 56 67 43 40 43 94 58 0 100
152 74 34 39 73 98 22 32 100 39 83 0 152
179 78 70 32 20 92 78 71 38 85 30 0 179
139 24 28 71 93 56 36 50 81 28 85 0 139
138 56 74 54 82 71 86 28 25 54 89 0 138
149 48 99 72 95 64 25 72 99 41 68 0 149
198 24 81 100 53 85 68 24 41 81 34 0 198
157 63 39 45 22 42 94 61 71 96 68 0 157
121 42 85 97 56 74 70 74 22 91 65 0 121
160 22 25 99 37 89 51 77 100 77 28 0 160
159 29 40 66 53 89 43 65 80 34 37 0 159
133 58 90 49 29 86 84 41 65 60 57 0 133
190 64 76 64 31 99 82 35 27 68 98 0 190
140 99 59 36 51 93 21 59 95 90 25 0 140
133 92 82 44 39 32 81 22 53 25 34 0 133
156 95 25 39 80 44 83 55 54 44 30 0 156
191 43 50 100 38 93 82 55 77 33 93 0 191
131 42 93 94 60 83 30 68 21 99 97 0 131
180 87 38 21 96 63 70 99 85 97 100 0 180
177 93 41 52 42 58 87 66 59 87 31 0 177
170 26 22 63 68 21 94 29 82 97 87 0 170
156 22 60 33 66 35 98 99 67 32 41 0 156
161 70 87 81 86 35 60 58 39 60 71 0 161
171 39 59 38 90 75 49 54 99 35 53 0 171
182 32 65 33 25 91 56 22 61 23 76 0 182
108 23 37 94 52 99 63 87 35 37 75 0 108
150 82 25 92 76 81 31 39 79 56 98 0 150
150 65 78 86 76 38 22 55 47 89 40 0 150
181 90 89 31 97 66 91 40 48 57 70 0 181
156 46 53 99 70 52 41 61 94 91 96 0 156
162 70 33 96 29 33 51 40 79 33 41 0 162
117 77 42 75 89 79 92 43 41 67 81 0 117
116 79 50 91 82 41 83 52 25 99 81 0 116
192 91 84 56 100 21 85 24 86 96 54 0 192
110 88 63 31 58 33 84 78 78 31 57 0 110
145 21 44 39 61 87 51 79 48 73 32 0 145
119 66 74 58 72 27 53 77 22 44 62 0 119
189 97 25 98 99 96 76 57 63 73 55 0 189
143 28 25 80 48 74 95 72 99 42 40 0 143
161 56 62 22 41 56 23 63 78 66 86 0 161
153 46 82 91 21 87 59 66 66 76 42 0 153
128 36 70 51 62 22 41 81 50 93 31 0 128
129 58 92 62 78 84 41 84 30 93 46 0 129
169 58 74 27 89 96 96 22 95 60 38 0 169
147 38 41 36 89 96 37 53 94 89 47 0 147
101 21 90 81 45 57 92 72 75 98 43 0 101
154 22 25 21 63 57 38 71 71 22 96 0 154
250 208 214 173 155
138 175 210 248 288
102 155 211 258 276
108 158 186 244 266
106 140 203 248 289
118 158 211 225 289
107 148 216 237 261
118 140 192 237 292
114 173 207 226 274
120 154 213 245 284
132 171 180 229 260
121 172 215 226 286
129 167 189 243 287
136 174 196 227 297
108 164 200 223 296
104 158 180 249 266
110 178 180 242 287
103 162 201 247 288
106 177 201 228 268
102 158 200 250 273
116 168 216 225 290
125 159 213 225 300
124 154 180 231 266
109 151 187 236 285
105 148 192 232 291
118 156 211 235 293
108 140 186 240 284
125 178 196 245 286
122 166 214 238 295
123 161 196 244 272
116 169 219 233 273
106 142 219 239 273
137 155 210 229 266
127 155 184 232 298
119 177 180 232 284
119 142 201 241 277
126 149 216 247 265
114 158 215 222 288
133 152 185 251 289
102 154 184 241 274
107 177 203 250 285
137 147 210 225 289
136 149 215 228 282
126 180 219 238 289
138 143 190 256 269
103 173 212 240 289
130 140 191 245 269
106 174 203 239 284
119 164 196 243 293
136 178 193 220 267
128 157 190 223 282
116 167 208 223 297
101 171 187 243 284
100 176 204 226 290
116 142 207 243 280
107 178 202 245 294
137 163 196 222 274
130 165 212 230 280
109 178 201 233 291
103 174 216 237 264
132 147 211 243 295
140 170 194 236 271
125 169 183 232 272
122 147 191 229 265
104 179 194 222 282
102 177 186 254 275
133 151 218 224 277
112 174 205 242 269
100 154 193 228 269
114 150 197 254 288
112 176 216 227 268
110 169 217 257 290
122 141 193 253 272
111 148 220 245 273
124 143 198 233 282
103 170 212 253 299
132 158 208 255 269
121 178 210 259 277
108 144 200 221 262
124 141 193 241 283
122 164 205 241 279
130 165 212 254 288
133 146 216 258 277
116 176 208 253 287
105 172 197 223 274
121 156 193 253 277
127 161 190 232 285
116 148 208 230 292
114 151 187 247 298
139 155 180 253 264
140 149 190 240 287
112 174 202 225 287
124 148 196 221 275
113 176 189 260 262
139 149 212 222 271
135 165 208 223 287
117 167 193 222 267
102 153 193 241 286
121 159 201 238 280
112 152 220 248 295
116 163 192 237 282
108 162 183 259 266
137 152 202 229 289
140 169 218 236 272
138 151 181 234 284
100 153 205 248 295
132 171 210 250 261
130 163 182 236 267
104 171 184 246 269
101 171 219 247 296
127 168 193 243 290
140 167 215 232 299
132 180 218 242 298
131 160 216 238 289
115 173 210 255 273
132 148 218 249 260
111 170 205 233 287
113 177 207 256 281
108 169 198 253 297
110 160 218 230 269
132 158 186 228 271
137 174 220 228 288
114 175 182 255 260
140 160 205 243 281
108 142 217 242 287
133 156 207 242 271
123 149 206 246 289
139 179 199 256 262
120 154 196 229 291
122 166 185 235 277
124 158 213 257 283
108 156 196 239 268
130 174 203 228 296
119 151 196 254 300
125 151 210 255 272
107 156 220 228 276
100 172 184 260 263
115 172 182 250 266
126 161 180 253 277
132 176 214 223 287
111 166 208 245 261
110 144 187 237 298
104 142 208 241 285
135 170 196 237 286
140 171 199 247 275
116 174 197 246 280
136 147 192 242 274
121 144 183 260 271
128 173 205 241 293
131 166 220 232 300
128 152 210 257 274
125 171 217 243 293
112 147 203 247 299
100 160 192 222 294
104 180 212 244 266
104 157 197 240 274
120 167 183 256 267
127 142 206 255 285
126 143 183 255 266
107 148 202 236 274
122 175 200 224 283
127 145 218 252 271
106 153 202 225 281
132 164 217 250 288
113 149 204 251 285
109 150 216 260 268
131 161 203 252 277
129 166 209 222 269
129 173 213 259 272
140 162 212 221 281
108 142 200 220 285
136 145 191 233 272
106 164 216 245 296
122 143 182 227 292
108 157 218 228 286
123 148 185 224 281
131 146 200 220 269
110 164 183 225 279
139 149 218 244 293
136 176 201 226 275
115 154 215 238 276
122 162 191 226 267
122 177 187 247 275
125 146 209 246 282
111 143 213 246 269
138 144 199 220 266
110 176 181 250 266
115 145 193 258 288
108 149 180 223 290
129 161 209 260 292
118 166 188 220 292
140 157 215 223 268
132 176 212 234 269
122 165 216 251 278
116 172 190 258 265
104 180 212 227 279
124 158 207 222 276
128 158 196 224 277
130 166 219 224 291
133 162 204 228 289
129 179 197 237 274
126 152 188 240 270
104 175 191 224 278
132 147 191 230 294
118 153 206 223 270
136 143 208 259 264
105 165 207 237 266
107 159 202 233 274
106 174 199 257 276
112 169 182 227 291
124 179 218 244 285
115 178 207 249 275
136 168 219 254 274
122 155 219 234 282
113 148 211 251 299
131 140 206 235 273
131 157 194 230 299
122 153 197 232 300
101 167 219 260 266
105 146 210 240 270
110 162 182 254 293
109 178 183 251 268
110 164 219 235 295
137 149 209 259 291
139 177 206 226 262
133 162 209 250 267
101 155 183 260 296
134 157 219 237 267
107 140 217 245 298
101 163 188 256 273
121 140 180 247 297
124 151 182 246 294
140 146 194 227 295
135 157 200 228 283
107 171 216 236 284
139 142 188 255 298
113 157 212 258 299
127 180 195 238 276
122 160 199 227 274
124 158 217 253 277
125 157 189 240 280
136 154 181 224 262
135 150 203 242 260
132 141 217 259 291
114 171 207 229 277
125 178 215 247 276
127 170 214 225 296
128 144 204 256 289
130 161 220 252 295
105 153 190 247 266
139 140 202 226 289
107 174 182 238 265
125 155 194 251 274
129 153 200 250 296
127 140 206 224 288
113 151 220 260 260
122 164 208 250 298
132 155 206 259 268
136 162 205 260 291
108 165 186 250 266
118 178 213 229 295
132 159 192 227 263
133 157 202 234 278
119 162 215 238 274
105 156 219 223 268
139 154 215 236 275
137 169 208 236 281
113 140 194 237 271
105 150 184 250 263
114 175 220 242 277
118 180 206 242 276
110 152 215 227 276
137 142 205 229 272
104 175 219 223 279
114 173 190 242 280
123 142 188 254 277
139 141 220 221 288
121 150 215 231 298
112 179 215 235 288
125 167 203 231 298
119 151 219 234 281
123 176 183 253 267
123 168 188 224 267
126 176 208 257 264
134 141 191 234 273
122 174 199 228 260
125 172 204 234 279
102 178 201 250 296
133 178 196 260 290
133 146 200 240 295
126 147 190 250 276
121 165 219 220 300
126 155 207 229 300
104 149 208 227 265
130 148 184 248 282
133 169 185 233 289
126 149 204 254 300
109 157 196 253 290
105 172 191 224 286
128 173 191 231 279
124 180 204 227 298
123 173 209 225 287
108 143 203 228 272
130 162 216 229 278
140 163 181 231 288
138 149 183 221 299
126 152 198 241 287
136 150 181 229 299
111 147 217 236 292
126 158 211 233 279
128 165 187 222 290
100 140 207 237 262
138 148 186 224 283
119 150 182 226 262
126 174 190 241 275
125 172 208 252 292
129 152 215 234 274
135 143 215 252 296
131 180 195 254 267
115 166 183 236 296
126 157 213 223 285
137 172 214 259 276
111 170 183 246 299
130 172 214 258 276
100 160 206 250 265
125 149 219 258 297
109 161 196 226 273
138 179 180 254 268
132 166 184 243 274
129 152 215 232 269
125 145 209 240 298
131 146 205 242 262
111 160 182 237 285
102 153 207 248 263
127 179 216 254 285
121 176 187 260 267
102 141 190 241 288
114 176 188 246 281
136 140 208 246 265
122 155 192 244 300
132 161 216 229 275
140 168 195 256 268
102 155 188 245 287
106 174 181 244 274
139 177 180 223 262
132 178 183 223 296
119 166 206 245 279
125 148 195 257 284
110 157 188 252 281
102 172 218 248 286
128 141 190 260 300
104 173 203 241 271
110 167 209 250 290
127 169 220 229 298
140 144 185 229 294
118 151 195 230 293
111 156 201 235 263
137 160 209 220 271
103 150 204 230 300
139 161 203 249 283
128 177 181 232 268
130 151 200 240 273
125 158 217 229 298
104 142 202 245 283
111 154 187 252 285
116 163 206 258 281
135 145 200 238 271
128 157 186 248 281
122 143 213 234 300
125 176 216 251 283
108 143 207 221 268
125 170 197 222 287
139 147 213 246 269
118 147 193 230 297
118 165 205 248 267
136 152 183 252 276
139 154 208 249 269
107 168 207 220 300
130 152 208 248 280
103 142 209 237 275
131 180 181 220 284
138 173 181 237 286
112 147 197 229 278
116 168 213 233 281
105 145 193 240 281
112 155 206 223 264
125 164 204 238 300
100 162 188 257 289
121 177 211 232 290
102 156 189 259 289
112 177 215 240 300
135 160 185 232 278
102 161 192 236 282
140 148 195 235 294
133 180 186 224 298
125 167 215 242 269
139 150 184 239 285
117 177 184 239 260
130 158 191 241 298
130 161 195 234 281
106 167 198 255 276
134 156 203 251 297
129 177 196 225 293
113 163 209 232 271
139 145 194 241 277
111 152 198 229 265
120 180 196 254 294
106 178 184 248 280
119 175 208 257 280
111 172 189 234 267
114 147 219 237 270
120 142 216 226 289
122 161 200 234 273
127 164 194 226 291
112 178 189 250 277
100 163 200 232 271
107 168 184 239 296
138 172 211 243 271
136 153 189 259 273
128 180 182 240 273
134 145 188 232 290
134 145 207 260 261
110 160 184 256 293
123 148 208 227 266
126 162 214 248 289
124 168 218 221 282
108 148 203 250 293
119 167 217 220 262
116 170 207 236 273
120 166 193 232 291
114 147 181 232 286
103 152 192 226 292
139 168 216 252 285
135 172 210 220 264
107 170 201 229 298
119 163 193 223 293
136 165 191 234 290
104 159 192 253 271
134 164 198 242 287
103 153 217 250 296
128 157 203 242 284
104 163 204 244 299
124 152 194 239 291
133 166 185 253 275
134 174 206 245 291
104 170 199 227 264
124 160 190 221 299
128 154 197 222 278
133 149 220 241 290
116 177 216 241 262
120 170 191 246 270
135 142 187 253 270
121 145 218 244 265
105 168 184 260 274
115 171 183 234 282
139 144 213 234 263
135 171 215 240 286
139 140 209 225 297
108 140 206 249 261
112 154 193 228 296
137 171 206 245 283
107 144 207 226 288
119 162 196 248 293
100 149 210 251 263
112 150 202 241 288
131 140 184 236 284
120 155 216 246 283
138 145 195 229 286
138 158 201 225 267
110 178 200 252 262
101 151 216 235 267
126 155 186 257 298
112 175 198 221 260
137 160 203 253 264
116 143 183 226 272
121 160 181 232 288
123 168 216 222 263
123 145 208 240 261
101 151 204 253 285
110 148 210 238 291
104 145 191 241 268
138 148 197 226 273
131 152 213 227 261
131 155 205 245 261
103 168 215 255 294
130 143 212 260 275
102 164 214 253 288
108 140 196 251 263
122 175 191 258 291
126 158 193 232 271
134 180 183 245 266
125 145 188 236 265
138 147 194 242 297
140 172 209 237 289
128 160 193 250 260
133 175 220 250 265
100 156 204 231 279
134 158 205 248 272
105 164 196 235 268
129 151 180 249 299
137 166 207 222 294
126 170 203 254 293
109 163 212 235 281
137 166 185 236 270
133 171 204 233 290
108 174 220 236 276
136 158 191 244 277
137 160 200 250 293
135 167 185 256 270
111 176 194 250 269
120 179 192 222 279
122 179 208 235 274
137 147 204 229 281
121 177 195 237 291
100 145 206 252 273
139 170 189 243 277
107 152 187 244 296
121 142 217 241 271
128 148 196 242 296
136 175 184 228 290
114 170 188 241 283
139 177 184 226 291
106 180 219 253 291
103 162 182 252 287
118 140 181 257 281
130 146 219 244 277
102 174 195 240 272
109 150 184 232 273
106 147 206 256 300
107 163 194 243 289
112 150 191 254 295
108 143 214 252 286
140 171 194 258 266
106 158 212 225 272
135 169 217 233 291
100 148 215 229 271
112 168 194 238 278
100 151 192 253 275
119 161 212 230 280
117 160 186 222 277
105 166 212 245 271
111 153 202 226 298
140 157 215 258 267
135 180 207 226 263
125 157 202 258 269
108 158 186 240 297
103 172 220 256 272
108 173 205 248 297
140 176 180 222 271
135 166 186 231 298
107 155 197 257 283
106 165 199 238 286
126 144 197 224 292
130 172 211 227 288
135 141 180 228 269
115 167 181 223 263
115 151 209 250 274
122 174 212 230 279
103 170 204 240 267
120 157 209 221 292
112 168 198 251 296
133 180 195 231 287
124 158 217 243 271
116 149 218 253 266
104 174 208 226 296
113 145 204 228 267
125 159 201 257 276
121 142 219 234 283
128 168 190 239 279
114 148 181 233 275
103 142 186 233 276
104 166 215 238 294
100 171 204 233 287
133 176 190 228 266
104 174 200 239 288
132 149 200 223 280
132 172 199 258 295
111 140 208 244 280
122 176 206 260 279
109 172 192 226 288
112 171 213 225 269
111 158 188 255 274
122 155 184 257 261
118 174 203 253 292
131 176 209 258 264
136 142 184 230 279
106 159 218 245 261
101 155 213 226 274
118 171 202 234 260
123 174 183 237 268
125 159 208 252 264
108 179 205 243 260
139 144 214 248 290
100 153 216 253 262
140 140 210 231 265
109 178 196 230 280
100 180 189 260 296
135 179 213 254 298
139 180 211 238 266
103 141 189 258 296
121 150 212 256 297
127 168 215 227 276
101 143 213 222 292
111 159 220 238 279
116 153 189 227 299
121 164 192 238 291
111 179 209 228 272
107 163 212 229 293
139 157 188 257 283
121 179 187 244 299
103 160 220 255 263
101 151 202 254 297
112 154 204 231 292
104 155 208 245 262
118 173 207 245 264
128 179 188 234 284
137 160 194 255 293
114 176 195 243 300
108 147 220 233 300
135 177 217 251 299
112 155 216 238 293
109 145 200 255 286
129 146 213 249 295
115 173 182 243 271
130 152 189 255 277
106 166 195 242 294
104 167 184 230 284
133 142 216 227 285
140 179 195 256 289
105 164 199 228 274
105 168 184 220 275
137 178 212 251 266
120 174 181 224 291
137 143 216 260 283
133 173 208 252 283
122 142 209 235 264
121 141 193 220 265
101 143 181 233 276
139 144 212 249 263
109 141 216 240 266
100 165 206 234 269
105 175 207 253 284
111 150 185 250 295
130 148 210 247 277
136 148 219 235 275
132 146 211 254 289
101 177 180 228 278
102 149 210 225 271
128 161 188 234 287
120 167 184 237 290
104 168 219 231 291
111 143 199 237 292
103 150 213 236 293
121 167 184 224 262
132 173 209 222 285
110 177 213 252 267
115 156 186 230 267
127 149 209 226 271
118 166 192 258 286
126 158 206 245 290
115 178 209 240 276
120 176 216 225 289
115 153 218 253 260
102 170 209 258 282
110 155 201 221 296
114 147 191 260 266
131 156 190 245 291
118 172 186 249 272
103 170 209 224 288
102 180 202 248 265
139 176 188 253 273
110 178 202 251 297
122 164 195 237 285
104 175 187 234 276
129 159 196 241 265
134 160 207 245 284
112 155 218 256 296
106 149 205 242 272
121 147 200 231 298
132 172 181 255 268
128 179 215 221 263
118 175 184 239 274
100 162 216 244 296
110 161 204 253 283
132 154 208 260 298
140 180 197 237 294
127 176 219 232 290
100 174 205 230 296
121 163 188 254 285
139 164 206 227 289
135 171 193 227 262
129 146 183 235 289
125 163 197 251 273
138 152 202 239 269
103 167 190 249 294
121 153 189 234 277
112 145 195 254 297
139 156 197 232 294
125 174 214 256 269
122 157 185 220 297
120 174 185 223 282
125 175 180 238 273
137 180 220 245 276
126 180 209 221 289
110 166 185 244 295
125 156 217 244 295
109 176 204 259 279
126 165 206 229 265
118 170 198 223 272
101 147 204 254 294
140 176 193 222 266
101 143 219 256 279
116 168 183 227 274
116 152 186 259 271
138 144 191 248 281
119 157 195 258 274
108 170 206 252 297
115 141 183 231 265
130 150 190 247 288
120 175 191 247 298
100 156 212 260 289
118 140 187 235 274
140 146 181 246 280
112 174 220 227 283
100 146 209 244 298
138 160 196 229 270
128 166 208 254 274
117 166 189 221 281
106 147 215 242 263
120 162 211 257 275
103 155 184 226 295
102 170 190 246 291
109 179 195 250 281
116 141 191 222 263
115 158 210 258 290
125 151 204 256 260
120 155 195 232 272
113 154 188 248 267
139 154 202 253 292
119 166 202 258 264
136 175 217 238 281
133 145 213 252 284
137 171 180 257 294
126 179 213 242 296
113 144 199 249 281
108 149 202 252 296
134 145 203 239 283
127 148 190 236 268
128 171 218 236 290
123 169 207 221 284
109 172 206 230 271
112 177 216 241 265
135 155 188 257 287
117 140 212 223 266
121 178 215 247 282
101 174 180 258 280
115 170 192 228 291
102 178 193 259 283
107 143 192 243 298
100 166 196 246 267
128 180 209 245 271
113 146 204 244 274
122 171 200 230 282
100 160 202 256 286
131 163 211 247 300
112 144 217 234 262
139 177 196 242 292
111 165 214 256 284
122 157 215 253 288
137 168 219 238 278
117 168 189 246 292
127 154 203 226 267
116 149 206 247 265
120 179 195 224 285
133 145 194 232 289
111 176 199 232 279
129 140 197 248 298
117 146 214 260 261
132 143 195 237 265
118 162 219 260 297
113 167 213 221 281
123 168 193 221 264
107 147 194 241 275
116 161 204 258 298
123 178 191 246 294
100 156 204 221 265
126 143 195 248 281
136 167 180 256 300
121 166 209 240 293
136 179 210 235 288
117 165 210 260 263
115 179 208 239 298
109 150 214 241 291
119 150 181 232 273
136 150 180 255 273
134 179 201 252 300
107 151 214 227 276
133 150 220 228 267
123 172 218 235 266
116 178 214 260 282
120 154 197 222 289
117 167 191 248 277
129 156 201 239 260
115 178 204 260 270
130 178 217 244 284
119 176 209 254 263
128 168 185 252 283
124 143 184 229 300
126 165 185 255 272
130 141 218 228 289
111 158 217 228 267
110 166 195 241 266
123 146 183 256 276
136 148 217 242 270
110 155 207 248 262
101 147 192 255 292
140 175 219 230 268
135 149 191 249 288
130 167 206 231 267
133 172 193 260 260
118 174 184 239 262
128 148 205 234 273
121 140 184 250 292
109 156 219 239 281
124 146 196 239 272
136 180 187 220 264
102 178 182 233 287
116 144 197 238 276
115 157 198 229 264
115 157 220 221 296
118 169 215 228 287
123 149 213 226 281
104 146 211 249 300
114 172 200 258 265
127 153 184 244 264
108 144 197 244 271
101 153 218 254 268
111 165 217 260 260
112 161 206 257 289
115 144 196 231 296
105 166 197 232 273
109 146 180 228 287
121 165 185 221 270
126 179 217 252 290
133 155 188 229 292
106 166 195 248 283
120 163 211 231 299
131 142 195 232 288
134 169 219 229 267
101 146 207 258 285
126 160 184 240 294
117 146 214 227 275
128 140 190 227 279
122 168 182 241 297
113 172 206 220 282
137 175 220 252 265
133 169 190 233 271
112 156 219 225 285
115 172 183 253 295
139 175 194 253 294
124 163 206 234 266
139 147 188 238 271
112 169 212 247 265
100 177 186 224 265
124 153 198 259 281
136 153 180 224 296
112 172 200 246 262
138 178 193 227 292
122 152 204 259 295
101 157 189 231 296
125 175 216 238 271
115 159 220 248 274
137 158 194 232 293
113 156 194 255 283
105 157 196 244 270
127 151 216 252 286
137 170 199 254 269
133 153 193 238 276
129 148 199 244 299
138 162 184 226 280
115 164 183 234 300
114 153 185 254 267
110 149 180 237 287
102 164 200 246 263
126 166 182 231 262
104 169 190 244 279
126 168 207 250 292
123 144 205 242 268
118 166 212 254 278
113 142 195 260 289
136 157 208 251 267
125 150 193 225 285
135 145 212 244 294
140 174 216 257 264
121 160 187 248 284
136 140 212 248 271
126 162 192 237 267
109 140 216 226 292
120 152 214 253 279
117 169 189 224 297
125 169 195 252 300
108 165 220 238 294
110 180 204 225 294
127 169 215 253 276
115 174 194 235 288
137 168 180 247 278
115 178 210 237 277
133 144 220 255 280
111 155 214 259 266
131 153 197 229 279
121 162 199 226 300
128 160 180 250 268
113 143 218 249 290
116 155 209 253 294
107 155 186 244 297
136 175 202 251 288
129 145 211 220 292
131 176 188 257 261
133 171 207 244 284
129 168 181 224 276
107 143 189 247 282
126 142 196 256 277
112 148 206 260 293
139 150 214 231 298
138 156 208 231 270
140 167 212 254 285
118 168 217 243 262
103 179 184 255 263
119 150 184 230 298
115 165 215 228 287
133 147 186 256 291
125 143 204 228 279
110 158 201 224 285
131 152 206 227 291
123 166 183 231 291
134 142 196 248 263
120 168 217 249 278
119 148 180 229 270
103 144 199 248 287
127 168 205 231 286
104 171 213 236 283
105 143 195 257 278
113 149 216 235 267
126 140 202 223 282
135 158 205 236 286
118 143 201 244 278
101 171 210 251 295
109 166 203 224 264
121 155 192 245 279
100 165 182 229 261
139 146 198 257 289
128 154 198 233 293
127 144 217 259 294
133 169 192 232 287
101 168 211 260 288
123 180 202 252 263
132 149 214 234 284
100 140 218 234 278
109 143 184 223 283
126 171 205 236 300
125 172 206 255 268
105 153 194 230 290
117 142 205 220 274
130 140 217 245 286
110 170 202 245 283
101 159 214 242 288
126 141 188 237 273
121 178 209 249 266
133 164 206 231 272
126 163 185 234 300
114 153 218 245 293
100 178 195 231 267
138 144 210 236 267
136 152 207 226 264
133 156 219 256 278
133 156 192 226 270
106 151 201 231 262
128 173 200 229 268
101 171 184 260 281
134 144 180 255 287
120 152 180 240 289
121 159 218 256 273
136 145 209 248 299
107 145 200 259 286
116 156 212 242 285
126 170 202 246 288
129 177 196 223 288
102 149 214 248 294
114 148 183 252 283
131 147 196 238 290
135 170 210 222 265
127 157 218 224 272
121 166 211 233 299
116 154 217 244 262
104 156 191 258 265
123 152 192 243 268
136 170 191 255 263
107 180 189 221 282
100 171 186 259 272
128 143 209 232 298
122 149 218 247 282
25402 32211 38652 45645 53006
17451 26516 36093 44132 47210
17397 25449 29958 39298 42840
16863 22270 32289 39446 45966
15703 21025 28075 29938 38451
11993 16587 24205 26557 29246
20542 24370 33420 41251 50823
14145 21463 25680 28037 33990
14409 18490 25572 29413 34094
24034 31133 32772 41691 47334
18159 25811 32262 33913 42914
22456 29069 32898 42295 49952
21906 28025 31568 36559 47831
15669 23791 29012 32348 42935
17065 25923 29532 40850 43638
20139 32585 32951 44299 52535
14120 22205 27549 33852 39470
20891 34881 39609 44929 52810
13065 20235 25612 32014 34958
21353 30923 39756 41413 53374
14134 17978 24081 25437 33914
14270 17721 20712 26578 30604
14506 20094 24883 31401 37920
12084 17031 22092 26693 33480
18889 24971 33772 37613 46894
16965 21991 29214 37694 44603
20509 29203 32156 40193 46918
20261 27567 35536 39521 48984
14770 19331 23532 29293 32654
18453 26882 34833 37060 43421
14531 19464 30016 32756 37415
15080 17061 23112 25203 29274
22489 27446 32580 41077 52761
18811 27977 28452 36669 44886
13457 16056 22725 27246 31315
15256 18039 26148 29900 32079
14829 20551 27962 28873 37454
13842 15818 19251 26117 30070
15513 23419 27980 36646 41663
15310 25322 29041 35763 40769
24944 26764 38232 40963 52612
27210 29810 43012 45613 56414
22689 32411 39432 42852 52034
25678 26608 35352 47630 50048
18858 31670 38808 43933 52901
22500 24230 33055 42399 46551
11457 18803 21936 25825 30686
16431 22643 27060 33547 40448
18778 24575 26646 30373 36860
24970 30626 37062 43498 55004
21121 30405 37868 40599 54068
13947 23609 25818 33547 39206
10409 18315 21228 23517 30174
17989 22020 32097 37678 43414
15203 25287 28696 34803 41762
27273 32448 39016 44191 54540
20420 25916 33296 36123 43974
16795 27423 30966 35895 44828
16077 27155 33709 36985 41198
22186 24706 35460 40837 49574
20590 25001 28530 34705 39851
21635 29248 31671 40149 47070
19408 23384 30381 36424 42149
13425 23103 25038 28651 36392
16125 27977 29400 40146 43464
26078 29606 42740 43917 54306
12665 19673 23177 27359 30411
17909 27577 34559 40826 48166
20985 27610 36260 46749 53006
18825 29579 36300 38149 45038
21239 32628 41893 49614 55984
21360 24685 33787 44289 47614
16326 21766 32353 36028 40145
13402 15454 21396 25177 30470
16488 27211 33932 40493 47854
21790 26081 34332 42088 44399
20942 30805 36342 44820 47934
12430 16571 23013 25428 30145
24438 27787 38033 47490 55765
17455 23463 29327 34476 39911
19769 25090 32236 38621 43790
19162 21034 31116 37165 39902
17989 27291 32252 39228 44499
13029 21340 24440 27665 33990
17191 22163 27418 35939 39348
15631 19814 23382 28549 35069
11841 15106 21228 23473 29799
20529 27191 33672 44473 53655
17802 19851 23052 32398 33806
17930 19082 24332 30733 36750
19161 29765 34554 38488 49091
17742 21175 28040 31616 39340
18315 28523 30630 42134 42458
14188 15209 21636 22657 27656
22015 26906 33916 36361 46795
14050 20051 23172 26653 32054
15309 22961 28962 36163 42915
14771 19409 24534 29049 34174
15801 21442 31032 34981 41609
19149 26906 31692 39118 46544
11349 17021 19227 27209 27944
22204 24634 32736 37111 46832
14010 16911 21812 23613 27213
21124 23114 27705 35815 43466
12309 18830 25227 30517 36299
23242 30107 36972 44013 45949
19250 24135 26948 34941 39530
13009 21386 23012 30764 33639
17885 30278 38775 43732 52406
19567 25883 29734 37435 44674
17650 21053 27102 29244 37688
21261 28991 35110 38974 47992
20184 24650 33276 36665 44520
17604 26480 32142 39028 41783
21394 23986 35328 40351 42134
14772 22621 27277 31002 38185
17637 27623 32304 39949 43850
12213 19108 22386 28602 33575
14969 21771 29661 31293 36598
15454 18497 21774 26689 31721
19327 24545 31032 32160 40622
20073 30811 32044 44894 45774
15270 17451 22357 26500 30643
11673 15346 23449 26149 31010
26344 30899 40998 47929 53672
20673 25042 34620 41341 48566
15439 19880 22101 28429 29095
15250 19569 24904 29096 36972
15016 20429 22767 28918 34085
20717 26396 35583 42932 47275
17829 25751 32352 39449 44234
14700 19673 22951 25776 33462
20120 25529 33136 42939 50714
13134 15865 22062 26788 28574
11351 16547 23333 24181 29270
20009 34411 36812 52014 52614
21399 32003 33864 46514 49490
13366 17077 19091 26832 29376
15322 20427 24836 25880 33306
17436 26073 32668 38478 40991
15629 20459 26566 33667 42331
11553 15772 23100 26764 31650
26200 32991 38036 45991 55498
24790 30278 35235 43732 48689
21933 32897 37245 46507 52934
18642 20149 26316 33167 37552
20217 24058 30573 43434 45271
22921 30978 36707 43152 52461
24113 30555 40492 42700 55214
16138 19162 26472 32395 34538
14259 19505 24750 27715 33416
19945 26176 36146 43979 53236
19709 31531 37836 43747 57933
13425 23231 27360 31489 34328
17377 26230 32911 40093 45772
21369 29737 32586 45582 47540
23632 26422 38328 47443 53024
16138 18315 23436 32654 34062
16273 22507 30716 35885 41662
14161 20311 23212 25997 32842
18552 21180 31840 36805 39580
20361 29387 38796 43213 53967
13341 16574 21929 25263 29102
13908 18337 25104 30886 35069
18539 25510 36732 44214 45574
16254 19975 25184 31261 34362
13555 17441 21957 23323 28259
18456 24750 30471 37050 38909
16950 19613 25664 26753 34015
14805 19465 27413 30153 39060
14562 15526 20449 24944 29118
14955 23135 30468 34558 41750
19896 23320 29678 37014 47611
20853 30312 42087 44017 55212
16738 20139 25172 30477 38231
17957 20013 27412 30153 36867
18599 27727 30939 38038 47166
18358 19678 28788 32221 38690
20410 26411 30162 33913 41264
18869 25267 35272 39045 45278
22458 29819 35156 41597 49142
20261 29393 31054 41015 45664
16010 18698 26764 31501 36110
15327 19744 29407 33962 37136
25816 26939 37225 41153 49756
15189 24299 24990 34514 36722
18294 23065 30699 41036 45806
18153 25043 30252 37477 48735
23229 28990 37632 46813 52574
12517 17607 19940 23333 30967
26890 30155 41292 42829 51470
14134 18843 22696 25051 28797
21115 28556 37380 43436 48108
21121 31315 34592 46970 48244
13633 23591 27784 29750 36563
17122 21815 28578 30649 38102
17418 21499 26668 30477 37686
22110 28231 37242 38092 49484
22753 27713 34896 39001 49433
23101 32052 35275 42436 49060
12610 15211 18812 24013 27014
13425 22587 24651 28909 35876
17434 19414 25224 30373 38823
13580 17606 23703 25658 31064
23538 24749 35996 44820 45686
13974 21956 27543 31534 35392
21409 31811 40412 46613 54814
17181 28199 32250 41647 44726
19049 28741 30952 38603 49485
14269 20596 25082 28073 32789
22549 34899 40584 48817 53914
22722 28067 36585 42431 45771
19041 24191 34176 36517 44006
19671 25762 36726 43687 52040
17826 19050 28028 31973 37142
18219 21834 26978 31983 41575
14405 18065 23258 27389 35415
18189 30071 39432 46813 47894
19329 26875 38653 44174 49694
19919 29333 32953 45987 53047
11672 19057 19593 26871 28690
17169 25595 34176 36673 46034
26725 29065 40767 50518 56759
23223 29570 34414 37755 43768
18630 22691 29272 35013 37394
18795 28841 34050 48374 55071
18636 21834 30453 32956 37127
11030 14430 22363 25248 30708
10816 17452 20128 27406 29225
19491 22550 28992 39781 47832
17494 21302 25674 34699 41469
23390 24392 32410 37922 49279
26740 31097 39612 45157 56048
14775 23609 29820 32581 39206
21972 22446 29715 40303 47098
18654 25915 34992 42583 49349
15504 21971 23802 29049 33686
14406 18891 23494 26799 32346
13773 17548 24099 28096 30761
15010 18851 22692 28813 33614
24626 27885 32773 40557 47436
14185 15761 21327 25423 27314
16114 17212 26486 31611 35516
21099 31646 38307 42378 51259
23884 34009 41077 47190 52730
25155 33671 42384 44562 58622
20106 22618 32040 40205 45387
15999 19813 27072 31009 36299
17649 25715 31932 41510 44702
26281 26470 38190 42727 54635
20553 33420 34956 45710 50894
16635 20626 25814 33396 36456
16651 19747 25812 32263 38198
19568 21570 31736 34509 44367
18541 24774 36093 42654 42654
16601 22315 28300 34013 40542
17566 20625 27410 34460 35658
25578 30466 38552 48893 54722
12861 19646 22146 29764 31668
22193 33475 40056 43064 55474
18094 21794 26316 31112 36045
26078 30783 39604 45877 54502
22976 31277 41507 45947 52896
17649 26219 36805 37477 45038
23223 25728 35917 39425 45939
13847 17080 21020 23849 28395
21480 26611 36872 45044 51505
13344 19061 23380 31764 33415
14031 21536 27072 29779 34085
16293 24851 28440 33409 38102
12879 17795 25168 26572 32306
13710 14210 20512 22913 27214
12177 20486 25636 26104 32657
11865 18003 19772 25181 29134
21166 24434 32348 43702 47658
20860 21160 33012 33163 43214
20579 25510 36562 39283 50674
15017 23997 28822 31503 38606
22134 29570 35943 40900 52760
23571 29908 43375 46345 55652
15508 22187 23070 31891 33656
16738 22859 25580 30477 36326
23067 32219 38076 47044 48325
17296 18199 24651 30199 35231
23678 33767 38618 44245 50454
12634 17383 20616 23647 28193
16125 28135 31770 39513 46782
20358 27245 29999 39793 44384
19428 21326 29212 35053 43084
24328 28381 36682 48264 53282
17917 24431 32424 32572 44414
20043 24655 32925 36424 47714
18937 27129 37869 41327 48244
19900 22654 28164 37957 43160
23817 30262 33126 41720 51745
20673 24446 33468 41669 49214
18757 27015 33724 43529 49894
13554 22199 24651 28909 36909
19082 25788 28471 34432 41585
22577 32771 37140 41326 54250
20796 29248 35333 38038 48517
13401 17743 25185 28285 33743
22240 27713 36948 39172 47552
15550 18104 20102 25654 31982
24298 26235 32220 38909 52639
24706 29803 38820 47249 56266
26802 29561 35669 45126 58918
15882 21031 31043 33761 41770
23950 30031 40102 44283 53024
16010 20636 23387 27763 36264
19809 27731 40999 46940 51890
26644 28575 35910 43245 54634
15480 19511 23672 29394 34075
17650 24371 26612 33753 38514
22384 30799 37244 45121 52282
14200 16731 23662 25753 30154
16885 17885 26887 31513 37014
15992 21971 23802 31001 32587
12314 17773 19593 25265 31687
22312 27800 37713 39484 50459
22478 28219 35108 42489 45277
17991 27551 29657 39865 48452
16389 21683 26976 32521 34789
11909 19051 24526 29764 31549
24384 29065 42717 50323 57929
16577 24483 29804 34365 41510
18916 24534 24671 34811 36730
21526 27069 30004 39622 44676
17296 20379 28822 31101 36060
14009 16250 23420 26893 33390
15468 17238 24202 28569 30930
13884 20011 22762 29638 35640
10821 16229 21955 26302 27892
23377 32947 39756 46749 52453
12835 18667 19834 27573 28316
16329 22571 30412 38574 46095
13803 21307 22760 29779 34015
24898 25630 38076 45031 48509
24409 31011 38412 48813 60014
25090 30601 41052 43523 52264
20870 25043 29067 38157 39945
12045 18301 22196 28924 33881
20891 34289 35669 48082 53992
21138 26916 27372 33909 39838
19018 25643 26363 32125 42638
14527 20263 25144 29903 34052
14010 16586 21852 28797 31822
21899 31254 37424 50162 55933
15411 25983 32930 37461 43200
18058 19891 26802 36673 42314
15193 25269 29650 35199 39580
18269 27733 34706 41513 48154
19948 26544 34552 35965 46800
23810 24490 31462 38943 49995
18299 23416 30237 35663 45430
16326 22943 29559 34558 38675
13847 16171 21121 22233 27385
18343 26711 36324 40953 53415
15717 18203 22951 28150 31993
15754 21782 22275 28549 32978
13790 16017 21212 25453 28952
15884 20076 27571 29096 37860
20081 27416 38998 47299 54634
17325 24035 29184 39326 44474
21121 29677 37504 46969 51156
16885 18135 25012 29763 33889
22922 28114 33306 44405 50313
16967 19887 29619 32539 41714
18009 25355 31116 36157 40766
18909 25036 36238 38688 46915
23010 31291 36260 40861 52822
14188 15004 21738 25105 27452
16175 20150 26453 31523 40704
14523 20306 25227 30517 32855
22722 25395 30573 42097 46106
20443 22648 30588 36616 39557
17129 26891 33132 35213 48015
21980 25698 35164 41925 47334
19888 27417 40350 45754 53089
14682 20171 20284 24653 31822
26782 33573 35125 45991 55498
22073 28970 38821 45126 54781
17409 25211 31962 34963 42164
16599 22921 30506 37934 44413
11321 15666 20819 22536 26678
18509 24283 30204 35237 44414
11009 17831 20692 28284 31804
20216 29570 35249 38757 48444
10311 15767 19101 26173 29203
18041 28508 34627 38653 48314
24445 28971 33497 42005 50332
13575 21424 25548 31401 37521
25770 27242 35892 43253 54110
19428 26291 27167 32716 43522
15134 20218 26027 29295 32563
20165 21761 26692 34668 41339
13816 20898 21724 28215 30694
22890 27819 33628 42429 52462
21070 26093 31602 37921 45536
20573 32409 38424 49483 53558
14348 16702 21733 26870 31793
23488 32225 35684 40962 53340
22609 32611 41812 46413 54214
20999 21905 29306 36404 41841
16992 23267 30307 35050 40559
15729 23591 25687 33287 38528
11139 18701 19332 26053 29414
21905 32211 38284 47301 51534
12885 19963 21936 27157 30986
19617 25295 37681 40777 46454
20289 24008 36517 38207 48855
20628 27220 33812 39559 46151
24267 31335 37066 43179 55595
21177 33653 35733 47263 52367
11809 19245 23612 27389 31992
13812 21683 23748 30844 38199
20848 25983 31873 36706 40934
17826 20053 24771 33942 35777
14218 19991 20213 26653 30317
14884 16105 20880 25765 32205
16224 17555 25059 31474 31595
11449 16651 19148 26638 30486
20182 24283 34125 37241 43638
15003 19288 25478 29525 34405
14517 19667 25518 25869 33008
18693 25614 35131 43263 50703
16908 23725 30827 31253 37218
12073 17691 21540 24557 28406
20169 27899 32436 38989 48902
21784 28088 34583 44325 54641
12266 18099 22860 26907 34763
26698 32266 41484 48397 54733
23905 30455 37182 38953 46742
20553 32651 38604 43981 57230
16074 22016 26067 30118 39570
25306 30701 35538 43537 53954
19145 29267 35340 46566 49878
20110 24611 29712 36313 43064
13502 20053 28439 32763 38790
24714 30312 39191 46719 54826
11865 18593 23268 27829 34100
13526 16579 21158 26064 31733
17832 22255 24801 33915 36864
13811 17933 21230 25248 29987
11033 18032 21106 24075 27998
20594 26571 31552 36699 49649
17546 21109 27001 30427 38100
17300 19380 28612 31343 37714
15901 24260 29604 33030 35908
20529 29081 32673 42079 46184
20800 21878 28810 38976 41594
17071 20455 30751 34417 37379
19014 30419 33316 47074 49608
16224 24122 25815 33007 39776
21694 22474 33240 36517 41042
20395 25832 32477 36253 43200
27254 27450 40976 44113 58226
14697 19051 28029 33878 35510
11209 15411 19312 22813 29615
15354 19163 23084 27453 31710
13705 18443 26509 28941 36879
19287 26255 31764 40189 47480
11609 17295 24373 29130 30522
15129 20261 27282 32548 38894
16254 17370 22828 29277 35231
15369 19850 27660 31501 36238
14638 15380 20682 24287 30330
20296 23237 29559 33088 39263
18049 29203 32812 41341 42982
14149 21151 30253 32913 37394
14877 18300 21959 30339 35178
15353 23987 27138 30290 35634
25766 30091 38176 47577 49646
17642 21747 27828 34366 41359
19612 25931 29334 37597 46671
12310 16811 21613 22213 26314
17230 20311 29133 33613 36554
11422 17074 23064 28603 32219
11229 15106 21432 24289 29696
16441 22921 30190 38092 42359
21262 22803 30350 34817 42056
17040 19771 27703 29523 33944
16909 20006 26457 31618 33683
14119 23027 29467 34948 40292
22110 24320 36052 44213 46764
19899 31991 41742 49348 56174
21177 27451 38428 49210 51562
16845 24161 26369 35617 40172
21808 27345 33401 40149 46897
21584 28991 29474 39458 42840
18510 21471 27836 34942 39234
18640 19855 26202 32683 40109
22270 27359 33243 37695 45965
15242 19051 22979 29764 30954
22354 29411 36972 42013 44533
14609 22787 29797 33739 40749
21986 25923 33632 40685 44622
15864 24775 29608 35498 40482
20650 24170 28811 39853 47854
27410 33211 41412 44412 58814
24831 33501 40003 50051 57735
12108 18104 23544 26098 31205
25903 31385 34977 44617 51044
21955 28226 33672 38458 47864
18261 29417 37192 39897 46658
18778 21815 26370 33685 38240
21930 25610 32012 40013 46894
18370 22723 25171 34829 36734
20544 32571 35902 46263 49779
16689 24892 26700 30871 38795
21237 31157 36204 40903 47690
15354 16474 22860 25661 31486
15497 22667 24972 30349 37262
15809 22921 32560 39830 43148
14049 17181 19101 24556 27991
20232 28739 35355 46129 55959
22032 25854 39507 43875 49336
25354 29314 38820 47929 58622
26938 34661 36443 45157 57434
19389 28911 31972 40983 48124
14188 18065 18779 23065 29696
12834 21791 26511 30626 35225
14635 23015 25856 35798 40769
14642 17370 22456 31882 34858
17040 19136 28701 31977 36301
13473 22979 25752 31693 35918
19629 27011 33132 41774 49155
18983 26323 36886 45837 53714
21409 32611 38812 48613 57814
15577 20860 26561 35319 41019
10809 14310 21412 25213 28614
27030 33014 37454 49807 51351
11563 17233 23121 24538 29662
25390 31783 40808 43816 54722
10609 15699 22803 24287 28740
11993 17987 20770 25479 29760
13009 19641 24972 32904 35764
19644 26576 34992 37963 46214
16390 22411 26052 31093 38795
12609 19931 25452 29413 32534
14994 20666 27282 30523 40245
18490 20734 28392 34069 35257
21880 29171 33546 36625 42620
21510 27015 34756 44389 46282
20097 29399 34608 44653 55257
13502 22543 28832 33549 35646
13077 20944 24817 30021 35951
25490 32043 32772 40417 49336
25660 31551 35351 43903 56634
21409 31011 39412 51414 56614
14531 22616 27275 32619 39196
23194 26506 36260 41229 53743
18730 24779 30396 32700 41486
18775 19610 25032 31705 37406
15650 22724 24628 30341 35782
20364 26738 37005 44263 48512
20383 29069 35416 38423 46607
18446 30441 36528 42973 47807
21969 28742 38259 40456 53450
18489 27731 32682 41428 48854
26344 35651 38622 45751 56840
22577 28767 39506 44239 49336
22397 28767 42087 48842 51352
19561 32723 39116 42501 55662
15378 19731 27757 31021 36326
15884 20204 25539 32652 35066
20821 24434 37681 40261 48690
13066 17147 19392 24391 28472
16312 21175 25895 33333 39340
10927 15063 19728 24712 29271
18937 30223 39142 43329 53522
10109 17282 20616 23546 29001
15837 20955 22622 27145 31668
11241 18803 21612 25825 31118
20338 22957 30812 34355 43134
20733 27015 31254 40519 46329
19767 24930 37036 43445 49854
12453 17963 21024 26533 28472
12653 19963 22284 26229 33423
14905 22754 28342 29938 35791
16881 24027 28588 38774 41662
21848 27756 32948 46017 46733
12045 17759 20718 25819 29798
25554 34331 40767 50323 51493
21906 22873 29636 37043 44934
19725 29585 40561 45583 48560
10715 16441 22591 23969 29058
22547 32672 38594 44707 49674
23011 32549 34233 44332 50130
16885 21476 28092 34033 35654
12753 21133 24202 28687 30694
17524 18154 26976 31261 36554
20009 30611 43213 50614 52414
23950 23950 35922 39514 45329
18539 30271 33332 39113 47614
15808 28451 29873 41093 46782
22149 29367 34944 41669 48886
16968 21971 25754 29049 32465
16901 23134 31008 42326 48559
23725 29410 41564 50189 58226
17409 23027 29467 31112 37826
12028 17028 25360 26431 34763
20766 29744 41153 44519 52187
19729 26021 32142 38603 50845
20579 27891 32652 40473 49484
13773 22207 25928 28285 33742
14347 21853 28420 30699 39276
14327 16181 19375 26484 29163
17312 25608 26752 34905 42771
18240 28331 38953 45149 46565
14553 21754 29100 36589 42782
12105 16643 22044 24961 31551
20497 30546 40989 48279 51628
19243 28210 33753 39948 43046
17546 24534 25768 32071 38922
24533 28650 34737 45658 52461
17565 27115 30042 37435 46214
20745 28234 42252 44749 57615
16479 21605 26486 30634 36492
12441 17216 23988 26431 32537
11999 15960 22012 28064 31474
24003 27166 39630 46327 54884
12429 18695 19668 26257 29282
21200 24787 30819 41578 45165
13259 20761 24387 30263 36764
12489 20051 22092 27613 34095
18364 19606 29820 31339 39344
22410 28651 31211 40973 46254
13449 21003 25484 29197 35086
17019 27228 29820 35653 44565
21930 28491 33932 40173 42573
15250 22109 22999 28461 36972
21519 22461 33924 40833 44445
26476 34438 41404 50161 56331
23922 27842 40977 46073 51758
20822 24263 33209 37853 45595
14553 20603 26076 33566 39759
20026 20746 30540 35869 37886
20065 25954 39757 44173 48958
10709 17666 22055 25051 28797
19749 32911 38928 47577 53406
11886 16061 19807 26764 31580
13660 15550 22062 25948 29099
13882 15106 22350 23983 28064
20074 22202 32084 38621 43942
16472 28863 29352 37177 45329
20103 29364 41383 44338 53402
18314 23034 26896 33475 41055
13209 18381 20252 26083 31914
19977 32267 42060 44365 55886
20433 26322 36628 43621 53743
19373 28211 40056 44381 55099
15982 22055 24300 29581 34598
24034 31497 38050 40416 51884
19039 30632 36861 43609 46205
22090 29963 35724 44173 51278
15631 18338 25719 27811 33347
19597 27567 31884 42841 47490
17019 21340 27822 33088 39164
22204 34365 40349 46333 53282
21489 31515 38676 40287 51745
13349 17759 25301 29361 30174
13065 21771 26764 33037 36110
14199 20006 25941 28522 38199
17907 23090 29999 40834 41776
24245 28871 35162 45338 53849
16765 24435 26424 35371 38638
18755 30951 38050 40781 52430
11943 21071 23646 29029 31019
17941 22715 24263 32650 35231
13539 21905 24858 30886 36545
20017 26907 31992 38881 46754
18001 30287 32363 40495 47762
14329 17660 21768 26764 29429
23594 28171 36444 43133 49998
13897 19230 27044 31757 36718
12411 17444 23997 28328 31838
22273 27058 36812 42517 54847
21262 27703 29152 41068 43162
14346 20059 24092 24765 29470
20659 30636 32212 41838 47964
14709 23825 31764 35881 43526
13099 19170 24288 30120 33691
21393 24958 33708 42133 48290
20590 26471 28970 34851 43232
23504 32571 40527 42932 53664
16209 28199 33222 37273 47966
20458 27558 31784 42939 48179
27532 32483 40800 44958 57236
21475 27200 30699 36106 41672
20650 23371 29292 37613 46255
20885 27232 32911 41930 45605
14638 16123 21424 25347 28528
13399 21721 24712 32383 38234
23605 29846 36867 45643 54029
15913 20600 27702 36081 42189
26976 30274 38230 45021 57050
16884 23501 28902 34573 36328
21848 28114 33127 39393 53178
14890 21587 22952 27665 34982
14385 20136 20712 27383 31409
20012 26291 32132 35783 40309
12861 18371 21330 22554 29492
15299 23085 25727 33929 41019
24134 30118 41893 47105 56949
11781 19019 22044 27985 30146
19918 26081 32560 36195 41884
12872 18541 21594 24320 29662
17280 25147 34896 43447 50288
28010 35211 38612 44413 53214
16270 23033 35272 41230 44933
16598 24035 26181 32474 39196
21469 28131 34422 47929 50149
22642 23626 31336 40685 46098
17978 23718 29457 38972 41388
18153 28571 34620 42349 49910
20020 24545 31854 40208 46125
19770 22810 28892 37557 43790
21609 31511 34391 44473 53654
19509 30431 41352 50713 56369
19952 23671 31615 39729 46321
23530 24538 30420 41341 47054
17033 26459 33452 34517 43030
18109 26436 37841 44177 53953
22504 26091 31960 37340 44024
20489 26571 33292 40653 43854
21187 30057 34221 40014 50876
21209 29411 43013 48414 52614
16209 21881 28497 34708 37139
19785 29771 35340 43405 56655
10413 17351 19392 25105 29696
15705 25787 28092 36013 40478
21818 26519 35921 41750 49459
16454 22604 30042 36907 41484
14010 16923 22860 28686 29134
13330 17216 21657 25765 30206
19332 26345 32160 42422 45671
17941 19876 26070 32650 37682
22262 31053 37786 48259 49382
23130 29761 36902 40473 47784
19960 21760 31962 37813 42614
25218 31475 33131 47301 54110
16137 22923 27276 30989 37902
19671 25066 34638 43340 48908
15237 21019 28494 35545 41750
24130 26110 36552 43033 50954
24902 29019 37252 46269 52542
21129 28226 35982 38953 47864
23626 32459 39756 42445 54542
15596 24607 29470 32903 38767
13225 20897 25500 28451 31284
18910 21710 26331 35993 40194
21538 25771 39021 41045 48958
18159 26711 32262 37063 42314
12836 22109 22872 32780 35574
13349 19731 22284 26461 33770
13167 22973 24909 33424 36521
19269 25750 34572 43753 53655
13909 23085 27256 34208 37127
23945 33671 39095 45828 50690
11309 14611 20412 24413 27414
20505 28739 33612 38653 47390
13009 20811 26272 33293 37194
23327 29024 37570 43979 53414
19721 25355 38205 41197 46126
17246 21959 24315 30021 36222
17103 25421 32968 39437 43750
20505 26386 36132 42517 48398
23985 29411 38337 41663 48664
22941 32939 37056 48229 57246
22870 27731 36552 40693 48074
21353 27427 37916 45462 48774
14169 21133 23022 26445 33644
14640 15960 21352 25533 31804
11886 18843 21305 24837 29867
25294 27450 38624 48621 58422
22122 27604 40458 49154 49343
20074 21747 29652 36037 40294
12045 16534 22350 26533 30308
19332 28568 36435 37804 48065
22396 30587 35138 40235 48062
16594 22796 30082 37369 42640
21237 29473 37344 47227 54548
17967 25999 27897 35929 42938
10009 15611 20413 22113 26515
19792 22461 30627 38949 44131
25034 30739 33131 47117 55214
21184 29061 36587 42013 51289
21498 28293 33192 37142 45518
22941 32351 41172 50973 51562
12659 19701 22892 26303 32794
12217 16810 23980 27005 32606
22263 28061 33859 43397 51066
25986 28661 34392 48719 52157
17295 23102 25940 32521 38714
15096 21302 30187 32020 38930
17699 19961 29273 30337 35525
13416 18759 23774 25628 29008
13813 21193 25478 30953 33572
17650 22649 28971 32647 42498
16272 23224 26561 34485 38517
15748 19043 24534 29171 31734
19559 30271 34692 44213 45914
24579 33653 41025 46129 53690
19406 28699 34079 41415 42882
19338 25379 27946 38065 42747
12906 14882 19148 23829 31215
20422 26741 29982 41323 44078
14570 15802 24428 25549 32382
16659 23711 32563 34213 40064
17719 26737 31407 38814 42840
23380 27751 34782 48654 52454
13882 15106 22146 24697 27554
15739 22176 29613 35478 37480
17886 26030 33996 45149 51699
25350 31686 39651 41642 48521
15265 16847 21595 28150 32558
15610 20051 24732 27733 32054
14108 18243 20470 27573 27573
18064 26634 28164 36580 40100
20746 23987 33222 37921 44240
15740 18210 23932 32514 37975
13089 18731 26293 28693 33734
19478 22933 30784 37536 42718
20410 27012 28062 33013 39614
11025 19236 19668 25177 31011
13466 16715 22864 27621 32030
20020 27329 34464 39859 45950
11624 15868 22232 22334 29910
17591 25192 32047 33985 42777
12433 15060 21525 22839 28395
11969 16800 24277 28648 34514
17337 26155 30412 39229 40294
20711 24950 30004 39786 43046
21393 28523 39018 48326 53672
15866 24032 34239 39892 42090
21654 32186 42327 50713 50713
18265 26254 33590 41904 47121
22089 27658 37644 44365 56847
11244 17773 21091 24837 29225
14070 18845 23232 29425 37038
16587 22616 25357 30290 37004
18153 25787 31260 36301 41774
23285 27136 32912 40088 51114
11775 18437 21657 27541 31427
23649 32122 41579 45520 58917
20053 21736 29847 35509 44078
21450 27051 35052 36653 42734
19906 28772 40791 50840 56159
20800 26411 30372 39613 48524
16390 20451 29973 31793 38514
21770 23811 32312 38603 47445
16723 23027 24945 33030 40703
21931 33379 39976 42693 54722
25903 33086 41592 47641 50098
14241 18094 20342 24944 29011
17705 24659 34615 35563 45044
20134 30111 32036 44288 51639
18497 23286 25813 33662 39116
19602 25765 32560 36985 42042
24891 26324 33664 42615 48523
15913 24009 30116 35087 37644
14909 26385 27726 33389 39499
13153 16228 21000 27467 29800
22858 25715 30252 37645 49743
22073 33895 39412 48475 51628
14500 18701 20277 23847 30674
15015 18706 25104 31870 36299
13341 20735 24960 30505 39087
15259 21361 26364 29049 33076
13464 18614 25752 29029 32072
24670 28451 34932 41773 52754
15151 20915 26008 34184 37936
13134 19636 24512 30514 33764
16392 19489 27876 32521 36908
22204 27551 32250 41161 43591
18364 21125 26646 32857 38102
18199 20878 28071 34417 42173
20986 24635 27980 34365 42574
15649 22315 24900 31837 40815
17907 24032 29057 39892 41933
14089 19083 23052 30350 36751
14187 22807 27812 34208 36571
23572 31053 34046 43210 49008
11761 19108 21482 27585 31541
19539 26051 32097 38763 45274
21166 24778 35272 41637 46110
14759 20761 26512 31763 34764
19897 25002 34332 45774 50878
25986 29998 39740 47954 51011
20510 24611 31664 36913 46755
21745 23355 34144 39297 47348
25490 31679 39324 46787 48061
18764 24811 28997 38453 44034
19322 19890 30116 35229 38496
23572 30305 35916 44332 49943
12653 16250 25069 26229 33887
18249 23114 32540 38469 42422
19080 27558 30819 36525 48426
22009 29755 34331 44365 52814
19017 29051 38732 41901 51758
20469 33491 37956 41863 54698
20456 27220 34627 40746 44450
20249 30635 34156 41373 50702
18642 22859 24491 33605 37822
13004 20125 23742 26794 31315
13842 14986 22892 26533 29134
11664 16286 22482 27209 27944
24507 28622 36851 42836 52187
12351 16535 20310 23065 30615
22410 28011 31512 43764 46914
11535 14596 22248 25411 29594
22513 30080 40558 49095 57050
19376 28066 33678 44177 53772
14290 18386 21222 26368 30254
19231 21615 31451 32793 43522
17564 23595 25204 34451 34987
25812 33185 40170 47349 55110
18070 23531 25352 31373 38654
17343 23177 30630 40028 45699
20800 23440 32352 42254 45719
15129 19990 27822 35113 39569
16273 17560 25050 27040 34880
14500 16391 21852 24268 28364
25350 30237 38384 45987 51599
18063 25715 33213 37192 40100
16489 28652 29452 40814 42094
13814 17411 21356 26693 34583
15764 22616 29467 31249 39333
26477 29263 37025 50957 57923
24760 28324 40404 45157 55256
11009 15811 20112 22413 28515
17040 19770 26792 29523 37844
17599 23749 26181 33046 41627
20378 21594 29804 37710 39990
17529 24539 31694 36367 40602
18098 22507 27372 34822 41055
16592 23194 32051 39942 46222
18171 24035 29327 33046 40912
19873 32672 40695 45089 54067
17754 24177 32967 43447 46996
12778 16848 24421 26568 30185
15382 17090 24656 27219 34419
14590 17075 22152 25501 30902
20777 25178 35388 42957 48942
15562 26345 32352 38667 45444
18212 27733 33914 37421 44102
19491 24966 30924 39458 44933
18709 30867 34046 42837 48822
24057 25268 34266 44474 50011
16394 19723 25356 29837 37518
24774 28090 42327 50518 57344
17034 21643 24588 29709 36750
10108 16811 21112 26013 28814
18705 27371 30716 38317 39989
23638 26681 38318 41899 50850
13909 19470 30315 32539 38657
15052 19745 25404 30787 39069
18783 25490 30557 35177 44714
24759 34067 40800 50503 53078
16494 24032 30470 36123 45545
14167 17193 24818 26633 33169
20810 22410 34732 39213 45774
17499 27041 32130 38968 45011
13442 21158 28474 32199 38318
23950 26801 35732 45044 51884
16949 24931 29272 34873 37253
17699 21823 27410 30736 36190
19666 25439 28871 36517 46815
21783 29233 41650 46808 55977
13109 23330 25557 30274 34991
24850 25930 37812 42493 48074
24082 26915 36651 40015 46742
22620 26530 37242 43533 47274
20758 24347 29964 35269 42134
17075 24322 32374 37205 42196
21898 29594 34212 39172 45842
18391 31133 33500 47334 51156
14482 15562 19451 27554 31010
18010 22811 27012 36013 43365
18159 23861 32712 38413 40964
24626 26255 37841 44901 54133
16701 22630 31212 40418 44630
18801 25283 34356 39217 46184
14751 19901 23646 28795 33710
14974 20543 22748 25881 33422
19593 28618 41100 47629 56462
12549 16291 20142 27734 31144
19005 21325 28432 34523 42064
16075 20241 25002 26431 31549
24013 29684 41215 42349 51422
17312 23749 30185 33332 42771
18685 24805 34950 39297 42196
15921 23879 29235 39488 40559
15754 19467 24588 31117 34318
17554 21941 24651 32908 33941
18092 30432 31953 37362 47672
14709 25148 27354 38087 39998
12938 14453 21121 23445 30112
18797 22956 33584 38051 43442
