1000 10 5
6 86 43 70 56 89 55 29 38 67 29 0 30
4 46 42 90 64 28 60 63 82 51 86 0 18
9 28 33 65 68 74 80 74 28 35 67 0 44
9 39 33 53 84 92 79 78 93 78 68 0 44
5 53 21 50 44 37 74 96 51 28 25 0 22
6 65 27 91 38 45 20 98 33 80 59 0 30
8 95 44 45 32 84 76 23 92 40 60 0 36
5 84 94 49 34 88 65 41 51 93 55 0 22
3 55 68 90 52 29 23 83 71 29 77 0 15
7 62 76 96 60 84 81 71 26 21 45 0 35
6 48 99 98 24 93 34 59 71 29 98 0 27
9 33 37 97 21 73 44 98 76 40 77 0 44
5 61 92 61 90 55 97 94 33 58 66 0 21
9 56 66 21 73 38 29 39 22 42 63 0 41
4 57 80 48 91 64 98 56 40 41 94 0 20
8 71 46 24 97 34 22 96 51 56 73 0 39
6 48 82 53 57 85 24 39 20 80 58 0 28
7 82 92 89 73 39 69 25 29 63 65 0 31
7 72 60 80 22 94 94 47 55 85 97 0 34
3 75 54 67 36 48 53 24 82 91 29 0 15
3 43 87 43 35 73 80 61 66 63 97 0 15
5 94 60 51 98 92 20 59 32 39 45 0 22
6 52 87 50 69 100 44 43 29 96 53 0 29
5 35 50 99 82 86 40 92 34 95 69 0 24
9 50 75 55 87 97 76 85 42 89 26 0 45
5 56 90 96 29 44 53 68 53 94 85 0 25
10 37 42 74 57 22 69 47 87 78 45 0 46
4 94 53 84 65 58 44 86 35 92 98 0 16
5 55 43 81 43 47 58 98 26 69 94 0 21
6 81 41 27 96 84 64 83 21 89 72 0 27
10 56 33 67 80 29 59 20 28 49 42 0 48
5 68 44 20 37 20 97 25 86 45 59 0 25
8 25 93 23 24 82 56 61 48 25 55 0 38
10 69 82 81 34 63 78 87 87 42 63 0 49
7 22 64 72 78 29 95 62 23 95 45 0 35
10 59 94 69 72 46 89 43 73 22 93 0 50
7 23 21 87 34 84 22 78 53 51 76 0 32
5 52 45 40 43 98 28 51 97 83 39 0 24
4 43 66 65 34 57 35 82 63 55 27 0 19
10 24 94 81 57 50 72 56 73 40 21 0 48
8 59 51 96 72 79 25 25 73 38 55 0 36
9 99 41 75 95 77 52 34 98 65 67 0 42
6 71 35 73 66 57 46 90 30 83 31 0 29
7 79 96 53 21 95 89 45 94 71 66 0 32
3 33 64 48 67 51 98 83 34 70 47 0 11
4 42 40 63 42 75 46 66 87 96 86 0 18
3 21 95 84 28 75 29 49 64 85 65 0 12
10 52 52 96 23 73 82 51 28 28 34 0 46
6 62 55 63 95 20 77 39 47 38 22 0 27
9 44 89 50 74 85 31 41 52 42 73 0 45
5 59 85 51 41 79 47 89 77 38 40 0 21
5 83 93 32 36 65 97 38 79 38 39 0 21
4 93 21 55 40 56 72 35 48 52 22 0 18
8 68 33 65 85 43 84 74 78 37 70 0 36
4 32 93 53 79 61 42 93 43 66 71 0 18
9 43 20 64 72 37 98 66 38 96 70 0 44
4 34 53 79 66 47 44 56 35 79 35 0 20
10 95 51 89 54 75 81 71 39 63 57 0 48
8 67 33 53 65 95 83 88 53 25 53 0 38
7 94 67 54 60 42 74 59 79 75 64 0 32
7 28 38 66 97 99 46 32 26 63 23 0 33
10 97 74 55 84 98 25 58 70 32 96 0 49
4 48 54 91 56 93 83 92 48 32 41 0 17
9 29 46 71 88 60 25 45 31 96 64 0 42
8 25 42 48 78 21 86 66 88 40 71 0 39
9 90 61 52 23 86 58 64 65 27 90 0 41
3 46 100 99 55 83 76 45 42 35 54 0 13
8 30 59 83 49 39 44 55 24 51 41 0 40
10 68 27 39 45 70 46 61 83 44 99 0 46
4 55 28 39 95 98 82 94 93 35 42 0 19
10 97 47 27 37 40 20 68 76 21 99 0 47
2 79 42 26 88 76 60 46 40 63 41 0 10
5 55 31 47 22 53 89 58 28 63 23 0 25
5 66 44 27 69 69 60 40 65 30 42 0 25
4 65 67 94 34 34 84 24 94 75 92 0 16
5 74 53 49 68 73 31 21 41 26 91 0 22
4 79 26 73 30 60 69 65 41 55 99 0 19
5 30 76 51 78 79 63 43 50 59 76 0 22
3 32 82 25 30 92 66 37 63 51 55 0 11
3 49 50 62 78 58 74 89 52 36 31 0 15
10 70 80 61 68 80 90 58 28 97 29 0 49
3 92 37 41 29 37 81 26 93 85 77 0 14
5 24 84 21 25 89 55 27 75 91 79 0 21
5 79 97 50 75 69 52 62 49 48 94 0 23
3 37 35 39 81 39 62 88 71 34 35 0 15
8 47 34 91 61 83 86 63 82 97 97 0 38
9 83 54 63 44 23 74 51 62 88 34 0 41
9 95 31 99 30 84 28 92 59 98 64 0 45
3 90 65 53 22 86 33 63 62 21 90 0 13
6 90 93 90 65 42 74 58 40 68 72 0 26
4 88 99 33 23 51 65 80 44 37 23 0 18
3 33 57 54 94 48 25 70 99 21 84 0 13
10 74 80 78 55 75 48 74 48 95 61 0 49
6 57 74 46 60 23 76 99 66 33 62 0 27
10 59 48 67 93 57 78 60 47 61 75 0 47
7 84 82 33 46 39 94 36 30 30 40 0 31
4 62 71 83 34 78 42 28 54 99 88 0 16
5 77 28 72 73 86 78 23 28 89 28 0 21
2 50 97 88 100 51 47 43 94 28 60 0 10
9 25 25 73 98 86 77 73 35 23 28 0 43
7 95 74 23 28 27 26 77 25 52 20 0 34
6 97 86 81 90 98 66 56 89 70 78 0 27
6 57 45 37 90 35 43 45 73 54 65 0 26
4 74 44 27 68 29 99 95 81 74 71 0 20
4 80 53 39 34 85 44 46 80 24 93 0 17
5 30 50 34 26 55 24 74 67 28 94 0 25
4 54 63 97 31 61 24 30 46 44 29 0 17
10 78 71 92 36 46 21 89 69 51 98 0 48
5 61 35 76 78 48 36 40 80 87 28 0 25
4 77 40 49 67 31 36 74 51 67 54 0 19
4 24 59 57 21 81 52 90 77 61 25 0 18
6 44 68 70 63 45 50 48 34 75 60 0 27
7 66 48 66 99 35 59 100 42 55 39 0 32
3 20 54 65 56 94 71 33 95 59 37 0 15
9 64 50 72 34 73 55 53 83 58 33 0 44
6 48 56 58 62 82 46 68 22 72 51 0 29
6 40 52 80 27 85 46 68 37 99 39 0 30
8 80 28 85 28 32 80 38 73 32 88 0 36
4 28 96 48 53 58 37 69 62 62 39 0 19
3 96 26 98 98 60 35 90 41 64 24 0 12
7 62 35 98 82 56 73 45 92 80 100 0 32
6 22 79 65 93 88 27 55 87 78 97 0 27
10 86 73 94 30 75 73 48 79 22 60 0 47
10 37 75 50 36 54 70 23 86 59 33 0 47
4 38 61 93 57 73 92 77 95 55 55 0 20
4 62 88 77 69 85 59 36 27 81 34 0 20
8 70 35 53 39 81 79 93 26 66 84 0 36
7 88 21 71 36 76 59 62 41 80 59 0 31
2 52 45 85 96 97 30 24 24 51 48 0 10
9 85 82 25 26 80 67 91 75 29 91 0 43
2 60 42 94 32 49 48 88 79 21 81 0 10
5 51 42 86 92 98 70 93 81 46 97 0 25
4 69 56 91 86 66 40 42 41 54 81 0 17
5 74 61 95 59 82 49 54 31 62 79 0 21
3 33 52 70 75 27 34 23 68 74 60 0 13
4 22 68 53 37 81 99 36 39 42 45 0 18
7 49 61 36 72 69 56 86 79 56 44 0 31
7 79 65 51 90 92 52 80 50 88 86 0 32
7 80 78 27 72 47 50 49 43 64 50 0 34
7 49 24 78 66 27 75 91 21 91 30 0 33
5 27 20 94 25 82 26 39 69 51 34 0 24
6 48 92 41 59 91 93 31 77 51 32 0 29
8 51 39 52 28 91 97 62 41 32 20 0 37
8 23 93 36 92 79 57 100 38 55 84 0 39
6 22 90 68 98 36 51 36 87 76 69 0 28
8 66 86 91 91 76 45 87 87 50 64 0 39
5 51 81 43 56 72 44 80 72 21 73 0 25
5 65 71 84 86 74 61 65 94 47 98 0 23
3 58 51 64 24 69 49 58 78 67 78 0 13
5 40 23 70 74 68 80 64 89 88 72 0 22
8 47 85 65 47 87 86 78 73 60 49 0 37
4 63 61 48 27 42 68 75 73 87 78 0 18
5 70 48 72 81 22 61 79 37 88 73 0 22
8 39 22 30 98 60 99 93 98 61 73 0 39
10 62 84 65 44 84 95 77 68 77 87 0 47
9 71 52 70 62 63 27 43 99 61 43 0 43
10 26 60 78 53 87 46 71 52 89 55 0 48
9 32 95 53 48 92 36 58 60 41 45 0 45
9 40 94 89 95 80 73 62 54 79 74 0 45
6 96 84 100 62 27 58 38 78 88 70 0 30
6 61 95 25 29 98 59 42 66 34 82 0 30
7 49 94 39 81 63 58 94 61 52 41 0 34
7 47 34 59 68 26 29 31 90 61 26 0 34
7 93 48 22 87 36 72 100 22 96 23 0 31
6 51 21 85 98 65 45 66 81 46 87 0 28
10 89 95 87 69 82 94 79 84 99 66 0 49
10 49 57 79 65 39 66 52 98 51 39 0 47
8 73 50 57 50 67 37 59 47 81 86 0 36
7 32 82 25 91 82 38 31 90 84 76 0 35
9 57 97 30 47 38 36 51 73 29 27 0 45
8 53 80 87 61 33 71 59 82 73 87 0 39
3 65 95 72 35 40 26 84 23 57 25 0 14
9 82 90 83 32 40 98 61 21 69 56 0 45
3 86 66 69 98 41 66 72 38 66 88 0 14
10 79 28 50 43 53 83 77 83 88 94 0 50
2 87 54 34 53 34 61 21 28 40 96 0 10
6 88 45 65 70 62 21 36 74 24 23 0 29
5 71 59 93 34 55 30 37 95 40 59 0 24
8 59 92 85 37 84 71 23 78 40 28 0 39
10 84 78 77 84 80 28 60 24 22 68 0 46
10 24 81 69 60 56 31 56 75 61 52 0 47
4 84 53 76 44 38 50 74 45 55 82 0 19
4 58 44 86 67 99 48 47 40 99 32 0 19
10 91 29 93 39 39 51 85 22 45 58 0 50
9 57 33 29 24 48 88 77 28 74 71 0 43
3 59 50 51 92 96 33 25 38 45 55 0 13
5 73 45 85 34 43 98 78 40 49 66 0 21
3 59 80 40 90 88 74 61 44 32 61 0 15
3 91 94 48 98 45 57 72 96 22 82 0 11
9 54 91 78 71 28 80 67 90 68 60 0 45
6 73 31 50 99 89 55 50 64 56 56 0 30
6 24 83 24 72 74 20 71 75 43 36 0 27
7 47 99 38 94 63 84 39 30 36 89 0 31
8 64 76 58 39 78 82 75 82 44 49 0 38
8 30 31 31 82 96 37 84 31 29 28 0 39
6 56 65 80 25 59 74 69 80 68 48 0 30
6 87 82 97 50 38 47 77 33 71 54 0 26
4 62 21 35 93 20 42 22 95 81 78 0 20
9 41 55 88 59 75 83 34 61 97 29 0 43
8 31 42 30 87 67 97 49 48 28 25 0 37
7 46 79 46 59 32 93 53 25 73 96 0 32
7 86 21 81 33 40 72 68 76 86 87 0 35
3 97 22 86 85 90 41 53 76 25 94 0 13
3 57 32 74 56 89 67 33 36 82 47 0 11
9 64 48 55 61 53 50 79 60 61 58 0 43
6 87 61 69 53 56 65 84 61 91 37 0 26
4 27 93 80 47 39 34 88 22 94 26 0 20
10 24 94 62 39 84 73 41 97 65 91 0 48
3 88 63 46 35 37 64 41 43 36 49 0 11
9 34 46 62 86 42 44 78 57 41 85 0 43
7 89 97 49 24 22 39 93 96 51 89 0 31
4 73 22 44 51 100 66 63 64 98 68 0 16
9 26 30 74 97 36 27 50 56 34 68 0 44
7 30 36 60 91 52 63 53 63 26 94 0 34
5 71 52 31 28 82 90 41 37 32 78 0 24
4 52 88 48 52 99 79 28 90 48 71 0 19
7 29 86 38 69 52 51 64 94 81 75 0 32
4 70 75 82 50 89 53 89 95 27 94 0 20
5 84 81 32 61 20 97 44 82 70 24 0 25
7 81 57 26 84 58 92 69 75 35 77 0 35
7 47 90 91 53 54 69 24 85 87 24 0 34
5 28 84 42 95 23 89 86 93 29 77 0 21
10 31 28 33 85 30 38 51 66 85 32 0 48
6 42 38 37 62 55 77 97 47 47 72 0 26
9 73 62 23 49 66 81 81 92 75 75 0 41
3 82 97 20 21 58 81 38 57 39 76 0 13
4 98 96 39 51 45 67 50 62 40 23 0 17
2 35 21 28 68 72 65 66 20 97 96 0 10
4 77 63 96 99 60 44 83 65 62 73 0 20
3 85 69 97 67 88 30 49 45 87 90 0 12
3 72 87 70 39 82 25 42 60 27 28 0 14
8 60 86 99 95 86 78 87 40 96 49 0 36
10 80 43 87 57 76 45 29 20 58 23 0 46
8 39 98 51 65 63 88 95 84 48 56 0 39
10 68 34 41 48 47 49 78 98 34 58 0 50
8 24 86 51 99 90 72 46 96 67 78 0 39
8 84 41 85 80 90 97 57 71 74 75 0 40
7 26 32 32 41 43 57 72 96 47 38 0 32
10 26 83 82 91 97 74 55 42 85 96 0 46
3 77 57 26 90 36 56 77 92 97 60 0 12
8 21 71 51 51 53 37 48 88 28 56 0 39
3 90 38 59 70 99 83 68 55 37 34 0 15
7 38 57 57 23 84 80 44 95 52 80 0 34
8 75 61 41 29 45 94 95 70 70 81 0 36
10 29 72 32 24 100 34 72 81 47 23 0 50
10 31 62 85 81 40 53 64 29 56 73 0 46
7 76 67 57 50 76 87 56 23 33 91 0 32
4 93 80 76 65 75 23 38 61 97 37 0 17
5 49 81 88 37 52 45 97 53 47 29 0 23
3 39 78 39 35 73 75 71 91 67 43 0 12
6 46 44 61 41 35 54 76 65 50 86 0 28
9 46 46 87 35 81 61 61 86 22 44 0 42
6 97 75 31 48 97 24 41 85 86 64 0 27
6 51 42 26 56 57 42 23 89 85 61 0 28
4 76 47 31 97 71 21 47 31 64 82 0 17
4 63 46 80 39 35 98 22 53 88 69 0 17
6 22 90 79 62 85 35 85 51 42 58 0 26
4 76 58 30 59 93 51 83 47 93 33 0 19
8 87 52 91 40 90 21 22 44 25 64 0 38
3 41 62 65 68 96 52 34 96 76 74 0 11
2 82 56 30 69 81 54 85 52 90 83 0 10
8 62 88 32 72 73 46 30 38 22 94 0 39
9 55 80 63 73 27 39 59 23 33 47 0 42
10 76 45 29 59 66 90 34 27 45 89 0 48
2 46 35 74 38 96 81 30 55 33 59 0 10
7 47 71 43 34 93 49 41 54 48 89 0 35
5 88 21 93 20 34 26 43 79 86 79 0 22
10 61 71 95 82 90 41 96 45 87 75 0 47
7 24 71 90 58 43 26 82 52 79 24 0 33
8 76 95 63 38 48 69 84 20 60 62 0 38
7 52 72 92 98 36 66 26 46 94 29 0 32
5 35 83 50 85 55 99 62 63 35 92 0 21
4 80 99 60 58 98 76 32 83 82 54 0 19
6 24 81 82 50 30 80 88 100 30 86 0 30
9 60 46 92 93 51 90 97 62 58 83 0 42
2 55 52 66 23 72 74 71 87 72 39 0 10
8 36 70 74 26 96 64 35 26 76 91 0 37
4 94 55 75 64 60 28 64 29 49 71 0 17
3 43 89 85 39 47 37 24 53 56 21 0 13
7 76 51 46 54 92 83 79 97 70 39 0 33
4 42 22 27 65 68 88 98 51 42 81 0 19
8 77 28 34 47 44 92 49 99 25 89 0 38
8 72 98 26 62 41 96 33 35 94 76 0 38
6 23 70 64 28 83 57 82 33 83 65 0 27
5 35 33 25 78 35 93 86 43 82 61 0 22
4 91 46 50 56 46 85 32 22 38 49 0 18
8 33 82 84 48 93 92 43 33 54 76 0 38
10 89 77 91 56 83 43 67 40 40 36 0 49
5 88 92 33 56 34 99 48 69 46 64 0 21
10 89 72 71 31 40 63 54 32 42 96 0 49
2 98 70 45 76 44 43 34 20 82 83 0 10
7 50 65 73 89 38 65 29 42 99 58 0 31
6 68 34 57 27 62 30 41 29 68 85 0 29
3 46 51 31 63 31 35 79 43 42 82 0 11
3 30 28 95 60 78 54 99 55 40 50 0 12
5 61 30 60 21 95 48 59 55 32 27 0 23
10 41 46 64 55 41 59 61 91 70 76 0 46
10 31 41 89 31 70 77 79 56 93 55 0 46
6 50 67 99 77 69 26 45 88 49 87 0 28
6 63 61 58 99 81 63 39 42 75 74 0 26
6 50 37 49 86 94 61 38 46 81 21 0 28
5 26 38 43 83 53 78 60 71 58 66 0 23
2 42 67 99 57 98 45 55 37 56 46 0 10
7 46 62 94 42 59 33 38 20 59 88 0 35
3 51 82 82 59 86 64 64 53 55 50 0 15
10 42 23 52 61 74 51 76 90 63 91 0 47
9 62 83 46 45 78 50 85 76 71 29 0 43
6 89 24 82 74 21 69 23 71 66 71 0 28
3 99 55 62 91 85 59 20 63 25 84 0 14
9 51 49 40 48 21 82 37 37 31 70 0 45
3 92 41 20 22 99 62 28 27 26 71 0 11
5 88 21 22 82 85 77 41 97 30 67 0 25
3 73 99 45 52 72 78 65 27 70 81 0 11
10 37 73 39 46 26 80 39 35 77 67 0 50
3 25 40 70 31 41 27 93 47 92 32 0 13
3 46 34 99 54 92 85 43 58 65 97 0 14
7 26 97 95 21 33 58 46 59 90 85 0 35
3 22 39 48 57 42 53 75 97 84 39 0 14
6 49 73 47 74 99 88 47 98 32 52 0 29
3 24 99 37 51 85 50 31 90 34 61 0 12
3 25 89 39 60 68 22 98 80 55 61 0 14
4 24 89 48 99 29 87 90 40 72 29 0 16
5 27 71 50 99 96 61 89 64 75 20 0 23
4 87 81 73 52 59 55 49 26 69 44 0 16
6 25 58 34 56 30 79 24 44 65 49 0 26
7 37 58 61 77 34 21 87 38 72 26 0 33
8 42 71 91 41 40 87 69 42 22 56 0 38
7 36 67 91 63 67 81 22 88 83 34 0 31
6 25 97 66 45 66 70 25 68 96 96 0 29
5 90 69 46 43 84 73 49 20 91 99 0 22
6 75 82 35 30 35 62 99 98 87 97 0 27
6 57 60 37 62 31 37 88 31 74 49 0 29
9 69 84 35 79 28 24 73 76 84 44 0 41
10 85 73 33 33 39 40 80 67 23 29 0 49
3 69 54 39 49 80 62 73 76 50 72 0 15
4 62 71 34 35 67 93 56 23 50 39 0 16
8 47 94 38 46 40 61 89 72 38 49 0 39
8 78 69 76 59 23 95 94 73 21 61 0 38
4 58 57 63 72 41 80 76 50 49 44 0 18
7 26 93 24 69 60 99 65 23 29 55 0 33
6 92 81 78 84 88 67 65 51 69 45 0 27
4 84 38 39 76 56 48 89 28 92 59 0 19
6 47 75 28 27 42 94 65 45 83 84 0 30
4 50 32 81 78 55 43 88 87 94 51 0 17
4 86 60 37 47 94 24 81 87 61 97 0 18
3 72 21 46 96 63 83 35 46 86 77 0 12
7 61 52 20 34 91 78 97 51 95 88 0 31
3 44 36 82 35 34 72 89 32 62 42 0 11
9 25 74 40 55 89 55 82 62 80 80 0 42
8 83 58 85 68 46 86 38 77 53 71 0 39
10 66 45 47 23 31 48 42 43 69 82 0 48
9 88 26 70 41 44 65 97 83 45 26 0 41
3 94 92 52 21 24 64 44 50 51 88 0 14
7 56 93 95 85 59 88 36 45 90 93 0 34
9 51 50 41 46 39 36 77 98 42 62 0 43
10 38 76 73 59 30 49 86 90 32 21 0 46
8 32 69 90 77 42 90 69 99 26 61 0 39
5 78 34 44 25 29 88 67 77 45 40 0 22
7 47 32 98 44 66 37 50 70 80 69 0 35
7 25 30 63 99 98 88 36 93 65 94 0 32
2 49 94 31 68 41 96 62 47 60 54 0 10
7 54 79 58 58 77 52 34 70 34 79 0 31
7 52 68 55 78 78 46 44 49 64 64 0 31
4 92 98 87 48 32 80 82 53 60 63 0 20
7 30 44 99 63 56 59 29 62 36 35 0 34
7 69 60 52 45 28 53 31 90 98 100 0 34
5 97 80 60 93 56 56 93 99 56 92 0 22
3 69 25 59 32 42 64 93 47 41 35 0 13
9 52 80 20 91 46 76 99 83 92 88 0 41
7 80 28 98 48 63 56 37 39 59 36 0 33
10 51 57 100 91 92 73 75 22 33 40 0 46
7 43 30 44 89 73 54 61 39 27 74 0 32
3 90 38 87 83 87 54 59 91 61 88 0 14
7 29 88 88 71 25 35 46 56 55 57 0 31
8 90 26 27 41 63 26 52 44 29 34 0 40
9 62 80 73 53 70 39 85 60 90 99 0 41
8 31 85 97 25 61 99 52 81 39 81 0 40
8 73 88 53 84 22 69 47 87 42 34 0 39
2 73 76 77 73 42 87 26 43 84 43 0 10
7 98 70 74 23 47 62 82 29 92 25 0 34
8 40 100 68 42 58 76 63 29 80 28 0 36
10 88 38 31 30 57 59 84 77 33 43 0 48
7 93 33 31 40 94 54 22 52 46 52 0 32
6 39 76 80 92 86 43 57 95 25 76 0 28
5 37 67 50 37 86 51 94 63 89 28 0 22
7 96 68 33 39 98 93 72 84 83 49 0 31
10 23 25 88 22 21 99 86 78 65 63 0 49
9 58 58 84 52 27 92 28 87 41 53 0 41
9 54 55 61 53 87 68 69 66 83 69 0 41
10 84 46 37 47 47 99 95 34 82 60 0 48
5 42 29 41 85 97 75 63 53 51 23 0 21
8 69 68 72 49 33 80 63 43 83 73 0 40
3 81 94 24 87 30 30 89 69 76 85 0 13
7 71 33 68 97 47 66 76 36 99 34 0 31
9 94 40 81 97 30 42 96 39 30 23 0 44
3 68 91 33 87 47 56 29 83 73 51 0 14
6 72 55 83 74 76 92 84 22 91 83 0 30
7 53 80 51 81 26 60 56 97 99 73 0 32
6 47 22 49 80 26 85 72 93 31 57 0 26
4 50 98 21 45 60 26 87 31 43 72 0 16
6 90 71 32 22 42 86 39 75 36 93 0 26
7 89 62 61 62 59 36 89 46 65 62 0 33
9 80 90 43 52 26 54 53 92 99 86 0 41
7 45 47 94 30 70 80 83 35 29 64 0 32
3 33 97 53 80 48 76 92 29 83 39 0 14
8 59 39 69 70 64 67 25 49 32 22 0 40
9 64 65 87 82 58 40 70 90 20 39 0 42
10 45 37 51 95 74 95 67 79 94 38 0 49
3 49 97 47 93 73 31 23 39 41 51 0 14
7 57 36 47 54 54 24 81 80 36 60 0 31
4 43 22 38 92 89 66 66 96 69 81 0 18
6 22 49 59 28 99 27 49 37 46 71 0 28
9 96 45 71 25 60 28 70 51 98 24 0 41
3 23 33 24 83 28 30 24 32 21 24 0 12
2 78 43 97 25 42 45 58 69 97 43 0 10
5 60 71 98 73 76 47 42 22 88 34 0 23
4 45 33 78 58 86 57 91 27 81 56 0 18
9 96 88 81 81 76 32 87 60 41 98 0 43
9 88 48 56 98 69 47 69 63 97 47 0 41
8 28 63 100 93 71 67 37 76 87 22 0 38
7 36 22 56 25 34 27 67 54 35 43 0 33
9 33 60 68 54 77 35 97 54 55 22 0 41
9 29 47 60 61 87 80 47 96 47 74 0 41
9 42 22 95 82 54 50 44 59 52 32 0 42
6 94 70 48 85 43 59 93 21 57 49 0 28
3 83 23 99 73 97 77 92 22 64 48 0 15
3 95 87 54 76 96 20 60 29 96 96 0 15
8 74 85 67 62 94 46 74 86 23 59 0 38
8 64 37 36 23 91 42 36 72 73 48 0 39
6 28 72 73 91 84 92 83 65 95 96 0 29
10 89 24 71 89 24 97 75 79 77 27 0 46
9 40 48 65 38 23 33 62 75 40 44 0 41
4 49 84 72 68 94 97 61 71 35 74 0 19
8 81 64 71 42 59 38 36 27 57 72 0 36
5 98 86 50 56 81 34 33 73 48 61 0 22
8 63 34 99 45 69 68 57 87 99 68 0 40
3 78 68 75 84 75 50 72 84 24 25 0 14
6 58 44 74 59 89 49 86 25 55 32 0 30
3 75 64 81 26 43 40 54 33 20 87 0 12
6 45 72 85 71 55 23 83 71 70 69 0 29
4 49 88 64 99 82 40 96 59 32 95 0 16
9 94 34 32 65 54 24 73 55 39 84 0 41
10 31 37 48 94 38 32 28 58 41 69 0 46
3 73 87 90 72 40 98 63 23 85 87 0 11
10 55 74 96 83 32 53 58 31 62 31 0 47
5 33 67 91 81 28 68 32 59 50 57 0 22
9 31 97 98 69 68 47 74 95 44 57 0 42
5 23 32 43 20 56 51 63 64 88 79 0 23
7 25 30 48 45 87 41 83 69 28 24 0 31
8 70 96 61 83 36 90 35 84 27 68 0 39
8 50 66 47 40 81 33 84 81 90 28 0 38
3 34 97 51 46 25 95 89 99 73 91 0 14
8 52 44 52 56 21 38 48 86 45 44 0 40
8 87 60 78 73 61 33 34 65 73 87 0 40
8 55 35 78 31 32 95 24 34 36 29 0 40
3 32 49 99 24 92 70 69 84 34 40 0 12
3 36 44 99 31 76 40 80 41 21 88 0 14
8 99 63 45 36 24 58 38 26 72 86 0 38
6 45 94 66 92 52 82 49 77 55 88 0 29
10 35 98 73 41 68 91 93 80 98 72 0 50
5 65 32 68 41 56 51 86 67 50 95 0 21
10 58 98 44 39 57 28 64 90 35 84 0 46
10 62 75 40 78 60 59 87 29 57 70 0 50
7 76 64 40 51 91 42 32 70 81 73 0 35
4 65 93 33 35 88 73 80 31 92 33 0 19
2 27 23 97 54 78 87 77 54 64 78 0 10
3 51 46 43 88 83 92 55 73 95 73 0 14
7 53 80 53 44 79 82 43 75 26 28 0 34
2 82 57 82 24 86 47 91 33 70 62 0 10
9 85 29 69 25 87 82 72 40 87 39 0 44
4 24 80 75 77 40 51 87 50 99 62 0 20
5 68 73 87 42 44 37 23 92 96 89 0 22
9 52 29 82 69 78 88 27 67 96 76 0 41
8 53 25 31 99 29 32 90 31 73 78 0 38
5 28 82 25 87 79 91 34 28 54 59 0 21
4 24 37 94 37 75 29 82 48 29 37 0 19
5 61 41 53 46 54 26 71 80 74 27 0 23
8 44 56 59 84 64 48 26 86 93 69 0 36
8 67 58 30 66 34 41 58 40 87 46 0 38
6 69 97 95 46 34 48 75 39 52 74 0 29
5 91 43 52 75 78 73 34 73 61 45 0 21
9 22 67 99 76 22 28 62 22 57 75 0 41
8 85 50 64 80 99 54 80 97 40 40 0 37
7 56 60 98 91 61 20 78 38 54 88 0 34
9 81 91 54 25 32 84 40 30 73 86 0 41
7 48 94 98 97 85 85 94 75 42 30 0 32
7 34 48 45 21 73 65 89 30 56 91 0 31
4 32 98 76 29 36 54 28 22 80 25 0 20
5 52 23 25 37 88 29 66 50 60 55 0 22
4 79 99 22 87 92 47 64 59 29 41 0 20
3 64 56 99 62 64 36 59 25 53 75 0 11
5 37 86 64 26 35 43 92 91 79 72 0 23
3 36 26 42 51 36 82 68 40 52 42 0 13
7 32 99 69 22 74 54 92 41 31 50 0 32
3 79 83 78 35 61 62 23 56 85 97 0 13
5 78 29 89 86 89 69 63 48 29 65 0 23
8 87 92 48 53 81 27 28 22 38 30 0 36
6 94 84 37 73 28 30 71 33 57 77 0 30
7 25 34 36 81 48 81 92 85 87 36 0 35
9 62 80 82 88 44 51 66 78 91 53 0 44
4 62 37 89 71 74 87 60 40 83 75 0 20
6 85 49 74 83 97 46 91 72 69 55 0 28
6 37 60 43 64 76 55 41 36 64 74 0 30
4 62 32 67 81 83 74 30 52 48 39 0 18
7 61 92 35 35 69 62 36 27 93 89 0 35
7 84 46 90 59 88 72 39 77 72 53 0 35
9 22 48 50 82 65 22 86 68 38 37 0 41
8 96 61 98 27 34 77 34 67 69 30 0 37
10 89 43 50 52 52 51 68 22 89 60 0 50
8 93 89 99 73 63 59 95 21 66 87 0 37
6 50 61 21 95 35 26 80 30 75 68 0 27
7 31 77 53 35 58 76 45 59 50 55 0 34
10 30 98 73 39 67 70 21 29 55 43 0 46
2 50 60 44 78 34 44 64 62 31 82 0 10
5 34 99 65 93 41 54 77 21 66 59 0 22
3 38 41 40 29 29 99 91 51 90 51 0 11
5 38 38 38 52 83 78 33 48 38 44 0 25
8 24 66 98 52 21 41 75 35 32 88 0 40
3 82 40 86 46 82 43 51 60 72 96 0 15
6 36 54 23 58 28 75 90 73 48 25 0 28
4 31 66 20 24 58 55 90 57 65 32 0 17
10 41 88 25 74 95 26 89 51 78 94 0 49
3 47 56 78 85 92 45 43 57 73 92 0 13
10 77 59 87 30 71 95 82 29 56 85 0 46
8 61 43 75 31 56 56 53 45 25 33 0 36
3 26 62 97 79 68 85 59 48 25 32 0 13
10 39 80 55 25 99 87 39 78 36 21 0 50
4 72 33 85 64 74 63 32 25 80 20 0 18
4 98 75 68 37 43 92 70 81 88 54 0 17
5 95 63 68 98 40 37 91 78 90 32 0 21
8 74 24 44 49 70 88 92 77 53 93 0 36
7 92 76 26 38 34 21 52 28 93 79 0 35
5 44 36 30 90 93 65 93 41 69 87 0 22
4 97 57 20 26 54 85 50 89 39 21 0 17
5 84 95 72 54 77 43 48 55 45 94 0 22
4 94 56 70 32 80 34 94 89 78 90 0 19
8 62 72 81 96 95 58 66 76 85 71 0 36
7 41 30 62 79 47 74 86 43 22 29 0 33
7 59 25 42 93 67 90 65 90 91 23 0 33
5 87 33 58 80 76 43 26 80 50 76 0 22
5 47 74 93 65 69 53 97 86 67 24 0 21
10 78 72 30 71 31 85 34 34 53 22 0 49
6 53 72 83 85 39 98 86 90 50 68 0 26
3 46 30 97 97 54 90 20 87 27 92 0 13
7 63 23 64 68 72 46 41 24 77 84 0 31
10 97 95 30 45 31 86 82 64 44 65 0 48
10 33 53 77 52 52 84 31 51 80 23 0 50
8 66 87 32 51 22 39 40 59 43 84 0 39
2 26 57 29 28 52 37 67 76 62 98 0 10
7 21 93 38 54 35 45 50 85 99 45 0 34
4 60 53 25 21 26 24 96 33 47 47 0 16
3 96 37 45 56 51 54 35 83 86 67 0 11
7 23 96 66 54 75 70 99 82 26 31 0 32
10 27 52 84 50 36 81 49 40 41 99 0 47
9 54 32 36 76 67 28 89 89 88 34 0 42
10 41 23 69 92 29 42 94 64 42 44 0 50
4 93 36 24 41 59 32 41 48 48 25 0 20
9 65 72 29 73 44 74 48 74 71 53 0 45
2 96 51 56 28 37 90 50 27 81 79 0 10
4 27 94 46 37 44 31 69 26 77 84 0 19
7 34 91 77 98 96 45 37 29 100 55 0 35
5 74 27 70 59 25 50 94 91 82 68 0 23
5 72 51 28 52 53 89 73 95 26 42 0 24
5 27 83 92 78 71 94 46 82 27 24 0 24
4 59 64 22 50 44 70 98 29 70 72 0 20
7 50 91 58 49 97 72 64 25 31 64 0 33
9 76 87 45 26 91 37 45 30 24 69 0 42
5 86 96 45 49 29 96 75 71 61 76 0 24
4 27 84 21 78 38 38 78 35 38 59 0 19
8 65 49 61 64 34 94 45 31 83 94 0 40
3 27 38 96 81 47 69 92 76 75 71 0 14
3 26 42 23 39 23 59 37 93 98 49 0 11
4 81 84 85 37 61 52 20 40 87 47 0 19
4 87 78 55 88 69 51 94 34 27 38 0 16
4 69 88 45 94 83 68 94 46 23 39 0 17
10 44 83 61 95 35 92 78 100 51 79 0 49
4 85 54 33 33 56 41 50 53 53 86 0 16
8 43 53 53 67 36 31 75 59 79 50 0 39
4 80 46 59 32 77 93 52 96 90 64 0 18
9 54 90 43 86 56 90 21 35 70 67 0 43
5 89 62 84 69 99 31 40 44 22 27 0 21
10 87 85 58 90 21 62 50 80 25 99 0 49
6 41 64 31 92 47 38 73 100 53 61 0 27
7 57 91 55 76 63 39 32 29 52 75 0 33
7 71 45 59 27 21 85 78 63 64 47 0 31
5 66 51 53 20 87 33 77 46 93 92 0 24
10 84 40 60 48 90 53 21 22 42 46 0 46
10 75 59 52 97 32 23 96 94 86 30 0 50
10 46 29 55 36 58 63 44 39 22 79 0 48
6 63 80 67 76 34 45 61 26 31 60 0 29
6 95 24 61 93 38 47 94 93 88 51 0 26
8 97 88 23 89 24 56 76 45 82 34 0 40
9 37 64 66 93 46 96 35 21 63 71 0 45
8 87 47 36 73 68 87 84 68 75 83 0 38
3 72 82 63 91 33 52 25 70 38 94 0 14
7 24 69 27 93 38 95 29 94 89 25 0 32
2 28 32 39 43 46 60 95 39 84 30 0 10
5 38 99 24 84 40 76 35 46 27 23 0 22
4 31 86 81 59 32 72 27 90 36 56 0 16
10 87 96 77 71 95 67 81 22 76 89 0 46
5 99 31 57 88 95 61 73 74 91 89 0 24
7 84 38 50 79 97 75 69 99 68 50 0 31
4 56 34 42 76 74 73 46 50 29 35 0 19
6 54 40 78 60 70 94 24 27 87 44 0 29
6 20 76 64 57 42 29 93 66 59 80 0 28
4 32 49 54 49 74 38 65 92 83 61 0 19
5 42 92 25 75 69 70 95 42 93 59 0 25
5 85 91 89 89 43 70 51 73 37 32 0 24
3 38 89 72 86 72 35 90 85 66 41 0 14
3 72 66 58 72 40 84 99 97 59 97 0 15
10 55 92 56 41 93 27 91 36 43 70 0 48
5 70 34 53 86 27 30 34 73 92 94 0 21
8 36 45 71 97 55 69 28 30 68 84 0 39
7 64 27 39 89 51 46 100 42 39 94 0 32
3 51 50 56 90 88 67 94 52 33 83 0 14
9 45 74 71 95 73 25 72 86 89 74 0 42
3 23 65 22 75 46 22 47 71 31 63 0 14
9 50 81 76 66 82 60 48 61 74 30 0 41
7 29 91 34 58 80 58 52 31 70 38 0 33
9 99 90 95 38 81 81 66 56 45 59 0 43
9 91 82 35 52 96 46 55 37 33 71 0 45
5 83 36 49 66 46 40 59 91 67 68 0 25
3 61 62 86 92 54 69 92 29 33 75 0 13
6 53 71 61 60 21 42 96 88 65 83 0 30
7 61 36 57 68 29 87 38 28 46 36 0 32
5 22 55 69 85 79 36 78 74 38 85 0 23
4 24 37 70 39 66 56 22 44 58 74 0 20
4 80 57 59 64 68 33 34 34 78 91 0 20
6 56 21 66 29 81 46 47 78 35 23 0 29
3 25 42 77 80 60 84 98 76 92 83 0 11
9 76 29 35 36 47 42 82 58 53 37 0 43
8 88 74 53 29 92 64 21 86 63 60 0 36
4 76 48 63 53 96 80 96 55 84 30 0 20
4 57 40 96 66 87 97 69 70 32 86 0 16
6 21 89 82 86 87 44 46 62 34 37 0 26
3 31 72 83 59 20 61 24 55 59 36 0 12
4 77 35 91 69 61 84 91 92 33 47 0 18
2 89 40 55 43 31 91 92 58 65 32 0 10
8 56 60 21 61 29 96 58 53 82 62 0 37
8 34 90 89 51 76 90 74 37 71 31 0 40
9 20 24 35 59 25 71 44 69 58 50 0 42
8 52 28 22 70 49 98 72 90 91 46 0 40
8 41 76 67 68 90 38 86 66 36 84 0 38
5 50 70 91 36 53 63 39 92 86 29 0 24
4 30 98 53 87 96 81 86 63 31 99 0 16
8 52 46 94 70 64 39 61 78 99 33 0 37
4 63 25 80 57 90 84 51 23 71 39 0 18
5 79 67 49 47 37 48 66 74 66 84 0 21
4 94 95 85 89 70 98 29 56 87 69 0 18
9 49 42 46 34 26 39 95 86 55 64 0 43
5 26 96 26 65 29 24 45 79 79 95 0 21
9 39 37 48 44 42 63 57 90 73 33 0 42
9 85 54 21 77 55 79 41 52 28 53 0 43
6 94 75 82 83 88 50 52 55 36 44 0 28
6 24 75 49 51 25 68 77 59 57 48 0 27
5 64 88 70 41 24 34 31 24 87 61 0 21
2 97 26 44 24 59 29 56 32 55 46 0 10
10 42 42 59 48 48 81 74 41 83 59 0 48
3 70 27 84 70 24 91 45 31 51 41 0 11
8 52 26 87 93 53 60 54 45 33 60 0 37
8 41 56 50 21 85 96 99 82 87 84 0 40
6 32 57 32 47 93 87 71 69 27 37 0 27
9 69 41 92 63 90 70 25 27 73 90 0 45
4 94 78 72 35 65 99 34 88 27 61 0 18
8 62 89 93 41 81 64 83 61 98 67 0 38
2 60 83 26 95 76 48 83 54 96 29 0 10
6 39 79 82 89 72 28 27 57 38 70 0 30
5 40 68 57 90 57 50 69 22 81 21 0 21
10 36 39 67 34 44 79 40 95 34 53 0 47
6 74 89 59 26 82 38 99 87 64 98 0 27
8 87 40 69 47 34 27 38 47 86 97 0 37
5 94 97 63 22 37 51 49 87 93 26 0 24
3 38 91 38 66 89 42 78 58 97 64 0 13
8 42 77 28 63 91 44 88 32 40 82 0 37
5 58 41 87 95 91 87 64 36 69 51 0 25
10 80 82 89 37 40 89 59 98 79 83 0 49
3 63 42 45 76 80 31 80 30 32 86 0 14
9 89 41 84 47 76 97 25 97 70 20 0 43
7 43 32 46 83 72 87 38 33 93 24 0 35
7 24 53 32 96 51 58 51 95 64 94 0 35
3 86 21 36 51 47 44 33 51 85 61 0 14
5 71 46 72 60 49 54 86 30 88 22 0 23
3 23 48 43 61 95 30 32 33 43 54 0 15
3 78 57 33 79 29 73 31 94 29 93 0 15
4 41 88 81 32 53 79 79 30 86 86 0 16
8 30 21 20 57 26 75 61 27 44 78 0 37
5 72 36 26 59 91 57 63 53 49 77 0 24
7 84 47 46 25 22 71 66 74 30 83 0 35
4 38 57 27 72 77 47 50 59 61 80 0 17
10 31 45 99 58 63 35 44 83 36 99 0 46
4 74 41 81 67 57 96 36 73 52 21 0 20
10 33 29 69 49 24 67 54 90 94 43 0 48
9 88 96 59 96 72 99 28 51 99 29 0 42
8 55 22 24 22 95 70 47 73 21 42 0 40
3 69 92 33 27 79 95 89 88 48 48 0 14
6 87 68 24 81 40 26 47 68 36 45 0 30
9 83 50 63 91 36 56 79 48 70 42 0 41
8 77 71 43 68 89 31 44 23 84 99 0 37
6 43 88 89 25 80 73 63 89 32 32 0 30
6 73 82 71 56 61 91 39 83 28 89 0 29
6 65 27 33 37 28 93 92 76 93 68 0 27
8 54 32 22 43 62 88 57 28 56 89 0 39
3 31 37 51 58 42 24 83 82 63 83 0 13
10 28 90 83 92 61 22 84 54 45 88 0 49
6 35 91 59 48 85 72 28 39 69 87 0 28
3 97 83 35 31 53 56 58 52 82 42 0 14
3 38 59 28 56 85 68 55 96 94 97 0 11
10 87 64 25 52 70 42 22 96 61 82 0 46
6 23 51 56 24 53 29 81 42 44 76 0 28
3 52 60 52 56 49 51 25 35 24 44 0 13
3 22 30 38 32 49 42 42 55 49 68 0 13
3 89 25 36 88 86 89 28 20 52 61 0 15
5 92 92 38 85 54 57 57 46 76 92 0 23
8 79 84 60 51 50 40 80 78 99 90 0 38
8 88 46 89 82 88 81 30 49 75 24 0 36
9 36 84 27 53 76 47 35 45 64 69 0 41
10 73 26 48 29 37 87 78 79 82 30 0 47
3 83 21 94 81 28 37 97 92 73 25 0 14
6 48 44 35 34 31 64 53 93 38 93 0 28
10 49 20 86 52 48 99 62 88 69 60 0 49
5 63 23 48 83 30 27 64 69 94 44 0 24
9 49 32 60 94 69 54 38 39 83 67 0 45
7 39 40 78 71 66 51 32 80 98 24 0 35
4 47 72 69 95 87 46 57 76 53 49 0 17
7 66 26 27 30 89 78 94 56 92 70 0 35
3 93 91 81 24 78 27 29 41 22 22 0 14
8 51 89 21 61 98 30 60 78 51 96 0 38
6 68 32 33 41 74 75 36 29 52 55 0 26
3 83 98 57 81 37 87 27 29 51 75 0 11
6 55 99 42 57 70 20 80 62 97 43 0 28
10 49 36 95 31 90 87 72 70 21 82 0 49
6 94 58 68 93 92 70 79 45 25 69 0 27
7 41 20 64 70 94 21 54 79 76 32 0 32
5 59 81 93 76 88 36 27 28 32 54 0 22
5 91 36 94 90 89 83 63 55 69 94 0 22
4 99 82 70 38 68 64 50 96 38 90 0 18
4 24 51 68 46 90 77 42 42 90 91 0 19
7 72 62 29 31 59 73 54 80 72 82 0 31
8 24 64 87 62 49 29 79 73 57 28 0 36
9 86 59 46 58 94 82 47 61 66 35 0 41
6 23 66 86 35 53 82 85 34 82 98 0 27
3 64 84 68 87 69 46 33 39 59 93 0 15
4 32 30 64 68 65 86 35 22 65 54 0 18
6 99 81 87 42 63 25 93 30 76 83 0 27
6 32 68 42 68 22 85 83 45 45 94 0 27
10 85 48 98 68 98 33 43 65 22 42 0 49
6 67 38 29 55 83 26 60 23 26 57 0 28
8 22 31 42 69 99 55 61 24 77 93 0 36
5 63 91 93 46 97 60 78 49 63 44 0 23
2 40 36 75 49 94 62 44 60 80 33 0 10
6 33 44 25 48 22 78 27 79 55 89 0 29
10 73 39 70 68 31 96 50 39 71 70 0 48
6 65 65 56 24 48 73 21 43 35 61 0 28
4 70 48 68 27 25 62 59 82 80 44 0 17
6 46 77 62 72 51 74 84 29 76 28 0 30
9 76 30 23 56 48 93 72 32 61 28 0 45
10 71 47 80 74 78 26 34 21 89 55 0 49
9 29 62 46 98 87 34 92 80 95 71 0 45
2 61 71 83 62 95 51 43 89 31 57 0 10
4 51 86 25 61 48 69 93 99 71 99 0 16
6 93 84 80 26 87 58 39 97 34 55 0 30
9 57 22 53 96 22 58 37 62 25 52 0 41
7 81 79 67 72 40 86 40 95 85 79 0 35
9 85 67 44 87 96 71 82 26 88 66 0 43
3 76 38 86 74 63 72 62 44 77 61 0 12
10 76 41 75 96 97 84 41 71 63 84 0 49
7 42 82 28 91 52 30 57 98 94 53 0 31
5 31 59 38 91 73 29 55 84 32 66 0 22
5 94 35 39 97 72 49 73 36 51 92 0 23
10 69 37 23 63 67 75 58 38 84 39 0 47
5 76 89 56 47 49 64 91 67 48 56 0 24
8 97 29 29 99 45 50 42 98 76 64 0 36
3 55 67 34 51 92 43 59 87 89 32 0 13
7 20 77 40 63 78 52 44 32 43 42 0 32
10 58 51 80 67 39 57 47 93 99 56 0 49
3 87 35 94 50 71 69 89 48 77 25 0 14
4 76 95 52 69 30 66 72 93 56 84 0 20
8 80 32 74 44 35 99 93 24 96 61 0 39
6 43 84 63 21 88 39 47 76 94 30 0 30
6 89 62 38 71 82 81 81 24 47 36 0 29
6 89 51 64 37 30 93 81 99 66 25 0 26
9 42 39 74 46 48 23 57 33 84 41 0 45
5 44 99 66 96 94 57 58 90 20 97 0 24
5 89 90 90 72 53 33 66 70 87 39 0 23
5 63 60 96 43 62 84 77 53 44 81 0 25
7 38 20 79 77 85 42 99 79 54 92 0 35
5 56 76 36 33 37 51 76 66 99 94 0 24
10 43 23 49 80 62 47 76 88 51 83 0 49
8 29 77 88 67 88 76 36 54 48 51 0 40
10 62 94 24 26 39 49 26 68 29 77 0 46
7 72 41 50 70 84 67 50 38 27 97 0 32
3 72 93 55 86 21 43 34 21 92 46 0 12
7 42 29 34 65 72 40 86 51 50 22 0 31
5 80 63 83 56 25 76 43 56 75 39 0 23
4 55 63 28 70 68 29 88 90 40 57 0 20
8 77 36 38 28 56 23 92 82 47 82 0 37
4 64 30 62 24 49 82 95 52 93 41 0 16
5 61 79 88 57 45 83 28 48 22 74 0 21
5 91 84 54 29 45 83 47 54 69 26 0 23
7 77 25 32 59 94 92 46 99 20 61 0 33
3 34 73 69 49 68 69 89 90 38 92 0 11
10 24 33 56 38 59 22 88 38 81 24 0 50
5 83 62 48 26 55 73 77 63 68 39 0 23
9 37 55 77 68 20 21 56 58 95 95 0 42
8 45 20 46 40 55 77 97 59 83 56 0 36
7 44 54 76 92 59 35 62 67 57 99 0 32
5 97 47 41 49 57 28 49 51 20 20 0 24
5 79 71 22 29 81 39 65 66 50 76 0 24
5 28 48 85 57 57 45 71 56 67 35 0 23
5 57 99 52 29 36 58 49 27 45 33 0 24
10 44 48 58 59 58 54 96 47 37 44 0 50
8 83 32 21 29 76 79 55 90 54 81 0 37
4 36 23 60 23 83 74 27 81 82 51 0 20
4 43 63 56 96 53 84 30 94 30 33 0 20
7 81 35 78 58 57 94 79 81 48 63 0 35
9 53 25 96 53 65 52 94 74 35 47 0 43
5 34 92 23 34 42 49 49 97 62 62 0 22
10 29 87 70 44 83 89 25 60 27 67 0 47
10 51 98 39 40 35 89 54 38 37 94 0 48
5 29 29 88 73 68 43 39 45 84 93 0 23
3 81 35 73 90 82 21 38 50 100 51 0 14
4 55 95 21 96 70 67 29 85 71 78 0 17
7 76 27 68 82 41 98 20 43 63 45 0 31
4 59 98 40 71 81 87 65 60 77 91 0 17
6 85 90 65 43 65 33 99 33 67 75 0 26
7 38 93 74 53 83 84 31 47 28 85 0 34
4 25 27 95 65 37 20 80 61 28 72 0 17
10 70 38 80 28 92 22 66 74 79 20 0 48
5 59 60 65 36 96 51 34 66 78 64 0 23
9 85 78 31 74 49 82 55 93 50 37 0 43
9 27 61 46 73 76 51 23 82 57 41 0 45
5 42 88 53 86 78 32 79 82 34 65 0 24
4 23 97 77 42 75 86 69 78 89 20 0 16
6 53 96 27 49 21 79 45 55 29 87 0 27
8 68 20 65 23 31 95 97 97 83 37 0 40
4 21 43 32 51 47 37 34 77 37 21 0 17
3 77 40 60 92 94 84 78 79 32 97 0 14
10 82 82 63 89 43 75 91 59 40 91 0 50
6 94 35 79 77 93 78 55 61 58 67 0 28
9 95 56 25 37 82 33 71 86 61 48 0 44
8 58 72 95 79 81 31 46 75 39 58 0 39
9 56 92 72 27 86 90 73 47 38 60 0 41
8 29 98 82 56 56 22 77 29 55 89 0 36
10 61 66 36 32 80 92 35 70 79 23 0 46
7 26 52 85 22 30 98 97 76 94 80 0 33
9 85 64 25 56 95 31 44 73 58 54 0 42
8 62 21 76 67 91 25 46 48 41 83 0 36
9 57 30 81 100 30 21 31 31 74 36 0 45
8 71 66 32 88 51 69 93 96 37 76 0 39
9 92 21 81 21 21 48 86 66 69 23 0 43
2 54 33 73 46 87 36 38 96 95 97 0 10
2 80 28 58 44 64 27 67 85 32 40 0 10
8 43 53 65 88 86 65 22 79 59 25 0 39
3 34 44 91 30 90 84 31 39 87 93 0 15
4 90 86 62 48 68 79 54 86 95 27 0 20
2 86 58 76 51 77 98 91 56 34 55 0 10
8 52 35 27 89 88 87 51 82 87 87 0 38
7 58 46 94 65 66 54 29 83 49 50 0 32
5 81 33 41 68 50 54 73 25 41 89 0 23
6 40 82 83 42 21 73 23 87 89 92 0 27
3 73 76 88 22 26 34 55 53 23 45 0 15
5 87 92 52 66 58 80 44 32 91 97 0 23
7 69 82 88 50 95 25 57 38 52 95 0 34
8 30 55 71 60 75 31 54 78 49 99 0 39
6 40 50 97 40 78 45 92 76 66 81 0 29
5 82 58 83 52 76 21 74 29 90 66 0 23
8 57 79 61 21 27 61 62 82 32 54 0 40
7 53 33 87 91 61 62 34 87 91 40 0 31
10 86 75 23 42 63 89 64 22 55 80 0 46
3 86 74 37 75 87 94 33 40 32 49 0 11
5 39 63 78 37 43 95 46 78 36 76 0 22
4 29 36 45 56 81 31 68 65 64 57 0 20
6 25 23 95 60 47 31 55 83 69 74 0 30
7 100 60 100 99 73 78 50 77 73 76 0 33
7 89 96 79 99 52 24 29 36 93 64 0 35
4 24 77 48 35 98 79 82 24 74 99 0 19
7 23 37 30 94 82 59 73 63 93 91 0 34
5 85 42 27 42 23 78 28 84 60 85 0 24
5 73 21 44 28 30 70 79 21 76 51 0 25
3 31 50 93 21 33 83 82 94 40 92 0 14
9 95 39 96 39 47 33 29 54 90 43 0 45
5 32 31 46 64 66 38 85 24 94 54 0 24
2 29 44 26 64 45 45 23 81 87 85 0 10
3 32 78 71 36 89 86 23 55 68 37 0 12
3 54 97 20 48 39 96 76 51 62 53 0 13
3 69 60 36 92 34 47 95 75 75 54 0 13
8 89 51 52 31 58 76 62 98 63 22 0 39
9 36 69 35 25 97 45 36 51 40 51 0 44
5 63 56 96 90 36 64 70 92 85 22 0 23
4 61 32 29 55 29 96 57 45 78 95 0 19
10 48 69 69 98 34 69 49 91 53 71 0 47
5 51 93 43 21 67 72 26 82 60 61 0 24
10 88 26 96 29 80 42 90 80 34 67 0 49
2 66 42 35 80 76 76 80 44 50 77 0 10
4 32 88 43 92 65 63 48 41 79 93 0 19
10 26 74 47 67 40 35 48 50 62 67 0 47
3 48 73 31 70 31 46 84 94 27 61 0 15
7 81 43 33 22 36 23 51 35 66 59 0 31
5 72 43 67 56 72 76 82 60 75 30 0 21
8 44 74 94 34 58 86 36 32 82 24 0 36
7 89 69 73 95 23 27 52 33 48 51 0 31
6 70 28 82 67 37 94 71 70 66 50 0 27
8 49 75 69 84 66 52 73 41 68 95 0 38
4 47 24 80 44 97 60 21 56 91 27 0 18
5 89 58 44 41 78 50 83 30 22 39 0 22
7 94 94 43 45 23 73 88 50 51 22 0 33
3 57 98 95 87 47 80 62 92 54 33 0 15
6 52 42 99 74 73 86 44 92 78 94 0 28
4 38 82 88 63 52 21 31 42 30 23 0 17
9 74 86 48 31 24 81 28 53 34 45 0 44
3 99 37 65 90 42 34 78 35 21 31 0 15
9 61 36 35 71 96 78 82 70 57 81 0 42
8 32 33 97 70 29 67 81 71 76 51 0 36
8 47 82 81 99 51 42 29 41 61 37 0 38
10 61 23 69 81 72 48 99 27 40 48 0 46
7 57 22 58 70 34 24 67 59 63 87 0 32
2 78 65 84 32 21 82 36 84 28 32 0 10
10 36 37 52 81 55 41 54 31 41 92 0 49
6 24 87 50 80 76 30 71 52 82 72 0 29
7 62 43 98 34 64 78 67 40 82 77 0 33
3 25 99 40 84 58 50 47 88 83 61 0 12
6 96 29 62 53 66 59 64 36 93 31 0 27
9 54 82 44 34 79 30 44 67 62 91 0 45
5 56 34 28 54 36 38 31 63 91 79 0 22
6 49 35 84 27 42 61 49 96 78 33 0 29
6 67 24 45 22 27 85 60 43 94 83 0 27
3 87 64 33 39 69 74 56 58 72 90 0 13
10 74 40 97 31 94 30 98 70 21 58 0 49
6 42 65 54 78 67 81 78 44 31 59 0 27
8 36 46 38 32 81 28 70 59 58 83 0 37
9 85 68 94 37 80 71 55 73 91 62 0 45
3 40 52 61 49 92 86 85 90 57 63 0 14
8 60 80 60 43 26 54 71 21 80 76 0 38
10 79 61 59 57 96 45 51 61 68 50 0 48
4 37 33 66 70 72 40 67 59 21 81 0 16
5 97 89 30 88 37 65 73 62 51 33 0 22
10 70 73 82 55 86 79 27 77 20 41 0 50
10 27 21 56 79 23 67 78 90 44 55 0 46
7 73 74 26 61 65 82 82 66 94 83 0 33
6 88 45 35 58 92 33 65 66 23 35 0 26
7 29 46 73 36 85 50 23 38 57 57 0 31
4 26 66 65 95 49 37 71 48 61 53 0 16
4 61 50 52 75 74 94 78 39 57 29 0 19
2 36 21 39 58 57 75 42 32 94 55 0 10
9 76 47 55 37 25 74 53 88 23 98 0 43
8 36 64 24 33 96 35 42 29 60 81 0 40
10 53 71 38 43 68 31 75 59 57 69 0 50
5 72 44 67 59 71 30 96 79 34 35 0 22
10 83 46 60 66 27 96 84 84 86 31 0 50
3 76 46 50 67 87 43 39 21 95 97 0 14
3 53 96 60 86 84 52 20 49 26 47 0 13
7 76 42 73 58 83 37 28 39 82 81 0 33
4 57 29 31 36 70 47 50 51 24 38 0 20
6 39 87 63 86 70 73 20 73 54 34 0 28
6 62 64 50 62 53 22 65 35 42 22 0 26
3 36 21 41 90 95 41 51 94 49 78 0 15
6 77 61 89 88 78 52 70 24 86 36 0 26
9 48 47 70 53 79 54 51 29 42 20 0 44
10 99 36 76 74 94 38 69 36 86 73 0 47
3 34 65 38 67 59 41 89 90 27 48 0 12
7 88 39 46 95 69 96 66 37 77 24 0 34
5 41 37 96 83 21 73 72 49 48 58 0 25
3 55 27 68 75 50 71 87 93 84 76 0 11
9 56 93 51 38 71 61 64 67 40 32 0 41
9 71 21 76 69 86 99 25 80 42 60 0 41
3 81 61 46 63 60 64 78 58 71 68 0 11
9 74 52 38 44 87 83 96 32 36 83 0 42
10 43 29 87 73 89 41 99 31 25 70 0 48
5 34 84 89 87 54 46 59 34 83 65 0 22
7 88 92 74 78 37 43 43 75 95 20 0 35
4 73 70 95 28 94 43 32 87 53 61 0 19
3 86 29 33 28 60 44 32 78 42 26 0 15
10 20 24 73 87 29 42 62 28 66 49 0 50
4 46 100 25 99 29 70 73 26 50 85 0 16
3 58 31 92 36 92 87 91 37 78 32 0 13
6 76 88 70 32 35 99 62 88 68 57 0 26
5 48 74 47 70 48 25 52 75 31 88 0 23
3 90 89 76 34 41 60 36 45 95 77 0 13
4 47 48 68 42 60 88 95 30 76 41 0 16
8 45 51 32 87 25 39 69 57 34 64 0 36
9 29 91 68 87 48 65 91 36 39 51 0 42
7 60 71 38 48 98 21 57 73 56 91 0 34
10 23 54 43 45 22 79 87 97 85 80 0 50
8 36 59 26 27 82 28 49 75 52 77 0 40
8 88 93 38 34 43 53 73 82 68 22 0 36
9 49 91 31 64 79 49 39 53 63 65 0 42
6 24 59 98 68 50 90 35 97 27 54 0 28
9 57 59 94 93 57 60 32 54 51 28 0 43
2 99 69 63 58 35 85 30 42 81 46 0 10
8 28 82 37 37 47 51 51 91 77 80 0 39
3 28 56 100 21 28 64 61 98 73 77 0 11
9 38 44 60 70 46 87 27 83 63 69 0 42
6 49 44 73 38 86 71 71 31 78 87 0 27
10 26 71 76 54 45 47 60 67 25 96 0 49
6 26 30 56 62 79 94 59 58 62 67 0 27
3 57 74 21 21 78 68 51 77 60 62 0 13
3 32 48 65 29 77 93 30 44 85 81 0 11
8 60 93 99 35 82 21 37 67 82 66 0 39
8 96 41 33 21 23 88 78 34 40 55 0 36
9 99 65 81 35 35 30 58 28 38 72 0 44
235 212 133 236 185
111 166 208 237 283
113 154 195 228 270
115 148 185 242 283
121 163 199 232 274
115 179 212 221 270
126 148 218 226 269
133 172 187 235 270
103 179 203 259 264
122 167 180 231 261
113 168 213 235 277
103 145 214 257 294
117 167 197 255 298
133 148 215 222 283
128 163 194 225 268
130 178 205 227 296
119 159 195 244 283
106 142 205 243 262
101 151 217 225 279
100 166 220 240 281
121 174 217 254 268
112 164 185 260 272
118 147 191 255 281
137 168 202 240 261
139 161 219 240 288
123 158 186 260 300
121 166 190 256 287
121 142 212 259 299
135 144 186 249 297
135 171 191 251 284
122 150 207 223 277
125 156 201 251 297
133 157 207 236 277
114 145 190 237 282
132 145 201 225 296
121 157 204 241 267
136 166 220 249 293
139 176 201 251 289
140 171 194 241 300
108 140 183 235 268
104 180 205 236 262
121 140 187 240 288
129 149 193 230 283
138 164 186 238 287
114 144 204 259 271
135 161 207 254 286
117 153 201 226 300
138 152 219 235 274
137 156 192 245 287
110 162 217 229 266
129 173 188 260 284
126 159 193 221 285
113 180 194 220 288
127 179 218 235 297
102 159 180 246 265
103 162 220 258 280
127 173 195 254 282
134 178 181 232 285
128 155 187 236 263
113 175 192 229 282
120 162 191 250 276
125 178 199 239 283
127 146 199 249 289
110 149 185 236 279
133 177 211 258 278
108 165 210 229 277
124 169 218 234 288
101 161 216 245 300
131 175 213 227 292
124 149 198 221 273
129 146 209 246 280
127 175 183 257 294
107 162 210 230 278
120 147 203 245 286
111 143 189 236 287
133 169 209 224 283
138 168 189 248 273
109 169 183 233 278
127 163 193 256 266
102 161 185 234 284
134 147 220 220 298
122 178 211 249 296
121 146 217 222 281
113 180 185 245 282
124 158 213 255 295
124 149 209 226 284
111 161 202 241 299
137 141 216 232 292
110 146 204 246 288
131 142 214 232 273
139 179 190 223 291
139 154 220 224 267
110 174 188 259 290
123 164 202 233 277
113 162 180 241 263
107 140 189 226 286
140 145 205 247 286
106 159 204 222 260
132 175 183 244 288
101 140 211 229 261
109 156 188 246 280
103 141 219 230 282
140 155 202 243 269
105 160 205 242 290
121 150 212 260 278
116 165 190 259 298
112 170 219 234 263
126 177 220 225 278
123 152 201 236 284
137 165 211 227 270
137 144 194 226 277
139 144 209 229 284
106 168 202 233 274
100 151 202 259 260
128 156 201 221 289
136 178 197 259 274
137 153 194 257 300
136 179 198 253 289
110 167 191 241 262
116 167 191 257 298
106 146 186 237 285
109 151 197 249 282
118 143 215 222 279
108 163 215 228 274
113 140 219 256 274
107 156 189 222 261
140 148 184 235 266
102 150 189 248 265
133 176 197 260 267
116 155 184 253 263
132 174 198 235 272
122 168 195 238 270
133 178 218 231 265
116 157 198 234 287
112 161 216 230 274
116 155 213 229 298
104 171 198 242 289
133 140 202 236 282
120 153 182 234 283
114 157 196 259 277
100 145 218 226 293
107 177 219 237 286
123 179 198 259 267
105 165 198 230 276
138 146 208 227 292
111 143 181 247 260
132 175 190 243 261
100 174 195 240 293
100 163 187 257 291
126 150 193 254 295
104 152 210 257 288
130 150 180 250 286
113 172 191 222 266
136 146 203 246 272
120 178 217 259 281
122 140 190 225 294
107 171 199 252 266
140 155 212 254 265
138 170 199 244 286
125 155 198 234 281
111 152 186 254 286
114 142 220 234 283
127 140 216 237 271
126 153 217 235 288
114 161 196 224 300
103 144 220 223 273
114 165 206 224 285
126 159 211 233 264
118 177 214 233 291
124 162 187 227 294
127 167 219 239 282
140 149 200 248 291
138 174 185 246 274
128 162 210 242 285
120 176 186 258 289
105 164 195 240 275
113 162 194 245 299
111 172 193 233 283
102 167 204 225 299
104 143 211 248 283
124 154 198 254 293
118 142 198 260 267
117 157 183 240 292
120 149 190 221 288
109 176 205 225 270
124 179 220 248 261
124 150 202 221 297
104 175 217 221 284
135 177 193 228 273
125 155 185 221 274
101 146 198 230 268
133 158 198 247 278
103 172 219 245 275
121 140 187 246 273
102 142 209 255 297
107 179 202 235 267
114 162 220 253 281
101 147 201 247 276
104 141 198 256 267
127 152 220 259 281
128 179 211 248 281
103 159 190 244 267
131 169 194 253 300
128 148 180 223 269
122 176 213 260 281
131 147 183 223 272
113 178 205 245 294
128 161 204 236 265
127 158 211 247 291
117 152 191 239 288
135 168 217 223 276
102 179 219 256 271
125 140 193 231 275
137 170 180 258 293
128 178 199 235 296
109 150 197 248 274
130 170 200 246 289
118 142 202 257 265
138 158 219 252 277
107 174 204 258 290
102 145 197 237 297
104 175 183 241 270
103 173 197 259 299
133 172 195 247 299
113 176 217 250 293
135 160 182 258 296
124 146 218 236 281
140 175 211 257 273
127 167 220 252 264
121 158 205 260 276
131 146 208 252 280
116 171 196 248 266
122 143 185 229 262
106 177 186 250 285
113 145 207 234 287
132 169 204 256 261
122 155 199 236 274
127 171 181 248 277
106 173 218 225 286
109 177 208 251 290
132 156 204 231 293
113 168 201 231 274
111 167 210 259 295
102 156 203 243 278
116 143 209 245 296
108 156 216 251 281
140 164 201 255 296
132 153 200 229 284
125 151 190 235 295
134 146 214 224 263
114 151 213 225 263
111 166 197 220 265
104 151 209 224 298
137 144 204 230 280
140 153 192 248 291
100 148 201 238 289
125 151 188 244 283
104 141 204 246 260
140 172 183 220 279
140 155 198 240 300
112 151 219 246 290
116 179 183 236 282
129 156 216 226 263
120 160 202 248 277
128 150 204 241 273
138 149 209 259 280
112 179 185 228 295
104 141 202 247 273
137 160 211 256 296
101 164 189 258 300
113 160 215 226 272
121 146 209 251 274
135 142 203 242 267
107 172 186 238 291
124 176 200 253 291
103 153 215 229 285
124 158 211 258 290
112 142 197 235 271
105 176 189 257 281
114 166 208 235 289
125 161 200 221 273
100 157 193 236 294
101 166 215 221 300
134 166 193 242 266
128 155 195 231 279
112 163 195 259 267
100 170 200 239 263
111 171 200 238 265
140 141 213 259 264
114 157 209 238 286
122 174 199 231 281
133 151 182 254 262
111 167 193 249 295
137 142 210 243 281
109 169 193 242 289
135 149 217 225 281
104 173 215 236 262
116 169 187 239 261
119 147 207 221 264
140 176 201 241 266
133 158 211 258 284
135 156 180 254 295
127 153 213 231 267
122 177 219 251 272
115 176 201 235 285
114 164 207 235 262
119 146 210 233 291
136 143 199 221 265
131 156 198 245 262
131 159 209 251 295
129 145 206 222 275
128 163 207 242 284
131 170 189 242 265
137 163 193 224 271
124 179 186 227 261
130 162 182 258 267
133 155 188 247 298
129 161 219 251 286
136 173 182 245 284
128 163 215 241 279
134 146 185 252 284
102 174 193 244 284
105 159 215 252 288
137 176 208 225 262
138 144 197 257 265
105 151 201 236 261
107 174 220 220 287
127 172 181 258 295
138 147 185 239 265
121 169 215 223 260
110 162 203 233 265
112 167 215 234 272
104 150 205 234 294
110 150 182 233 280
106 148 204 248 281
104 153 203 220 290
137 153 182 228 300
113 172 211 257 269
124 158 195 253 278
111 147 216 225 280
118 157 220 250 296
120 180 218 227 261
128 155 208 245 265
129 150 187 243 278
125 161 213 257 289
134 153 182 260 270
138 180 213 230 264
110 160 212 223 294
119 165 183 257 274
119 178 218 239 268
103 156 209 224 264
104 167 204 238 279
137 149 181 260 290
116 178 198 260 283
106 174 189 251 272
121 148 186 221 265
140 167 205 222 287
114 148 193 247 277
108 171 196 254 263
111 162 200 232 276
116 166 213 221 296
130 161 196 260 263
131 144 188 260 260
133 178 209 229 297
140 160 191 222 261
117 140 190 237 285
122 142 182 236 278
131 147 199 244 278
126 149 216 244 292
118 150 181 241 287
123 152 203 245 288
108 140 211 248 293
122 167 197 245 295
108 174 194 225 280
106 143 218 229 263
116 173 188 245 265
125 147 193 241 292
109 148 184 249 285
128 147 201 256 271
140 172 202 237 276
101 144 214 232 264
103 158 216 225 270
103 177 193 251 300
132 171 214 224 284
104 150 180 247 264
117 149 185 250 288
119 142 182 250 284
100 150 213 240 270
121 142 185 257 263
130 142 189 259 287
122 140 205 255 297
131 152 218 245 287
103 150 213 235 286
137 160 214 250 270
103 161 213 243 263
107 156 220 233 297
120 151 213 231 299
134 140 183 237 300
136 154 209 235 286
124 160 214 237 284
129 166 189 257 271
124 179 202 241 281
139 150 218 228 279
137 159 184 257 295
127 150 214 222 268
126 166 211 234 272
125 145 196 229 296
117 149 187 238 260
122 142 207 255 275
123 149 194 245 300
100 173 211 240 268
111 175 202 222 261
113 143 206 253 285
137 147 219 220 286
103 179 187 248 268
126 163 215 256 269
121 153 210 224 273
127 172 208 238 270
118 178 192 253 290
115 165 213 246 268
103 163 184 225 293
140 176 203 256 276
108 157 198 252 279
129 151 181 229 266
116 156 200 256 280
113 164 215 251 271
108 170 219 241 261
117 167 198 226 276
108 159 201 234 265
101 158 189 252 265
107 167 182 232 274
118 166 215 248 273
109 146 208 230 300
124 179 190 225 272
119 155 210 258 287
123 168 220 230 291
127 151 189 238 289
136 142 194 222 291
111 145 203 223 277
140 165 190 255 263
131 149 207 227 288
119 159 202 256 288
125 154 204 257 263
136 177 183 234 295
123 176 205 222 263
115 142 187 237 292
127 153 190 237 298
100 173 188 229 267
101 172 207 254 285
137 173 182 244 266
108 173 191 223 290
105 145 216 236 300
115 168 214 257 273
102 177 209 255 291
118 174 184 247 290
140 169 206 256 260
109 178 186 224 271
128 149 196 235 275
136 169 208 228 271
132 147 202 228 264
100 170 209 226 261
129 141 187 257 285
122 155 204 229 272
112 160 207 233 263
140 154 189 251 273
107 171 218 252 297
134 175 199 232 282
119 155 208 252 267
107 155 215 240 275
133 178 200 250 265
125 157 188 225 267
140 166 211 225 290
132 141 199 254 264
112 143 204 246 275
136 156 185 221 272
139 152 185 230 284
135 142 184 252 292
100 149 198 233 284
133 141 191 257 288
129 155 181 238 292
117 173 219 231 291
127 146 197 254 261
114 166 200 243 299
140 157 210 256 278
100 162 201 258 268
138 150 200 247 289
108 180 219 241 279
103 158 181 255 273
136 143 210 232 267
114 155 203 259 265
105 173 210 235 263
105 173 205 252 281
101 166 216 254 280
102 142 218 252 272
102 177 217 234 299
112 162 197 256 275
132 147 191 241 285
104 163 217 238 277
137 162 215 239 278
114 153 201 250 266
110 159 180 250 260
137 143 209 245 267
103 143 216 255 274
107 158 197 227 285
109 140 220 232 286
124 164 199 256 281
134 160 211 232 271
115 167 190 237 289
120 179 186 230 291
114 150 202 222 278
110 179 192 240 289
118 141 213 245 296
131 147 217 258 297
112 163 182 228 289
121 168 187 252 292
134 152 192 231 274
132 180 218 250 269
140 174 185 252 274
130 166 211 227 290
139 154 186 244 295
113 155 185 253 299
109 154 206 245 300
130 162 184 228 289
118 153 196 222 272
123 147 214 243 299
116 176 194 220 276
106 148 216 240 296
109 178 182 238 261
126 158 201 250 281
135 166 184 248 265
119 168 213 243 274
110 180 211 252 296
124 148 200 222 261
134 178 182 258 284
112 149 205 256 297
139 172 196 244 283
129 177 184 244 297
127 163 190 232 287
110 143 185 220 282
130 166 196 239 265
112 166 220 228 292
114 163 220 234 273
138 153 207 254 265
124 153 188 229 286
124 141 182 233 296
135 168 209 259 296
121 155 188 256 278
133 147 214 234 298
126 180 193 242 299
116 169 200 253 261
115 169 211 258 273
122 141 202 253 279
119 173 218 246 265
115 158 182 260 296
113 170 191 254 291
103 161 202 237 286
116 173 203 236 270
109 158 201 249 299
140 169 218 229 284
120 174 207 256 269
129 164 195 224 276
100 142 180 255 281
136 160 197 235 275
112 142 188 222 293
110 153 199 234 285
103 154 206 220 274
132 172 200 251 280
137 172 194 250 296
132 170 217 241 276
132 177 195 248 275
107 176 217 240 284
140 171 194 246 277
103 166 209 252 268
121 149 201 228 271
105 151 187 236 262
107 140 220 236 294
137 168 183 246 295
108 166 218 234 270
108 172 199 249 263
137 174 182 241 286
106 162 189 248 262
131 167 199 231 289
127 163 192 248 276
118 177 196 222 284
115 147 220 222 282
124 149 206 248 273
132 143 209 233 279
104 175 187 255 295
115 170 201 229 261
133 148 198 241 266
108 166 183 220 297
101 160 195 229 278
102 143 193 252 274
122 163 186 246 268
116 155 184 250 298
127 156 180 243 296
123 170 207 252 281
137 146 189 232 289
111 169 180 245 292
110 169 197 243 297
138 152 219 255 270
109 171 190 235 296
114 173 181 260 270
128 165 217 223 291
120 158 196 229 286
116 178 187 239 264
129 179 196 227 290
132 145 209 260 264
125 173 187 223 265
123 153 181 240 281
117 152 196 254 269
110 158 216 240 261
107 141 195 236 276
122 150 217 221 268
132 155 184 254 264
118 146 208 233 280
121 166 187 244 290
105 179 218 256 266
140 175 213 241 262
103 176 200 237 264
103 175 219 259 298
126 154 215 248 281
128 171 214 255 265
137 169 202 258 285
110 152 203 231 282
131 140 193 248 280
113 175 195 232 296
114 149 185 255 296
140 156 180 249 271
125 140 180 243 294
130 180 195 251 268
120 178 211 236 280
134 150 191 242 268
102 160 194 250 286
126 172 182 223 260
105 170 204 253 294
105 151 218 243 297
136 177 189 252 296
115 166 215 250 281
122 150 219 253 269
115 155 195 231 271
127 153 194 255 262
137 147 193 236 287
113 171 214 259 278
139 157 209 259 297
128 153 214 224 268
129 150 180 252 267
108 143 220 242 266
111 148 191 246 260
138 180 189 233 273
111 144 195 244 271
135 179 182 226 288
130 180 191 258 264
102 168 202 240 279
136 152 220 234 283
136 150 193 247 281
120 178 201 247 289
135 147 213 257 261
130 147 219 251 293
101 153 199 236 287
123 152 185 228 300
112 148 210 244 282
132 175 210 244 267
109 152 182 257 279
114 177 205 258 299
109 180 212 235 268
101 157 181 230 268
117 151 188 231 297
131 165 213 230 288
138 175 204 253 267
130 156 191 240 298
119 154 205 235 298
132 165 199 247 289
125 148 207 249 264
115 141 197 232 284
119 154 213 259 270
120 163 189 237 264
106 168 199 222 270
130 164 198 220 264
137 173 187 230 286
134 140 193 230 289
109 156 212 251 290
130 142 195 235 270
109 167 216 258 290
139 179 209 224 298
133 161 214 233 261
135 166 196 238 289
108 166 204 234 293
125 179 196 227 286
121 172 188 232 267
136 166 220 236 299
112 171 207 248 267
102 168 180 243 286
134 176 190 250 286
116 140 185 224 262
109 156 201 240 277
133 166 192 220 266
133 160 185 248 271
122 173 213 236 262
103 153 206 246 264
102 163 215 221 288
113 155 181 255 273
118 170 184 238 266
105 155 212 251 274
137 163 206 243 294
132 143 191 223 277
133 154 214 254 272
118 175 199 225 296
120 166 187 255 299
106 140 197 248 296
117 155 220 256 263
138 164 188 260 283
107 164 189 257 277
123 176 205 258 283
111 180 200 237 298
102 158 184 225 261
125 147 207 245 299
125 166 202 225 290
108 157 209 221 285
112 140 205 237 268
119 172 204 258 277
134 156 187 253 266
121 146 201 247 278
103 156 211 238 293
115 149 201 221 272
108 175 212 221 271
101 179 182 239 296
140 166 197 244 288
135 162 204 255 269
125 140 184 235 274
118 168 214 223 270
126 161 193 239 263
128 171 187 224 266
122 179 201 229 278
100 174 204 256 277
140 145 188 257 286
121 157 199 260 274
140 147 180 222 288
127 171 191 222 261
118 176 183 220 295
128 177 201 228 300
125 163 218 244 280
138 146 186 256 272
119 151 187 224 298
108 150 180 257 298
101 154 193 233 281
110 163 200 240 278
131 160 207 223 283
127 143 218 235 284
107 146 197 221 292
138 180 203 240 271
135 159 202 252 283
116 147 210 248 264
134 178 190 226 264
132 142 207 234 272
128 174 217 251 276
113 168 196 260 284
107 159 181 260 266
103 155 207 232 275
129 147 203 250 284
119 156 208 253 275
102 179 201 241 265
100 150 213 220 260
123 147 197 245 295
113 165 201 221 266
108 156 184 247 277
138 172 214 229 272
101 177 184 251 282
137 151 201 242 283
123 161 183 243 297
114 156 214 247 268
118 152 215 255 289
108 170 219 235 292
126 152 218 227 286
140 143 220 239 272
103 164 220 256 266
103 166 181 232 294
107 141 203 248 262
135 176 212 235 263
130 144 201 226 291
128 168 193 260 267
137 150 206 247 274
132 155 211 225 299
119 180 197 260 283
117 161 214 249 287
116 167 192 227 277
128 147 214 241 263
127 168 218 244 296
111 144 211 247 291
129 145 188 259 264
140 154 187 223 270
106 175 204 236 278
117 141 189 238 266
113 158 191 243 292
132 155 182 241 300
140 153 207 237 270
101 157 202 233 275
111 175 213 258 291
103 158 213 237 263
135 167 197 246 291
130 154 198 250 285
110 141 212 232 269
121 180 216 247 289
116 150 206 227 270
114 160 205 237 275
120 145 198 259 279
135 147 211 220 285
123 166 215 243 267
122 140 185 245 296
105 143 212 238 279
117 154 216 246 300
138 153 189 246 286
136 156 215 230 297
114 153 183 232 276
112 160 210 235 267
128 160 211 232 262
113 159 203 231 260
140 168 195 222 264
124 162 181 255 300
132 176 209 233 292
106 173 190 246 291
124 167 181 224 265
109 176 194 220 293
101 158 182 233 280
100 153 185 245 281
127 156 191 240 263
121 173 181 256 292
124 145 203 252 263
139 170 189 232 267
132 140 182 224 268
122 158 187 238 299
103 167 190 254 263
100 162 185 220 292
124 149 183 226 276
110 145 217 247 262
132 155 198 230 296
139 151 196 225 268
140 145 195 236 297
131 159 190 238 263
140 161 220 222 284
115 172 220 256 282
126 141 206 249 290
135 154 188 245 272
100 153 191 227 285
136 143 209 233 291
131 144 181 244 293
113 160 215 250 261
102 143 197 252 270
127 170 194 225 279
122 153 184 239 276
101 169 216 231 287
103 148 220 247 284
136 170 212 256 290
127 157 213 227 294
129 152 186 259 279
129 148 203 242 298
104 164 180 254 261
133 148 197 229 285
102 166 200 232 265
120 149 204 232 280
140 141 213 227 282
129 167 189 224 261
102 162 187 228 285
125 180 195 256 281
106 162 217 253 283
122 162 207 233 295
129 161 220 241 288
105 175 185 251 284
119 151 207 251 270
115 155 183 241 279
115 159 205 253 280
130 148 208 234 294
140 143 217 229 260
128 150 216 244 265
106 140 190 233 295
120 162 208 235 293
102 145 220 243 286
100 162 196 248 281
131 148 192 260 282
126 171 204 237 283
130 175 191 257 285
118 171 185 226 281
107 173 202 236 285
103 148 212 220 269
134 166 200 254 294
137 162 180 228 286
118 166 206 234 294
118 144 216 233 281
140 142 192 256 291
125 168 212 258 275
103 162 196 220 292
102 144 183 227 271
122 170 200 238 291
117 151 195 240 299
137 171 207 259 292
108 169 203 242 285
136 146 198 242 281
106 167 204 252 265
131 140 201 235 294
101 140 189 242 284
104 141 200 244 275
101 155 190 246 284
140 168 215 257 295
101 177 206 256 268
111 179 209 242 293
104 149 200 223 295
117 156 212 234 263
120 164 211 225 285
107 140 212 221 263
120 143 183 232 286
119 158 216 260 297
130 180 188 246 263
113 143 198 238 289
104 180 181 243 260
139 158 212 260 276
100 170 210 233 277
106 164 206 256 260
112 150 211 249 298
129 159 198 243 291
110 145 182 241 275
136 180 193 229 266
124 168 219 227 300
100 150 215 259 271
106 173 219 251 280
100 167 185 235 260
132 168 199 245 270
121 175 219 235 268
126 144 212 244 288
102 166 180 249 268
117 174 194 236 260
120 158 212 225 299
136 180 207 228 269
102 150 218 245 293
120 175 208 234 281
116 160 180 239 266
122 166 193 260 291
102 143 187 239 295
133 158 215 239 267
101 174 218 220 300
124 172 213 233 296
101 146 182 251 295
105 175 204 226 278
134 147 219 249 264
110 180 191 235 286
115 142 209 232 290
104 141 207 237 275
134 168 182 227 283
140 154 182 247 277
117 164 187 239 271
140 169 193 247 269
103 168 220 255 297
100 166 213 257 288
102 143 206 243 293
140 140 203 257 276
125 170 214 235 286
119 153 204 239 285
122 166 217 260 267
105 154 183 256 292
107 148 194 228 280
126 180 184 260 284
120 140 200 243 270
118 164 208 237 281
128 148 216 242 275
138 172 184 220 279
113 178 205 228 263
134 143 184 247 266
107 160 204 227 275
117 165 193 259 294
100 178 192 255 289
110 165 207 245 295
120 177 207 255 295
137 143 190 242 270
129 161 200 225 284
123 168 200 231 290
105 154 205 252 287
105 171 183 260 289
116 175 206 247 276
133 142 186 228 290
108 148 205 228 266
114 169 197 230 295
105 178 193 226 273
108 145 195 236 297
100 147 201 247 276
131 140 188 259 263
120 141 196 241 290
106 162 193 229 264
135 160 219 223 285
129 172 215 229 260
106 160 208 248 261
119 160 181 221 293
101 163 204 249 263
122 144 214 237 275
110 142 202 242 286
111 143 199 253 294
136 144 189 245 298
110 156 194 255 272
103 145 209 220 280
102 151 182 231 275
106 150 219 220 276
130 164 219 223 295
124 179 212 257 271
3338 4990 6251 7121 8502
2042 2782 3521 4116 4873
5068 6521 8150 10660 12465
5332 7182 8767 10220 12068
2538 3948 4675 4873 5952
3789 4449 6551 6791 8082
4797 6202 6742 8471 9732
2274 3948 4477 5710 5820
1839 2515 2710 3477 3928
3963 5890 7466 8236 9707
2789 3924 5789 6951 7951
5156 7357 8678 11232 13124
2802 3117 4526 4673 5956
5257 6693 7965 9236 11000
2608 3570 4110 4551 5932
4649 6211 7615 9528 11050
2976 3985 5751 6816 7349
3139 4691 6738 6987 8662
3408 5654 7491 8171 9566
1823 2620 3266 3822 4032
1688 2470 2785 3912 4092
2604 3243 4212 5622 6195
3982 4882 5869 6971 7581
3345 3873 5267 5771 6924
5543 7119 8380 11712 13513
3033 4160 4760 6412 7187
5574 6541 9763 11926 13766
2169 2313 2986 3996 4765
2844 3601 4021 5282 5976
3303 4059 5600 6032 7492
6008 7497 9658 12059 14268
3334 3934 5186 5911 6937
4340 5519 7231 9018 10729
6477 7114 9860 11036 14517
4243 5505 7151 8447 9357
6808 8309 11010 12461 14662
4456 5641 6442 8043 9260
3369 4113 4666 5795 7212
2060 2670 3488 4477 5105
5000 8650 9851 11340 12588
4365 5049 6743 8652 10381
5427 6267 8117 9672 11899
4011 4766 5404 6913 8335
3656 4617 6539 8300 8684
1493 1780 2287 2805 3158
2114 2763 3629 4079 5413
1665 1833 2639 2831 3300
6311 7185 8842 11282 13214
2978 4384 5870 6194 7194
5813 7795 8470 11712 12792
2655 3349 4064 4652 5998
2381 3790 4085 4631 6061
2294 3232 3934 4241 5358
3680 5734 6491 8868 9553
1862 2925 3971 4656 5052
5596 7622 8590 11188 12420
2689 3570 3630 4651 5712
6153 7450 8987 11340 12636
4302 6660 7306 8713 10729
3848 5194 6122 8012 8844
4133 5884 6577 7898 9351
6231 7163 9761 12213 14174
1878 2543 3156 4024 4756
5594 7443 8872 10847 11688
4220 6445 8201 8942 10816
5092 6938 8949 9605 11820
1321 2102 2819 3196 3913
5248 7010 8531 9091 11692
5713 6864 9119 10178 12571
2460 2783 3982 4686 5332
5977 8235 8611 12091 13830
1078 1630 2111 2311 2793
3008 3684 5086 6137 7163
2783 3584 4736 5912 7188
2137 2714 3355 3595 4540
3045 3706 4168 5468 6018
2079 3221 3487 4439 5295
2803 3596 4256 5644 5864
1130 1781 2046 2586 3137
2019 2214 3311 3311 4483
5986 8732 10349 12212 14516
1702 2053 3049 3119 3947
2381 3790 3895 5157 5934
2860 3643 4909 5876 6797
1869 2244 3146 3401 4273
4226 6127 7687 9169 11375
5626 5790 8867 9523 11985
4958 6579 9191 11082 12973
1712 1855 2793 3027 3561
3623 4664 4950 5809 7578
2511 2781 3971 4043 4818
1438 2272 2454 3379 3782
6035 8046 9909 11428 13585
3059 4384 4871 6519 7114
5037 6589 8894 10634 13455
4349 4504 6366 7668 8878
1704 2554 3275 3564 4173
2781 3685 3853 5135 6060
1018 1409 2122 2302 2623
4695 6718 8095 10590 12053
3510 4803 7457 7832 9601
3789 4194 5465 6573 7275
2738 4170 5341 6304 7553
2428 3009 4251 5212 5572
1980 2814 3240 4415 5079
2808 4260 5486 5861 6587
2150 3019 3751 3836 4738
5912 7305 9659 11340 13645
3434 4135 5286 5686 6762
2612 2745 3697 4305 5276
2511 2601 3773 4133 5124
2870 4546 5465 6303 7411
3208 4842 6475 8300 8332
1929 2349 3026 3326 4348
5992 7842 8678 11408 12068
3982 4446 5636 7465 8712
4088 5380 5950 7601 8682
3968 6022 6887 8688 9444
2212 3182 3639 4895 5674
1280 1761 2243 2856 3433
3496 4841 6315 7980 9037
3194 3870 5816 6005 7546
5084 7671 10116 10727 12890
5319 6589 10304 12044 12890
2148 3130 3791 4452 5233
2809 2969 3690 4712 5332
3680 5410 6815 8940 9553
4131 5466 6117 8072 8289
1168 1560 1850 2542 2642
5685 7492 8524 10116 11708
1228 1690 1961 2392 2712
3334 4460 5461 5786 6637
1980 2679 3377 3990 4892
2360 3391 4547 4841 5766
1516 2024 2780 2988 3887
1880 3088 3575 4368 5215
4132 4349 6273 7328 8755
3849 4906 5834 7500 9069
3884 5347 6674 8818 9430
3308 4794 7205 7469 9682
2576 4258 5267 5699 6876
3575 5201 5752 7523 7755
3893 6115 7337 8522 10225
5391 5703 8123 8864 11401
3116 4014 5079 6928 7293
5157 6835 7420 9489 10191
2508 4360 4885 6012 7338
2308 3759 4311 5923 6706
1646 1959 2519 3314 3848
2296 3353 4631 5666 6349
4819 5559 6670 9262 10595
2042 3106 3449 4008 4801
3001 3221 4477 5424 5996
4688 6952 8473 10112 10971
5743 6589 8941 10587 13831
4609 7363 8568 10848 11450
6729 7449 10187 12204 12732
6219 7659 8965 10991 12882
5634 6984 8921 10542 12658
3338 4569 5590 7632 8593
3428 4269 6611 7032 8503
4327 4769 7355 8070 9226
4292 5211 7389 8001 9804
3542 5001 6087 6955 9313
2892 4041 6172 6256 7657
5594 8095 10105 10987 13978
5931 7483 9928 10962 12420
4256 6382 7715 8399 10488
4349 5680 6555 7956 10303
5723 7524 9866 10766 12702
5469 5820 7810 9683 11361
1941 2446 2600 3456 3848
5768 7299 9461 10901 12837
1688 2474 2614 3624 4058
5258 8210 9761 12012 13763
1138 1629 1950 2462 3003
3227 4998 5608 6769 8220
2456 4018 4907 5411 7189
4064 5586 8240 9684 11050
5712 7093 9118 11696 13490
5554 6683 9317 12232 12561
2231 2993 3487 4572 5561
2289 2841 3621 4210 5485
5458 8810 10261 11261 13512
5340 7707 9471 10675 11235
1621 1959 2637 2884 3874
2192 3685 4568 4652 5977
2034 2665 2905 3431 4107
1384 1715 2046 2443 3027
4553 6580 8921 10362 12073
3999 4749 5950 7422 8352
2789 4654 5924 6627 7437
3760 4349 5808 7638 8476
3884 5405 7953 9702 11299
4181 6991 7889 9177 10425
3428 4869 6611 7602 8442
2634 3831 5237 6434 7189
2088 2829 3971 5132 5353
5469 6545 9471 11149 12095
4744 6633 7817 9187 10409
3304 5098 6091 7820 8557
4593 5924 6800 8866 10512
1673 1934 2351 2911 3510
1350 1946 2353 2871 3103
5642 6331 7880 9601 11709
2946 4638 5340 6381 7656
2569 3230 4091 4732 5312
6104 7593 10139 11867 13980
1295 1681 2112 2641 3181
5814 7234 9342 9600 11880
3170 5559 6800 7948 8413
2009 2249 3099 3708 4413
6037 7489 7930 11364 12904
4360 6062 6776 8001 10076
2624 3609 4739 5964 6589
2478 3240 3810 4685 5503
3784 4553 6475 8236 8492
2769 3169 4391 5051 5552
2683 4360 5110 6462 7262
3578 5084 6906 8307 10408
3544 5960 6232 8206 9193
2171 3643 4147 5451 6291
6392 8265 9370 11867 14364
2946 4586 5653 6511 7630
5544 6569 7472 10590 12148
1620 1907 2845 3079 3665
2389 2984 3597 4380 4653
1278 1679 2211 2532 2652
2428 3169 4111 5212 5532
1581 1761 2507 3036 3372
1632 2404 2755 3484 3736
4401 5158 6671 8256 9445
4884 8152 8566 11512 13123
4415 5664 8084 9138 11206
6609 8460 10210 12812 13062
4767 6055 7772 9216 10699
5089 6850 7250 9932 11092
3400 5546 6987 7211 9164
5022 8152 9578 11557 13352
1593 1881 2459 2783 3529
4415 6562 7850 9021 10698
1673 2514 3160 3897 4437
3476 5314 6913 8274 9465
4184 5157 7535 8832 10669
5408 7809 10811 12562 14062
6449 7553 9256 11741 13628
4233 4905 6411 7339 9101
2134 2576 3240 4007 5028
3091 3367 4933 5163 6061
1376 1822 2567 2712 3169
3116 4658 5527 6172 7433
4376 6351 8789 9419 12529
3708 3897 5519 6221 7573
3929 4293 5386 6955 8160
1708 2525 3428 4058 4926
2134 2576 3206 4160 4824
2712 3675 5315 6408 6773
2669 3278 3487 4191 5314
5329 5899 7534 9131 11412
1240 1670 2420 2718 3202
1168 1800 1840 2372 2833
5040 6094 8435 8825 10269
5048 6729 8495 10428 11646
6153 7209 9803 11580 13116
1389 1499 2100 2602 2812
3928 6275 6485 7991 10338
2296 3111 4455 5446 6019
6447 7529 9927 12043 13924
3341 5422 6247 8526 9913
4302 6090 8181 8599 10348
3880 4681 6699 8044 8780
2844 2991 4274 5094 5619
2041 3278 3544 4534 5542
3728 5290 6010 7601 8742
4334 6435 9041 9629 11983
1248 1589 2120 2592 2912
4152 5263 7300 8707 10040
1793 3002 3223 4381 4789
1490 2168 2715 3066 3770
4134 5323 6611 7304 9022
1908 2993 3678 4496 5599
3846 6318 8181 8409 11413
5101 6318 7344 9208 10120
3465 4195 5276 6248 7546
2472 3596 4301 5710 5886
1808 3070 3611 4314 4746
4226 6508 7611 9056 10082
6869 6918 10448 12703 12948
2402 3306 4400 5009 6019
5986 8536 9762 11330 13781
1339 1519 1830 2552 2632
3449 5187 5993 7731 9158
3982 4127 6101 7059 8161
1207 1869 2133 2674 3192
1629 1797 2615 2711 3384
2400 3989 4956 5440 6038
5344 7784 8613 11006 12018
5483 6772 9533 10178 12157
3929 4938 5638 6759 7460
3466 4117 5496 6720 7396
3789 4377 5050 7124 8273
2930 3528 4910 5324 6153
1228 1780 2201 2521 2732
4033 6170 7046 8236 9987
1718 2470 3116 3537 3942
5601 6871 9881 10962 13690
5857 6158 8568 9515 11408
3677 4378 5555 6872 7348
1842 2235 2936 3525 4142
5814 6534 9281 10001 12388
1416 1802 2288 2673 3136
3284 4260 4735 6062 6637
1516 1803 2134 2475 2993
6209 8960 9310 11362 13062
1699 2116 2376 3366 3483
1871 2179 2642 3470 4185
4523 5644 7676 8796 10022
1913 2432 2558 3441 3988
3720 4736 6246 7000 8103
1617 1761 2230 3036 3421
1436 2446 2712 3428 3989
1688 2553 3451 4044 4620
3160 4058 4795 5186 6038
2217 2313 3163 4124 4252
2738 3936 5237 6148 6799
3539 5752 7271 7271 9484
4834 6546 6888 9816 11222
4287 4566 5745 7421 8227
3517 4911 6246 6478 7552
2428 3574 4477 5138 5842
3032 4519 5816 6329 7356
3024 4359 5956 6798 8539
4518 6160 7473 9565 11493
5202 7261 10007 12164 13782
1568 2305 3056 3311 4363
2201 2457 2922 3659 4813
4415 6718 8240 10035 10503
4720 6013 7420 9626 10576
2006 2655 3899 4061 5053
3902 5190 7271 8261 9780
3248 4870 5897 6140 7059
2441 2954 3963 4667 5047
3879 4509 5620 7302 8353
2133 2746 3631 4380 4925
2421 2763 3286 4692 4872
1665 2170 2567 2771 3180
3418 4970 6583 6924 9127
1317 1825 2023 2839 3026
5006 7486 9167 10049 11268
4025 6094 8162 8748 10309
5000 8026 9803 11436 13405
5626 6118 7431 10672 11902
1632 2502 2782 3652 3974
3612 5926 6436 8546 9260
5212 6374 8009 9515 11408
6449 7692 9441 10223 13214
4454 5781 7538 9645 10816
2384 3772 4323 5600 5798
3893 5680 7011 8132 9673
3720 5322 6827 7083 9485
1309 1619 1970 2612 2642
4070 4473 5838 8072 8072
4131 5528 6489 7110 9219
2809 3210 3831 4451 5232
3986 4769 6471 8070 9703
4157 4837 6199 8036 9465
2891 3243 4389 5380 6128
1646 1946 2819 3183 3808
4846 6159 7431 9893 11780
4067 5025 6710 8097 9517
4976 6449 9717 11420 13491
3912 5354 6314 7851 9452
1520 2446 2727 3161 3933
3294 4442 6770 7111 8166
4648 6930 7530 9812 10612
5134 6036 7923 9893 11985
4368 5929 7370 9972 11413
5001 5742 7850 9996 10581
1409 1730 2030 2381 2772
3442 4905 7287 7900 8989
3716 5698 7787 8112 9733
4952 8506 9274 12060 14413
4233 5482 6859 7179 9100
2920 4210 5051 6928 7405
2582 3287 4080 5512 6349
3697 4411 5652 7762 8817
4908 7359 10448 11772 13243
4970 5831 7596 10549 10795
5339 5831 7759 10631 11780
5864 6729 9851 12252 14269
2759 3201 4589 5156 6039
4128 6009 8531 9412 11453
1790 2089 2793 3261 3522
3201 5001 6614 7545 8165
4716 6873 9691 10263 13081
1688 2123 2993 3245 4199
4029 4209 5500 7122 9013
4361 4937 6699 7531 9164
3232 4169 5575 6173 7396
2073 2666 3034 4124 4348
3232 4664 5262 6277 7318
4596 4959 7205 7535 9219
5626 6528 7554 10549 12107
4073 4809 6859 7115 8588
1772 2334 2965 3287 3820
5009 5809 7851 9171 11853
4923 6268 7865 10008 10933
5986 6967 10154 12507 13487
1730 2095 2726 3442 4213
3108 5373 6552 7452 8320
2006 3160 3647 4007 4710
3172 4013 5779 7096 7993
5626 6036 8990 9031 11738
1244 2158 2254 2988 3228
1268 1639 2161 2572 2702
2792 3529 4841 5163 6292
2294 3106 3755 4295 4872
5082 7664 8266 10891 12482
4723 6775 8744 10098 11000
3922 6204 7003 8562 11147
4629 5818 6709 8459 9120
4436 6447 8129 10344 11452
5298 6201 7432 9401 10919
4880 6561 8411 10764 11772
3172 4602 6031 7040 7600
1628 2560 3296 3627 3927
1763 2515 2981 3401 4153
4112 6052 7649 8904 10083
3947 6172 7382 9840 10348
3111 4853 5289 6740 7959
5436 7646 9901 11420 12570
4477 5995 8539 9441 12313
2365 3411 3620 4286 5180
4292 5589 7571 9300 10344
2714 3705 4851 5071 6414
5089 6049 7570 9532 11573
1913 1997 2727 3119 4087
3338 4359 6101 6702 8323
1689 1990 2290 3072 3168
3808 4330 6014 6594 8365
1912 2553 3242 4108 4620
5133 6323 8375 10549 10795
6265 8152 8428 10775 13582
1362 1946 2266 2453 2905
5413 6683 8800 11151 13737
2803 3375 4190 5225 6569
4208 7276 7907 9630 11227
2331 3966 4772 5854 6567
4256 5373 5652 7576 8258
4220 6757 7460 8708 11323
3998 5519 8219 8979 11413
1618 2362 3007 3610 3834
4087 7090 8370 10212 11652
4728 6970 7370 9892 11613
5609 6770 8250 10252 10412
1316 2146 2243 2700 3265
1801 2095 2755 3302 3863
5177 6432 7915 8675 10310
3837 4272 5869 6624 7668
5008 8510 10461 11312 13062
2718 2970 3937 5409 5998
5621 7140 9395 10546 12525
5608 8010 10361 11662 13162
4909 5399 6625 8797 9567
2041 3258 4153 4799 5655
1349 1760 2000 2331 2832
1674 2179 2923 3540 3750
3646 5279 7321 8172 9362
1339 1790 2010 2512 2662
5509 6918 8283 9912 11761
2809 3329 4231 4511 5812
2913 3111 4389 5600 5820
4600 5872 8375 10098 11288
5177 5938 7041 8409 10349
2928 3201 3895 4841 5977
2574 2707 3506 4800 5561
2308 3437 4565 5371 6545
4797 5085 6886 9264 10381
4911 5899 6888 9056 11109
3401 5027 6362 6710 8451
2676 3075 4148 5346 5493
4682 6816 8210 9974 12272
5189 5818 7780 9483 10298
3408 5518 6845 8784 9124
5667 6159 8210 10138 11861
3464 5770 7019 7723 8940
3201 4908 5621 7917 8476
2729 2869 4211 4652 5352
2516 3419 4477 5710 5842
2108 3470 4211 4712 5272
1163 1913 2266 2784 3103
2331 3828 4979 5854 6452
1334 1855 2845 3288 3548
3272 5674 6955 7499 9581
1464 2116 2572 3340 3587
3045 3390 4403 5555 6568
3752 5878 7823 8580 9984
4119 4869 6461 7181 8352
3998 5364 7046 8762 9322
4848 7006 7931 11012 11453
2749 2869 4191 4912 5352
2892 4013 6059 7152 7684
3218 4750 5921 6822 8563
1970 2529 3971 4188 5161
4348 5749 6975 8972 9847
4699 5609 7396 8131 9497
4723 6857 7800 9729 11862
4448 6633 6892 8521 10780
5708 7510 10111 11112 13913
4078 6633 7114 8891 10706
3194 3816 5762 6627 8005
4462 5007 7389 8783 10110
5160 7508 8382 10500 13307
1218 1690 1880 2532 2932
2957 3353 4235 5094 6041
1460 1990 2409 2761 2971
3509 4360 4635 6312 6862
5208 6649 8451 9091 11612
2094 2319 2800 3671 4438
3172 4349 5190 7096 8385
1861 2627 3513 4177 5113
6379 7948 9026 11183 14174
1543 1999 2559 2898 3549
5666 6771 9855 11189 13767
4184 6346 6995 7931 9949
1386 1933 2819 3132 3861
5458 8910 9110 11912 13062
2276 2853 3628 4512 5070
2304 2832 3138 4228 4517
2507 3538 4484 5114 5766
3968 6490 7606 9083 10668
4349 5190 7011 7782 9148
2956 3926 4014 5688 6260
1912 2542 3496 4364 5062
3067 3794 4322 5379 6238
2459 3373 3506 4647 5655
4581 5878 6850 8363 10345
3638 4729 6116 7272 9319
4299 5488 6479 7899 8757
2472 3662 4851 5027 6437
2402 3433 4631 4925 5745
6771 7506 10154 12458 12997
3233 3988 4899 5966 7449
1621 1842 2376 3041 3861
4193 5217 6489 8040 9188
5816 7449 9034 12300 13356
6659 7359 10711 11711 14913
4922 7030 7537 9449 11673
1168 1700 2011 2542 2622
3918 5756 7185 8784 9294
1960 2265 3243 4060 4476
1317 1913 2409 2717 2927
3688 5065 5834 8332 9485
5319 8000 8987 11950 13689
4334 6772 8495 9966 12025
5808 8660 10161 11812 13512
2188 3169 4030 4992 5993
6309 7614 9821 10316 12792
1208 1750 2081 2572 2702
2460 3126 3716 4267 5257
3508 4979 6311 8937 9848
3137 3690 4542 5416 6337
2696 3417 4523 5340 7045
2648 3682 4787 5628 6853
2068 3090 4131 4412 5493
4364 5686 6610 8294 9252
5762 7233 8158 10511 12444
3176 4089 5219 5795 6636
2516 3373 3715 4723 5237
4288 7050 8691 9611 11372
1969 2404 2726 3455 3890
1141 1836 2310 2784 2960
2308 2840 3830 4344 5162
1688 2426 3003 3788 4205
1827 2389 3751 4024 5011
6722 8242 8977 12065 14467
1736 2666 3499 3755 4332
4220 6718 7772 9723 10269
2475 3142 3286 4349 5160
4566 6976 8138 10676 11278
2760 3517 4189 4862 6081
6232 7997 9418 12164 13536
3194 4789 5303 6005 7681
3803 4860 7271 7337 9319
3852 4628 6397 7700 8475
3177 3441 5027 5603 6708
4792 8060 8612 11742 13583
5758 8510 10061 11462 13062
6393 7113 9515 11580 12780
3140 4824 5317 6391 8626
2634 4170 5081 5966 7241
4088 5729 7731 10092 10973
5499 7345 8380 11082 12072
4416 5899 7002 9512 11337
1787 2193 2530 3414 4157
3944 5450 6634 8075 9004
1379 1469 1900 2331 2903
2450 3728 3970 5402 6437
1768 2714 3162 3899 4765
6357 7001 10085 11742 12432
2624 4114 4570 5651 7117
3542 5373 5621 8072 8382
2440 3144 4134 4248 5541
3488 4592 5695 6652 8307
3256 4994 5246 6704 7404
2459 3411 3734 4324 5522
3309 3634 5236 6512 6612
3009 4162 4499 5363 6372
1731 2152 2544 3372 3947
1763 2289 2951 3822 4047
5288 7594 10379 11532 12540
2255 2970 4106 4968 5809
4767 5859 8474 8630 10464
4233 4970 5898 8140 8460
1660 2053 2923 3274 3933
5090 6982 7864 10260 12193
1478 2516 3063 3596 3736
5749 7185 8744 9892 10754
3407 5818 6611 7833 8724
4436 7534 9428 11148 12826
5678 6939 9686 11171 12657
3208 4285 5361 6387 6637
1789 2206 2636 3365 3717
3308 4570 6101 6942 8473
4201 4489 6187 7948 8973
2607 4035 4495 5347 6821
2288 2989 3710 5112 5933
2809 3129 3610 4992 5432
3634 4069 5230 7059 8539
1438 1990 2155 2773 2960
5168 7664 9084 10159 12052
4833 5409 6887 8724 9660
2048 3210 3891 5012 5733
2025 2762 2923 3580 4172
2738 4430 5314 6590 7656
1268 1821 2627 2927 3577
2456 3196 3412 4547 5340
1158 1669 2161 2512 2822
4522 5559 8114 9373 9965
4608 6210 7811 9252 10853
5343 6435 8159 10722 11016
5489 5889 7730 9451 11493
4302 6508 8143 9854 10576
3344 3777 5026 6227 7140
2057 2457 3435 3595 4300
4782 5559 6670 9336 9891
1952 2583 3971 4368 4800
2339 3118 4022 5178 5473
2493 3250 3412 4205 4926
4781 6201 8396 10504 11666
2844 3769 3832 4757 6061
5468 7570 8032 10848 11100
4394 7234 8697 10332 12010
3817 4265 6171 6563 7936
3681 4059 5221 6681 7599
2528 3748 4231 5198 6081
1359 1479 2141 2582 2622
6248 7065 10523 12059 14076
1119 1693 2200 2608 3170
4560 5633 6855 8447 11113
4488 5929 8411 9772 11293
3572 4735 5681 6599 7221
4913 6850 8200 11577 12568
2060 3196 3700 4655 5394
4150 6850 8067 8941 10196
1018 1580 1821 2312 2693
3518 4539 5650 6942 8923
2759 3474 4484 4841 6060
6495 8235 9598 11902 12561
3519 4221 5167 6491 8059
4411 5707 7596 8706 11039
3176 3969 4786 5939 6948
1634 1933 2702 3249 3444
4263 5226 7300 8596 10521
2983 3859 5336 6487 6762
5889 7997 9272 11625 12948
1492 2362 2797 3120 3793
5599 7062 8525 9471 11364
4804 6065 6555 8061 10022
4699 4909 6766 8061 10128
1534 2193 2979 3526 4072
2999 3275 4496 5417 6223
1643 2514 3251 3882 4362
2094 2695 3145 3371 4482
2137 2586 3435 3739 4188
5004 6151 7262 8817 10705
2600 3994 4907 5627 7045
4383 6275 6870 7956 10022
2066 2934 3207 3956 4551
6264 7645 10131 10867 13766
2248 3430 4151 4972 5352
4904 8074 8650 11676 13741
5636 7402 7990 10511 12024
4649 5610 7411 8972 10493
1534 2194 2825 3372 3891
3999 4990 5771 6611 7992
5462 6570 7595 10180 11123
4522 6411 7892 8743 9706
3098 4600 6191 7392 7932
2966 4737 6246 6420 8365
3059 4195 4897 6897 7384
4610 6640 7186 9294 10386
1373 2024 2767 3275 3574
6722 7996 10104 11918 14418
3705 4013 5359 6256 7769
1871 2165 3007 3568 3820
1306 1935 2199 2486 3269
5528 7645 8612 11742 13767
2976 3929 5527 6956 8301
1529 2024 2871 3340 3431
1803 2141 2454 3392 3691
1613 2470 2845 3867 4167
2837 4058 4725 5945 6521
4226 6850 7610 9017 11337
3680 5698 6635 8112 9409
5133 6036 8498 10056 12272
5883 7812 9505 10586 13643
1520 2208 2937 3105 4003
3144 3929 5751 6648 7517
5839 8438 10006 12654 13585
3225 3753 4498 6084 6396
5453 6579 9056 11127 12523
3613 5469 7396 8342 10268
1964 2543 3428 3769 4637
3788 6135 7431 7746 9497
1422 2516 2558 3358 4157
5329 6317 7496 9283 10956
3519 4221 5314 6642 7006
1384 1549 2035 2597 3027
3312 4714 6003 6255 7572
6183 7899 9468 11723 12899
3465 4627 5060 6059 7194
3912 5738 6443 7339 8908
2208 3838 4499 5644 6106
3089 3199 4146 5666 6304
2186 2835 3592 4692 4944
2669 2802 3430 4229 5485
3946 5311 5932 6893 8103
4256 6346 6598 7931 10633
5256 7267 8251 9359 12312
3383 4410 5897 6599 7572
2079 2199 2800 3852 4092
2150 2727 3376 4043 5377
2924 4059 4870 6951 8059
2735 4168 5222 6303 7600
5398 7997 9811 11772 13635
3677 4490 5807 6255 7936
4581 5157 7859 8471 10236
2469 3367 4542 5095 6729
1389 1810 2040 2411 2722
3924 4620 5868 7320 8219
5576 7065 10091 11916 12684
3761 4994 5330 6339 7404
2253 2423 3530 3990 4636
3848 5230 6521 7541 8292
5093 7570 8830 11712 12792
5251 7801 8879 12752 13046
4643 6985 9326 10452 12388
1299 1479 2041 2512 2852
1912 2505 3339 4060 4412
3068 5380 6041 7242 7962
4108 6160 8745 9032 10673
4313 5154 6905 8587 10338
4867 7105 8654 9515 11451
1304 1882 2218 2976 3337
6771 8438 10497 11232 13340
3139 5497 5714 7793 8755
3023 3331 4432 5335 6238
2837 3713 4219 5601 6844
5366 7341 10069 11621 12608
2840 3657 5171 6132 6948
3896 6130 7895 8471 10524
1646 1985 2845 2962 3730
4489 4585 7051 7659 8716
5055 8046 10791 12556 13046
1450 2334 2544 3260 4129
2148 2829 4071 4972 5253
5274 6874 8279 9176 10269
3909 4329 6041 6791 8743
3720 4882 5607 7552 7755
3571 3909 5367 6434 7136
5949 6984 9506 10136 13468
2864 4330 4738 6252 6804
2699 3712 4933 5738 6613
2908 4185 4811 5687 6938
4489 5154 7501 8447 9217
3056 4041 5243 5867 7116
5447 7065 10350 12115 14272
5169 5809 7530 10372 10572
6449 7094 8613 10269 12433
3400 5610 6539 7563 8908
1413 1701 2279 2868 3205
3511 4908 5931 7545 9065
3045 3574 4196 5554 6913
2809 3069 4151 4751 5412
3745 5819 7485 8633 10188
1784 2810 3418 4139 4668
2171 3328 4484 4989 5535
3114 3850 4541 5669 6705
4299 5091 6544 8262 9417
1218 1560 2343 2564 2972
6058 9010 10810 12361 14462
2676 3460 4749 5233 6223
4796 6730 8621 9966 11562
4328 5229 7139 9336 10056
4329 4713 6763 7051 9133
2960 3994 5171 5843 6420
2936 3369 4450 5892 7117
2423 3298 4887 5486 6430
2816 3705 5195 5915 7212
6909 7659 9460 12312 14312
5041 5781 7966 8521 11001
2288 3070 3671 4652 5533
2248 3210 4211 4712 5352
4489 5610 7396 8131 9182
4867 6847 8740 9945 11192
3089 3706 4301 4895 5820
5836 7623 8517 11997 14113
6344 8458 10042 11195 14028
2446 3989 4380 5670 6706
1745 2348 2545 3148 3723
1861 3002 3309 3751 4994
3139 4908 5653 7235 8693
1708 2611 3156 4177 4790
3311 4066 4977 6252 6850
4122 5892 6164 8716 9940
2117 2474 3462 4296 4483
6681 8170 9082 11147 12828
3045 3229 4197 5164 6177
5254 6803 8051 10245 12870
4643 7525 8561 11442 11847
2408 3898 4451 5292 7021
1993 2394 2939 3628 4429
2978 3924 5870 6681 7086
5289 6209 7930 9211 11853
2372 2576 3343 3836 4568
1969 2039 2740 3315 4171
6559 7960 9511 11912 13162
3929 4517 6171 6227 7964
5068 7577 9691 11275 12420
4922 5508 8045 9723 11323
5544 6323 7718 10057 11164
3608 5518 6887 8184 10273
6265 6587 9625 10729 13399
4332 4761 5983 8064 9682
4754 6730 9041 10512 10974
3680 5157 7103 9084 9733
5724 7660 8741 10136 12568
4767 5977 7186 9333 10777
4351 7277 9299 9944 12354
1038 1489 2211 2482 2853
1368 1709 2130 2571 2912
4961 6132 8318 8864 11479
1944 2289 2800 3897 4197
2588 2969 4070 4851 5973
1048 1650 1810 2552 2622
5063 5633 7497 8713 10843
3272 5322 6411 7436 8493
2768 3436 4703 5348 6453
3789 3816 5762 6140 7626
1944 2515 2846 3372 3927
2354 3736 4312 5256 6568
4258 6130 6640 8716 9566
4142 6327 8474 9879 11049
3546 4707 6014 6768 8568
2975 3712 5071 5554 6636
4208 7010 7410 10052 11373
3697 4690 6428 7793 8382
5298 7140 8428 11098 12847
1273 1758 2266 2795 3092
2869 3265 4587 5159 6481
2809 2869 4351 4591 5212
3849 4509 6491 7332 7962
3506 4629 6281 7701 9748
4208 5679 7291 8236 10268
1946 2764 4191 4629 5447
3408 5518 6675 8444 9567
3153 3561 4618 6252 6780
3158 4285 5111 5936 7087
1828 2460 2684 3610 4002
5318 7705 8335 10181 12658
2576 4162 4859 5675 6853
1038 1490 2131 2212 2703
1616 2001 2410 3059 3540
1790 2116 2350 2975 3731
1542 2168 2689 3053 3835
4610 5625 8435 9099 10972
6169 6257 8458 11276 12816
2883 3873 4887 5946 6337
1965 3088 3735 4191 5561
4802 6778 8612 10681 12750
2936 4090 4810 5723 6996
5741 7408 9565 11772 14664
1378 1719 2080 2601 2932
2060 3221 3868 4610 5427
6401 6871 9317 11386 13219
1598 2515 3071 3792 3987
4070 4349 6242 7296 9127
2129 2949 3980 5094 5977
3752 5085 7211 8796 9913
3139 4815 5901 7638 8817
3788 4545 5815 6950 7977
3846 6736 7839 9740 10196
2006 3232 3772 4367 5286
2296 3287 4411 4917 6503
3869 5158 7007 7734 8691
1808 2470 3176 3386 4288
3004 3929 5948 6200 7377
2049 2440 3122 3956 4875
5244 6961 9515 11451 13080
1959 2710 2830 3702 3957
4754 6015 8327 10008 12151
3752 6490 6526 8760 9372
5291 6013 8066 9892 10500
4608 7830 9671 10730 12755
3400 5258 6603 8204 8332
1128 1509 2121 2502 2993
6329 7800 9712 11918 14271
3198 4215 5289 7001 7988
4497 5950 6379 7568 8790
1496 2025 2639 2735 3612
2708 4059 5816 7005 7329
4778 7795 9866 11307 12612
2208 3684 4081 5182 5733
3837 4882 5781 7117 7842
3275 4735 5924 6356 7248
1646 1881 2767 3184 3756
5006 8144 8830 12213 13145
3167 4708 5249 6384 7032
4448 5855 7855 8336 11076
6129 8110 9326 10271 12117
1436 2109 3063 3442 4115
4568 6660 7915 8903 10690
5577 7690 8650 11484 12781
1960 2665 3098 4172 4668
2252 3155 4125 5270 6503
6659 7909 10761 11961 13362
4654 8014 10039 10131 13813
4100 5686 7040 7700 9780
2634 3805 4742 6538 7683
3263 5435 6335 7017 8631
2153 2361 3515 3996 4236
2098 3430 3639 4476 5447
1158 1429 2101 2332 2913
4480 6072 8912 10203 11838
5369 6730 7290 9091 11333
7009 7709 9110 12362 13862
2582 3618 4124 5270 5975
7009 8460 9660 12362 13462
1449 2361 3091 3581 4170
1307 2167 2780 3353 3756
3374 4728 6809 8031 9682
2809 2809 4071 5152 5532
3508 4770 6003 6591 8020
3102 3987 5315 6226 7423
1838 2499 3266 3912 4017
2738 4013 4768 6668 7605
4716 6522 8547 10044 12333
5930 8470 8658 12232 13360
1449 1689 2411 2928 3253
4020 5586 7083 8069 9566
3209 3709 5411 6062 6887
1527 1902 2034 2431 3082
4641 7308 8416 9359 10795
5503 5872 7554 10139 10918
1185 1770 2255 2509 3038
4922 6939 8116 10890 12360
4808 8554 9226 12252 13884
2428 3639 4565 5401 6503
4208 6205 7255 8936 10337
2612 2726 3621 4610 5142
1944 2425 3011 3386 4273
6158 8410 10010 11561 14513
1688 2473 3291 4044 4605
1373 2233 2389 3392 3770
3024 4560 5367 6434 7188
3068 3275 4288 5256 6683
1412 1934 2676 2976 3471
1832 2714 3162 3691 4733
3788 6418 6959 8148 9841
4544 6099 8201 9924 12487
3408 5007 6845 8410 9397
6559 7009 9410 12962 13162
4808 5649 7851 9652 11613
3824 5842 6959 8256 9517
5679 6729 9209 9377 11982
3621 4826 6031 6423 7292
4566 6890 8955 10676 11235
1199 1610 1820 2221 2943
3947 6367 7967 9723 10269
1350 1593 2365 2619 3037
4628 5973 8495 10176 12025
3005 3870 5384 6843 7951
6673 7065 9271 12017 14615
2978 4222 5249 6897 7356
1347 1894 2728 2872 3653
1130 1671 2013 2553 3038
4142 5860 8552 8591 10777
4688 5913 7895 8039 10632
5464 7886 9338 11319 11936
