1000 10 5
3 88 46 38 57 98 41 60 80 70 22 0 11
4 62 75 37 97 58 42 34 45 77 92 0 18
9 27 30 63 62 26 28 54 85 68 48 0 42
3 32 76 31 34 93 79 80 59 98 68 0 13
10 70 28 83 31 73 60 64 56 24 48 0 48
5 33 83 22 27 29 96 53 20 92 75 0 21
7 69 96 94 34 95 33 24 84 60 25 0 35
5 91 21 68 59 89 43 36 97 60 50 0 22
5 65 98 93 42 76 89 61 49 85 20 0 25
8 71 44 97 37 49 74 81 66 32 52 0 39
9 88 71 77 65 29 20 51 26 49 81 0 44
7 61 21 68 83 81 84 47 40 38 35 0 34
3 31 53 98 54 86 59 72 85 56 65 0 14
7 49 39 55 55 32 20 51 94 70 86 0 31
6 23 96 53 76 89 87 92 91 77 93 0 28
9 79 79 69 61 80 88 75 96 89 75 0 44
3 99 50 96 84 56 33 62 27 63 58 0 15
10 81 52 36 47 43 53 64 75 29 79 0 48
9 55 61 45 61 89 40 54 85 84 29 0 44
10 65 71 31 42 31 29 37 31 34 66 0 47
7 58 36 32 67 70 91 35 67 89 74 0 33
6 60 72 56 85 78 99 83 86 39 22 0 30
9 44 44 63 67 68 23 64 65 61 63 0 41
6 31 43 47 26 55 52 60 60 29 57 0 26
6 85 92 98 91 35 89 89 39 77 20 0 27
4 88 84 31 78 30 81 59 49 90 53 0 19
7 45 38 83 21 20 63 34 84 37 58 0 33
3 31 97 50 92 62 95 69 61 68 56 0 13
8 56 81 39 61 82 53 33 54 95 56 0 38
10 79 46 60 95 44 31 84 79 24 60 0 48
9 84 95 99 24 26 71 45 62 32 83 0 41
10 26 27 84 69 68 27 50 98 97 50 0 50
7 28 47 32 21 36 41 95 56 29 43 0 35
10 40 95 41 29 86 90 82 92 63 29 0 47
8 25 50 29 22 78 63 82 49 37 30 0 39
8 74 27 57 63 33 73 61 53 86 64 0 38
8 98 90 58 90 62 55 48 68 52 74 0 38
4 50 47 95 32 35 80 26 64 36 95 0 17
4 26 40 48 94 97 33 99 74 27 32 0 17
8 45 76 66 25 87 26 61 61 68 99 0 36
6 85 38 35 43 77 22 81 84 79 74 0 28
6 23 93 52 80 48 91 97 26 90 99 0 26
3 89 74 72 82 56 31 96 98 40 97 0 11
2 53 80 40 48 70 61 50 62 87 95 0 10
4 93 73 79 43 96 48 76 39 64 96 0 20
3 99 54 51 73 87 98 25 76 85 86 0 12
7 45 67 96 94 33 78 39 79 67 59 0 33
5 22 53 55 94 50 66 80 95 86 98 0 23
9 46 22 40 67 95 45 61 76 24 57 0 42
7 81 22 25 23 96 77 73 22 66 81 0 31
3 38 90 70 61 76 69 94 67 68 90 0 11
3 31 21 64 66 71 26 32 77 24 29 0 14
3 86 42 65 67 41 48 71 79 52 64 0 13
7 39 66 25 91 59 40 34 56 77 94 0 31
8 76 63 60 48 92 89 81 94 78 66 0 36
8 29 80 91 30 81 71 25 90 42 76 0 40
9 22 69 52 90 35 30 64 66 37 77 0 41
9 74 84 23 92 93 52 61 35 26 58 0 44
10 69 40 91 52 69 33 31 36 30 25 0 49
4 68 83 69 56 30 88 62 69 98 28 0 17
3 78 74 37 85 84 97 43 80 89 49 0 11
4 40 55 23 41 92 46 34 91 27 93 0 16
10 41 35 80 35 72 53 54 71 93 21 0 50
4 91 59 63 51 23 71 44 67 79 45 0 17
6 57 61 38 69 52 85 77 97 87 53 0 30
3 95 34 48 93 24 80 97 98 21 56 0 14
3 21 97 70 86 49 89 37 25 42 29 0 12
7 43 64 31 32 28 62 77 94 65 94 0 34
9 84 59 83 60 90 64 60 35 27 89 0 42
7 87 57 47 80 41 99 31 53 35 84 0 35
6 79 71 68 30 76 67 45 54 46 42 0 28
8 55 81 91 74 89 35 96 68 67 32 0 37
7 98 47 38 27 75 60 65 68 89 37 0 32
8 94 61 80 73 60 76 29 46 58 57 0 40
7 81 63 44 50 81 39 74 50 34 20 0 32
5 64 88 67 22 75 86 98 58 76 89 0 24
5 72 70 83 83 35 20 90 58 94 79 0 23
8 79 29 30 38 35 79 55 86 20 41 0 40
4 23 84 38 50 26 52 78 24 59 91 0 18
4 95 37 64 90 99 61 22 21 39 46 0 16
8 98 49 73 94 47 28 99 20 67 91 0 40
8 35 40 76 26 89 91 27 56 42 34 0 37
3 20 69 72 92 66 64 50 25 55 80 0 13
10 27 78 64 37 72 38 65 69 69 81 0 49
10 62 55 72 90 78 62 58 92 32 58 0 50
10 71 85 79 98 84 35 28 53 97 40 0 46
7 37 35 96 96 63 70 91 77 79 28 0 31
3 55 38 69 90 44 26 32 52 24 26 0 11
7 51 96 68 86 62 44 99 34 97 48 0 32
8 95 98 62 81 36 88 58 72 45 34 0 37
8 98 52 99 97 55 93 98 78 93 78 0 37
6 27 53 73 48 56 84 74 40 94 61 0 29
8 95 84 58 95 68 38 82 73 91 45 0 37
10 31 20 34 43 97 29 97 86 30 98 0 49
7 61 34 65 61 76 78 29 29 39 21 0 33
6 75 76 51 43 68 73 45 31 58 39 0 29
4 21 29 75 91 23 81 25 86 68 74 0 16
3 80 25 77 62 35 54 51 88 32 39 0 11
4 91 42 56 42 31 41 62 74 61 22 0 18
4 24 99 40 88 96 22 37 30 20 41 0 17
4 20 80 84 43 55 64 29 28 23 57 0 16
4 69 67 99 43 54 25 68 58 61 58 0 17
3 88 84 59 26 27 83 75 50 20 43 0 13
6 65 46 45 79 31 83 46 36 67 72 0 26
8 90 64 75 67 47 86 77 73 71 39 0 40
6 91 78 24 50 22 41 67 34 77 73 0 30
5 46 69 47 60 69 72 71 67 68 23 0 21
7 93 58 92 53 37 31 80 46 98 79 0 35
5 28 70 28 99 49 94 23 61 45 45 0 24
10 88 39 35 64 83 47 96 88 97 78 0 46
3 24 89 58 85 52 81 50 94 74 30 0 11
5 35 37 24 65 89 32 20 68 98 38 0 23
7 90 30 95 98 68 81 67 54 83 82 0 32
10 80 36 66 63 70 79 23 90 66 21 0 46
10 61 33 78 63 64 47 91 42 30 98 0 49
5 50 97 62 32 62 96 51 27 67 67 0 24
9 92 92 74 36 42 55 38 43 30 45 0 41
3 96 30 21 72 64 66 93 49 46 95 0 11
5 86 90 23 44 70 47 81 78 79 33 0 23
9 89 60 43 43 47 51 85 94 20 92 0 41
5 33 83 50 71 83 60 36 46 30 57 0 23
7 29 78 49 38 38 22 43 76 45 43 0 31
3 57 21 71 68 72 98 42 20 73 92 0 12
3 54 36 98 67 33 67 49 57 88 42 0 13
5 85 75 24 45 58 82 44 93 75 27 0 24
10 86 55 74 65 50 61 86 39 49 33 0 46
2 37 72 34 72 62 52 85 96 26 71 0 10
10 81 71 84 70 93 25 64 21 69 90 0 49
7 91 74 73 21 30 25 90 29 97 72 0 31
8 67 83 31 82 48 20 73 96 96 46 0 36
8 67 73 53 46 36 89 57 51 58 94 0 36
9 27 71 22 40 89 70 27 69 34 22 0 41
9 38 90 53 64 71 54 36 67 45 42 0 41
5 34 22 55 61 34 43 39 65 36 30 0 25
6 28 55 73 24 64 46 45 99 95 34 0 26
6 71 45 38 62 87 32 88 21 36 85 0 29
5 84 97 59 31 95 94 73 60 24 41 0 22
5 49 51 26 58 60 99 25 81 55 72 0 22
8 74 49 62 97 82 28 92 87 76 24 0 39
9 96 59 83 72 91 70 49 55 82 54 0 45
4 62 66 58 48 70 27 50 36 88 79 0 19
10 98 58 97 98 83 53 85 95 91 98 0 49
3 69 62 89 26 49 94 28 43 60 81 0 11
10 46 26 80 49 78 85 80 91 68 31 0 46
6 95 31 98 39 53 32 72 88 65 83 0 30
8 54 63 38 26 31 40 46 81 62 84 0 39
4 23 64 81 77 91 60 57 95 99 96 0 20
4 53 41 36 33 35 72 82 68 57 49 0 20
4 48 48 62 89 83 46 65 37 86 24 0 20
3 63 82 35 96 54 83 64 69 35 26 0 11
8 21 44 78 63 58 39 65 68 35 59 0 39
4 30 84 85 30 58 85 80 47 53 89 0 17
7 59 46 32 51 49 69 66 23 31 34 0 31
5 57 75 26 39 74 52 73 28 92 57 0 21
3 78 52 94 55 30 32 66 26 38 94 0 11
9 52 67 58 28 95 50 66 28 41 77 0 45
6 23 22 25 60 25 33 86 50 30 52 0 30
9 32 64 71 40 40 38 27 75 79 59 0 43
9 74 20 47 64 85 56 85 95 34 89 0 41
3 70 48 56 25 60 85 26 87 55 32 0 12
10 38 34 46 74 55 30 95 55 97 23 0 48
7 97 54 31 40 99 40 52 57 29 41 0 35
4 66 34 44 87 42 69 35 80 92 26 0 16
9 57 20 83 38 65 94 76 71 80 35 0 44
9 58 40 21 22 99 22 55 98 65 23 0 45
4 71 30 43 70 88 28 51 46 52 27 0 18
3 64 25 42 89 48 48 57 69 21 56 0 11
4 96 98 68 86 50 36 52 35 21 50 0 19
6 68 71 40 85 78 25 24 45 57 64 0 29
8 73 47 21 30 32 29 39 93 26 36 0 40
4 78 93 53 49 87 76 83 23 73 28 0 19
5 70 58 47 51 54 53 64 39 25 98 0 23
4 70 24 81 42 77 29 32 27 47 98 0 20
8 64 69 62 40 93 93 63 30 96 62 0 37
4 66 94 68 40 64 68 65 89 71 58 0 20
5 88 46 61 90 96 78 54 98 78 84 0 23
6 94 46 63 28 27 93 94 27 38 23 0 28
5 46 46 65 43 95 65 42 96 50 83 0 24
5 27 45 28 28 68 35 97 96 69 73 0 22
4 74 94 27 72 72 33 80 59 31 54 0 17
6 20 47 78 73 35 59 38 50 78 57 0 28
6 49 84 29 54 60 69 20 31 67 80 0 29
8 97 74 28 98 47 75 41 93 36 63 0 40
4 50 26 90 97 42 49 80 34 78 36 0 19
8 94 31 20 43 97 21 76 61 82 77 0 36
9 99 76 82 44 22 24 30 79 29 25 0 41
6 80 88 76 43 36 60 94 37 44 67 0 29
5 84 33 21 23 63 20 43 63 75 52 0 21
3 40 47 81 45 25 70 45 75 55 38 0 12
5 40 80 91 51 97 54 42 78 74 33 0 24
8 78 32 75 81 89 72 28 57 84 21 0 40
9 25 46 95 35 50 20 31 33 82 76 0 45
9 87 58 59 88 75 41 28 74 88 30 0 43
7 40 34 50 31 53 31 39 30 20 62 0 34
10 62 53 50 70 76 62 38 22 67 87 0 47
3 63 93 35 28 40 20 23 75 29 63 0 14
8 65 59 24 92 33 22 29 57 34 75 0 36
6 54 83 66 69 32 66 51 63 56 22 0 26
10 95 41 73 75 75 68 21 25 86 77 0 49
5 66 86 73 99 66 67 84 39 97 94 0 21
2 53 90 20 82 38 70 38 96 28 30 0 10
4 72 96 72 89 64 80 84 81 24 81 0 18
9 26 98 25 52 62 87 69 23 79 50 0 45
7 75 69 60 37 84 84 27 81 54 63 0 35
10 46 58 98 23 59 23 88 25 21 37 0 48
3 44 68 21 43 82 29 98 73 59 75 0 12
8 28 24 58 31 66 85 89 43 21 68 0 38
9 93 32 36 70 96 35 57 40 38 68 0 44
9 49 81 42 54 43 93 56 77 54 71 0 41
3 48 75 39 28 57 92 69 95 46 40 0 15
5 56 92 95 54 64 76 46 47 30 33 0 22
10 58 70 66 40 81 80 49 26 74 84 0 48
7 59 40 78 58 33 81 22 48 78 97 0 31
10 59 39 55 55 26 74 24 20 23 93 0 48
3 35 47 67 96 34 92 44 45 37 80 0 14
8 92 95 49 58 44 72 52 76 90 26 0 38
6 48 83 48 60 53 93 48 72 99 96 0 28
8 74 65 41 89 52 45 85 91 54 45 0 38
8 25 52 34 53 21 59 75 40 57 20 0 40
6 95 77 95 62 39 33 72 58 54 37 0 30
6 68 94 32 86 86 92 44 54 88 67 0 26
8 29 23 26 35 35 26 94 88 21 92 0 38
3 61 99 62 70 90 62 79 33 35 24 0 14
10 88 30 93 98 23 39 63 32 73 40 0 46
4 26 66 23 67 45 82 35 94 36 91 0 17
3 43 51 40 88 79 53 40 55 57 58 0 14
6 65 59 29 29 42 91 44 53 84 77 0 27
6 20 29 75 35 92 97 32 33 46 25 0 30
7 95 27 80 21 67 50 64 50 61 68 0 31
8 78 39 35 60 49 59 99 39 70 99 0 39
10 39 35 69 50 42 62 94 63 91 74 0 49
8 25 67 74 65 59 82 44 36 25 87 0 39
6 20 83 71 67 78 22 20 60 52 87 0 27
8 69 55 86 74 51 29 47 39 57 33 0 39
9 40 83 34 98 51 86 37 71 80 73 0 41
6 30 77 89 67 60 82 40 37 56 93 0 27
6 46 70 34 75 78 81 62 54 24 21 0 27
9 53 29 78 67 70 88 97 75 70 37 0 44
8 62 84 51 37 92 60 48 32 34 64 0 38
2 45 79 72 68 47 47 96 84 59 68 0 10
3 37 94 61 95 98 98 79 29 82 61 0 14
4 47 44 62 30 95 21 65 34 59 91 0 17
9 82 54 62 64 40 83 63 59 73 56 0 44
8 76 76 70 88 90 54 42 67 62 28 0 39
10 78 56 86 50 58 41 90 52 22 40 0 49
4 54 47 21 76 69 87 93 81 62 82 0 18
4 54 80 48 67 94 90 46 87 81 98 0 19
6 25 84 45 82 39 50 59 79 55 29 0 30
4 35 25 84 31 69 87 36 26 31 87 0 18
4 75 98 21 91 66 94 94 51 97 22 0 18
5 40 22 27 43 61 60 92 35 86 47 0 22
5 75 57 42 80 62 63 37 97 87 91 0 22
3 61 25 92 93 57 58 64 59 86 71 0 13
5 97 53 42 46 88 84 42 67 89 82 0 22
5 69 53 57 43 76 58 67 95 70 63 0 21
3 53 93 60 53 21 33 93 55 81 23 0 15
4 85 74 33 90 46 38 95 56 64 43 0 18
6 84 87 97 31 93 59 46 46 23 41 0 26
5 63 46 73 25 23 69 72 41 69 28 0 25
9 75 33 79 25 86 76 30 88 83 65 0 45
10 35 44 50 60 64 51 67 85 23 43 0 48
7 30 64 94 27 76 72 48 62 91 26 0 32
3 99 61 22 37 61 30 45 40 78 47 0 12
6 36 32 77 75 34 60 86 60 38 70 0 29
4 22 95 47 76 67 77 32 63 62 77 0 19
4 42 29 68 39 23 50 51 93 82 72 0 17
5 71 98 71 95 60 67 94 96 65 69 0 24
8 84 77 93 76 59 56 76 69 70 74 0 36
10 91 28 33 62 29 75 39 87 86 45 0 48
5 98 92 22 99 72 49 22 66 60 54 0 21
6 81 35 38 64 36 33 68 68 43 33 0 30
8 61 65 20 72 40 37 65 86 38 47 0 38
4 28 99 76 59 24 73 65 88 81 42 0 17
8 88 75 56 23 25 75 26 32 42 72 0 36
3 64 35 41 36 29 21 36 99 45 22 0 13
6 85 48 98 95 30 94 49 48 56 60 0 30
7 96 24 91 84 26 61 27 20 64 37 0 31
4 41 99 46 90 26 98 71 33 31 97 0 19
4 64 97 66 66 78 43 37 62 35 87 0 16
9 37 57 42 88 42 64 69 75 94 23 0 45
9 70 24 37 22 58 80 38 84 46 74 0 44
5 42 49 63 69 69 67 40 40 31 94 0 22
8 40 39 82 41 92 25 77 90 74 76 0 36
7 54 86 53 60 48 45 37 38 39 23 0 35
9 32 54 75 37 64 52 88 67 89 83 0 41
4 77 71 59 54 61 88 59 98 92 70 0 16
3 86 38 53 70 99 28 56 23 76 54 0 14
7 43 65 66 37 25 24 95 29 26 48 0 35
9 40 30 43 20 43 39 90 36 64 99 0 43
5 93 43 38 73 32 39 92 22 59 44 0 24
7 63 49 97 84 60 57 24 31 31 84 0 33
6 85 26 29 45 47 40 37 43 42 50 0 29
8 92 65 22 22 99 31 93 62 46 54 0 36
5 49 29 71 77 88 46 71 59 70 22 0 24
4 37 35 28 78 28 74 47 88 96 34 0 18
5 42 89 86 22 53 42 34 93 97 64 0 23
10 26 48 87 45 67 34 71 63 98 23 0 47
6 25 50 27 95 70 43 69 72 94 28 0 28
7 25 47 73 95 57 99 27 89 75 42 0 32
5 78 45 44 44 41 80 40 36 72 45 0 24
7 88 49 55 72 24 90 97 46 98 67 0 31
4 45 88 68 24 92 78 33 31 42 66 0 18
5 78 33 29 65 51 74 60 45 97 95 0 25
8 30 67 30 90 94 96 82 93 30 99 0 39
5 31 65 66 81 88 39 92 87 35 28 0 23
6 29 92 91 89 73 43 61 75 58 29 0 30
4 96 30 24 50 58 90 83 34 35 65 0 18
9 28 62 23 68 34 62 26 99 48 53 0 41
7 62 33 20 40 55 23 37 50 20 41 0 32
5 57 90 29 51 80 59 68 93 20 31 0 24
7 46 82 91 32 60 79 74 83 94 77 0 32
8 53 80 88 53 99 95 60 49 22 20 0 39
9 51 61 78 98 96 61 55 64 72 62 0 44
6 49 31 43 61 43 37 80 61 64 87 0 28
4 83 23 74 80 59 61 89 70 96 48 0 16
4 41 86 46 40 28 24 39 29 43 25 0 18
7 20 35 25 81 27 36 44 67 76 90 0 32
8 49 26 62 73 66 69 67 49 84 96 0 37
7 98 95 73 56 45 62 52 53 69 69 0 33
5 87 65 72 35 81 90 97 25 69 89 0 25
4 26 92 94 67 84 68 23 82 36 34 0 17
7 28 26 97 36 87 93 61 99 43 80 0 34
6 69 42 94 58 34 54 72 39 64 24 0 26
5 77 30 90 70 70 63 82 92 86 48 0 23
6 42 53 31 55 54 72 74 34 86 68 0 28
4 45 32 47 58 67 23 61 48 63 79 0 19
3 46 85 94 50 95 95 25 41 57 92 0 12
10 96 94 23 74 99 67 97 35 46 45 0 46
10 62 86 78 35 30 94 75 46 20 74 0 50
3 97 93 56 67 42 85 48 73 88 98 0 11
6 88 50 46 75 45 24 63 63 78 98 0 30
7 69 99 81 37 60 40 43 72 82 43 0 34
10 40 37 93 50 96 64 43 84 74 82 0 48
6 39 83 86 99 46 45 70 73 77 34 0 27
10 86 89 65 78 60 73 31 86 46 53 0 49
10 88 74 95 81 35 71 36 48 23 96 0 46
4 29 33 43 33 44 50 32 23 52 65 0 20
3 24 78 27 90 57 70 76 56 79 77 0 14
8 76 95 99 32 74 46 93 24 55 81 0 37
6 84 57 22 78 87 96 35 46 24 94 0 26
7 48 51 37 66 75 99 65 85 41 87 0 33
4 48 64 99 69 85 65 65 62 33 53 0 17
8 95 62 60 85 22 75 36 40 39 21 0 36
9 29 96 79 95 26 53 67 39 99 24 0 45
4 90 77 99 29 56 62 77 41 36 96 0 18
3 31 59 74 85 86 41 98 95 32 56 0 12
9 35 62 50 81 31 46 76 45 51 87 0 41
9 90 78 96 74 51 57 36 36 95 67 0 42
8 67 43 54 66 56 71 72 35 77 65 0 39
5 49 52 54 49 84 41 57 40 67 46 0 24
3 76 49 32 28 31 81 87 48 45 68 0 13
3 31 79 38 80 33 54 66 43 57 43 0 11
8 30 36 24 83 70 78 89 82 99 58 0 37
3 64 72 57 87 29 54 86 29 50 80 0 15
10 99 20 35 90 24 34 54 89 26 92 0 50
7 94 95 43 44 61 45 46 70 93 22 0 34
9 54 76 24 67 73 87 96 62 53 88 0 45
6 54 73 23 26 30 73 53 38 52 46 0 28
3 38 35 32 42 21 68 37 98 63 85 0 12
10 44 31 67 90 64 30 93 77 59 32 0 48
10 66 44 22 48 22 89 43 99 55 45 0 48
10 90 86 97 44 41 75 58 38 83 90 0 46
9 92 21 50 20 37 24 61 80 59 32 0 45
10 80 71 32 42 56 86 53 96 40 27 0 47
7 97 49 85 98 66 36 39 43 37 30 0 35
3 89 26 92 45 81 29 87 32 86 99 0 14
4 98 80 96 72 70 92 98 35 29 48 0 19
3 69 70 54 54 75 54 58 47 45 28 0 13
3 33 46 39 34 80 38 55 78 49 93 0 11
3 26 38 97 65 85 84 46 51 81 73 0 12
6 91 27 49 36 89 62 46 43 59 67 0 26
9 50 55 51 53 39 67 33 45 81 42 0 43
6 75 30 39 82 91 44 42 50 64 58 0 27
5 40 60 69 71 23 60 98 61 24 85 0 24
3 35 46 43 89 80 43 34 40 69 72 0 12
3 23 26 92 54 77 97 74 32 37 24 0 12
6 61 43 49 60 85 95 89 99 86 44 0 29
3 77 54 82 75 40 80 76 43 89 25 0 13
2 76 77 52 52 35 36 67 42 31 53 0 10
4 83 70 61 43 61 60 73 68 40 50 0 16
8 81 51 34 90 42 49 29 91 77 23 0 39
6 96 27 74 71 42 90 35 76 86 36 0 27
2 36 68 66 91 59 29 95 74 34 89 0 10
3 55 50 28 80 44 48 40 88 83 76 0 13
10 71 95 37 98 32 29 79 40 32 57 0 46
8 79 57 93 73 61 20 87 46 32 43 0 36
8 84 42 64 89 72 46 52 21 50 93 0 37
6 21 41 61 96 32 25 72 23 88 35 0 27
7 77 48 62 23 75 86 83 63 53 71 0 33
8 45 70 40 54 52 45 40 77 72 43 0 38
7 75 99 97 89 28 41 69 58 89 34 0 34
5 63 55 90 30 27 49 63 25 45 88 0 23
10 55 30 84 33 40 76 62 68 86 22 0 49
9 63 64 44 67 62 81 77 66 45 69 0 42
6 35 93 36 87 25 20 37 28 99 80 0 27
4 80 90 57 42 96 56 95 68 93 51 0 18
7 45 97 57 81 35 89 35 37 47 35 0 33
7 92 52 47 77 74 33 21 58 27 61 0 33
6 76 48 56 25 94 21 50 34 39 72 0 29
8 77 35 54 37 70 50 99 23 96 73 0 40
5 70 42 71 95 25 93 51 33 69 80 0 23
6 73 35 39 51 66 99 98 87 53 21 0 26
9 36 96 75 42 38 64 34 82 40 68 0 45
8 30 70 99 92 81 36 39 72 95 78 0 40
8 67 81 28 68 89 90 41 49 97 82 0 37
3 39 95 21 74 68 38 76 37 52 66 0 13
7 64 61 93 73 35 78 63 47 22 87 0 32
4 85 40 35 37 44 28 54 42 75 97 0 18
10 69 52 95 42 21 92 81 84 42 53 0 49
10 71 75 50 53 78 23 82 78 85 31 0 49
3 96 37 21 30 60 28 90 24 84 28 0 13
5 88 74 68 39 47 48 25 93 53 31 0 24
5 92 63 93 30 34 67 59 57 60 89 0 23
10 63 82 63 70 35 43 63 71 45 74 0 50
2 49 93 98 73 23 25 55 60 38 59 0 10
5 68 49 84 90 74 73 62 41 50 92 0 23
10 34 71 63 55 55 74 63 93 63 31 0 50
4 79 80 97 86 79 77 53 56 60 46 0 20
8 50 91 46 40 29 30 56 21 45 52 0 39
10 90 82 49 42 97 38 50 80 38 88 0 49
6 37 95 52 37 39 66 92 96 62 55 0 27
7 92 32 60 45 97 53 64 62 70 78 0 31
6 39 58 98 69 86 26 27 24 53 42 0 26
6 62 97 66 87 68 31 91 26 96 41 0 30
8 95 69 61 54 80 41 59 53 23 39 0 36
9 85 55 62 36 85 85 83 72 35 59 0 42
6 43 91 77 98 39 30 56 90 83 90 0 26
10 39 57 77 20 39 91 98 70 83 73 0 50
10 59 57 54 69 61 43 86 62 57 54 0 50
3 32 31 41 70 70 62 40 56 92 42 0 14
6 85 57 40 79 33 32 79 85 74 48 0 30
6 82 92 43 57 62 99 74 35 42 52 0 28
10 23 70 51 85 49 87 21 47 81 50 0 50
3 98 35 60 79 62 82 31 88 42 87 0 13
10 66 32 87 34 68 31 31 65 95 79 0 50
9 24 72 79 33 69 77 21 44 59 40 0 43
7 94 83 32 21 93 48 67 92 94 26 0 33
10 54 92 25 90 97 71 20 57 85 34 0 46
7 27 26 99 80 72 89 90 50 95 79 0 34
3 49 97 37 64 23 77 22 39 35 75 0 12
8 53 53 82 81 25 30 21 87 57 89 0 37
6 55 84 67 26 26 84 40 77 92 39 0 30
4 49 64 45 90 60 36 53 88 38 40 0 19
8 86 94 96 76 94 84 48 79 52 24 0 38
4 72 86 39 26 69 86 82 80 23 97 0 20
6 72 64 67 24 21 43 26 36 84 78 0 30
7 72 69 44 26 49 67 98 21 69 83 0 33
5 57 23 74 27 90 40 30 26 59 64 0 22
6 53 36 53 21 67 74 40 67 25 22 0 27
6 90 56 97 71 39 89 41 91 73 23 0 26
10 72 21 94 94 72 72 65 64 72 71 0 47
9 21 95 82 37 72 29 71 50 35 88 0 45
5 65 88 79 83 99 83 85 86 55 77 0 22
7 36 84 72 84 39 73 39 33 88 38 0 35
5 84 67 48 94 94 87 84 35 78 27 0 23
7 98 62 74 40 76 69 21 34 22 99 0 34
2 82 83 41 28 33 87 46 24 22 27 0 10
8 66 93 39 73 96 36 46 27 21 70 0 39
9 76 26 96 59 64 82 86 93 82 80 0 42
3 50 27 70 34 93 70 22 61 33 63 0 12
8 37 54 77 24 71 41 96 88 72 32 0 36
6 79 86 37 56 34 71 24 24 93 21 0 30
9 84 85 92 33 78 37 71 70 96 60 0 43
7 90 78 92 49 27 48 64 78 48 58 0 33
9 24 56 78 62 70 91 97 96 75 28 0 45
9 85 66 64 32 41 32 91 20 23 40 0 41
9 86 40 69 98 66 97 52 77 23 22 0 41
9 36 47 69 85 58 90 28 62 81 52 0 41
8 35 26 48 46 45 56 71 37 24 25 0 37
8 43 36 29 97 74 25 39 92 29 84 0 38
10 69 58 92 22 45 91 96 36 52 76 0 46
3 56 34 91 75 27 90 85 63 72 81 0 12
8 66 45 83 90 61 41 74 99 79 31 0 40
5 56 37 71 85 80 26 93 31 87 97 0 25
3 65 98 26 23 74 68 72 23 83 44 0 14
9 41 58 37 52 58 94 82 73 50 22 0 43
8 24 57 59 57 98 89 87 51 83 72 0 38
10 29 49 64 72 80 64 40 83 21 32 0 46
3 57 24 24 22 83 53 50 74 24 68 0 13
10 58 49 94 21 61 58 40 70 92 91 0 49
9 75 75 21 69 98 62 72 43 74 34 0 44
3 27 67 52 54 42 32 33 22 85 27 0 14
3 56 89 48 32 77 92 24 80 57 22 0 15
4 83 20 63 85 91 29 26 50 85 95 0 19
6 42 57 85 52 51 93 76 76 44 94 0 28
8 94 89 20 23 85 29 50 27 91 23 0 36
9 47 80 90 62 78 93 78 54 56 68 0 42
3 56 43 29 85 65 77 54 37 40 90 0 12
10 96 77 61 23 36 73 75 92 45 42 0 50
6 99 23 66 40 42 60 85 51 53 21 0 28
7 27 30 69 27 78 63 23 22 47 44 0 35
6 66 50 73 54 31 73 33 25 76 82 0 28
4 66 64 94 60 97 29 85 79 89 38 0 16
9 72 54 42 96 61 42 26 43 76 22 0 45
8 49 48 56 29 70 22 40 65 20 84 0 40
6 89 78 21 59 71 93 85 82 81 51 0 30
7 42 23 95 68 97 71 93 38 55 74 0 32
8 31 40 91 40 28 81 70 21 28 80 0 39
9 65 70 38 66 28 77 73 68 58 52 0 42
8 64 33 55 31 75 46 48 65 99 88 0 37
6 89 96 63 45 92 49 20 89 90 57 0 26
10 29 26 84 76 31 50 71 84 86 65 0 50
5 31 39 43 43 86 24 91 51 72 36 0 25
7 35 21 43 94 38 51 57 73 61 58 0 31
7 32 52 49 90 76 59 24 93 69 27 0 32
2 51 34 56 26 40 34 56 58 96 26 0 10
9 65 52 40 42 78 31 27 31 78 86 0 43
4 55 32 48 38 25 20 66 97 90 80 0 16
3 41 45 96 46 31 59 92 41 79 34 0 13
4 43 83 63 44 34 20 56 25 53 53 0 20
3 45 23 75 62 46 87 83 53 54 68 0 14
3 46 83 52 23 43 37 83 45 46 70 0 15
9 62 46 82 46 80 83 72 59 98 66 0 44
8 93 55 34 22 27 93 83 46 47 70 0 40
3 21 23 36 30 36 30 89 55 22 63 0 14
6 55 94 89 46 23 63 32 45 35 95 0 27
6 88 21 97 23 75 97 39 70 26 49 0 27
3 90 29 97 26 28 38 64 74 64 70 0 14
2 70 79 20 57 96 76 60 35 90 76 0 10
4 42 76 99 85 54 23 54 77 32 48 0 16
3 98 47 68 72 48 34 96 27 88 25 0 11
6 31 94 23 49 44 24 20 81 24 75 0 29
8 42 90 22 54 51 69 65 88 24 70 0 36
3 77 59 92 63 57 56 98 45 58 59 0 12
6 41 98 60 85 31 56 33 78 34 77 0 30
3 78 48 30 71 72 32 20 73 89 98 0 13
8 62 89 94 91 60 37 36 55 71 85 0 36
5 84 58 77 54 37 27 66 95 87 83 0 21
6 72 83 76 93 68 55 31 82 28 29 0 30
3 59 91 75 55 28 36 60 55 56 54 0 11
10 30 68 96 34 56 23 79 50 49 97 0 47
3 82 28 89 21 99 54 25 40 41 52 0 12
8 48 51 37 53 35 46 62 69 67 59 0 36
9 65 32 36 53 45 90 41 24 52 49 0 45
8 49 50 86 47 70 77 95 77 29 48 0 38
7 91 39 21 38 25 97 82 21 52 40 0 31
9 28 79 40 47 92 56 40 30 39 31 0 44
7 93 25 63 46 70 83 38 73 93 87 0 31
8 47 33 28 35 52 94 87 41 56 70 0 40
7 75 98 85 89 52 23 83 45 24 30 0 35
8 83 93 88 65 72 69 43 31 35 71 0 39
4 65 87 38 90 33 55 42 52 30 72 0 18
9 96 99 63 68 49 81 26 42 58 91 0 41
4 78 50 54 49 48 35 90 80 60 38 0 17
8 92 72 46 49 20 47 31 90 56 67 0 37
9 59 46 49 81 38 39 87 25 85 57 0 45
10 89 71 89 98 89 44 32 75 73 22 0 48
4 75 37 27 60 34 99 86 82 78 83 0 16
9 93 99 30 62 63 53 27 59 97 28 0 41
3 36 22 86 39 50 97 23 56 64 66 0 15
7 72 29 67 35 91 98 58 56 25 86 0 32
3 85 95 47 68 53 97 98 26 98 60 0 13
9 20 69 55 79 27 76 41 32 82 59 0 43
6 27 32 87 77 37 22 82 34 90 84 0 28
6 99 36 34 40 69 42 34 47 21 52 0 29
3 68 64 28 34 42 79 48 70 58 29 0 12
4 82 48 55 37 79 67 49 63 84 45 0 20
9 61 39 77 71 71 40 55 86 61 28 0 43
9 88 35 23 32 70 56 96 92 89 59 0 42
5 30 41 39 92 97 44 58 33 28 86 0 23
5 67 58 24 38 60 96 74 36 88 71 0 25
5 39 51 40 24 33 27 95 80 40 54 0 21
8 47 90 56 31 32 45 24 92 80 31 0 40
5 66 22 29 93 41 76 83 70 21 83 0 25
9 26 57 27 49 29 65 52 51 71 73 0 42
5 81 80 97 45 45 75 62 38 44 51 0 21
10 58 95 34 55 68 45 92 26 75 76 0 50
5 52 33 63 64 73 26 61 56 31 26 0 23
7 37 99 33 62 47 79 43 92 92 90 0 32
10 49 38 56 28 53 25 22 39 70 64 0 50
7 36 59 38 34 45 37 76 71 37 82 0 31
7 82 62 30 33 90 64 92 94 71 75 0 31
9 70 27 99 54 49 69 65 53 66 96 0 43
3 68 43 99 86 71 30 33 46 94 54 0 15
6 20 31 48 51 50 27 59 85 91 50 0 28
3 85 32 73 92 67 50 25 44 49 28 0 12
8 34 69 41 44 92 91 26 48 88 41 0 36
10 43 47 81 75 66 63 58 20 70 83 0 50
10 86 31 21 28 84 39 58 73 90 85 0 48
5 70 92 81 52 39 97 46 89 64 34 0 21
9 48 75 86 94 20 32 99 54 78 23 0 41
7 88 78 82 93 32 96 83 68 71 89 0 35
3 52 60 87 71 73 27 49 90 41 96 0 13
5 51 82 44 91 99 96 41 76 91 72 0 24
7 54 88 51 33 91 62 28 96 98 49 0 34
10 91 41 87 98 35 35 75 82 79 54 0 50
4 49 72 23 69 27 97 21 24 32 37 0 17
4 76 22 81 60 51 77 28 71 40 94 0 16
9 90 76 63 79 29 52 63 89 32 25 0 45
6 69 21 48 42 97 85 52 44 83 71 0 28
7 55 45 51 61 69 64 31 99 24 75 0 31
4 31 81 25 99 59 89 41 71 87 30 0 20
3 23 91 63 21 49 64 64 67 35 20 0 11
3 69 88 84 62 79 89 42 89 54 72 0 13
3 65 52 76 24 24 79 82 79 96 60 0 14
7 26 85 78 54 49 52 87 53 52 94 0 32
3 46 51 71 61 35 22 82 91 49 38 0 11
9 71 94 63 42 82 66 46 93 70 48 0 43
4 68 64 38 54 69 26 67 49 41 24 0 18
5 41 71 75 88 92 81 28 55 68 77 0 21
4 60 98 66 96 78 69 37 80 75 59 0 19
5 27 60 29 56 77 66 73 35 73 69 0 23
9 23 83 88 84 89 91 42 53 47 46 0 42
9 50 97 48 56 44 20 56 83 43 93 0 45
10 51 97 65 66 67 61 94 21 27 45 0 50
6 50 29 69 51 57 30 90 85 46 37 0 26
8 97 88 90 65 63 45 45 55 29 85 0 39
7 87 82 98 91 78 39 48 96 54 83 0 35
5 27 41 61 39 22 29 95 40 67 91 0 25
9 46 36 38 58 57 64 48 97 24 36 0 44
5 62 60 95 95 64 47 61 61 35 66 0 25
3 46 38 83 47 61 27 57 81 63 85 0 12
7 33 73 95 85 22 48 43 70 33 95 0 32
9 66 88 44 94 43 22 25 89 46 76 0 44
7 55 21 59 47 57 51 55 85 25 95 0 32
9 72 93 34 80 62 20 65 73 39 86 0 42
5 65 79 60 36 41 35 83 44 41 65 0 22
3 89 62 97 95 34 23 60 88 23 53 0 12
5 39 72 69 92 43 26 59 34 90 95 0 22
5 84 24 39 90 33 49 72 24 67 34 0 22
9 21 26 52 26 95 95 64 96 88 91 0 43
6 67 90 20 93 80 37 24 77 48 49 0 26
6 58 26 36 30 68 90 40 80 58 21 0 29
6 52 70 78 27 98 86 23 35 77 47 0 29
5 86 75 56 35 44 70 54 37 21 68 0 22
4 25 82 39 24 22 56 88 47 73 61 0 18
10 56 88 54 69 53 85 31 39 72 62 0 50
6 56 91 85 26 22 72 97 62 79 70 0 30
5 54 62 83 69 43 63 34 38 84 44 0 22
4 94 26 59 67 74 92 56 40 76 55 0 19
3 29 95 89 44 41 74 51 93 63 81 0 12
9 95 93 28 27 94 30 68 77 64 77 0 45
9 77 48 51 50 78 87 37 82 87 88 0 43
6 47 25 26 36 71 56 92 69 68 72 0 29
3 76 80 99 81 33 24 70 40 45 47 0 14
8 69 37 57 35 32 41 21 70 96 29 0 40
3 32 54 45 81 47 73 84 82 53 63 0 13
3 27 60 54 61 21 53 77 25 37 70 0 13
5 23 29 38 53 41 32 57 59 34 96 0 24
7 65 71 62 81 79 23 66 89 25 40 0 32
4 24 69 72 83 42 46 22 84 98 41 0 19
10 85 37 82 97 85 21 45 71 51 70 0 47
5 95 54 39 98 40 37 99 62 42 92 0 22
10 99 56 42 40 69 98 93 29 41 35 0 47
4 27 74 80 47 91 96 49 47 72 88 0 18
10 37 77 93 65 42 53 30 64 50 31 0 46
4 84 79 48 20 45 81 44 69 53 55 0 18
8 36 54 23 63 73 53 92 54 22 37 0 39
6 47 45 96 89 39 47 21 44 43 67 0 27
10 71 25 50 87 63 48 31 66 74 68 0 49
4 59 52 45 59 42 77 80 88 55 79 0 18
4 29 80 33 38 78 69 41 60 65 46 0 17
6 95 74 40 62 34 25 41 22 20 37 0 27
8 79 46 50 84 95 85 75 72 86 33 0 40
10 67 82 72 27 95 33 48 37 84 69 0 46
3 23 52 73 44 43 22 89 39 56 87 0 13
9 74 52 94 97 71 85 41 77 91 26 0 42
7 67 36 41 81 84 31 33 56 66 88 0 33
8 42 92 93 42 99 27 46 55 90 95 0 37
9 62 71 92 69 72 59 29 55 43 92 0 43
5 88 62 74 85 57 52 78 58 75 91 0 25
7 91 71 54 36 85 63 71 94 84 38 0 31
6 48 82 32 25 75 48 26 38 42 58 0 27
4 99 35 22 53 72 34 61 83 39 28 0 20
2 74 34 50 54 43 42 57 81 81 78 0 10
5 80 20 21 41 30 83 97 84 79 95 0 24
10 78 90 89 60 89 98 65 81 27 57 0 48
5 48 62 51 63 56 33 45 29 34 26 0 23
7 21 78 57 46 21 88 78 31 64 42 0 32
7 24 81 95 60 37 46 57 37 94 52 0 33
10 69 71 99 45 87 99 35 43 42 94 0 49
5 89 30 51 92 45 81 28 42 60 22 0 21
6 48 69 87 85 95 37 96 55 51 76 0 28
5 36 94 37 62 92 69 91 21 59 61 0 23
8 75 50 81 34 30 93 50 97 69 63 0 40
10 36 82 42 41 89 39 88 63 22 52 0 49
8 53 98 71 23 62 53 75 41 24 73 0 38
7 50 65 66 30 39 70 57 85 77 71 0 32
3 52 30 78 86 21 83 50 65 63 80 0 13
9 53 59 66 55 40 57 47 51 28 36 0 44
6 97 93 81 27 22 86 56 89 33 61 0 30
6 78 81 32 35 20 37 69 95 24 81 0 30
8 99 57 97 54 80 20 37 48 23 97 0 37
3 99 58 94 52 34 66 54 86 96 71 0 13
4 90 57 53 55 54 68 56 20 83 53 0 18
5 31 83 42 90 81 65 56 76 92 90 0 22
2 37 93 96 97 61 60 60 25 84 77 0 10
8 77 82 94 71 40 70 88 32 27 64 0 38
9 37 99 56 45 92 55 95 78 68 84 0 42
8 80 27 47 83 95 91 62 99 55 31 0 36
9 97 50 58 82 95 95 77 76 99 66 0 43
3 71 81 30 67 23 53 95 74 84 25 0 14
10 96 43 77 71 73 67 56 34 85 55 0 46
8 27 70 64 25 30 54 90 22 92 72 0 40
9 88 57 20 39 80 49 68 97 82 77 0 41
2 81 40 82 21 61 68 61 67 66 88 0 10
8 25 73 49 22 43 29 77 36 35 96 0 37
4 61 60 49 91 50 73 67 59 78 24 0 20
9 97 58 60 49 71 82 69 73 54 70 0 42
7 47 33 35 68 22 94 39 33 55 61 0 34
3 20 74 97 78 59 70 35 34 88 64 0 13
9 81 63 76 96 28 70 38 50 76 50 0 45
9 44 29 97 48 33 40 76 47 76 74 0 44
10 73 21 30 80 60 68 83 61 68 31 0 46
3 69 83 78 81 52 49 97 81 49 44 0 13
8 27 63 85 51 32 71 33 81 86 23 0 36
9 30 86 43 69 27 44 72 79 86 68 0 44
2 76 77 35 75 88 92 67 65 98 56 0 10
4 28 79 47 55 46 41 44 47 31 84 0 16
8 60 81 76 56 26 82 41 60 72 22 0 38
6 99 71 82 21 45 95 71 76 88 69 0 29
6 47 95 67 62 31 21 49 70 68 91 0 28
9 80 37 57 49 60 50 96 52 55 26 0 42
4 94 45 24 91 60 63 53 57 88 23 0 16
3 88 91 95 66 37 99 78 65 52 41 0 12
6 99 74 84 85 69 27 74 46 55 31 0 26
5 40 95 31 28 52 91 97 86 91 55 0 24
4 22 85 79 96 39 84 62 23 80 70 0 19
6 56 77 85 25 86 42 42 82 46 77 0 28
8 99 57 30 72 41 96 39 38 31 79 0 40
3 53 90 70 72 85 84 43 60 53 59 0 11
10 57 33 81 55 77 56 56 66 97 81 0 47
5 82 43 96 76 85 24 23 78 89 62 0 21
8 35 36 59 58 49 77 50 86 30 53 0 39
6 93 47 77 69 76 60 94 35 81 28 0 28
7 82 42 95 44 70 93 66 85 57 84 0 31
3 49 29 88 55 55 49 87 64 38 95 0 14
4 80 60 73 80 41 34 98 46 95 89 0 16
6 47 70 57 56 44 67 23 97 47 57 0 30
9 58 78 66 36 36 75 36 24 68 35 0 42
8 64 90 25 34 66 80 66 36 64 26 0 38
6 58 72 93 78 37 46 87 85 38 35 0 27
8 79 21 69 48 77 96 89 48 78 76 0 39
9 24 94 66 90 82 30 79 63 31 92 0 41
4 51 46 63 73 84 74 96 68 68 46 0 18
5 23 68 64 97 99 32 70 31 57 95 0 22
5 46 60 70 74 40 92 79 27 68 62 0 24
5 54 87 87 80 23 63 29 32 49 87 0 21
4 30 21 56 70 99 54 53 68 62 75 0 18
10 54 63 61 78 96 75 58 43 84 25 0 48
8 30 86 87 84 32 80 55 23 94 99 0 39
10 36 52 70 97 78 24 81 47 31 37 0 46
7 30 45 72 32 76 57 75 43 42 43 0 34
9 20 96 73 22 74 93 79 59 55 76 0 42
4 88 63 55 74 22 75 86 49 68 50 0 16
6 75 31 88 47 58 80 82 21 50 54 0 29
10 69 98 81 30 75 32 98 87 70 84 0 48
4 52 76 55 44 31 78 86 28 73 85 0 17
7 53 97 59 95 88 84 79 47 81 78 0 34
6 36 92 39 39 31 36 99 56 50 63 0 27
8 80 81 92 71 24 76 37 75 25 34 0 38
4 72 59 85 62 91 28 45 70 41 35 0 19
7 35 39 74 38 54 64 46 82 25 26 0 34
2 21 88 37 26 29 22 59 30 41 95 0 10
6 25 79 32 68 82 92 55 54 76 81 0 27
10 70 95 76 87 75 82 92 62 96 71 0 46
3 92 84 43 47 53 42 87 90 54 22 0 14
4 57 89 35 89 91 24 43 41 26 41 0 18
6 23 72 59 55 45 86 99 42 59 41 0 30
6 56 53 60 89 29 21 34 48 42 85 0 28
7 29 39 32 87 92 30 46 23 77 51 0 33
8 55 54 46 84 56 40 63 65 55 71 0 39
8 52 50 47 36 78 58 44 64 87 77 0 36
5 60 90 71 84 47 61 27 60 53 79 0 21
8 46 93 65 67 45 68 76 85 20 66 0 40
7 51 87 58 73 95 78 59 56 96 58 0 32
9 52 30 37 45 24 60 55 59 23 30 0 45
9 80 91 84 21 39 40 35 54 52 91 0 44
3 50 98 39 64 61 76 59 92 72 71 0 14
9 83 98 45 78 29 58 45 63 91 40 0 41
3 26 93 61 47 51 32 80 98 28 67 0 14
10 61 85 84 75 70 47 48 81 24 97 0 50
6 63 71 38 46 73 78 38 93 77 34 0 28
6 46 81 53 83 71 38 37 85 55 34 0 26
9 63 34 83 52 88 63 48 25 34 77 0 44
6 80 58 86 92 68 26 88 57 23 45 0 26
3 57 22 91 37 30 80 88 27 87 81 0 13
7 58 23 21 47 42 73 81 62 98 53 0 33
8 31 98 29 64 53 78 67 92 37 37 0 40
3 59 40 86 68 20 53 26 86 61 45 0 15
9 97 84 50 49 27 32 27 37 56 43 0 44
7 82 96 64 52 69 58 59 29 42 89 0 34
4 61 43 72 64 87 50 69 73 38 51 0 16
10 52 48 57 33 69 54 42 57 96 45 0 48
8 52 80 88 71 30 41 61 75 44 97 0 37
3 23 92 40 50 64 45 92 58 26 64 0 11
5 41 27 34 39 89 32 55 33 39 62 0 22
6 90 63 29 27 38 32 47 71 49 63 0 27
9 97 69 54 92 83 64 47 93 89 84 0 41
2 50 47 81 44 90 30 99 73 69 85 0 10
3 88 84 48 40 83 27 24 65 81 71 0 11
7 36 26 53 56 89 92 45 88 56 52 0 35
8 30 60 64 26 84 73 44 49 83 42 0 36
10 55 91 64 95 39 72 87 91 50 49 0 48
8 82 94 34 69 86 65 70 34 49 83 0 36
4 24 81 64 94 83 40 34 58 56 44 0 18
8 78 78 31 98 32 60 68 34 54 89 0 39
9 92 73 34 37 59 73 24 31 63 74 0 44
2 39 37 47 49 26 84 98 38 67 83 0 10
8 76 97 60 67 52 67 97 46 96 92 0 40
5 56 23 61 24 39 33 37 64 80 25 0 21
5 57 39 89 40 50 56 41 77 32 65 0 21
7 20 77 25 83 92 94 28 77 71 78 0 31
10 54 67 48 74 82 51 71 85 47 41 0 47
5 36 28 75 73 59 75 42 81 81 46 0 22
4 28 24 49 90 22 67 63 69 83 43 0 17
5 51 74 35 35 69 77 28 44 41 50 0 24
8 87 72 34 61 24 63 71 97 58 93 0 39
4 91 23 97 99 80 85 88 54 65 39 0 17
4 51 71 93 89 34 99 97 57 52 75 0 19
7 78 89 96 31 65 63 57 75 76 48 0 32
9 85 88 72 81 26 77 33 88 26 97 0 42
5 83 24 58 22 87 91 87 72 66 46 0 24
10 40 92 60 75 98 75 54 44 21 69 0 50
6 21 75 31 61 68 61 64 45 39 61 0 26
8 78 85 91 90 21 93 23 56 68 62 0 39
6 86 47 22 22 59 71 22 57 53 42 0 28
10 84 21 35 76 72 41 91 86 38 26 0 49
10 62 21 50 58 52 80 63 77 94 94 0 47
7 67 80 22 48 52 76 30 53 25 88 0 31
8 45 75 63 79 97 93 81 87 67 75 0 38
6 73 95 89 49 90 89 30 76 86 86 0 29
7 46 51 24 75 29 25 47 28 54 44 0 34
3 30 31 94 67 44 33 38 95 96 79 0 12
4 67 92 25 74 66 24 88 71 36 63 0 20
10 72 58 51 82 93 58 48 85 39 21 0 49
9 72 98 40 52 70 31 92 39 35 88 0 42
6 33 54 73 50 27 75 41 67 94 34 0 26
5 62 73 49 68 25 62 91 21 60 76 0 23
7 32 56 77 80 98 89 51 96 27 96 0 35
8 99 78 99 21 96 28 91 66 56 68 0 40
5 84 65 65 31 45 80 49 84 49 45 0 21
3 29 63 61 64 94 68 86 49 77 77 0 13
9 68 30 34 64 58 33 52 58 79 69 0 44
5 77 86 37 85 97 74 60 63 57 75 0 21
8 34 88 60 67 73 95 90 40 22 87 0 36
10 63 65 55 88 68 21 48 61 63 73 0 46
9 66 96 87 74 79 84 98 82 25 80 0 42
8 78 70 81 39 70 87 44 71 65 40 0 36
6 61 94 95 43 26 37 30 25 65 35 0 27
7 64 28 76 74 47 96 34 21 71 29 0 33
7 87 38 81 62 67 38 56 68 97 42 0 34
10 21 32 27 97 90 73 76 28 74 57 0 46
4 22 23 69 43 58 42 61 92 61 46 0 17
3 51 83 24 77 75 42 74 34 38 82 0 15
4 22 75 38 64 53 48 44 85 26 87 0 19
5 49 33 35 63 23 95 43 77 28 87 0 21
8 47 98 60 83 52 82 48 66 95 77 0 37
6 80 50 98 81 26 43 89 22 70 86 0 30
3 68 62 88 87 22 41 81 47 90 28 0 15
10 64 92 99 60 77 71 30 59 73 34 0 48
3 46 82 50 35 59 27 58 22 99 23 0 13
9 25 63 79 69 50 98 39 60 82 33 0 45
8 85 76 81 20 93 62 99 43 57 47 0 40
10 69 56 26 67 60 99 72 47 43 40 0 50
9 47 38 47 98 46 52 37 37 92 38 0 42
7 52 78 77 25 56 60 96 38 36 94 0 34
7 91 42 28 72 42 75 80 79 89 85 0 35
10 82 95 65 26 46 52 86 84 96 60 0 48
4 95 40 34 92 96 78 68 97 81 94 0 19
10 57 20 94 79 64 44 48 93 45 42 0 47
8 66 62 80 72 63 81 67 36 50 82 0 40
7 79 20 88 57 55 60 45 58 83 85 0 33
3 96 72 59 46 63 65 59 80 92 62 0 11
5 24 79 78 88 25 25 78 54 50 94 0 23
8 62 73 52 74 55 56 79 32 53 59 0 37
8 77 35 67 82 26 83 90 47 82 31 0 36
10 21 79 76 59 82 86 90 81 64 64 0 46
10 45 64 76 61 67 62 55 89 78 87 0 46
9 39 82 57 80 69 20 60 29 66 24 0 41
4 67 87 85 94 77 23 38 58 52 81 0 17
9 75 81 74 99 79 49 82 38 53 32 0 43
7 45 67 75 43 49 28 88 73 35 92 0 31
9 36 59 50 88 77 81 82 45 30 91 0 43
3 94 29 78 27 44 63 91 67 76 70 0 11
8 63 43 33 48 93 26 43 77 36 23 0 36
5 69 75 91 79 65 60 88 96 63 66 0 22
5 75 27 37 21 32 61 35 87 25 91 0 23
9 29 41 61 90 97 68 91 71 46 28 0 44
10 60 54 40 74 59 59 69 65 21 62 0 49
6 69 89 75 79 66 90 37 77 23 42 0 30
7 55 22 57 25 58 86 55 42 45 40 0 35
3 33 70 59 69 87 72 40 78 70 87 0 11
9 51 42 93 47 99 23 64 37 73 45 0 43
9 39 45 95 41 53 82 80 91 62 93 0 41
4 83 67 70 46 51 63 30 55 22 32 0 20
7 56 78 80 38 33 86 51 81 54 58 0 31
9 39 40 60 23 57 84 34 31 96 28 0 43
4 79 25 23 38 26 36 81 31 57 74 0 19
10 30 36 68 92 88 23 50 53 27 36 0 50
7 98 78 94 87 51 62 68 48 72 76 0 32
6 28 66 56 91 57 29 49 31 21 79 0 26
5 92 77 21 46 82 91 97 82 80 94 0 22
7 37 77 96 35 32 27 28 45 44 35 0 33
6 39 34 30 79 97 40 38 82 24 90 0 27
4 29 55 41 71 43 31 66 82 54 43 0 20
3 75 72 97 47 65 25 27 22 92 73 0 11
6 50 85 39 68 83 25 47 23 43 69 0 26
3 52 37 63 92 22 79 41 91 34 57 0 12
7 68 94 92 43 74 47 32 67 21 77 0 31
8 64 61 29 78 70 75 65 97 36 37 0 39
4 38 54 99 54 49 56 48 88 58 60 0 17
10 57 64 30 94 90 81 77 64 80 46 0 50
7 22 57 90 35 66 48 29 75 57 68 0 34
10 30 87 88 32 94 42 66 20 24 86 0 49
5 62 43 77 63 99 88 62 23 88 60 0 21
9 74 59 81 96 73 66 46 81 33 48 0 45
8 99 43 99 49 28 87 28 60 71 69 0 38
10 92 88 67 85 65 94 49 22 66 22 0 50
10 84 95 44 54 79 92 84 98 40 43 0 49
10 91 69 58 54 25 70 50 45 85 28 0 48
8 39 56 77 91 57 94 44 42 40 26 0 38
7 91 81 74 22 26 68 83 46 26 40 0 31
7 38 73 89 76 48 41 40 35 93 35 0 32
8 50 45 35 69 34 87 40 29 52 37 0 37
3 51 43 59 25 60 23 89 88 27 96 0 11
10 29 88 41 26 56 64 37 35 84 23 0 50
3 42 67 88 22 64 23 74 55 39 26 0 15
8 77 60 62 62 61 75 95 73 81 98 0 36
6 65 86 53 53 94 21 29 51 35 72 0 27
5 27 95 64 86 57 37 68 29 67 38 0 23
4 83 71 26 35 92 98 40 78 87 78 0 20
10 96 33 41 41 55 82 63 56 51 96 0 48
3 30 64 40 43 42 42 60 51 22 64 0 12
8 88 76 95 79 66 51 64 62 26 95 0 36
9 54 52 23 46 95 71 24 47 63 93 0 45
4 61 99 36 83 47 78 98 57 29 96 0 20
10 83 58 80 53 37 21 58 91 63 90 0 47
4 30 83 76 94 31 30 42 80 45 77 0 16
10 64 35 65 76 70 54 65 66 98 49 0 46
6 93 99 36 23 48 32 51 22 30 92 0 30
3 33 87 26 43 39 34 36 70 60 79 0 14
5 40 54 62 93 64 35 46 54 73 27 0 25
8 49 91 48 52 91 57 83 44 86 82 0 37
8 78 61 61 27 88 60 43 80 87 41 0 38
3 49 60 51 46 30 67 52 52 32 45 0 11
8 68 51 76 88 68 95 60 35 71 57 0 36
9 94 31 62 89 25 66 83 63 36 97 0 41
7 93 42 99 82 99 61 72 93 60 61 0 31
3 65 47 28 27 22 76 41 39 99 27 0 14
3 26 96 98 41 88 71 38 84 78 77 0 13
5 35 58 50 74 21 94 91 37 84 85 0 23
8 37 69 24 21 99 96 54 67 65 28 0 40
3 29 51 72 75 33 78 25 87 42 25 0 15
7 83 42 73 72 68 26 98 79 30 65 0 35
10 83 77 42 46 38 31 70 66 80 40 0 48
6 93 47 35 93 49 25 29 78 69 59 0 26
4 83 75 46 69 79 79 75 30 55 40 0 17
7 74 31 36 95 81 42 55 36 92 77 0 35
7 29 65 92 76 37 23 74 47 22 21 0 32
8 21 39 49 22 71 46 66 68 75 56 0 39
5 58 71 68 69 29 25 95 33 56 67 0 23
3 96 90 20 32 89 56 92 56 78 27 0 12
10 74 29 82 52 20 57 62 99 91 70 0 46
7 72 96 70 44 76 58 49 75 33 32 0 32
5 21 99 40 46 58 50 35 59 65 32 0 21
10 69 75 48 42 50 72 32 65 35 25 0 48
10 55 79 32 70 67 35 76 77 80 76 0 46
6 45 57 41 91 34 81 44 47 40 84 0 26
6 47 99 27 88 40 25 44 69 47 62 0 30
2 74 32 51 82 69 28 61 43 73 58 0 10
9 65 37 27 76 54 97 51 25 79 47 0 44
8 42 80 26 31 52 69 26 65 80 98 0 39
4 40 93 69 21 66 91 99 87 65 28 0 20
4 22 22 96 45 37 45 76 58 44 93 0 20
9 67 97 62 97 31 99 33 64 23 86 0 44
7 98 66 63 30 83 68 27 43 53 27 0 32
9 89 30 76 27 59 25 82 64 70 93 0 44
7 32 81 84 58 69 21 79 82 52 93 0 34
4 63 81 38 64 41 89 72 54 22 40 0 18
6 27 46 32 86 64 63 39 59 91 43 0 29
9 77 40 85 65 40 75 81 72 20 91 0 45
8 68 25 79 46 46 69 79 67 77 88 0 39
7 97 37 96 66 31 63 62 96 80 27 0 34
7 69 67 49 88 78 90 56 68 34 85 0 33
6 29 90 34 82 63 30 45 92 48 67 0 28
6 66 31 62 50 58 39 49 59 80 83 0 30
8 66 88 46 51 90 85 66 51 81 52 0 38
7 63 92 41 53 78 65 84 38 72 27 0 31
6 46 89 27 50 44 81 79 48 91 31 0 29
5 68 36 87 94 57 47 46 57 65 63 0 21
5 60 73 97 86 90 59 57 91 25 51 0 22
4 96 37 21 24 91 35 86 21 40 43 0 18
9 58 65 62 23 43 29 26 28 21 28 0 41
8 46 87 24 58 91 33 39 24 36 33 0 36
4 70 92 47 87 70 20 62 21 90 44 0 18
9 43 54 80 84 72 61 48 82 89 95 0 43
5 91 26 97 68 78 92 72 34 88 45 0 24
10 94 37 59 58 31 77 42 36 72 40 0 47
7 51 75 21 89 23 98 59 77 54 49 0 32
4 96 27 45 79 23 42 27 48 43 68 0 19
8 69 55 49 55 87 97 99 83 20 50 0 36
7 62 51 22 44 43 83 25 95 96 31 0 32
3 67 41 92 99 86 61 68 89 63 30 0 15
10 95 69 99 52 60 61 96 61 34 60 0 46
6 41 29 92 86 44 31 84 73 40 47 0 28
9 63 89 73 60 28 44 61 50 73 58 0 44
6 50 49 27 93 45 70 25 72 60 79 0 30
4 38 86 33 29 45 32 42 67 83 24 0 18
6 65 46 58 64 71 90 52 71 52 31 0 27
170 257 165 167 241
135 146 199 239 291
121 146 200 242 264
112 156 208 260 296
128 146 189 233 296
114 165 183 224 287
117 140 210 233 270
121 169 203 255 263
121 167 185 229 281
106 140 209 252 296
136 147 180 247 290
112 165 206 250 299
137 163 201 259 264
117 158 202 260 285
115 171 201 259 297
125 177 182 241 298
115 145 209 229 269
108 158 210 242 274
111 154 217 220 288
112 147 195 253 284
104 157 185 222 288
132 144 200 229 284
133 152 206 237 298
117 158 219 240 287
128 172 180 238 268
107 158 213 258 285
126 162 182 255 299
121 175 201 238 279
112 163 201 226 295
103 142 217 235 284
127 158 203 256 275
101 146 192 234 274
109 148 185 253 295
118 167 217 229 273
103 163 186 230 288
139 171 199 227 278
126 142 210 259 266
140 165 207 235 283
112 144 189 234 291
110 157 185 221 283
114 161 216 248 275
136 171 196 228 296
100 161 215 231 282
116 158 206 259 297
122 172 215 244 288
112 167 211 236 261
103 140 214 238 295
109 164 206 236 274
127 179 207 229 287
139 174 207 222 288
138 153 206 242 286
131 169 212 223 260
129 154 198 233 272
119 161 194 254 282
124 146 207 227 295
103 169 183 231 265
106 152 190 224 287
125 145 196 226 279
138 141 189 239 294
114 152 196 223 270
130 165 193 238 272
117 143 198 248 279
124 167 183 228 295
116 148 192 246 276
117 178 201 246 290
123 167 210 260 265
140 157 201 235 268
123 149 194 237 298
121 153 208 236 264
100 161 215 234 294
129 153 183 238 279
109 144 184 230 272
135 166 208 254 266
122 173 195 224 265
140 142 220 227 279
108 151 194 255 274
135 171 199 222 286
106 148 204 237 262
132 170 192 242 274
115 174 192 221 265
124 165 212 249 294
124 179 188 258 293
113 179 206 244 297
126 154 191 253 274
114 142 181 238 275
113 153 180 220 300
139 175 189 239 269
111 174 201 259 271
102 165 211 241 292
104 156 187 244 296
108 143 183 227 263
104 171 198 248 287
110 174 183 226 260
112 153 189 246 269
121 148 202 245 290
119 166 190 242 299
103 162 205 251 261
123 153 187 224 298
140 142 209 232 264
108 178 183 244 287
133 167 195 241 279
135 174 183 223 290
122 161 197 244 278
121 149 186 222 280
130 178 186 258 284
112 158 203 232 272
140 162 207 246 271
124 141 183 225 283
107 177 207 238 299
110 142 209 225 278
119 173 200 236 277
117 171 196 234 294
128 165 205 235 290
111 161 181 251 292
134 169 197 230 261
107 169 188 233 263
103 148 211 256 285
130 141 206 256 271
119 172 211 255 299
129 161 206 258 299
131 140 194 242 282
121 142 187 223 288
138 140 184 239 297
127 155 202 225 272
106 164 218 243 275
115 179 220 226 276
108 166 197 242 282
137 155 180 226 295
106 147 213 253 263
121 168 194 254 271
133 146 201 236 269
134 145 208 236 261
112 166 184 260 265
133 165 192 224 277
110 144 220 235 268
126 164 183 225 281
105 157 189 227 270
129 156 188 240 265
124 170 216 259 299
116 156 216 228 261
137 180 194 231 268
140 146 219 234 298
133 177 190 231 291
130 157 202 255 267
133 145 193 221 281
101 170 198 224 276
105 178 192 221 287
131 180 218 220 263
117 145 209 241 296
111 150 220 252 293
133 169 210 232 276
103 149 182 258 275
127 164 213 226 296
137 153 187 226 276
103 151 196 228 261
132 149 198 221 291
107 172 184 235 273
108 167 187 240 270
132 159 216 221 276
102 174 205 244 296
104 156 208 239 299
140 174 183 242 273
116 158 206 222 260
128 149 206 230 296
122 153 188 260 269
122 169 200 260 297
115 141 186 249 292
105 171 201 235 297
113 176 186 241 267
135 164 205 246 297
128 167 210 223 273
101 164 219 258 266
119 165 185 256 292
101 169 204 252 284
103 178 202 254 268
105 142 191 252 296
130 148 204 226 276
114 154 215 245 270
139 176 209 244 266
112 161 212 246 283
124 140 198 246 296
127 154 205 222 264
122 166 205 253 273
133 170 180 226 280
116 153 193 242 285
134 169 204 246 290
131 159 185 230 288
132 172 181 241 282
108 152 195 237 281
102 165 220 222 281
133 162 215 249 283
114 155 202 255 260
103 176 195 233 279
115 161 214 235 260
126 169 202 225 283
128 164 191 226 278
139 153 215 240 275
102 165 184 224 298
138 153 187 221 267
137 172 191 231 262
118 173 220 222 299
136 165 197 244 267
104 158 180 250 282
116 169 201 249 260
139 143 206 236 281
102 157 197 257 264
126 140 193 240 262
134 161 186 258 278
111 162 184 222 278
101 145 196 251 279
131 146 212 227 293
124 152 217 221 266
102 150 195 223 295
124 167 209 256 283
118 148 217 245 287
136 158 212 244 271
104 143 203 231 274
100 180 186 236 263
133 174 208 234 285
140 180 189 248 269
140 179 189 254 295
105 174 211 235 279
125 152 197 221 299
134 147 217 248 281
110 150 188 223 292
125 145 207 251 295
103 150 201 249 278
133 147 202 239 297
122 148 213 241 292
140 145 197 231 274
103 173 202 224 262
106 156 215 253 272
125 157 210 240 294
105 171 199 231 264
137 157 198 240 294
120 154 189 231 271
105 166 200 237 264
122 168 184 254 276
103 151 199 249 261
123 167 199 241 296
123 140 215 249 300
120 154 210 229 290
135 154 200 247 291
124 171 213 258 272
140 142 188 224 291
115 174 203 254 279
107 168 212 235 285
108 152 214 232 278
118 180 192 244 287
106 152 217 255 277
115 155 210 257 282
128 155 191 247 292
134 144 191 220 297
115 172 207 220 297
107 165 198 236 264
122 143 190 238 265
113 171 199 221 276
100 179 211 234 281
135 149 196 251 298
116 172 202 238 278
103 179 218 222 288
123 154 215 250 273
129 154 198 236 265
106 175 214 236 292
114 143 215 258 270
105 163 193 250 262
129 147 188 235 273
111 162 213 240 277
120 163 200 235 262
137 144 207 248 265
110 148 187 258 260
119 163 220 222 273
140 179 194 246 269
103 177 204 248 263
116 146 205 237 273
138 173 200 231 278
125 160 192 241 284
117 170 187 220 291
127 141 218 239 296
121 170 217 234 294
113 154 211 254 293
104 179 191 252 274
136 177 187 228 264
140 150 207 253 299
140 164 215 245 282
102 141 198 252 273
105 149 211 256 297
100 140 185 220 282
137 157 196 254 278
135 158 219 239 273
109 140 214 254 291
132 155 218 240 269
109 174 209 251 286
108 151 186 242 297
105 161 210 254 281
113 176 200 251 272
117 149 188 250 294
132 174 220 240 273
117 153 203 231 284
102 140 211 240 295
109 158 196 222 270
101 161 211 244 280
132 148 198 250 294
106 177 187 232 273
133 152 211 246 273
115 166 208 233 267
103 174 183 253 289
139 179 197 225 277
100 160 215 227 267
107 149 205 246 289
101 179 202 220 294
117 161 182 221 265
106 148 182 257 268
126 153 188 224 291
107 168 214 260 263
116 150 216 247 288
136 157 180 234 290
120 171 217 227 290
116 149 205 237 269
105 176 201 254 260
119 142 184 240 298
134 152 211 254 297
105 167 214 244 279
132 146 181 230 288
114 146 200 232 262
138 166 206 255 295
131 141 202 228 281
111 164 206 242 293
129 148 220 252 282
123 158 203 233 274
124 162 191 228 298
115 167 205 237 273
108 177 210 235 297
108 176 182 237 284
131 160 203 258 291
117 167 205 238 297
136 151 195 252 286
106 153 196 250 268
128 164 181 227 263
118 180 181 227 272
109 148 203 226 288
140 160 187 246 284
140 179 218 232 280
132 140 195 227 274
118 142 185 245 280
136 174 188 235 281
103 167 208 236 299
111 144 199 241 285
125 145 189 244 274
122 163 211 252 264
109 178 198 254 291
108 155 214 232 269
107 167 213 235 286
135 164 191 224 297
132 177 208 223 267
128 177 185 256 267
128 174 211 228 272
127 176 199 231 278
105 149 219 225 284
112 146 183 254 277
105 161 199 222 287
138 160 182 220 293
128 150 211 237 294
116 152 194 249 264
113 154 209 260 278
133 156 193 245 286
108 171 190 235 261
111 177 198 249 271
125 161 193 255 293
132 146 208 241 285
103 140 202 229 273
133 143 193 224 281
122 157 188 260 267
129 147 184 252 282
139 162 193 242 293
110 178 188 246 286
138 179 206 239 264
100 143 194 228 267
139 177 193 251 291
107 179 194 251 296
110 143 205 247 286
102 155 220 223 285
115 140 212 251 264
130 168 182 233 283
110 176 215 235 296
101 180 212 224 279
112 140 183 259 274
133 150 182 250 271
107 165 218 220 261
116 154 210 225 283
127 168 188 259 279
111 160 204 258 289
130 180 207 235 276
126 155 185 223 269
100 162 202 226 278
105 143 189 251 268
122 174 182 251 283
116 142 210 229 284
131 155 200 260 299
129 147 185 234 290
116 152 206 244 260
110 140 183 237 280
126 169 217 226 285
108 151 212 239 268
101 167 213 221 290
132 148 214 246 300
116 166 216 232 297
100 169 198 226 273
103 176 196 251 263
110 177 189 227 291
135 164 212 238 273
121 179 215 241 264
132 142 188 234 298
140 175 191 255 285
106 141 193 249 282
131 141 186 231 298
126 178 181 230 263
102 149 192 227 264
120 162 215 224 281
125 169 202 236 284
116 151 196 246 297
104 164 219 220 294
119 142 199 248 292
126 168 194 255 290
124 155 185 255 298
111 158 182 260 283
104 151 194 248 276
102 175 215 239 270
100 147 193 253 266
109 140 215 248 294
132 170 187 233 290
102 160 218 254 283
124 149 213 221 283
135 164 201 226 293
108 156 180 250 300
137 162 197 250 263
123 169 205 244 264
120 157 195 238 261
112 178 216 230 288
134 178 187 228 270
122 174 181 255 290
101 178 182 221 298
118 169 187 226 260
117 165 181 245 261
106 163 207 244 263
136 156 191 224 281
119 147 211 241 290
130 169 207 225 287
131 175 207 221 297
106 159 187 229 298
114 163 181 228 281
108 140 206 243 265
122 158 207 237 300
124 168 186 233 270
133 180 202 258 279
112 169 215 236 261
118 146 191 226 281
119 175 189 249 272
112 175 184 260 289
134 146 218 247 289
134 156 180 235 263
111 147 210 241 292
104 159 182 257 272
136 159 183 233 285
134 168 191 258 260
115 147 213 251 275
100 178 213 231 271
115 167 204 244 260
114 171 197 248 299
123 161 188 225 276
135 144 203 234 292
100 153 204 232 288
109 168 180 236 285
104 155 213 236 275
140 177 197 235 270
104 150 219 234 284
127 142 194 239 262
118 154 219 235 296
114 147 218 247 297
136 174 220 249 265
126 166 186 230 277
111 149 186 250 271
102 147 199 230 294
130 153 213 258 266
115 158 196 245 288
105 152 195 231 262
132 157 220 237 272
102 141 198 260 296
126 164 212 220 273
106 154 218 247 286
133 140 219 238 285
136 171 201 233 291
117 155 204 251 274
127 145 183 245 299
128 163 184 224 287
128 173 180 223 267
114 163 190 250 272
135 177 193 228 269
115 168 200 257 266
128 157 189 249 288
119 165 195 235 276
139 173 192 227 260
108 172 218 227 268
104 148 215 233 293
113 169 213 233 273
119 179 196 224 272
128 163 193 258 273
117 177 219 231 280
132 152 180 251 292
137 148 205 233 298
109 144 208 245 280
100 169 190 225 292
139 143 191 231 278
134 168 192 235 261
103 166 201 235 298
112 157 183 226 298
127 179 198 260 283
113 173 210 226 262
127 168 190 225 294
111 171 212 235 280
103 146 206 234 295
131 180 214 229 279
108 148 181 242 287
130 146 190 238 282
114 178 218 257 271
119 144 190 228 297
108 165 219 242 290
117 177 214 220 283
132 178 209 258 272
121 147 220 250 270
136 168 219 236 284
136 155 207 259 283
126 166 206 260 286
139 168 188 251 288
134 156 202 256 266
120 159 184 227 290
140 179 197 232 289
105 149 184 242 270
111 174 214 230 283
131 174 215 225 274
113 141 193 220 285
134 167 215 231 277
120 176 194 249 300
110 150 214 225 269
100 143 193 223 289
131 165 201 220 296
104 159 218 223 268
136 150 183 260 266
135 146 197 240 274
123 171 213 254 292
123 170 199 235 263
133 163 186 231 289
108 160 187 259 263
103 145 197 238 269
119 142 181 259 273
134 146 216 227 262
111 158 195 222 294
139 156 200 257 272
120 158 192 228 273
123 178 206 230 275
137 166 220 239 292
106 146 199 221 295
112 141 215 255 289
118 152 194 220 273
137 143 204 252 273
115 144 205 248 274
139 140 206 252 300
128 169 212 259 277
133 164 200 227 271
111 147 209 237 260
100 159 210 253 297
103 152 187 231 273
135 170 197 256 297
121 158 213 227 277
108 143 180 227 300
124 147 191 239 284
128 148 210 253 288
115 156 220 230 294
103 145 211 253 279
104 179 218 232 275
119 157 198 222 266
132 163 189 239 299
109 151 211 248 275
103 166 219 231 280
137 147 198 228 277
112 145 209 231 290
113 160 216 253 298
107 162 204 229 291
108 149 212 225 294
113 180 180 224 279
103 172 199 227 262
133 169 191 259 296
126 159 199 236 277
130 149 202 226 278
106 142 215 221 269
107 166 204 259 278
110 171 220 256 261
121 161 212 248 268
101 166 208 237 296
123 141 199 242 285
129 163 182 244 264
133 145 189 255 299
116 160 183 239 265
109 155 188 238 292
134 148 198 244 290
112 159 216 239 298
113 154 220 259 281
115 150 205 248 294
102 146 198 230 291
133 163 181 234 275
121 168 185 224 270
100 160 184 229 268
134 177 181 249 261
114 144 194 243 267
125 168 200 234 296
129 162 198 241 286
119 140 203 227 268
102 144 183 234 278
125 141 189 256 276
132 146 208 226 300
104 162 191 225 294
102 154 183 260 266
117 159 205 224 263
109 163 195 227 294
125 170 202 232 270
138 161 195 238 284
128 169 184 230 277
119 150 205 224 263
108 144 214 228 274
132 148 200 221 284
139 143 219 257 292
106 163 180 252 297
105 144 189 220 274
135 180 209 229 290
104 158 190 257 280
117 148 195 227 291
108 143 184 223 295
122 152 207 251 290
136 151 189 234 289
131 153 188 242 296
128 146 213 239 286
101 151 183 243 283
104 167 211 259 300
131 154 210 252 293
101 173 204 252 285
116 144 184 231 286
121 172 180 249 300
134 177 192 238 269
131 168 183 224 292
114 173 208 238 272
129 142 191 240 285
124 148 208 223 291
130 146 215 243 278
134 166 212 232 268
122 152 182 241 282
104 148 188 232 293
119 161 203 251 272
106 158 199 237 298
109 169 193 220 274
105 178 211 257 299
137 166 184 245 274
114 173 216 236 294
104 149 185 229 275
108 159 189 257 292
115 172 189 254 273
124 173 200 248 262
135 171 199 222 298
110 169 220 260 265
131 166 188 250 269
112 177 200 220 260
132 149 199 250 261
103 178 199 233 292
109 178 193 252 277
121 154 195 254 275
127 167 203 241 264
104 155 185 259 290
126 146 187 259 279
126 174 191 226 283
132 177 202 258 280
128 159 197 253 295
114 149 209 257 264
127 142 193 230 300
117 178 197 252 292
129 153 216 244 262
131 175 187 237 281
100 146 204 240 260
119 164 194 227 283
121 142 194 242 275
109 143 218 246 289
120 164 204 228 263
118 168 187 239 274
100 169 206 245 299
118 163 205 241 296
110 149 213 244 286
122 179 207 242 297
102 141 207 239 261
131 166 197 224 282
122 152 204 248 286
127 171 184 231 281
124 151 220 220 266
130 175 180 241 299
117 144 202 231 296
102 142 215 231 293
115 166 196 244 291
118 174 219 240 295
137 177 202 233 286
100 161 220 256 297
129 167 186 243 268
126 162 187 243 298
101 166 206 253 296
113 174 186 224 288
127 167 193 251 282
127 141 201 222 272
108 157 190 251 282
112 144 214 224 271
137 167 200 251 288
127 142 204 248 280
109 163 220 223 293
123 170 201 243 300
140 141 197 243 261
106 156 206 237 270
136 143 211 253 265
125 164 208 244 269
106 149 189 252 291
113 165 183 225 264
140 152 202 255 277
119 156 210 253 281
105 156 206 231 284
108 173 201 240 263
131 180 219 233 291
127 146 211 220 279
131 167 204 250 295
118 152 185 227 296
139 166 199 232 289
133 154 182 241 276
117 151 208 244 278
109 156 219 227 263
129 170 193 240 275
136 172 192 249 289
113 174 215 235 261
110 161 209 240 274
113 160 186 251 272
112 146 192 253 264
129 149 217 260 293
138 149 181 221 260
136 153 188 229 283
135 158 198 222 272
123 148 181 224 281
140 162 207 237 278
140 147 201 258 264
107 180 198 254 286
125 144 214 237 263
137 169 195 258 264
126 172 213 246 287
102 166 185 237 271
103 161 216 258 297
111 152 186 221 284
128 157 191 255 260
114 180 212 260 280
139 143 187 220 267
109 164 192 255 294
122 166 201 249 271
103 143 218 255 260
119 150 182 260 274
102 151 184 227 261
133 144 204 251 266
101 148 185 229 261
118 144 207 259 284
132 171 211 232 296
119 179 180 241 283
127 178 201 257 293
132 165 200 259 295
135 171 180 223 272
136 161 203 233 268
110 145 218 225 286
104 145 215 239 296
114 165 200 223 290
101 170 200 226 264
116 160 197 248 289
122 172 197 232 286
113 164 187 222 285
105 161 215 250 295
100 152 198 221 287
107 154 193 221 290
136 162 188 220 294
106 179 212 224 290
136 146 214 252 296
118 166 215 239 273
122 143 181 230 260
109 173 203 246 265
128 143 197 258 292
113 165 193 227 264
125 156 193 220 295
122 154 180 259 300
105 159 202 257 293
103 144 211 224 290
138 175 210 241 292
108 163 181 224 294
123 142 213 233 282
112 176 219 257 288
109 151 180 248 294
118 150 214 241 285
104 169 217 257 295
134 173 200 227 291
117 167 185 232 284
105 178 185 249 277
100 163 202 227 274
135 146 186 252 282
124 144 211 248 264
119 171 208 223 260
115 171 207 235 276
128 175 195 233 269
120 147 181 251 281
129 175 182 237 286
116 159 209 251 285
101 166 195 252 260
120 157 189 226 262
131 169 218 221 300
118 169 211 222 261
124 164 217 226 286
135 155 204 249 298
115 167 212 253 260
117 157 183 222 297
124 177 210 239 275
122 180 196 239 290
121 168 194 235 281
133 172 190 233 283
137 180 196 246 297
119 175 206 260 273
117 161 216 253 265
114 178 210 260 275
111 164 206 220 271
139 151 193 255 272
133 157 207 245 272
138 177 188 257 270
140 179 194 230 296
101 145 201 247 264
133 165 199 253 279
109 175 217 245 265
112 148 211 242 283
123 175 191 223 287
107 176 192 234 278
111 173 191 253 271
140 144 194 229 271
133 168 184 239 269
132 145 212 238 276
126 140 214 259 285
118 170 213 241 295
135 163 187 225 285
130 151 188 234 287
133 168 189 247 263
105 160 220 227 295
101 160 208 255 283
136 164 180 248 283
100 160 185 231 270
101 160 187 237 277
134 159 206 222 271
119 179 190 256 292
139 169 182 224 293
117 174 193 227 263
118 163 199 251 269
131 153 184 221 296
106 153 200 221 276
121 172 183 258 286
122 178 192 255 292
111 154 183 228 292
100 156 217 241 269
133 174 186 226 280
106 165 190 254 280
132 150 186 236 261
112 167 204 251 286
139 168 214 258 276
125 142 207 258 271
108 151 191 223 260
106 168 187 254 281
103 169 195 242 282
115 180 212 227 273
112 177 188 227 279
125 156 205 220 266
110 167 199 241 279
114 168 214 239 262
116 177 212 228 296
118 169 185 251 280
139 159 185 228 290
115 175 184 260 285
116 159 187 243 290
136 142 216 234 289
136 169 198 260 280
132 144 191 247 269
140 143 217 224 281
135 165 208 260 300
120 165 183 226 288
126 160 216 230 284
115 143 192 243 287
131 153 218 253 270
123 158 211 244 272
119 143 195 245 280
125 158 207 254 268
100 141 196 224 299
117 163 189 250 260
116 160 185 231 278
137 157 187 230 260
119 143 183 221 274
127 150 184 259 278
110 147 180 260 276
122 174 190 235 298
125 147 200 229 278
138 158 197 251 291
110 169 196 251 299
105 165 205 245 287
137 155 182 248 296
116 160 213 255 283
140 177 193 221 276
113 158 215 230 261
115 179 204 231 281
122 144 214 237 295
102 157 204 236 260
102 145 206 259 281
139 166 213 244 268
118 146 216 227 274
111 177 211 226 262
113 143 212 226 299
135 172 208 249 275
126 155 208 236 263
140 169 195 237 300
130 160 195 227 264
117 146 188 224 272
113 143 183 220 284
102 174 180 237 265
139 176 208 241 262
118 161 181 243 272
120 150 193 226 266
114 180 183 233 261
135 163 195 224 287
110 144 195 252 284
112 173 204 256 292
134 153 209 233 260
139 160 197 235 273
125 166 208 246 288
113 140 187 222 266
122 148 186 229 284
119 174 197 227 265
110 149 217 244 268
139 165 209 242 278
140 168 190 221 278
133 153 196 260 293
133 173 193 250 297
117 170 197 234 280
137 150 185 255 279
108 149 218 254 285
113 145 188 249 278
138 174 199 245 269
115 175 180 222 275
129 160 185 256 273
118 177 212 252 271
123 153 204 220 269
104 142 185 259 269
132 142 181 241 279
124 140 201 226 297
135 161 183 251 277
113 171 192 226 272
130 142 194 234 270
125 143 182 250 267
112 144 195 242 267
104 167 208 223 288
115 163 203 253 294
101 163 216 244 261
103 154 205 234 278
101 179 183 256 287
130 146 219 230 262
105 157 185 240 291
139 165 198 257 288
122 150 209 238 273
140 146 189 241 268
116 151 214 226 287
120 167 207 247 298
101 162 198 256 277
107 174 215 242 277
102 171 181 256 266
136 155 218 230 269
132 148 199 235 275
126 165 208 242 291
120 149 193 230 274
123 155 211 221 265
120 171 212 222 292
136 153 217 248 283
113 174 188 228 260
103 157 207 221 266
108 166 196 243 262
101 154 192 240 278
120 167 203 251 292
131 141 214 244 297
115 144 216 254 264
116 170 217 246 270
132 140 220 248 279
129 147 211 253 290
140 165 192 236 274
116 146 196 252 269
127 143 186 224 287
106 155 196 246 297
103 146 198 247 279
1497 1618 2203 2645 3218
2190 2641 3615 4372 4769
4715 6565 8750 10936 12449
1676 1911 2471 3045 3866
5483 7934 8798 10768 13794
2469 2953 4425 4909 5687
4246 5928 7120 8941 9222
2674 3688 4084 5054 6200
2661 3512 5240 6316 7418
5316 5746 7034 9649 11328
4939 7273 9078 11016 13173
4670 5555 6848 8822 8992
1649 2225 2842 3656 4007
3576 5314 6245 8045 9224
3511 4970 5110 6764 8361
5072 6393 9211 10092 11853
1631 2383 3165 3646 4127
5339 7405 10431 10575 13842
4939 6481 8595 11149 12514
4899 7393 8710 10450 13554
4368 4765 6615 7573 9390
4002 4573 6194 7126 8957
4808 6491 8994 9856 11784
3340 4486 4694 6204 6985
2900 4279 5766 6982 7712
2405 3091 3472 4861 5698
4004 5789 6647 7870 9224
1467 2132 2628 2954 3853
3925 5409 8262 8946 10810
6108 7597 9758 12304 13217
4152 5999 7887 9611 11252
5461 7413 9264 12667 14768
4141 5858 7610 8031 9572
4852 7675 8757 10826 13554
5433 6682 7775 8868 10859
4800 5408 7995 9859 10125
5332 6283 7880 8945 10771
1915 2461 3228 3994 4965
1881 2683 3160 3773 4829
4115 5809 7791 8944 9917
3820 4801 5502 6399 8305
2611 4199 5605 6022 7349
1287 1751 2280 2865 3284
1231 1733 2165 2456 2897
2251 3354 4235 4736 5237
1247 1692 2583 2872 3558
3608 5425 6813 7804 9059
2932 4131 4775 5282 6618
5850 7321 8708 9339 12113
4290 4756 6401 7518 8883
1453 1873 2347 2469 2877
1818 2169 2787 3278 3825
1558 2106 2536 3318 3683
3856 4539 6432 7053 9163
3719 6098 6603 8332 9558
4251 6093 7615 8976 11498
5137 5958 8051 9282 11457
6084 6216 8330 10532 12954
5598 7461 9619 10943 13248
2222 2818 3295 4062 4641
1298 1586 2193 2744 3086
1996 2685 2942 3664 4738
5812 7413 9615 12317 13817
2000 3039 3431 4198 4947
3701 5023 6315 7816 7966
1972 2211 2829 3306 3769
1488 1801 2342 2860 3594
4126 5215 7087 8040 8993
4210 6775 9045 9844 12366
4527 5368 6419 8346 9783
3064 4045 5167 6457 7634
5007 6155 7711 9414 9858
3916 5550 6255 7184 8497
5612 5692 8815 9095 11177
3467 4845 6223 8177 8785
3252 4117 4790 5343 6881
2449 3417 4707 5468 6043
5292 6813 7694 9696 10977
2082 3146 3471 3994 4787
1995 2653 3406 4000 4721
4971 7173 7534 10336 11737
4192 6636 7636 9044 11006
1650 2015 2497 3305 3579
5598 6971 8884 11679 13493
5662 7663 9014 11016 15018
6406 8064 8708 11010 12391
3452 5407 6245 8045 8418
1132 1828 2336 2667 3229
3339 5005 5998 7824 9490
4008 5304 6786 8416 9749
3859 6340 7340 9192 10636
3202 5060 5322 6570 7557
4155 5674 7008 9119 9970
5940 7265 9913 12021 14227
3938 5491 6284 8002 9885
2998 4711 5960 7296 7586
1980 2461 3006 3600 4786
1552 1575 2314 2568 2921
1955 3218 3308 4408 5183
2273 2852 3329 4113 4760
2172 2798 2942 3583 4657
2086 2750 3364 4164 4743
1585 1950 2433 2902 3658
3392 4641 4850 6724 7401
4491 6333 8135 9296 10897
4212 4873 6225 7396 8147
2616 2974 3858 4741 5961
3756 6208 7259 8346 10482
2651 3421 5031 5416 6690
5485 7972 9215 10872 12759
1298 1894 2170 2590 3251
2956 3808 4729 5420 6687
3563 5165 5806 8048 9362
6176 7788 9077 10596 12023
5254 8295 9227 11433 12904
2483 3565 5079 6160 6857
5342 5793 8461 10512 11128
1320 1905 2335 2821 3306
2978 3716 4752 5950 6894
5383 5752 7969 9938 11579
2795 3279 4316 5145 6642
4290 4352 5718 7425 9225
1536 1873 2439 2716 3281
1389 2145 2849 3175 3592
2771 4310 5295 5439 6641
4979 7649 9077 11148 12989
1382 1563 1814 2276 2968
5205 7216 10452 12414 12904
3762 5221 6028 7890 8418
4800 5269 7251 8512 9701
4836 5233 7503 8512 9413
4603 6820 7558 10677 10882
5465 6778 7886 9200 11374
2761 3613 5516 5891 6717
3288 4278 4772 5866 7324
3056 4567 5496 6599 7848
2850 3445 4151 5296 5847
2739 3753 4766 5714 6595
4536 6097 8440 8908 10196
6177 8114 8744 10411 12077
2672 2786 4176 4461 5679
6529 8687 9324 11334 14276
1442 1740 2237 2821 2954
6130 6683 8893 10182 12944
3041 5114 5955 6736 8298
4106 6956 7503 8635 11211
2632 3614 4375 4415 5277
2351 2912 4195 4836 5938
2231 3012 4415 5056 5877
1475 1872 2325 2567 3053
4028 5824 7112 10079 10743
2170 2801 3636 3857 5049
4259 4756 5811 7022 8573
2174 3185 4131 4805 5499
1464 1652 2193 2447 3219
4826 7754 8294 10591 12303
3251 5024 5625 7216 8117
5688 6850 9303 9518 11885
4192 7147 8420 10020 12153
1259 1885 2511 2884 3606
6732 8366 8798 11632 13121
4072 5544 7225 7786 9117
2060 2397 3311 3696 4754
5380 6745 8286 11457 11853
5501 7618 9014 11716 13382
2081 2551 3362 4499 5274
1166 1894 2226 2601 3285
2158 3358 3548 4595 5090
3927 4769 5959 7149 8630
5132 6693 8415 8935 10937
1929 3129 4176 4918 5071
2748 3808 4269 5904 6733
2030 3393 4095 5056 5697
3822 6600 7489 9414 9933
2111 2853 3835 5057 5938
3002 3417 4707 5214 6365
3203 4325 6035 6876 7577
3348 4237 5030 5872 6400
2475 3555 4679 5428 6243
2120 2392 3381 4198 5050
3568 4325 5755 6232 7409
3549 4827 5960 7353 7934
5332 6814 7214 9056 11217
2215 2920 3682 4614 5433
4836 6097 7358 8872 10457
5383 6532 7599 9446 11826
3840 5002 5263 7005 8195
2279 3205 4110 4993 5919
1235 1993 2655 2680 3389
3204 3901 5175 5992 6809
4571 6213 8095 10217 10417
4646 7934 8790 10501 12572
4956 6936 9217 10121 11197
4296 5759 6883 7665 9639
6028 7721 8992 10638 13083
1958 2155 3025 3376 3867
3683 5954 6638 8080 10746
3601 3991 4877 5762 6959
6725 8442 9373 11335 12855
2489 3646 4635 4677 6296
1372 1663 1984 2456 2687
1883 2857 3254 4517 5094
5231 7619 9060 11221 11717
4877 5017 7225 8276 9852
4907 7549 9471 12353 12689
1524 1693 2331 2897 3161
5104 6131 7082 9820 10581
4896 7142 8111 9784 12250
4152 5958 8051 10308 11457
1977 2202 3195 3420 4412
2740 3357 4790 4878 5869
4907 7213 9375 10720 14178
3855 5190 6493 7952 8790
5675 7116 10431 11776 13793
1916 2225 2983 3432 3811
3963 5447 7729 8794 10430
2811 5054 5223 6624 7381
5066 6625 7918 8907 10847
5612 7214 7574 9936 10776
4212 5383 5684 7636 8867
2741 4538 5501 6126 7271
4762 5789 7501 8413 11380
1888 2070 3053 3488 3951
5071 6913 8663 10274 13450
2136 2477 3534 4283 5032
1453 2113 2829 3503 3909
3603 3981 5468 6469 8036
3671 4452 6405 7246 8777
4352 4508 6122 7177 8511
4028 6761 7893 8752 10235
5205 7657 10550 12413 13345
4886 6136 8205 9376 11483
2846 4631 5388 6253 7145
5355 6136 7736 9376 11483
4932 6327 7764 9487 11129
2846 4496 5415 6415 7145
3306 4549 4982 6874 7469
4543 6657 8771 10973 11501
4685 6359 7576 9174 11265
1241 1412 2165 2506 3017
1691 2169 2955 3222 4077
2307 2631 3414 4215 4964
5467 7537 9387 11368 11984
5473 5551 7346 8752 11367
5646 8539 9961 12462 13688
1937 3037 3831 4246 5147
2063 2901 4081 4424 5299
3551 5414 5774 7336 8627
1919 2749 3921 4606 5003
2081 2803 3795 4642 5093
2828 3423 4216 5450 6441
2960 3181 4217 4856 6552
1506 2249 2706 2875 3879
2365 3644 4371 5208 5825
2574 3016 4005 5015 5582
1706 2579 3000 3331 4157
1810 3236 3813 4228 5075
3522 3886 5110 6542 7765
2911 4314 5065 5966 6967
4646 8069 9825 10005 12977
5915 7405 10335 12016 13121
4140 4941 6351 7568 8497
1283 2113 2583 2848 3521
3317 4159 6250 7499 7847
2006 3111 3682 4767 4995
2205 2512 3211 4011 4658
2675 3901 5127 5776 6665
4332 5882 7215 8476 9449
6588 6924 9951 11920 12737
2321 3121 3942 5435 5477
3581 4903 6615 6675 8207
5332 6816 7386 9364 10238
1762 3023 3483 4232 4488
4188 5269 7395 8548 9845
1806 2262 2614 3018 3631
3762 4813 5774 7246 8537
3638 5284 5811 6836 9039
2425 2691 4157 4557 5641
1947 2733 3487 3759 4721
5096 6943 9510 11446 13202
4587 7890 8418 11104 12073
3004 3908 4128 5032 5825
5052 5412 7466 9124 10781
4912 5753 7540 8590 9887
4193 5794 8133 10349 11211
1691 2396 3391 4112 4769
1411 1973 2605 3097 3967
4807 5508 6874 8906 9747
5817 6807 9432 10293 11756
2627 3372 5151 6112 7001
4368 5128 7209 7936 8894
3172 5059 6076 7295 8311
3899 5449 6710 8728 10710
2531 3877 5055 6112 6761
2045 3182 3614 4534 4913
2702 3440 4338 5766 6780
6216 8191 10355 11295 12847
3287 4297 5699 6484 7970
3275 4492 6767 7696 9458
2627 3806 4719 5344 6498
3142 5004 6556 7580 8697
2388 2676 3578 4516 5309
2661 4439 4690 5816 6842
5199 5941 8244 9610 10664
2656 3832 4799 5375 6158
3101 5234 5504 7606 8687
2514 3236 3560 4065 5003
4111 6574 8831 9323 10964
3435 4781 6575 7888 9266
2435 4310 4863 5295 7074
3756 5166 5839 7088 8498
4145 5785 7113 10040 10470
5556 6745 8286 9872 12822
3007 4717 6007 7296 7381
1867 2413 3471 3968 4625
2460 2839 3254 4228 5238
3851 5485 6959 7279 9297
4304 5526 7600 8785 9970
3476 5822 6648 8399 8597
2987 3563 4614 6016 7468
2290 2596 3601 4334 5066
3581 5691 7291 8312 9503
3444 3809 4720 5996 7506
2634 3371 4615 5352 6043
3876 4661 5782 7156 8277
2501 2692 3853 4348 5357
1343 1981 2487 2920 3533
5946 6820 10135 11608 12989
6162 7913 10165 11666 13717
1376 1795 2115 2524 3296
3461 5023 6165 7126 8207
3683 6031 7155 8005 10115
5195 8462 8750 11392 13650
3548 4333 5495 6982 7874
5744 8196 10059 11678 14570
6268 6959 8984 11608 13173
2131 3073 3935 5017 5377
1804 2310 2548 3194 3699
4378 6674 6711 8415 10081
2845 3861 5293 5892 7506
4632 5293 6185 8134 9389
2392 3056 3721 3959 4776
4764 5053 7035 8188 9882
5322 6403 8340 11042 12618
2460 3146 3398 4246 5075
1247 2017 2511 2848 3606
4562 5917 8174 9897 11703
5262 6103 7953 10264 11525
4769 6370 8244 9844 10313
2627 4285 4766 6112 7001
1415 2028 2797 3032 3514
1188 1850 2358 2601 3163
5007 6081 7081 8303 11007
1992 2669 3135 3360 4022
6412 8864 9264 12816 13367
4364 5930 7189 7767 9265
5727 7934 8969 10411 12527
2951 4185 6148 6316 7970
1355 1765 2210 3065 3342
5051 7742 9567 10672 13794
6636 7693 8750 10575 14082
5900 6913 9721 10918 13541
5232 6853 8745 11222 11897
5322 7251 9838 12236 13083
4667 5473 6769 8591 10027
1523 2408 2675 3306 3671
2120 3377 3776 4747 5166
1636 2106 2523 3331 3826
1464 1618 2303 2667 3152
1247 1693 2440 2764 3294
3470 3731 5033 5840 7324
5258 6764 8098 11197 11498
3495 3982 4982 6820 7631
3348 3901 4646 5824 7049
1331 2150 2270 2968 3449
1668 2162 2486 2884 3184
2911 4160 5641 6629 7761
1819 2314 2523 3279 3800
1081 1804 1954 2526 2977
1771 2301 3295 3968 4594
3989 6058 8596 8713 11133
3116 3793 5739 6794 7145
1312 1694 1834 2346 2847
1441 2301 2810 3070 3865
4657 8294 9767 10320 12851
4043 5053 6602 9341 9882
4933 5563 6748 9267 10044
2900 4469 5902 5956 7064
3839 5095 6945 7441 9357
4838 6397 7158 9858 10619
3785 5453 6950 8788 9843
3002 4154 4775 5420 6365
6186 7608 9080 10943 13199
4211 6818 8499 9508 11694
2846 3874 5118 6794 7254
2207 3146 3290 4534 5111
3839 4699 6945 7573 9390
4334 5127 6614 8596 9884
3753 4276 5379 6802 8428
4652 6093 8255 9776 10417
2542 3233 4224 5468 6458
3287 4407 5657 5891 7427
4871 6808 9555 10771 12077
4051 6694 8535 8855 11618
4896 5488 7933 9118 11117
1519 2171 2823 3031 3878
3211 5422 6351 7248 8754
1865 3182 3543 4535 4751
5401 8687 9275 11139 14277
6627 8049 10403 11678 13394
1584 2341 2810 3149 3448
3180 3420 4526 5632 7170
3232 4038 4407 5881 6572
5311 7063 9665 12467 14118
1322 1423 1874 2326 2998
2910 4108 4177 5306 6066
5111 7464 9615 11367 13218
2411 3253 4315 4495 5637
4887 6604 7892 9220 11093
5695 7412 9618 12070 14571
2819 4441 5928 5955 7956
3700 4414 6184 7704 9070
3287 4381 5058 6646 7557
3731 4663 5564 7666 8957
4007 5701 6566 9377 10205
4379 6355 8163 10433 11610
2663 4564 5605 6230 7037
5011 7363 9665 12667 13318
5461 7012 10765 12416 14718
1860 2393 2632 3278 4077
3070 4813 6555 7636 8507
3484 4185 5979 6204 7941
6762 8213 10064 11315 14667
1415 2041 2354 3266 3918
6862 8113 9864 12516 13167
5301 7280 8830 10508 11369
3972 5194 6450 7870 8630
5163 8202 9951 10595 13265
4568 6066 6372 7768 9197
1475 2101 2186 3076 3497
3748 6600 6748 8193 11044
3552 5084 5625 6796 7817
2235 3149 3453 4672 4976
4039 6207 7881 9288 10011
2732 3133 3834 4496 5637
3581 4423 6345 7246 8717
4302 5590 6846 7440 9488
2894 3863 4568 4877 6551
2873 4306 5063 6199 8064
2976 4252 4720 5944 7324
5087 6593 9697 11438 12472
5501 7123 9330 10681 13517
2740 3710 4106 5142 5957
4666 6313 7084 9046 9781
2587 3901 4960 5444 6020
4024 4977 6509 7700 9572
1201 1764 1904 2506 2737
4379 6838 7190 10156 11288
5640 6144 9171 10390 12155
1620 1885 2174 2836 3173
4007 5305 7575 8692 10530
3131 4783 5474 7727 8177
5860 6850 7883 10035 12272
4434 5557 6317 8530 8596
5186 6628 9600 11311 12392
4111 7312 8748 9487 11128
4726 6861 8379 10020 10677
4685 7024 8091 10184 12276
4563 5971 6971 8341 10230
5142 5484 7729 8908 11113
4611 7051 9399 10688 13266
1319 2030 2174 2848 3438
4171 6213 8535 9456 11017
3512 4439 4939 5891 6767
1467 2113 3081 3292 3994
5473 6119 8357 10294 11283
4495 5865 8337 8945 11265
5255 6774 10043 11378 13679
1780 2275 2875 3253 3461
6186 8148 9128 11286 13590
4895 6569 8199 11017 11942
1439 2071 2801 3236 4134
1962 2308 3210 3886 4006
2196 3015 3738 4671 5489
2951 4270 5475 6485 7354
4764 5665 7935 8548 9809
4295 5934 8331 10937 12450
1524 1981 2559 2655 3293
5311 7713 10915 12366 14317
3736 3932 6147 6680 7997
4772 5998 7049 8170 10202
3287 4353 5727 7044 7689
2044 2333 2942 3936 4802
5772 7348 8294 10096 12933
5132 6934 7214 8936 10697
3431 4903 5714 7516 8177
4332 5678 6190 7312 8625
4496 6565 7815 10039 10391
5388 6607 7952 10474 12113
4415 6118 7230 8711 10229
3626 4512 5006 5918 6777
5411 8614 10915 11366 13417
2611 3713 5390 5841 7343
3514 5252 6618 7239 8480
3820 5742 6287 7184 8721
1292 1643 1944 2596 2747
5042 7624 9432 9948 12057
2124 2445 2894 4032 4689
1793 1936 2680 3044 3891
2191 2893 4175 4916 5617
1411 2380 2675 3166 4106
2098 2158 2880 3481 4187
5908 7406 8462 10356 11501
4131 6653 8055 9416 11938
1579 2211 2576 3180 4190
3440 4846 5360 7036 7658
3062 4685 5685 6118 7091
1790 2365 2674 3165 4134
1121 1723 2135 2366 2817
1659 2349 3311 3760 4738
1453 1993 2369 2534 3086
3143 4305 5263 7035 8341
4692 5269 6854 8584 10170
1379 2149 2631 3100 3268
3582 4333 5715 6856 8928
1415 2158 2862 3162 3787
4223 6386 7719 7935 10205
2783 3751 4403 5434 5728
3641 4423 6615 7516 8117
1508 1861 2424 2611 3141
6404 7297 9743 12189 13318
1523 2005 2486 3136 3449
5016 6061 6782 9052 10385
6042 7033 9105 11536 11987
4572 6055 7006 8642 11038
4352 5562 6121 7207 8976
4631 6569 8111 10665 11898
3452 5408 6649 7145 8790
5252 6973 8615 9015 10977
3967 4948 6770 7716 9993
5238 6526 8400 9024 10820
2171 3181 3506 4498 5417
4521 6163 8790 9241 11046
1711 2444 3296 3807 4931
4859 6118 7451 8155 10969
4691 7168 9826 10051 12077
6540 7213 8798 12497 12785
2172 2349 3167 3856 4401
5054 7024 8747 10430 11989
1857 2564 3000 3541 3962
4268 5229 5966 7408 9265
1415 2093 2445 3384 3436
4440 6248 8486 10251 11585
3344 3989 5082 7269 7661
3898 4247 6279 6599 7615
1343 1909 2355 2680 3546
2792 3133 4014 5156 5457
5172 6807 8271 9820 11757
5177 7490 8667 9675 11567
3163 3831 5075 5512 6733
2661 3663 4990 5541 7393
2363 2973 4530 5371 6086
4732 6093 7775 8816 10938
3437 3587 5115 6316 6842
4841 6061 8625 10432 11525
2931 2952 4340 5308 6317
6411 8463 10614 12966 13866
3071 3785 4615 5237 6250
3563 4717 6703 7600 8337
5010 7963 10515 12666 14867
3204 4726 5812 7178 8481
4197 5283 6121 7952 9224
5215 6807 9174 9777 11928
1631 2158 2715 3421 4519
3484 4129 5363 6708 7970
1548 1788 2535 3052 3473
4151 5629 7935 8295 10601
5161 7263 10565 12667 13967
5003 8606 10479 11152 13217
2511 3311 4173 4678 5603
5424 6696 7763 9815 12276
3826 5298 7400 8696 9642
1350 2171 2862 3019 3657
3300 3541 4767 5488 6665
3819 4943 7121 7870 9878
5661 8013 10815 12666 14917
1830 2767 3483 3909 4965
1739 2397 3407 3616 4722
5096 8114 8114 10096 12573
2895 4830 5587 6372 7353
4135 5252 5935 8045 9193
2532 3193 3995 4736 5557
1442 1652 2237 2502 3075
1389 1859 2811 2889 3515
1509 2337 2871 3642 3909
3531 5485 7055 8208 8368
1342 1784 2347 2744 2965
4353 7151 8959 10207 12746
2226 2550 3597 4372 5148
2721 3437 3836 5140 5561
2539 2767 3605 4861 5698
2680 3694 4224 5514 6112
4589 6523 7910 10012 12282
6042 6672 8924 10996 13067
5611 7963 10815 11966 14917
2949 4017 5735 6750 7323
4496 5863 8010 9688 11483
3581 5123 6945 8066 10203
3337 4088 4539 5866 6892
5336 7406 8155 9872 11897
2511 4014 4615 5742 6718
1620 2138 2186 3004 3149
3660 4621 6223 7793 8561
5511 7405 8814 10311 13041
4140 5197 6350 7728 9169
5010 5893 8541 9550 11274
2255 3181 4041 5165 6134
1512 1705 2282 3089 3329
2916 3224 4591 4987 6618
2299 3578 4217 4966 6486
4397 6635 7884 11197 11455
3054 4148 5345 5840 6855
3172 4740 5670 6599 8544
3637 4944 5873 6744 7847
3048 3555 4304 5252 6265
2316 3056 3326 4156 5003
5962 7513 10265 11216 13167
3251 4333 6436 6856 8238
2916 3269 4415 4878 6266
2653 2729 4176 4899 5565
1283 1969 2174 3040 3582
4736 6493 8520 9916 12348
5817 7753 9001 9862 12487
3027 4595 5524 7470 8137
1650 2085 2745 3194 4092
4331 5733 7375 8936 11819
1597 1989 2706 3279 3787
1780 1976 2471 3058 3775
3156 3685 4526 5824 7122
4108 4684 6831 7664 9169
1930 2882 3492 4634 5395
4898 7862 9931 12189 14117
2894 3400 4634 5560 6463
4757 8144 9603 11860 13412
2100 2605 3327 4174 5166
5577 7925 8294 11470 13817
2424 3200 3470 4300 4859
5121 6565 7151 8751 11406
3089 4685 5631 6442 7361
6333 6971 9374 11776 13983
2244 2677 3759 4030 5256
2222 2494 3670 4147 4743
3630 4495 5739 6280 7253
4892 6093 7294 9656 11298
4795 6821 8663 10688 13496
1558 2106 2654 3279 3553
4463 6649 8373 9970 12534
3608 5591 6384 7276 9060
3895 6599 7821 9525 11080
5903 7151 7926 10551 11799
2861 4338 5415 5915 7367
3235 4632 5750 7116 8543
2927 4306 5117 6955 7902
2311 3454 3794 5096 5477
1252 1744 2015 2496 2637
3252 4117 4790 5343 7169
5291 8125 10575 12496 12736
3025 3831 4338 5766 6204
3595 5678 6415 7056 8337
4368 4930 6582 8266 8630
5058 8736 9766 11433 14326
2300 3752 4067 5308 5834
3400 4325 5474 7128 7717
2933 3854 4684 5559 6089
4171 6213 7414 10377 11618
6186 7167 9177 12708 13688
4800 6626 7272 8604 10771
4235 5677 6478 8272 8976
1675 2080 2575 3305 3852
5027 6569 9211 11325 11633
3822 4273 5805 6916 9018
3521 5353 5924 7576 8777
4785 5674 8007 9044 9711
1715 2289 2445 3097 3670
1811 2641 3688 4337 4697
2630 3621 4283 5010 6244
1222 1433 1955 2436 2768
4153 5446 8299 9364 10999
5052 6902 8583 9592 11063
4260 6062 6746 8620 9881
4310 7280 8873 10551 12874
1663 2295 2884 3390 4161
5071 6867 9813 11240 13173
4891 7173 8294 9695 11897
4193 5794 8503 9816 10719
1322 1673 1985 2255 2837
4525 5637 7563 9192 10599
2552 3434 3694 4636 5637
5220 6355 9256 9256 11189
4432 5963 6134 8210 10183
1532 1885 2641 3019 3866
4601 6403 9690 10411 13203
5071 7317 8638 10752 12821
5439 8017 10089 11055 13587
1793 2314 2640 3044 3735
3610 5809 7935 9232 10709
5688 7362 8198 10708 11809
1272 1633 1884 2446 2997
1626 2669 3311 4064 4753
4305 6626 7082 8528 10962
3695 4856 5611 7295 8195
3568 3961 5643 6232 7634
4547 6607 7994 10559 11861
1803 2317 3440 3600 4354
1656 2017 2414 3028 3473
3314 3704 5319 6464 7297
2627 3925 5295 5367 7049
2348 3243 3833 4633 5717
3933 3961 5531 6820 7325
4251 6253 8255 9496 10817
1508 1585 2336 2799 2932
5887 7721 9791 11484 12660
2237 3142 3983 5309 6129
4419 6449 7152 8791 10314
3932 4269 5670 7156 7773
3700 4849 6525 7859 8728
1481 2197 2899 3250 3994
1739 2782 3231 3856 4225
3941 5413 6585 7005 8747
5346 6145 8877 9256 11735
4989 6359 7766 9516 11227
3198 4117 5009 6145 8010
5433 6487 7775 9063 11288
5465 6327 7476 9897 11333
2117 2731 3759 4408 5021
2409 3445 4834 5010 5803
3108 4093 4646 5776 6617
2868 3625 4046 5245 6086
2045 3146 3885 4246 4715
5291 7741 10047 11536 13169
4418 6253 7268 9806 10625
5163 6729 8847 11655 12161
4397 5078 7393 8856 9979
5809 6271 7617 9298 10937
2188 2461 3022 3680 4546
3927 4595 5757 6454 7905
5916 7117 8703 10768 13506
2392 2767 3534 4045 4743
4772 5011 6849 8788 8993
2900 4874 5360 6874 7739
4762 5485 8147 9022 10011
2615 3224 3719 4918 5032
4295 5861 7256 8380 9775
1031 1674 1865 2387 2728
2791 4360 5847 6982 8036
5118 7005 8571 10182 13082
1804 2211 2688 3587 3657
2063 3253 3830 4696 5056
4183 4303 5625 6616 8028
3063 4605 5390 7156 8249
4037 5491 6648 8233 8960
4028 5590 8518 9962 10157
4296 5413 6566 9377 9881
2153 3185 3879 4784 5499
5332 5773 8175 10056 10657
3243 4750 5935 7345 8370
5321 6492 9330 11671 12797
5820 7537 9298 10223 13041
1677 2520 2534 3390 3979
5218 7311 8255 10553 12030
1859 2323 2814 3642 4147
6762 8564 9014 11166 13617
3820 4521 5699 6540 7521
2871 3783 5684 5866 7454
4587 6393 9475 10532 13042
2975 4303 5215 5814 7558
1324 2224 2615 2954 3449
3839 5293 6515 8200 9554
4891 6893 7894 9296 11457
1706 2474 2820 3346 4293
4630 7097 9475 11016 12997
3411 5181 6747 7530 9776
1723 2477 3103 3552 4658
6540 7789 9038 10575 14130
3933 6637 7859 8303 10747
1508 1618 2369 2788 3273
2607 3665 4745 5274 6023
3306 3874 4902 6227 7038
4480 7107 8338 10102 10882
1292 1442 1984 2596 2937
1255 1829 2138 2513 2921
4387 5473 6770 7715 10343
4403 5557 6494 9340 10818
5051 7645 9710 12352 14081
3719 5197 7611 8080 10458
2496 3163 3794 4353 5273
4223 6371 7073 8752 11484
5424 6261 9387 10268 12425
1131 1773 2205 2586 2897
4371 6053 7214 9937 11778
2489 3163 4509 5077 6002
2194 3562 4572 5413 6212
4166 5376 6214 7052 9038
5510 7863 8709 10920 13366
2321 3930 4084 5494 6111
1711 2785 3449 3875 4676
3252 3517 4478 6064 6785
4848 5629 8244 9688 10313
2035 2921 3551 3807 4437
2196 3263 3948 4481 5261
4108 5614 6254 7472 8625
5052 6187 7616 10559 11820
3108 4214 4382 5704 6881
5811 7963 10465 12566 14267
2637 4330 5085 6569 6777
4692 6137 7386 8830 10235
3680 4745 6119 6203 8417
5794 8295 10354 10894 12806
5839 7721 10214 10637 13459
4197 4817 6338 7735 9255
4381 6359 8071 9630 9897
3405 4566 5321 6454 8631
4227 6031 7155 8142 9367
1475 2174 2366 2884 3497
2432 3373 3894 4716 5637
6529 8441 9324 11433 13884
5766 7573 8246 10347 12491
3105 4563 5370 6776 7114
2702 3716 4983 5835 6112
4001 6243 7364 9116 9641
4451 6574 8255 8816 10857
2931 3184 4067 5371 5729
1741 2054 2706 3201 3553
6084 7801 8286 11324 11896
2952 3772 4088 4845 6233
3647 5233 7251 8909 9521
6130 7603 9168 11654 12851
4589 7364 9129 10306 11147
4043 5341 7611 8728 10205
3333 4739 5171 6036 7766
3542 5822 6351 7738 9191
3785 5896 6508 8618 9231
6453 6637 8939 10550 12483
2273 2870 3142 4079 4590
1992 2188 3195 3586 4157
2405 2672 4081 4937 5432
2489 3583 4488 5076 6212
5007 6044 6933 8341 10562
3912 4543 5654 7036 8628
2007 2533 2849 3721 3962
5051 7693 10575 10911 14178
1323 2093 2719 3331 3696
6132 7393 8114 11176 12752
4011 6414 7415 9257 10818
5061 8014 9365 11867 13868
5640 6691 8667 9340 11399
4057 6099 6474 8720 9945
4877 5928 6384 7855 10272
5628 8366 9279 10912 12641
2253 3110 3796 4785 5128
6169 7204 8662 10403 13930
4251 6133 8015 8856 11058
4004 5689 6053 8530 9455
1353 1971 2126 2821 3229
2564 3555 4223 5260 6734
3711 5785 8044 8933 9970
4800 6278 6710 8152 10097
4887 7603 8754 11701 12897
6084 6913 8571 10872 12023
4603 6860 8379 10307 11743
2375 2869 3652 4402 4708
5387 6118 8916 11111 11670
3360 4695 5936 6930 8078
4569 7238 8055 10939 12100
1144 1873 2160 2678 3119
4151 6494 7647 8187 9845
2475 3908 4150 5010 6155
2887 3601 4730 5076 6135
4851 7361 8771 10620 12293
5597 8246 10501 11727 12855
3491 5323 6375 6855 8897
4141 5928 6489 8801 9817
1541 1762 2049 2524 3208
4956 7538 7926 11196 12272
4767 6532 7681 9979 11908
2732 2852 4335 4696 5797
4228 5252 6152 8076 8697
5688 6205 8228 10637 11584
2672 2729 4138 4271 5356
6761 8263 10414 13016 15017
3852 5294 5870 7248 9234
3288 4173 5631 5995 7401
2541 3159 4239 5362 6332
4335 5062 7209 8365 8927
3333 4279 5712 6604 7361
2392 2873 3915 4916 5618
1387 1751 2292 2810 2965
2611 3679 5111 5840 7793
1416 1970 2283 3017 3137
3608 4974 5750 7177 8636
5356 6136 7308 8986 10157
2035 2444 3126 3773 4676
6362 7513 9214 12967 13917
3751 5011 6134 8857 9402
5989 8539 9324 11531 14619
2637 3100 4215 4825 5856
6222 7123 8879 11311 13112
4191 6435 7462 9554 11379
5261 8263 10265 12266 14367
6725 7608 8932 12168 14521
5579 7693 10239 12256 13601
5332 6740 7348 8413 10505
3514 4911 6681 7146 8108
3691 5742 6543 7408 9009
4525 5340 7933 8785 10932
1133 1741 2259 2613 2877
5111 7263 10315 12967 14067
2097 2503 3210 3676 4036
4260 5269 7791 8188 9881
3008 4793 5712 6118 7091
2610 3302 4891 5214 6895
2712 3453 4174 4996 5516
6060 7453 9999 11344 12641
1692 2041 2354 2859 3617
4692 5773 7035 8188 9521
5277 6583 8475 10096 12258
2272 2873 3675 4416 5698
4805 8192 8475 11156 12472
2236 2829 3343 3872 4208
5440 7420 8340 11194 12529
3612 4513 5805 6796 7998
1607 2534 2576 3278 3671
3387 4088 4889 5615 7192
4081 5341 7230 9341 10526
4267 6587 7766 9744 11113
1486 1696 2314 2579 2877
5016 5773 7106 8476 9845
5136 6819 8542 10102 11825
3515 4353 5812 6899 8264
1720 2085 2619 3222 3994
1559 2276 2576 2967 3462
2541 3440 5006 5628 6181
5572 6613 8374 9696 11137
2112 2534 2864 3330 4187
4667 5367 6874 9116 10272
6396 8317 9278 12016 14273
3053 4434 5137 6100 7297
2341 2563 3159 4351 4760
3791 5228 7645 8906 9992
3627 4653 6031 7985 8914
5394 6799 7775 9571 10508
2657 4039 4154 5122 6343
1560 1933 2234 3088 3293
5439 8155 9767 11608 12482
3948 4909 6543 7056 8625
2195 2995 3900 5456 5667
6348 6829 8702 11584 13410
5716 6452 9261 10412 13680
3522 4199 4772 6542 7219
3401 5144 5775 6796 8177
1312 1433 1955 2356 2717
5512 6305 8022 11017 11765
4380 5629 7620 9455 10431
2091 3354 4175 4476 5778
2311 3273 4074 5076 5897
4455 7185 9519 10752 11501
3307 4941 6575 7504 8914
4454 7890 8066 11280 12645
4432 4977 7461 7836 8925
1901 2839 3344 4336 5256
4043 4798 5756 7469 8369
5502 6763 9420 10726 12302
5473 5707 7385 9415 10469
3955 5147 7291 7700 9776
3971 5524 6845 8167 9851
2839 4549 5559 7185 7773
3221 5233 6465 7276 8327
3887 6512 6892 9745 10125
4228 4818 6773 7146 8356
3840 4305 5786 6831 7992
2657 3478 4382 5098 6128
2652 3291 4261 5076 6046
2226 2803 3813 3994 4787
4931 7024 8707 9117 11989
4908 5520 7827 8944 10205
2046 3146 3399 4120 4697
4440 6765 8917 9519 11456
2603 3998 4719 5848 6305
4758 7251 9039 11297 13084
3851 5357 6510 8048 9361
2501 2691 4081 4652 5660
4151 5197 7791 9161 9521
3723 5453 6959 7888 8657
1992 2112 3315 3736 4202
5946 6774 9721 11654 13357
3932 4633 5390 6624 7689
5116 6437 8639 11105 11853
3822 4303 5595 6736 8628
1919 2803 3542 4444 5364
2792 3955 5361 6686 7551
