200 10 5
4 16 26 9 13 27 21 12 31 18 27 0 17
10 30 7 23 10 17 27 28 21 30 11 0 47
5 28 32 13 8 22 31 23 31 20 27 0 21
7 29 25 32 24 20 23 10 9 24 31 0 33
9 12 8 8 23 31 33 11 16 13 8 0 44
8 29 31 31 26 23 11 30 8 20 33 0 36
10 8 17 31 17 21 19 9 27 29 10 0 49
3 7 11 8 27 25 27 30 17 8 31 0 14
4 10 31 14 7 8 16 20 28 19 8 0 20
9 12 30 20 21 27 10 25 13 13 16 0 45
10 26 17 20 25 9 9 24 16 27 7 0 47
4 32 27 20 23 16 13 24 20 18 33 0 16
5 9 16 12 27 28 33 29 32 21 31 0 24
4 16 13 16 18 11 32 17 18 24 22 0 18
8 26 18 28 15 8 20 28 20 15 18 0 36
10 23 12 21 33 27 10 32 12 11 33 0 47
10 18 10 28 14 33 32 33 20 31 8 0 49
5 14 17 18 14 22 26 10 29 8 14 0 24
5 30 10 31 17 33 28 20 29 22 20 0 21
7 21 12 14 24 20 16 10 29 9 32 0 32
2 8 12 20 27 23 14 20 21 14 31 0 10
7 20 28 27 25 17 25 9 10 10 20 0 32
3 13 13 33 10 9 27 27 13 14 11 0 12
8 29 17 24 14 25 18 16 18 24 16 0 37
6 14 7 23 10 26 11 11 31 27 27 0 29
10 24 10 26 31 11 31 22 23 32 33 0 46
7 13 21 13 16 21 19 24 24 7 29 0 32
7 19 13 31 19 18 26 17 23 33 20 0 34
8 17 12 22 24 13 26 20 25 13 11 0 40
9 22 33 24 13 25 28 11 14 8 16 0 43
3 18 12 15 11 32 19 26 26 33 14 0 11
10 9 25 21 21 7 24 33 9 19 31 0 46
7 25 27 18 21 26 9 16 9 8 16 0 32
10 19 10 21 16 9 10 7 13 20 25 0 50
6 31 7 14 31 24 11 17 16 12 31 0 27
4 33 24 22 13 7 18 11 22 9 30 0 16
8 26 14 18 14 19 21 31 20 22 22 0 40
8 26 11 31 30 29 12 13 30 32 7 0 36
8 33 22 21 17 10 10 17 9 22 14 0 36
6 28 9 24 31 33 7 27 23 21 27 0 30
9 18 8 33 7 15 22 20 16 30 21 0 42
9 33 15 14 28 19 22 27 26 24 12 0 44
8 24 27 22 8 22 33 12 16 32 14 0 37
8 31 25 25 24 24 23 32 19 22 24 0 40
3 20 11 15 15 17 10 31 25 8 25 0 12
5 27 16 27 8 16 28 11 12 9 13 0 21
6 29 7 23 18 29 17 14 29 32 23 0 27
7 30 30 9 19 13 11 18 29 16 32 0 31
3 9 10 24 16 17 7 15 32 22 10 0 13
10 26 21 23 19 19 21 12 31 32 28 0 49
8 31 16 24 30 18 15 25 13 9 33 0 36
7 19 29 25 22 8 14 18 31 10 8 0 33
7 11 33 25 7 15 9 24 8 14 17 0 33
8 33 16 20 26 28 25 8 27 10 8 0 37
7 20 24 15 29 15 30 8 28 30 26 0 33
8 12 23 21 9 29 17 7 18 19 20 0 36
8 33 10 18 13 16 29 29 21 30 17 0 39
7 19 25 27 23 10 9 13 28 19 19 0 33
7 32 16 16 29 13 27 7 30 15 24 0 33
10 8 27 7 29 29 31 18 28 10 15 0 46
6 7 15 21 9 9 11 9 14 22 10 0 27
4 22 23 13 17 18 22 10 16 30 26 0 19
10 13 24 25 8 11 31 7 12 20 24 0 47
7 7 24 16 12 21 14 21 15 11 28 0 33
3 24 11 16 28 16 20 9 26 29 18 0 11
3 26 19 10 12 25 7 19 22 16 23 0 15
7 8 31 12 27 17 8 30 9 32 31 0 34
7 30 26 9 33 26 18 23 14 29 26 0 33
10 15 9 23 9 21 30 31 24 18 29 0 49
4 25 21 21 31 12 14 23 25 12 33 0 17
3 28 29 20 32 10 31 10 20 9 9 0 11
8 24 17 11 31 19 22 27 30 31 26 0 37
9 20 31 8 9 23 13 13 7 32 26 0 42
5 17 32 24 29 29 19 30 12 16 32 0 24
9 8 16 26 33 28 19 28 27 21 18 0 41
7 14 9 10 19 23 23 19 21 24 29 0 33
9 29 15 32 12 32 17 14 7 8 14 0 45
7 14 33 24 21 7 13 25 12 28 25 0 31
10 31 20 10 8 20 28 14 19 28 26 0 49
5 13 19 15 23 21 21 28 14 12 16 0 25
9 23 8 19 24 17 12 7 18 27 8 0 41
4 20 10 12 24 21 19 25 15 10 15 0 17
9 30 22 8 29 32 9 7 17 25 32 0 45
6 20 23 8 27 20 17 28 23 10 30 0 27
3 28 27 7 28 16 16 27 16 20 10 0 11
7 30 11 31 22 10 25 30 12 33 13 0 31
10 10 11 11 20 32 28 14 23 14 17 0 46
9 19 31 18 14 7 11 22 27 16 21 0 41
4 23 21 19 13 17 23 16 18 13 8 0 18
3 17 18 26 8 17 18 33 14 26 8 0 11
10 30 24 19 21 27 7 28 33 15 20 0 47
8 30 24 19 31 17 28 21 22 21 28 0 39
7 19 22 7 16 17 28 32 8 12 8 0 32
9 17 29 21 32 13 23 17 19 10 16 0 43
4 31 31 27 31 27 26 12 11 18 31 0 17
8 17 31 31 17 7 17 24 8 22 23 0 36
8 27 24 18 7 10 11 25 19 25 33 0 38
10 33 16 18 21 31 16 19 29 7 33 0 46
10 15 30 16 15 23 20 9 33 32 13 0 47
8 20 30 17 8 13 12 29 30 32 21 0 39
5 26 18 17 13 12 11 15 25 15 25 0 25
4 26 21 25 17 23 24 32 21 8 11 0 16
8 19 29 26 14 32 17 8 14 26 27 0 40
9 33 15 13 12 20 33 18 24 27 29 0 45
10 21 20 23 20 25 22 8 10 13 26 0 50
6 16 29 24 19 10 7 18 9 8 29 0 26
4 13 22 25 22 26 24 13 9 13 27 0 17
7 10 17 15 22 30 22 20 15 11 12 0 35
3 17 30 20 33 24 7 24 15 31 21 0 14
3 13 16 24 12 25 20 33 10 14 29 0 13
7 23 14 16 12 27 33 33 24 28 24 0 33
10 8 27 15 15 24 28 9 23 26 13 0 49
3 17 12 13 7 30 15 33 19 27 30 0 15
4 12 8 7 11 11 17 7 7 19 29 0 19
3 24 33 21 13 12 9 29 24 21 25 0 15
3 17 30 26 10 29 27 20 23 33 13 0 15
6 12 30 13 31 9 16 28 21 16 16 0 27
9 9 20 31 31 18 26 17 12 33 11 0 43
3 29 16 8 31 9 15 33 20 31 18 0 12
2 24 33 26 7 19 12 13 29 18 26 0 10
6 33 11 16 30 23 18 21 10 14 7 0 28
9 10 24 30 9 9 12 17 21 18 11 0 43
9 20 11 11 32 14 33 29 30 21 26 0 41
6 33 26 20 24 26 17 31 16 14 12 0 27
10 24 33 16 30 30 27 20 9 16 7 0 49
8 9 25 30 30 22 26 31 29 33 19 0 38
4 8 14 28 26 14 29 19 15 15 10 0 16
5 9 32 9 11 22 26 15 7 7 14 0 22
7 22 8 19 33 18 17 32 13 22 21 0 33
8 21 26 14 9 13 32 32 17 21 31 0 37
10 19 27 31 32 7 10 21 16 32 21 0 49
5 25 32 23 17 14 33 24 21 28 26 0 24
3 31 12 16 16 25 18 20 7 23 12 0 14
8 13 20 17 28 22 13 23 18 13 26 0 40
6 15 7 14 26 23 24 22 24 18 13 0 26
10 14 28 22 27 22 13 21 28 10 7 0 50
4 21 32 22 31 13 20 21 16 27 31 0 16
5 29 17 17 21 14 24 25 28 26 8 0 23
10 15 11 21 24 26 17 14 24 25 13 0 47
4 13 32 26 14 22 31 13 18 31 29 0 19
10 17 29 26 22 23 32 28 12 28 14 0 50
7 21 25 12 27 31 15 18 18 23 22 0 33
9 7 22 16 27 26 22 21 14 12 32 0 43
7 24 24 12 12 21 22 16 15 29 28 0 33
7 22 19 16 16 28 29 28 28 10 27 0 31
5 16 17 30 13 22 10 21 33 12 25 0 22
3 27 31 9 32 29 9 16 29 15 27 0 12
9 27 8 16 8 23 26 23 33 29 10 0 44
5 11 17 15 9 19 7 14 21 24 17 0 21
3 13 29 14 18 8 14 8 23 33 7 0 11
8 33 19 13 21 25 18 24 20 28 26 0 37
4 26 25 25 25 33 10 19 32 7 32 0 17
6 28 27 32 17 29 19 16 29 28 28 0 30
9 16 13 26 31 28 25 18 31 9 19 0 43
10 26 13 25 22 24 19 20 16 11 17 0 48
9 9 10 7 11 26 15 16 31 9 16 0 43
10 8 24 14 32 20 32 12 8 29 18 0 50
10 25 12 15 24 13 16 31 28 8 26 0 50
7 9 28 32 23 9 17 28 19 20 9 0 32
4 31 25 13 28 18 27 19 31 20 8 0 17
5 33 32 31 13 31 25 11 25 20 26 0 23
8 31 29 21 14 11 28 18 30 7 21 0 38
7 24 13 11 17 30 17 20 29 14 27 0 33
4 18 25 22 14 27 12 7 19 18 23 0 17
3 11 12 9 20 19 8 17 31 16 13 0 15
5 25 21 25 17 8 24 26 25 26 9 0 22
6 16 11 10 13 22 14 21 10 23 17 0 27
5 14 26 7 32 12 13 20 33 24 23 0 22
9 19 16 29 23 13 16 18 10 27 8 0 42
4 33 20 33 11 17 12 14 24 33 11 0 18
4 26 18 21 24 9 14 21 32 18 27 0 20
9 23 25 33 11 10 31 19 19 18 10 0 42
8 8 15 12 8 10 10 22 9 13 22 0 36
10 31 11 29 33 24 12 13 16 13 7 0 46
4 23 16 11 26 20 21 31 27 7 24 0 18
9 19 26 20 13 16 26 21 10 19 23 0 42
6 18 16 26 11 14 21 29 16 29 33 0 26
7 12 20 7 25 8 15 23 25 29 21 0 33
9 13 21 18 31 26 8 21 25 17 32 0 44
5 30 15 20 7 26 21 17 13 23 11 0 25
3 25 30 19 29 33 33 25 11 15 12 0 14
6 29 21 31 27 16 17 9 12 18 16 0 29
6 12 18 25 28 7 24 10 15 10 11 0 29
6 25 8 9 9 26 27 19 10 27 24 0 29
2 25 9 26 18 14 25 19 28 27 19 0 10
6 31 18 25 17 23 30 21 7 11 29 0 28
5 18 14 20 26 22 20 8 29 31 24 0 25
7 8 7 27 8 32 19 33 11 30 7 0 31
8 33 25 26 8 11 28 26 22 22 31 0 39
6 25 9 11 10 27 8 8 10 31 16 0 27
3 24 32 12 18 14 33 9 29 25 25 0 13
6 17 13 27 27 33 33 31 27 24 19 0 28
5 23 33 25 11 13 26 10 12 19 11 0 22
4 31 30 27 16 27 13 29 29 9 7 0 19
4 15 31 31 33 24 18 28 9 23 27 0 19
9 12 31 33 10 22 8 25 31 27 22 0 42
7 14 17 18 10 30 29 12 31 24 27 0 35
10 20 16 24 12 19 31 12 13 22 12 0 47
7 33 11 22 22 11 9 11 23 18 11 0 31
5 17 33 15 25 20 24 28 13 25 31 0 23
48 43 33 34 42
106 171 182 222 272
128 141 195 224 294
110 176 204 230 263
101 177 207 255 276
116 159 194 241 282
122 145 191 241 269
116 160 204 251 265
116 155 207 233 299
131 162 203 229 295
115 162 189 251 280
110 175 219 228 271
133 150 190 226 288
126 167 194 222 295
123 165 220 221 294
111 160 213 249 277
123 159 197 245 295
129 171 195 233 276
133 147 180 232 288
108 153 214 240 284
130 160 213 233 264
113 168 210 231 265
125 146 184 239 269
123 172 183 242 295
125 170 201 232 277
124 155 209 251 294
125 142 216 233 296
111 160 207 244 275
129 145 209 231 275
102 148 204 231 278
130 151 187 255 298
112 164 194 241 262
123 140 210 229 281
140 148 186 240 290
127 158 189 221 264
119 152 197 243 297
102 165 210 254 275
133 148 189 248 273
124 174 217 241 296
137 155 200 233 272
138 161 185 249 264
109 144 197 230 264
100 163 206 225 263
102 168 215 251 265
111 154 192 248 298
133 176 212 245 272
140 155 189 223 285
122 177 180 258 262
135 151 183 260 286
103 153 187 258 288
138 141 195 238 292
100 156 220 228 293
138 166 213 237 284
124 172 219 230 282
111 169 199 225 284
110 162 210 243 277
136 170 204 222 265
140 157 199 239 292
113 177 194 248 297
111 175 182 243 284
117 152 181 258 283
138 175 198 232 275
135 168 212 254 260
112 148 200 226 268
132 151 199 227 295
103 153 200 247 299
123 159 210 245 261
127 152 216 228 282
110 150 206 228 279
100 142 192 257 279
103 178 199 239 294
105 167 200 235 282
100 157 196 226 279
130 150 219 247 277
113 163 203 245 273
125 157 188 232 276
111 144 199 233 266
105 148 198 227 300
118 176 203 259 264
114 140 196 228 272
106 166 186 249 268
140 178 220 249 269
134 171 190 251 299
137 140 217 259 298
127 159 210 226 285
129 174 189 224 299
102 148 211 230 298
120 176 209 235 268
134 146 211 255 264
139 169 193 235 283
112 150 205 249 273
105 146 210 234 294
138 170 215 230 270
138 173 213 248 288
140 180 185 236 274
113 179 210 255 290
129 151 194 233 288
100 173 202 223 286
123 155 217 260 272
138 155 194 225 300
128 151 220 252 274
103 173 210 260 289
140 177 202 258 270
111 147 189 220 283
102 158 206 248 266
121 177 183 248 269
130 176 215 238 261
126 165 185 220 290
110 160 181 235 288
140 163 196 227 292
128 142 191 247 274
124 168 196 260 266
103 140 219 242 288
114 173 194 230 278
118 172 186 259 284
108 143 193 239 268
131 165 207 254 266
117 178 197 248 274
140 144 185 257 295
117 158 200 243 280
131 177 199 220 278
135 149 209 259 290
110 158 183 245 297
111 158 219 248 270
101 141 215 231 289
132 154 199 240 268
103 177 209 235 285
106 159 204 228 282
137 170 207 232 289
108 163 182 245 260
119 176 203 237 263
111 148 215 221 261
111 170 191 249 295
130 143 200 221 267
112 165 220 227 280
114 146 214 239 286
135 175 199 234 289
139 176 207 260 267
139 146 187 252 294
131 168 201 246 275
135 147 206 221 293
140 173 193 240 264
102 145 195 228 271
137 147 217 249 293
136 162 218 249 266
140 164 194 227 299
140 171 186 227 263
140 172 215 253 275
114 160 193 238 270
129 140 207 229 270
120 160 190 244 275
139 147 220 222 294
126 148 213 220 276
103 173 217 227 283
105 180 203 255 275
109 176 214 257 276
127 143 191 250 278
133 175 181 255 299
117 175 189 242 280
115 150 211 232 260
124 155 188 244 266
107 176 182 253 291
117 167 183 252 292
122 147 207 222 286
127 164 216 235 295
122 168 189 260 262
104 164 199 259 292
115 180 219 222 280
113 153 192 247 297
111 176 210 256 276
117 148 206 241 280
113 146 182 254 288
122 178 183 231 288
113 171 187 237 264
135 144 181 235 261
122 179 220 229 292
107 179 194 229 284
110 168 183 230 281
120 164 181 252 267
121 173 213 234 274
107 142 198 223 289
140 140 182 252 278
102 172 216 224 265
134 143 193 256 261
133 141 195 253 271
119 166 200 253 291
133 179 203 227 279
139 147 214 256 271
126 165 187 236 271
100 180 216 227 287
130 142 188 241 281
124 162 213 227 275
107 178 203 244 262
139 145 204 253 295
102 155 197 232 275
131 177 194 250 276
124 168 190 236 294
113 178 203 235 293
120 180 190 224 279
102 150 210 250 271
115 145 197 223 291
1813 2921 3109 3790 4642
6028 6640 9180 10544 13836
2321 3710 4299 4846 5540
3343 5855 6846 8431 9125
5115 7009 8551 10620 12425
4404 5233 6891 8693 9701
5695 7853 10011 12315 13002
1635 2183 2913 3278 4204
2632 3253 4074 4595 5917
5186 7303 8519 11311 12617
5181 8239 10308 10732 12754
2140 2413 3054 3632 4626
3036 4021 4670 5343 7098
2225 2983 3975 3993 5309
4007 5773 7683 8980 9989
5792 7486 9273 11531 13882
6333 8393 9569 11433 13541
3204 3541 4334 5584 6930
2279 3226 4509 5056 5981
4172 5133 6831 7472 8465
1141 1694 2115 2326 2667
4012 4685 5903 7665 8626
1487 2077 2210 2920 3557
4637 6303 7452 8600 10266
3607 4508 6075 7295 8543
5762 6544 9951 10734 13634
3563 5133 6639 7824 8817
4398 4943 7121 7870 9367
4091 5933 8175 9256 11138
5602 6506 8055 10981 12831
1243 1818 2149 2667 2899
5670 6453 9675 10550 12944
4492 4749 5966 7696 9297
6362 7914 9465 11066 13217
3224 4117 5333 6577 8037
1643 2653 3375 4080 4417
5332 5933 7574 9936 10937
4475 6277 7827 8691 10673
4944 5593 7215 8404 9809
4152 4843 5564 7486 7937
4590 6061 8289 9677 11106
4411 7186 9079 9916 11589
3785 6229 7970 9303 9822
4451 6173 7694 9936 11938
1608 2125 2559 2956 3280
2952 3268 3983 4699 6003
3306 4793 4874 6983 7091
4197 4694 5687 8076 8883
1350 2002 2445 3371 3762
6774 6921 9569 11678 14326
3611 5629 7935 8224 10566
4566 5491 7044 7836 9389
4103 5689 7242 7605 9323
4118 6267 7378 8341 10526
3641 5359 6945 8035 9158
4908 6134 7359 8007 9557
5472 6136 7775 9337 11405
3740 5854 6416 8200 9818
3674 5789 6020 8035 9389
5393 7005 8340 11885 13035
3738 4738 5360 6279 7442
2577 3205 4043 4842 4956
5276 6969 9415 10638 12614
4368 4996 6582 7507 9753
1144 1696 2215 2733 3307
1857 2398 3165 3691 3932
4330 5181 7359 7768 9605
3641 4963 6813 7540 9225
4911 6971 9423 12610 13689
1762 3040 3397 4079 5015
1166 1851 2215 2601 3119
3711 5823 7267 8378 10341
5472 6312 9213 10390 11651
2723 3925 4887 5896 6569
5137 6450 7723 9528 11333
3675 4765 6582 7706 8796
4736 6673 8925 10231 13518
3669 5470 6307 8045 8200
5598 6873 9619 11188 13346
2661 4164 4664 6242 6717
5752 7311 9035 10224 11045
2290 2920 3244 4283 5100
6177 6312 9780 11671 13427
3441 4306 5685 6117 7712
1431 1927 2093 2479 3307
3173 4601 6556 7146 9256
5531 8110 9629 10826 12345
5506 5998 8666 10471 10841
2514 3055 3488 4246 5111
1243 1663 2270 2755 3020
4946 6875 9885 11014 13836
5394 6643 8400 8985 10547
4428 5549 6830 7951 9233
6032 7754 7969 10164 11799
1932 3056 3584 4351 4947
4656 5449 6998 8404 10386
3811 6588 7691 8490 10886
5669 7143 9997 11976 12529
6498 7298 9132 10590 14118
5004 5901 8595 9844 10703
2585 4338 5265 6516 7242
2252 2845 3246 4144 4336
4452 5893 7575 8816 11338
4601 7123 9285 11177 11987
6062 8864 9164 12416 13467
3392 4590 5605 6204 6802
2154 2819 3159 3756 4948
3861 5613 6349 8241 10098
1972 2295 2758 3193 4105
1676 1859 2498 3228 3579
4103 5557 6482 8596 8795
5058 6872 10746 11874 14130
1721 2609 2925 3466 4187
2253 3281 3548 4937 5413
1631 2158 2910 3602 4038
1977 2488 3120 3826 4006
3170 4820 5333 6712 7415
6032 6204 7969 11067 12702
1415 1909 2415 2932 3377
1322 1784 2005 2215 2797
3792 4184 5866 7268 8137
4741 6807 7883 10551 12789
4562 6491 8994 10184 11087
2738 3820 5821 6253 7821
6480 7559 9766 11776 13149
3925 6740 7957 8946 10847
1707 2557 3279 3664 4530
3026 3753 4568 5119 6375
3575 5393 6021 8102 8597
4414 6526 7526 8785 9748
5451 7265 10551 10845 12806
2675 4093 4598 5992 7097
1832 2015 2815 3110 3756
4491 6613 8815 9096 11217
2975 3809 5579 6230 7453
6762 8763 9964 11715 14467
2236 2829 3326 4176 4288
3209 3370 4315 5812 6779
6169 7909 9461 11578 12942
2577 2806 3929 4214 5585
7012 8664 9664 12016 13217
3377 4798 6450 7541 8961
5903 6333 9346 10723 12616
4500 5359 7209 8233 8794
4352 5097 6028 7052 9286
3092 3776 4106 5010 5803
1692 2077 2594 3052 3316
5027 7053 8507 10488 11897
2721 2953 4362 4825 5687
1332 1773 2104 2700 3042
5155 5451 8155 8229 10895
2154 2529 3636 3756 4709
3101 5204 6525 6826 8507
4526 7754 8743 10981 11842
5243 8461 10287 12352 13265
5473 6162 8227 10766 11971
6662 8763 9063 12766 14967
5861 8764 9464 12116 14017
3692 4813 6768 7440 8337
2120 2648 3211 4164 4539
2472 4062 4200 5835 6710
4457 6359 6968 9592 11113
4038 4864 6846 7342 9456
2170 2801 3687 4010 5032
1842 2533 2849 3917 3947
2299 3621 4392 5714 6441
3116 4874 5928 6009 7577
2497 3379 4238 5450 6552
4673 7405 8835 10768 11609
2117 2677 3723 4354 5057
2271 2933 3654 5097 5778
5136 7490 7700 9718 12113
4079 6170 6747 8548 9521
6223 6637 8341 10827 12023
2207 3235 3975 4137 5273
4505 7532 8163 9634 11945
2871 4382 4772 5996 7324
3972 5426 5987 8333 8828
5335 7625 9387 10312 12073
2686 3563 4965 5591 7243
1972 1972 2562 3545 3909
2969 5002 6280 6512 7702
3898 4160 5612 7441 7586
3869 4101 5670 7354 7876
1201 1673 2014 2546 2927
3736 5026 5698 6371 7829
3487 3687 5365 6416 6792
3918 5129 5811 7332 8418
3910 7034 8439 8868 11210
3522 3847 5090 6523 7605
1624 2119 2784 2967 3592
3007 4998 5699 6848 7353
3070 3202 4502 5582 6507
1949 2958 3758 4424 5243
2501 3376 3700 4766 5261
5220 7069 7994 9928 12365
3966 6244 7119 8240 10272
5652 8474 8944 10544 13130
3173 4663 6525 7767 8418
2657 3348 4546 5145 6711
