200 10 5
5 99 58 56 20 45 44 71 97 23 47 0 21
9 33 69 78 35 64 87 22 34 22 79 0 44
9 55 58 90 28 42 23 65 48 82 39 0 44
9 65 94 31 95 24 47 59 60 85 61 0 41
4 55 97 75 80 57 81 30 45 35 97 0 18
5 47 76 98 86 44 46 70 33 69 69 0 23
7 41 60 22 52 21 54 77 27 31 70 0 33
10 65 80 72 56 30 60 36 82 36 21 0 48
4 26 43 46 67 51 100 36 44 39 65 0 17
4 60 80 54 87 34 86 72 70 64 90 0 18
6 52 20 92 60 52 66 26 52 89 94 0 27
8 25 66 45 59 49 75 52 21 39 30 0 40
4 25 44 45 29 84 75 49 85 62 34 0 16
7 61 94 41 74 55 60 54 69 54 91 0 31
10 88 72 75 77 86 32 74 29 22 67 0 50
2 48 82 84 69 48 21 33 43 34 86 0 10
6 99 60 75 28 97 50 58 35 65 43 0 28
7 43 23 66 59 74 22 22 38 85 70 0 31
8 59 98 62 31 62 44 56 83 95 52 0 38
3 82 40 56 27 51 97 86 31 56 90 0 13
9 89 46 51 31 57 67 31 29 40 45 0 42
3 91 42 97 52 83 45 45 98 88 66 0 13
4 72 87 77 39 89 86 63 21 73 50 0 19
5 100 38 72 84 36 48 48 98 29 21 0 24
9 79 52 26 23 56 84 30 63 68 64 0 45
5 88 92 64 95 78 76 62 51 86 25 0 23
4 51 48 23 69 47 70 66 42 62 91 0 19
2 50 97 32 58 26 29 54 51 67 27 0 10
8 51 92 23 31 76 49 35 82 80 92 0 39
4 35 61 87 79 51 97 24 31 87 52 0 17
5 38 31 81 73 59 39 93 84 57 21 0 21
5 75 51 33 95 70 75 97 44 78 86 0 25
10 27 90 47 89 84 87 59 79 32 34 0 47
5 21 92 72 44 89 51 54 25 94 76 0 22
5 67 25 44 54 31 91 70 86 69 46 0 22
6 71 79 76 65 21 72 51 43 51 90 0 28
10 22 69 99 32 101 21 92 56 89 100 0 48
10 35 70 61 50 63 48 95 60 64 60 0 47
10 99 79 89 100 27 26 86 56 98 98 0 50
4 88 59 68 51 87 57 75 94 41 38 0 17
6 83 53 88 93 86 46 56 93 25 24 0 29
10 90 25 46 51 100 79 58 20 25 81 0 49
6 67 51 69 46 72 52 85 92 54 42 0 29
10 51 90 51 100 96 40 95 21 68 99 0 46
10 89 82 90 44 31 37 94 86 24 64 0 46
4 70 79 74 24 28 49 88 31 28 21 0 19
4 56 55 20 57 41 55 28 61 42 83 0 18
4 94 72 38 42 49 63 41 44 73 45 0 20
3 36 43 62 89 81 95 41 89 38 24 0 14
7 22 73 22 58 42 75 72 48 72 85 0 34
6 25 96 25 74 49 56 71 23 60 35 0 26
3 36 63 39 88 95 59 24 100 67 35 0 12
7 93 44 23 75 35 93 56 53 76 84 0 33
10 79 32 41 26 33 63 90 100 89 80 0 46
5 67 100 57 75 81 42 77 38 69 81 0 24
5 83 72 85 94 96 51 75 65 30 30 0 22
10 46 95 35 24 25 91 72 76 24 68 0 50
5 31 97 70 37 44 25 64 57 40 88 0 25
4 45 81 56 43 37 90 84 99 34 81 0 19
7 69 83 101 94 44 79 91 79 46 20 0 34
5 76 89 67 43 58 32 31 34 98 47 0 21
5 23 40 82 66 90 46 92 86 57 63 0 24
9 93 29 44 73 70 38 62 22 26 74 0 42
6 67 87 65 23 85 83 49 35 88 29 0 30
6 73 94 85 91 20 44 47 51 91 68 0 28
4 35 96 49 25 89 21 78 63 94 32 0 20
9 66 94 58 28 53 30 48 82 38 53 0 43
8 74 41 79 93 81 90 88 66 58 40 0 39
2 46 86 27 62 83 68 66 29 25 84 0 10
9 83 61 97 49 56 92 76 31 63 75 0 43
8 43 46 96 54 40 69 26 58 68 77 0 40
8 97 74 58 59 97 46 86 96 75 24 0 38
7 25 48 90 64 25 91 41 38 39 60 0 35
7 65 95 86 65 54 49 96 71 27 52 0 34
3 35 100 76 44 31 100 42 25 33 76 0 15
8 96 65 66 79 33 30 88 80 24 71 0 37
7 99 21 52 93 75 34 66 39 34 88 0 34
8 54 65 65 32 93 84 75 75 61 68 0 38
7 76 63 100 77 51 33 91 100 31 63 0 34
8 59 90 26 83 63 52 34 84 38 99 0 37
9 99 65 22 24 50 25 84 41 21 84 0 45
4 81 55 39 78 95 71 53 67 58 40 0 19
6 42 36 85 52 57 81 24 73 60 34 0 29
4 99 81 25 94 93 63 53 97 33 100 0 17
4 74 56 85 58 27 91 69 29 94 54 0 19
5 77 53 49 55 82 72 44 43 72 84 0 21
8 98 24 67 53 21 69 98 72 65 31 0 39
2 85 50 88 85 88 89 74 52 50 23 0 10
2 53 81 99 49 85 26 88 87 48 94 0 10
8 30 63 28 61 93 90 64 57 88 83 0 38
10 35 27 88 73 40 97 84 80 48 64 0 48
8 96 85 52 52 72 83 43 35 80 35 0 36
3 67 48 35 56 78 27 87 21 62 31 0 14
10 59 94 45 26 54 47 40 50 49 31 0 50
8 88 37 51 95 63 87 99 46 52 39 0 37
8 58 48 38 42 57 76 31 32 54 62 0 37
4 52 22 28 91 52 68 84 21 66 50 0 19
8 43 77 22 92 20 99 40 94 83 77 0 37
9 67 49 63 71 72 58 63 58 40 96 0 45
3 72 37 69 20 75 80 61 29 78 59 0 12
8 56 94 26 98 30 44 75 40 75 86 0 39
3 42 85 85 21 92 87 57 63 75 44 0 15
9 47 56 24 36 28 29 30 91 62 87 0 43
3 24 79 44 93 57 62 38 67 62 69 0 15
9 88 38 71 39 95 71 79 62 38 85 0 45
5 59 44 41 82 94 53 90 32 89 74 0 21
8 91 70 53 35 92 100 38 86 65 47 0 40
10 61 69 24 84 88 97 79 97 23 28 0 46
8 48 39 97 39 54 69 62 59 100 26 0 37
3 88 39 71 71 21 69 49 41 26 93 0 14
7 36 67 59 94 26 66 83 83 61 66 0 35
6 75 83 42 22 31 94 79 62 32 83 0 26
2 50 100 66 34 75 32 76 93 48 80 0 10
9 40 84 46 96 67 75 66 82 89 62 0 45
7 44 51 97 82 82 89 44 65 28 58 0 32
6 77 52 79 47 77 96 75 70 34 33 0 27
8 34 40 26 33 55 27 71 60 97 100 0 40
8 65 60 38 28 66 81 41 69 35 94 0 40
9 64 67 41 39 82 97 87 96 48 66 0 42
3 40 79 40 48 72 73 38 61 32 36 0 14
8 54 66 88 75 43 81 33 32 54 24 0 40
7 31 85 83 100 96 65 89 43 43 49 0 32
4 94 81 70 22 24 92 80 47 23 51 0 16
7 58 68 60 74 62 48 74 29 25 50 0 33
4 83 76 81 39 81 71 92 31 78 29 0 20
10 51 53 86 68 90 98 86 79 44 83 0 50
10 25 66 21 53 61 87 94 23 65 91 0 46
7 27 46 72 50 28 73 39 58 75 24 0 31
3 25 24 41 70 35 37 59 28 64 48 0 12
10 26 97 31 61 50 29 29 35 27 68 0 48
9 25 77 38 81 67 81 87 27 50 80 0 42
6 76 62 46 64 50 83 32 90 76 26 0 26
7 92 71 33 57 33 36 43 33 38 31 0 35
8 64 47 89 35 94 35 42 23 48 62 0 38
5 69 79 85 42 39 76 67 56 57 26 0 23
7 23 30 29 22 45 63 27 84 64 99 0 35
6 72 43 72 61 48 85 86 31 96 35 0 30
10 99 35 44 82 88 27 66 83 92 90 0 50
7 98 55 92 70 96 74 22 24 66 56 0 32
8 65 28 92 38 67 54 69 63 75 98 0 36
8 70 92 88 61 59 86 48 57 48 29 0 39
4 30 79 38 87 56 74 56 84 95 72 0 19
6 22 26 33 91 82 21 72 76 33 100 0 28
8 81 66 75 75 79 23 76 62 82 70 0 39
10 77 71 24 93 57 76 40 51 25 65 0 47
7 64 44 27 92 88 83 94 65 87 90 0 34
3 27 96 59 50 74 92 34 38 81 96 0 11
6 32 100 63 64 59 22 40 23 61 54 0 29
3 26 34 92 22 45 100 22 23 42 73 0 13
6 61 36 80 45 27 94 22 42 68 62 0 27
9 41 87 64 41 45 21 45 40 86 33 0 41
5 30 62 101 57 52 79 36 61 23 55 0 21
8 63 53 36 80 89 75 58 53 90 97 0 40
10 96 34 36 72 52 40 50 58 21 52 0 50
10 50 37 24 72 36 42 84 59 29 22 0 50
2 54 47 97 87 97 60 30 45 80 100 0 10
7 91 64 40 92 59 40 45 52 95 70 0 32
7 41 72 34 29 31 22 83 35 40 95 0 32
2 32 23 34 91 78 85 83 34 25 75 0 10
4 83 62 94 66 84 32 87 57 25 54 0 18
10 51 62 80 60 48 84 49 44 97 85 0 46
10 65 63 55 51 50 23 48 88 35 35 0 50
9 83 74 21 83 63 54 25 92 38 95 0 44
7 67 38 64 43 99 29 80 96 80 32 0 35
10 36 40 59 27 79 65 52 69 87 24 0 47
7 31 50 66 77 21 34 65 70 42 98 0 31
9 101 40 90 21 51 71 31 58 73 97 0 43
6 58 87 56 30 95 57 71 67 48 38 0 30
9 93 82 25 25 83 80 65 61 51 68 0 43
4 46 26 36 89 99 33 37 23 73 97 0 17
10 91 69 22 76 92 85 42 98 21 93 0 49
4 39 55 73 45 96 24 99 36 46 58 0 18
6 93 38 76 92 39 22 36 90 41 41 0 28
10 47 59 63 81 88 31 38 38 93 92 0 47
3 68 46 50 71 28 97 50 77 31 56 0 11
8 88 22 68 90 52 29 79 86 93 77 0 38
10 47 45 69 23 73 40 74 97 57 72 0 50
5 95 47 93 93 29 63 81 82 84 22 0 21
8 84 64 21 93 24 83 78 24 40 55 0 36
10 79 80 84 47 40 37 69 85 25 78 0 48
9 64 73 96 74 44 94 59 40 85 77 0 43
6 28 66 57 97 34 38 24 37 61 37 0 28
6 71 92 84 66 72 21 72 73 38 97 0 29
7 56 99 78 55 37 71 86 59 85 45 0 33
5 88 52 85 52 63 31 92 62 64 34 0 22
8 55 79 48 64 42 73 94 36 22 81 0 36
10 71 58 59 35 33 93 27 34 88 41 0 47
3 80 36 37 51 84 56 52 40 26 35 0 11
7 97 80 44 78 90 80 76 44 37 53 0 32
9 57 57 84 36 26 74 74 67 32 44 0 43
5 69 96 24 40 41 39 69 83 35 70 0 22
6 91 50 99 51 74 29 86 62 40 85 0 28
5 47 29 54 47 98 99 65 60 21 45 0 23
9 80 93 98 93 81 48 61 47 86 87 0 41
5 80 94 68 47 54 91 41 42 40 58 0 24
2 21 92 40 73 100 44 26 90 28 67 0 10
8 34 25 71 24 46 63 49 71 50 41 0 37
9 64 26 35 99 28 85 63 48 44 65 0 45
6 71 35 46 66 54 94 25 56 49 32 0 29
4 62 24 65 101 65 86 68 41 50 22 0 19
39 44 46 34 38
130 173 211 226 260
114 176 195 230 294
135 151 218 247 287
106 170 191 247 265
114 177 183 234 296
135 176 214 244 300
131 158 183 251 289
138 173 188 230 287
136 162 213 227 291
140 175 185 251 275
120 175 193 259 290
118 157 188 222 272
107 177 196 235 280
124 174 196 241 282
127 165 197 260 296
127 148 197 253 268
115 154 180 238 270
126 169 205 234 290
106 152 196 232 290
121 175 185 254 293
138 163 183 222 295
107 141 206 256 298
136 172 206 240 275
119 171 186 236 282
104 164 193 256 285
102 153 195 220 290
111 174 217 255 284
101 148 218 226 280
120 173 187 260 275
123 151 183 256 289
126 149 215 250 285
118 167 202 242 289
113 175 205 258 261
134 152 217 253 296
139 173 219 223 297
114 144 200 224 288
139 152 197 248 269
104 175 202 243 288
139 143 218 227 288
136 166 216 239 289
131 165 208 239 261
135 170 218 254 295
121 150 189 252 281
129 161 197 258 285
106 149 213 223 268
103 158 201 241 262
123 169 194 225 299
105 152 181 235 281
118 169 214 259 285
118 174 217 246 291
138 171 200 226 281
128 142 217 255 279
111 144 186 244 296
134 163 206 232 278
131 140 199 233 300
109 145 188 247 288
138 158 200 243 262
100 170 187 227 266
105 144 198 252 277
132 177 200 260 299
136 178 204 232 275
101 156 189 235 273
117 172 190 251 267
136 164 207 245 269
134 159 210 247 274
124 147 189 241 267
108 151 206 231 265
134 140 197 256 290
129 177 204 253 279
130 178 182 236 260
125 167 214 247 298
105 169 199 259 266
120 166 185 249 261
128 175 195 220 263
119 167 183 257 275
103 165 213 251 285
101 155 215 252 289
112 148 215 235 276
135 179 182 245 279
137 164 205 227 294
117 171 217 228 299
135 153 185 243 299
137 173 200 233 296
131 166 182 242 289
103 168 213 220 270
136 161 200 247 275
130 176 187 243 293
125 176 206 229 280
127 178 216 250 282
135 144 204 246 263
128 150 214 228 269
124 155 215 253 285
103 149 194 250 284
117 147 189 246 262
126 173 212 247 292
104 178 183 256 264
117 151 190 250 287
107 180 204 239 268
101 150 211 234 278
131 154 199 253 290
137 177 211 243 278
110 160 185 235 280
118 155 215 231 299
124 168 217 245 290
120 158 185 245 277
132 171 199 234 262
104 164 212 240 275
106 152 203 241 293
140 156 214 221 287
124 143 199 233 269
138 145 220 256 298
123 167 188 226 281
109 161 194 245 294
108 172 219 230 282
127 152 181 239 281
119 161 193 250 271
108 180 180 249 280
137 157 202 237 294
137 168 214 222 276
117 144 188 249 278
112 171 208 260 299
125 145 184 260 281
112 163 181 248 274
112 176 187 244 296
121 150 207 227 274
108 142 191 228 287
139 145 195 223 295
122 173 188 257 289
140 156 217 231 291
137 144 210 220 262
129 163 186 251 282
139 171 211 249 271
111 177 182 254 299
119 155 183 244 283
125 170 197 257 285
137 179 196 238 279
110 175 188 224 260
115 167 207 260 289
140 161 193 246 280
132 164 197 242 264
127 154 192 222 294
106 157 182 248 293
103 158 199 249 293
112 158 212 224 281
116 162 215 241 279
114 151 196 231 287
130 151 184 254 263
124 165 186 230 262
124 140 219 220 286
112 166 214 234 296
118 170 193 253 295
131 155 194 233 268
116 153 206 246 272
128 167 210 230 262
116 155 188 260 263
112 177 213 228 265
122 149 181 244 283
101 180 182 224 264
123 156 209 228 269
112 141 193 260 294
124 142 209 226 264
101 171 201 259 279
110 156 200 240 289
107 169 191 237 271
109 151 216 227 292
115 150 189 257 270
135 164 188 231 281
123 177 201 232 268
100 167 199 250 271
134 157 187 242 273
104 158 217 222 288
100 148 219 255 297
123 171 212 220 269
115 152 214 230 292
110 179 217 256 283
126 172 203 243 297
109 179 216 255 299
114 170 215 245 275
136 140 201 236 276
108 140 181 249 299
122 174 194 234 294
131 166 217 252 269
101 157 192 242 297
117 171 195 248 264
106 157 200 254 280
117 158 207 256 272
136 173 184 254 286
128 148 206 233 272
116 154 186 259 266
112 164 195 238 291
104 175 183 236 291
122 158 199 259 294
138 161 212 228 267
140 155 196 231 280
125 147 181 244 264
106 140 217 251 278
133 171 197 252 268
125 164 206 251 265
123 173 206 229 278
124 142 195 231 295
2732 3635 4433 4748 5462
5018 7746 8582 10122 12938
5942 6646 9594 10870 12630
4348 6972 7833 10129 10867
2054 3188 3296 4214 5330
3107 4050 4924 5614 6902
4325 5216 6041 8285 9539
6626 8306 9026 11042 13778
2314 2756 3623 3861 4949
2522 3152 3332 4520 4952
3242 4727 5213 6995 7832
4722 6282 7522 8882 10882
1714 2834 3138 3762 4482
3846 5396 6078 7473 8744
6352 8252 9852 13002 14802
1272 1482 1972 2532 2682
3222 4314 5042 6666 7562
3908 5241 6357 7256 8992
4030 5778 7450 8818 11022
1575 2277 2407 3304 3811
5798 6848 7688 9326 12392
1393 1835 2680 3330 3876
2586 3270 3916 4562 5227
2858 4106 4466 5666 6770
4682 7382 8687 11522 12827
2348 3521 4487 5062 6672
2111 3308 4125 4847 5398
1012 1482 2182 2262 2802
4682 6749 7295 10142 10727
2093 2569 3113 4354 4915
2648 3131 4517 5252 5987
2952 4177 5052 6052 7227
5313 8227 9637 12128 12269
2950 3346 4776 5568 6514
3060 3808 4820 4908 6536
3194 4034 5602 6274 8066
6674 7298 9458 11906 12914
4890 8227 9496 11423 13538
6952 7152 10902 11352 14402
2314 2824 3674 4065 4915
3801 4787 6034 6933 7571
6617 8332 10684 12448 14457
3511 4352 5483 7310 8151
5936 7408 9064 11870 13112
4878 6856 9800 10260 12330
1959 3004 3821 4581 4980
2216 3044 3494 4052 5384
2102 3042 3622 4702 5622
1654 2368 2998 3628 3992
4014 5918 7380 8366 9896
3590 4448 5202 5878 7308
1538 1706 2606 3062 3350
3665 4754 6140 8054 9770
6166 7500 9478 10674 12790
3146 3362 4778 5594 7202
2400 3192 4138 5436 6338
6902 7902 10002 12152 13102
2502 4252 4677 5677 6652
1997 2738 3764 4790 5265
4490 6020 6802 8842 10168
2858 3740 4286 4874 5777
2426 3746 4538 5642 6554
4916 7226 7982 10544 11216
4082 4922 6212 7352 8072
3754 4454 5882 6918 7674
2482 2942 3782 4822 5342
4646 6495 8860 9935 11397
5228 5462 7685 9986 11312
1292 1772 2042 2532 2792
5592 7656 7828 10150 11182
5002 6682 8562 9882 11922
3992 6424 7564 9844 10110
4202 5812 6477 8717 9137
4354 5952 6632 7482 8944
1787 2507 2747 3857 4127
3813 6107 7883 9289 10547
3436 5272 7312 8570 9828
4258 5626 8172 8932 10490
4592 6088 6190 8332 9488
5071 6070 7587 8401 10880
5267 7697 9767 10262 13457
2567 2909 3517 4619 5683
3975 5019 5802 6759 8586
2229 2824 3096 4116 4915
1959 3194 4049 4182 5132
2858 3383 4202 5189 5777
5072 6866 7295 9479 11429
1252 1762 2062 2292 2802
1272 1782 2162 2502 2822
5132 5474 7754 9350 9996
6146 7202 10274 10946 12914
4466 5582 7742 9110 10262
1444 2088 2718 3502 3978
5852 7352 9452 12302 13102
4664 6403 7846 9141 10806
3850 6588 6773 9474 9770
2225 2871 3612 4752 5455
3961 6662 7550 8845 9918
4547 6752 9497 10532 12512
1574 1850 2390 3038 3482
5345 6905 8231 9479 10844
1652 2402 2777 3527 4202
5076 6667 9247 9935 12859
1862 2522 3257 3677 4352
5402 7112 8327 11027 12467
2774 3593 4181 4916 5504
4162 6562 8482 9602 11002
4878 6994 9340 11088 13480
5182 5774 7920 8179 10621
1738 2004 2788 3264 3768
4832 5077 7702 8962 10432
3200 4344 4890 5878 7308
1092 1612 1942 2452 2942
4862 7742 9857 10352 12692
4066 4866 5794 7650 8994
3215 4349 5213 6752 7319
4322 7202 7202 9962 11202
5482 6282 8082 9482 11762
5756 7058 8990 9326 11594
1640 2018 2634 3488 3894
4482 6842 8322 10402 11962
4002 4642 5890 8322 8994
1794 2610 2898 3970 4386
3698 5810 6173 8054 9770
2422 3002 4142 4542 5482
5402 7102 9552 11402 14352
6396 6672 8972 10260 13572
3784 5365 5830 7969 8961
1682 1874 2606 2774 3494
6578 6914 10082 10562 12578
5420 6848 7814 10544 11846
3616 4448 5488 6476 7048
3887 6197 6372 8892 10467
4524 5892 6956 9274 10756
2877 3912 4533 5913 6557
4797 6267 6862 8332 9767
3302 5252 5642 6722 7802
5752 8352 10352 13002 14452
4482 5154 6178 7874 8962
4754 5906 7094 8714 9506
4955 6008 7490 8660 11468
2016 2985 3460 4714 5569
2886 4426 5574 6974 8206
4370 6164 8270 8738 10961
5454 7616 10107 11329 13115
3878 5136 6666 7856 9760
1432 1663 2026 2796 2895
3598 4787 5396 6672 7600
1614 1822 2849 2862 3720
3026 4484 5780 6320 7994
4840 6972 7915 10375 12097
2753 3257 4076 4895 5630
4642 6122 8242 9842 10882
6402 8352 10502 11502 13102
5802 7752 9402 13002 13152
1122 1772 2132 2282 2652
3906 4770 5794 7810 9058
3234 5762 5826 7170 8450
1232 1562 2092 2282 2692
2018 2540 3476 4682 5294
5706 6534 9616 10398 12146
5052 8552 10052 12952 13952
4842 6866 8802 10562 12718
3747 5917 6687 8297 9487
5125 7099 10154 10671 13726
3567 4652 5861 7969 8372
5807 7054 8086 9935 12085
3692 5312 6032 6962 8042
4302 7183 8559 10752 11655
2280 2671 3181 4116 4643
5098 7744 10635 10880 14114
1802 2666 3944 4592 5348
3446 4790 5938 6162 7534
5407 7146 10060 10812 13726
1212 1971 2389 2818 3115
4790 6538 7716 9236 11288
5452 8952 10802 12752 14952
2396 3572 4517 5147 5777
4898 5042 7238 8498 9938
5186 6722 8690 11954 14354
5248 7484 8344 10064 12644
3670 4650 6078 7058 7534
2931 4555 5570 7020 8615
3863 5645 6437 8186 8714
2334 3456 4402 5590 6162
4214 5690 7454 9218 9794
6394 8133 8650 11940 13444
1410 1630 2268 2565 2994
3714 4930 5954 8290 8514
4818 7054 8387 10236 12515
2290 3852 4028 5194 6404
3418 4426 5574 7254 8234
3176 3705 4878 5246 6143
5742 6357 8038 9473 11482
3002 3530 4346 5858 6338
1062 1402 2172 2512 2782
4923 6329 7291 9326 9918
5627 7382 9272 11297 11927
3569 5019 5976 6643 8064
2358 2700 3707 4391 5607
