1000 10 5
3 48 69 94 94 42 45 66 51 22 57 0 12
7 25 30 100 29 70 80 95 69 53 46 0 35
5 44 83 32 83 69 77 93 87 88 93 0 24
8 97 51 40 86 37 35 30 33 64 43 0 37
7 66 85 82 42 88 38 57 82 58 83 0 33
6 72 58 73 38 86 25 39 48 99 75 0 29
4 97 51 92 41 37 46 49 47 49 92 0 18
9 85 100 72 77 41 43 36 48 40 47 0 43
3 42 23 78 64 81 33 55 33 89 66 0 12
6 78 74 38 66 93 36 50 29 92 37 0 26
9 32 61 73 90 99 87 36 79 55 31 0 42
6 55 44 91 28 30 74 69 37 53 51 0 27
10 88 25 60 49 79 91 83 51 76 53 0 49
7 68 64 44 90 75 95 68 24 78 87 0 33
9 54 99 22 86 45 51 21 59 73 33 0 44
10 91 78 85 54 70 27 48 91 30 68 0 46
5 43 54 59 87 81 41 92 97 32 35 0 22
9 82 100 50 25 86 26 78 63 43 60 0 45
3 57 60 37 52 70 47 51 83 30 63 0 13
6 91 69 32 86 46 29 26 83 71 50 0 27
6 87 70 93 63 90 87 35 97 83 81 0 27
5 100 61 70 87 21 70 64 88 71 38 0 22
8 76 92 25 59 42 60 48 64 44 76 0 38
3 38 37 53 27 45 26 72 38 76 64 0 11
6 66 54 68 78 59 49 43 60 31 81 0 27
9 55 72 53 93 67 58 23 41 92 41 0 45
7 49 87 98 63 90 75 29 97 45 71 0 33
7 47 47 37 43 45 28 91 62 29 62 0 31
7 43 100 56 36 97 61 71 59 36 34 0 33
9 67 73 63 27 71 86 37 73 80 69 0 44
4 22 69 69 38 98 71 79 95 77 98 0 16
5 21 67 64 98 72 78 53 31 23 55 0 22
9 38 82 29 40 90 45 68 61 93 58 0 41
6 47 75 81 30 70 77 62 100 41 89 0 30
3 38 45 67 87 49 78 80 63 24 22 0 13
8 74 38 75 33 74 78 36 48 97 68 0 37
7 75 72 33 99 44 26 47 84 92 23 0 33
4 83 98 48 24 98 30 71 100 100 93 0 18
6 44 28 42 32 33 67 42 71 98 78 0 27
10 46 83 38 83 72 98 51 63 41 71 0 48
3 73 36 69 72 44 80 82 77 67 73 0 13
4 38 48 22 71 86 26 35 79 58 79 0 20
4 100 28 58 44 93 68 72 29 53 46 0 16
10 75 75 57 57 43 29 22 86 95 78 0 50
6 72 49 94 31 32 42 41 42 30 58 0 27
5 78 39 87 78 26 49 45 89 81 43 0 23
9 50 22 99 65 73 99 23 90 68 72 0 41
8 99 59 91 90 79 31 55 90 37 96 0 39
8 98 25 95 51 72 89 68 81 56 66 0 38
10 59 84 99 79 53 91 60 99 85 26 0 49
5 45 29 26 75 62 27 63 51 95 20 0 22
9 82 59 42 86 70 43 90 22 23 21 0 41
7 88 43 80 42 25 20 78 56 21 34 0 32
4 27 77 21 48 92 70 65 62 72 27 0 19
8 96 49 26 100 67 63 81 43 35 94 0 39
10 97 29 84 31 67 36 69 99 46 29 0 49
4 24 38 23 93 94 65 62 70 23 33 0 17
3 64 33 45 70 25 45 78 90 48 82 0 15
3 75 87 36 69 91 53 54 80 99 21 0 15
7 31 69 73 72 40 44 83 100 50 94 0 33
10 60 36 95 75 78 80 32 74 93 96 0 48
5 57 34 39 79 65 68 78 99 46 21 0 23
5 67 23 51 35 86 64 62 81 80 100 0 21
8 25 91 62 43 65 30 64 95 57 66 0 38
10 69 99 88 95 25 60 65 48 71 95 0 47
8 33 57 33 60 64 39 82 41 46 30 0 37
9 22 21 100 64 73 61 41 53 41 45 0 42
7 96 49 77 52 74 32 92 30 37 55 0 34
9 36 82 72 42 38 42 76 69 66 51 0 44
2 69 98 55 83 82 23 66 23 45 32 0 10
8 28 80 28 34 87 63 65 86 41 72 0 37
5 40 55 21 99 79 76 45 27 30 43 0 22
3 88 98 28 47 22 59 61 44 86 67 0 15
6 95 70 46 56 88 39 65 20 73 84 0 27
8 27 22 77 30 89 59 68 52 54 59 0 37
9 95 90 32 87 89 89 25 97 44 74 0 41
9 90 97 82 65 95 83 93 52 68 88 0 41
6 32 66 68 90 78 65 40 21 94 85 0 30
7 88 54 74 46 95 39 90 94 24 28 0 32
7 65 76 52 63 47 98 88 88 79 77 0 34
4 25 91 94 83 45 100 35 50 50 89 0 20
5 59 57 81 72 67 49 91 39 67 44 0 25
3 72 63 95 73 41 63 100 66 26 76 0 14
8 29 60 28 92 74 68 98 32 84 99 0 39
3 95 25 22 91 92 25 87 83 78 24 0 14
8 23 43 94 44 24 98 68 37 100 73 0 40
8 49 42 56 89 42 29 24 45 25 75 0 37
4 22 26 34 83 63 65 39 51 100 23 0 19
5 21 88 44 68 54 87 93 67 89 28 0 23
3 33 49 46 96 72 76 23 92 99 77 0 12
6 98 26 33 24 30 60 61 62 95 66 0 30
2 73 78 62 93 68 24 98 35 67 42 0 10
4 45 42 57 62 39 94 45 38 89 29 0 20
10 50 51 23 63 100 69 100 52 81 95 0 46
9 73 55 76 93 98 41 75 71 70 73 0 42
9 94 74 65 73 35 82 91 93 56 34 0 41
3 93 90 57 68 36 48 84 34 72 60 0 11
2 57 90 44 57 31 93 92 88 64 67 0 10
9 27 64 77 54 39 79 62 52 89 78 0 41
8 91 41 35 26 65 34 65 62 31 61 0 36
6 23 49 31 33 43 86 38 74 73 20 0 27
5 72 52 52 50 55 74 55 22 81 40 0 22
5 43 49 25 94 71 85 78 23 91 77 0 23
7 82 56 51 59 61 91 21 39 22 98 0 31
3 26 98 49 28 22 28 89 43 38 69 0 14
4 33 60 76 88 85 64 70 30 97 24 0 18
4 39 50 34 29 44 97 92 76 99 77 0 20
7 41 23 96 83 22 98 74 38 22 80 0 35
9 77 49 24 52 69 20 98 87 36 95 0 44
6 98 49 22 48 100 22 89 52 59 47 0 29
6 61 55 38 52 42 32 96 27 94 96 0 28
4 21 69 36 20 37 38 78 37 23 73 0 17
7 20 86 57 83 27 50 21 83 73 29 0 32
8 60 67 37 23 68 63 84 96 54 85 0 37
5 25 43 75 60 76 83 84 100 46 76 0 25
6 71 83 64 61 26 22 36 24 82 63 0 26
6 100 86 83 36 79 83 59 83 24 68 0 28
3 41 20 55 54 27 29 47 87 74 74 0 11
10 69 35 67 62 64 67 27 32 39 69 0 49
10 71 54 96 36 74 56 31 51 37 25 0 46
4 89 54 99 85 84 68 61 77 45 89 0 17
9 82 58 86 29 87 65 20 47 70 48 0 44
6 22 97 89 25 67 50 65 49 88 80 0 27
9 24 70 85 81 97 39 37 96 45 76 0 44
8 95 87 75 85 62 80 95 74 27 89 0 38
6 43 48 49 100 93 90 90 80 84 66 0 26
10 21 26 29 82 66 71 62 74 84 39 0 46
8 64 74 69 93 28 63 85 82 45 34 0 36
10 78 80 43 41 99 66 71 58 80 30 0 47
6 72 88 30 84 94 93 22 35 41 60 0 29
9 50 98 87 57 51 22 69 26 67 24 0 43
7 58 69 46 40 85 96 52 40 81 83 0 32
8 33 59 58 27 92 47 58 37 68 66 0 36
9 83 73 37 80 37 39 30 81 45 90 0 44
5 75 27 32 30 64 30 49 36 63 49 0 21
10 90 44 30 96 54 88 86 74 67 52 0 50
9 32 74 71 91 46 32 70 38 48 63 0 42
3 71 71 78 68 80 90 44 77 86 35 0 11
5 82 98 73 96 28 90 81 70 60 80 0 23
5 60 81 80 84 24 85 67 76 22 88 0 21
7 88 32 61 40 21 86 67 41 53 74 0 31
7 53 32 27 83 33 95 79 91 58 99 0 35
3 25 39 95 42 91 50 28 91 55 79 0 12
3 22 94 67 35 100 51 32 47 33 91 0 14
9 56 34 23 67 54 63 34 81 98 85 0 44
7 52 59 46 86 51 40 97 87 50 33 0 31
9 32 88 62 82 66 37 47 69 28 99 0 45
7 70 23 28 96 48 22 42 69 66 29 0 34
3 89 70 31 79 39 44 82 33 31 33 0 12
8 88 52 23 59 86 27 48 70 38 68 0 38
7 31 39 90 60 85 38 48 90 38 43 0 32
4 94 98 39 38 44 22 56 67 68 33 0 19
8 75 59 33 73 45 28 39 42 36 94 0 40
5 22 95 100 27 63 98 95 90 55 24 0 21
4 65 100 81 53 77 73 68 69 100 67 0 16
6 49 75 46 58 92 48 58 81 75 21 0 28
9 71 23 91 53 99 39 40 97 91 21 0 43
6 86 79 80 81 34 44 38 45 31 78 0 27
5 35 87 56 69 77 62 28 41 81 60 0 25
7 96 73 27 55 24 96 48 98 52 77 0 35
9 91 77 24 75 28 22 53 49 72 88 0 41
3 28 83 92 49 59 93 27 35 64 73 0 12
9 61 90 83 68 57 21 47 38 73 52 0 43
7 42 28 54 29 40 43 60 25 23 93 0 34
2 92 41 72 41 72 97 43 48 98 71 0 10
6 34 36 47 70 89 36 100 77 33 80 0 29
6 43 44 51 41 36 94 33 76 65 46 0 29
3 74 42 33 68 26 53 42 46 28 23 0 14
4 44 31 61 76 24 78 20 95 97 80 0 16
4 29 98 65 78 37 96 68 73 32 54 0 18
7 34 37 34 39 78 89 37 73 97 21 0 31
9 92 59 33 89 39 69 24 76 38 81 0 44
3 69 81 88 37 80 52 70 23 53 85 0 13
3 36 70 91 45 43 38 92 39 58 41 0 15
6 89 48 62 74 45 28 95 35 97 36 0 26
10 29 36 87 70 46 43 52 43 30 65 0 50
10 25 39 35 47 54 26 75 34 96 60 0 49
7 92 66 39 56 42 26 73 56 68 97 0 33
8 38 33 22 98 21 65 98 32 77 56 0 37
5 61 24 93 31 41 90 86 51 25 47 0 21
10 48 96 85 37 57 79 46 21 78 34 0 48
10 78 33 92 59 27 36 32 47 53 69 0 50
7 43 73 82 67 56 58 37 46 56 79 0 32
5 84 79 60 49 47 60 38 25 35 89 0 22
3 64 96 44 52 49 94 80 75 55 58 0 11
5 100 57 96 25 46 54 23 97 24 91 0 23
8 87 94 95 88 61 38 88 82 55 34 0 38
9 52 68 90 25 43 42 79 41 87 39 0 45
10 76 25 80 76 89 32 34 86 75 38 0 47
5 39 97 73 30 83 67 55 96 52 33 0 25
10 45 48 69 71 31 56 21 88 21 91 0 46
4 48 48 86 54 21 43 52 83 81 20 0 16
4 85 59 88 70 96 77 84 49 84 61 0 17
7 91 99 30 43 37 72 28 75 93 87 0 33
5 81 27 57 94 54 32 68 41 51 25 0 25
7 87 97 35 68 81 59 83 24 35 65 0 35
4 34 44 43 56 68 51 68 92 38 69 0 20
7 95 43 100 61 91 63 85 48 88 26 0 31
7 49 36 36 46 64 27 81 27 77 74 0 33
5 94 85 28 70 46 71 51 37 72 64 0 23
6 64 41 51 53 51 92 69 39 66 94 0 29
10 39 95 65 52 95 92 69 98 60 20 0 48
10 39 80 33 38 93 97 94 71 68 90 0 46
3 35 21 28 99 58 83 70 74 57 35 0 13
4 20 54 21 95 22 28 36 21 93 67 0 16
6 42 41 42 47 30 33 58 97 81 34 0 27
9 93 34 49 82 70 30 21 78 83 90 0 43
7 24 62 61 37 67 23 93 95 25 45 0 34
3 75 87 52 85 74 46 35 46 31 25 0 14
10 28 95 23 59 35 45 87 85 61 58 0 46
2 34 92 100 89 57 66 28 94 32 35 0 10
8 49 23 77 93 37 75 20 45 84 21 0 37
6 93 64 66 41 62 40 80 69 25 95 0 28
3 24 90 24 54 38 91 46 85 66 30 0 15
5 60 70 80 79 67 66 22 85 75 58 0 25
8 21 73 76 44 98 65 31 62 44 47 0 36
3 29 62 35 78 62 25 29 93 54 94 0 15
7 57 57 93 54 44 47 91 63 26 78 0 32
6 68 43 47 96 72 64 39 78 78 87 0 28
6 73 33 36 40 97 34 59 54 89 90 0 29
5 29 30 65 53 49 36 79 65 48 20 0 24
3 81 84 94 92 21 40 76 40 49 85 0 15
8 59 94 96 44 53 57 28 88 92 99 0 37
10 53 46 96 62 28 97 91 55 38 85 0 49
10 53 45 56 54 33 85 68 95 59 83 0 49
5 99 25 99 57 95 56 94 20 49 87 0 22
6 22 43 78 77 74 95 29 39 35 100 0 26
10 49 74 45 35 33 36 73 46 86 84 0 49
8 32 87 76 97 49 49 62 22 85 69 0 39
5 73 45 81 90 96 21 67 90 49 27 0 24
4 33 89 34 76 71 85 45 24 59 24 0 20
3 53 76 34 42 56 43 38 21 24 57 0 15
7 93 99 86 49 23 62 98 57 33 60 0 31
8 24 78 51 75 29 85 79 82 45 78 0 36
8 96 27 72 48 86 73 94 51 98 33 0 40
9 55 31 24 91 32 44 42 34 45 70 0 44
5 89 41 80 47 73 48 62 51 52 38 0 25
9 41 54 71 73 60 75 48 47 38 98 0 45
5 66 69 89 79 71 35 96 29 84 94 0 22
3 88 67 34 90 52 44 84 20 33 92 0 11
3 86 25 49 68 48 21 77 55 91 85 0 13
2 43 57 53 66 98 50 85 50 98 78 0 10
10 99 66 57 97 68 85 76 68 62 78 0 50
4 61 67 100 77 44 77 42 34 77 74 0 17
3 88 86 24 31 64 100 49 56 51 43 0 11
4 52 23 27 22 83 89 36 39 96 55 0 17
8 95 89 60 75 64 52 80 28 27 93 0 39
3 52 70 60 31 92 29 60 24 52 66 0 13
5 55 78 37 73 64 68 84 96 51 75 0 25
8 51 73 61 25 50 59 25 83 85 79 0 36
8 59 32 43 57 22 45 50 72 87 69 0 40
6 46 53 38 29 92 29 37 77 95 46 0 27
4 49 92 80 64 100 79 88 49 98 43 0 19
10 49 59 50 52 87 53 56 25 52 52 0 49
3 99 28 96 81 87 100 78 50 89 89 0 11
4 42 83 62 77 61 63 22 98 54 47 0 17
4 65 79 61 69 27 87 79 53 77 85 0 20
7 43 34 48 46 39 21 91 46 83 89 0 34
5 30 49 35 54 57 78 46 79 59 63 0 23
5 94 90 21 65 27 68 23 57 35 31 0 22
4 22 100 65 98 55 68 59 99 99 60 0 19
7 40 73 50 91 81 43 32 65 51 69 0 33
4 38 96 60 51 54 72 58 30 51 31 0 16
9 62 35 68 61 28 36 46 29 48 21 0 43
8 85 44 63 33 65 78 39 62 90 90 0 37
4 43 76 69 46 50 32 92 98 66 29 0 16
5 39 22 75 88 94 99 67 60 29 48 0 21
4 48 29 55 43 53 84 22 52 84 24 0 19
9 90 59 68 23 34 26 42 79 43 45 0 45
3 57 56 30 91 39 83 38 100 36 33 0 12
9 99 70 49 66 93 96 40 20 93 24 0 43
3 51 87 49 32 22 99 93 52 65 23 0 14
7 33 52 20 35 25 29 76 93 64 61 0 33
7 100 46 91 57 78 85 26 79 50 73 0 34
7 97 38 35 99 60 99 57 40 87 30 0 32
5 53 85 23 87 81 53 72 33 42 93 0 21
10 34 80 52 53 59 96 80 81 38 49 0 50
10 70 38 64 66 33 90 81 22 37 61 0 50
4 78 56 89 25 95 91 24 23 63 58 0 20
9 78 43 91 91 39 72 80 97 37 84 0 42
7 75 98 60 72 32 45 74 74 66 43 0 34
2 51 88 27 65 51 25 44 60 31 43 0 10
7 57 89 37 69 67 53 36 28 77 46 0 31
5 33 22 35 69 68 92 88 81 42 96 0 22
4 74 45 48 64 37 86 20 97 31 73 0 18
3 46 85 39 53 41 79 51 29 95 96 0 13
5 94 24 30 52 59 65 60 94 21 48 0 22
5 99 91 54 33 35 70 43 95 96 20 0 22
4 40 83 82 50 43 69 27 65 21 67 0 19
5 30 65 60 74 94 40 84 24 28 58 0 21
3 55 20 30 52 33 59 74 38 51 60 0 12
4 81 29 64 45 34 73 22 96 50 68 0 18
10 66 56 20 25 66 95 44 86 48 89 0 49
3 56 100 49 73 41 26 69 32 46 36 0 13
3 99 49 44 71 44 28 78 48 23 28 0 14
7 47 80 29 97 22 88 82 33 44 88 0 32
8 41 21 65 92 38 57 37 83 45 38 0 36
5 23 53 40 27 54 95 35 37 75 96 0 21
9 37 89 85 87 44 74 68 86 58 92 0 42
8 65 71 48 48 69 73 32 82 22 34 0 37
3 95 86 21 98 38 36 25 76 94 95 0 11
7 24 72 94 77 83 91 84 29 98 46 0 31
7 24 75 93 41 81 33 78 36 91 29 0 35
10 79 57 84 64 21 67 88 31 64 28 0 50
3 44 43 23 79 85 30 70 83 36 27 0 12
7 80 91 48 82 27 55 69 59 59 71 0 32
3 53 30 85 70 97 34 47 39 22 76 0 15
8 29 49 100 27 57 21 73 68 77 92 0 36
6 68 35 68 76 52 67 38 53 71 85 0 26
7 61 34 74 84 29 36 89 25 30 72 0 33
8 38 98 94 39 63 72 88 48 63 40 0 37
8 90 99 71 23 75 20 29 94 31 67 0 36
2 30 84 46 55 63 90 91 51 45 73 0 10
8 37 37 65 66 23 62 73 48 98 84 0 36
8 44 53 41 50 91 65 73 98 30 46 0 36
8 91 68 45 82 73 26 21 33 62 61 0 36
9 97 34 96 22 28 68 22 90 37 36 0 43
4 63 27 72 82 61 42 67 81 51 22 0 18
3 56 92 46 24 82 56 43 24 70 47 0 13
3 81 24 68 58 29 59 78 89 27 31 0 13
3 89 84 43 87 63 62 42 62 30 70 0 14
7 25 83 30 54 93 61 88 97 47 63 0 31
7 85 90 94 90 39 64 29 57 80 27 0 34
10 90 33 43 51 37 46 75 28 71 31 0 50
10 38 72 61 89 36 62 21 32 92 72 0 50
8 66 75 90 60 92 29 43 88 56 75 0 36
3 98 84 53 69 78 27 88 20 70 35 0 13
8 30 96 85 60 20 21 99 28 74 20 0 37
10 37 51 74 35 88 65 96 36 80 71 0 48
9 35 84 87 65 70 90 22 23 48 37 0 42
5 92 91 98 60 66 77 98 64 91 24 0 23
10 73 95 43 90 80 78 60 32 94 90 0 46
10 95 81 42 57 82 57 97 29 25 51 0 49
8 48 55 37 67 46 87 23 79 92 88 0 36
8 96 91 84 22 91 29 53 34 29 56 0 39
5 45 20 39 22 24 66 51 83 41 80 0 25
10 52 49 97 24 92 79 41 62 38 73 0 47
6 24 71 71 28 67 79 23 77 55 56 0 26
10 34 73 73 56 77 85 81 22 62 63 0 49
3 87 91 42 77 50 74 88 85 88 54 0 15
6 31 54 85 34 52 40 33 65 71 61 0 27
4 78 75 64 77 90 66 53 82 93 43 0 19
7 50 59 48 20 44 73 23 26 35 36 0 33
9 66 69 63 86 48 60 47 29 48 24 0 42
4 35 90 31 60 34 64 92 46 57 99 0 19
7 94 24 33 25 62 58 66 81 34 53 0 33
6 89 55 26 41 39 77 83 27 54 52 0 30
3 66 69 30 82 72 47 76 23 32 45 0 11
3 47 36 49 53 72 72 81 33 85 49 0 13
8 86 88 89 22 22 88 56 25 74 56 0 36
10 29 45 38 85 77 67 97 93 35 75 0 47
10 58 23 86 48 70 20 84 66 30 95 0 49
2 58 48 57 48 35 34 69 83 51 100 0 10
3 96 99 84 28 97 84 68 65 93 24 0 14
6 59 65 31 69 55 92 87 76 29 79 0 29
4 72 71 60 35 99 76 64 44 31 67 0 17
3 77 90 34 59 50 22 61 100 45 27 0 11
5 23 59 72 88 72 26 28 46 62 68 0 23
6 53 87 85 23 39 83 49 53 46 31 0 29
5 55 48 51 43 73 59 92 68 95 47 0 23
4 51 78 87 41 87 68 86 24 50 26 0 19
5 83 34 50 36 23 42 43 63 33 23 0 22
7 24 55 42 74 74 63 94 50 90 63 0 32
6 41 26 84 33 66 81 76 42 91 29 0 29
3 31 76 80 45 92 60 85 49 95 91 0 15
10 41 89 51 89 75 60 59 74 47 77 0 49
10 44 30 74 100 84 33 92 84 41 70 0 46
9 54 66 47 74 38 32 39 97 31 55 0 44
10 34 93 55 23 62 95 53 75 64 40 0 50
7 55 77 45 20 35 24 36 56 50 91 0 33
3 29 92 65 92 25 87 46 53 44 87 0 12
10 30 71 25 32 56 34 78 52 55 43 0 50
6 100 36 37 99 99 35 35 26 70 97 0 29
5 97 99 86 47 58 80 65 67 57 31 0 25
3 94 80 94 85 82 25 80 69 59 74 0 15
9 45 31 81 78 74 30 23 27 62 57 0 45
8 33 45 74 37 60 47 58 89 23 80 0 40
8 75 56 37 67 98 30 26 55 53 50 0 36
8 86 22 23 39 47 22 70 81 34 22 0 40
9 51 74 93 76 73 92 96 72 58 74 0 44
5 93 49 66 94 73 27 57 25 25 75 0 23
6 30 57 23 36 87 40 89 94 29 63 0 30
10 62 90 76 47 84 66 45 61 56 67 0 49
9 93 74 55 92 93 93 37 95 51 93 0 42
8 69 90 51 72 37 96 41 68 20 42 0 40
9 21 73 79 85 62 61 63 34 91 33 0 45
3 81 39 60 24 30 51 86 62 51 97 0 15
7 92 36 81 63 63 23 53 73 22 100 0 34
5 29 41 73 25 72 67 66 26 83 49 0 24
6 48 25 87 89 36 95 69 76 74 58 0 27
10 31 92 59 75 97 75 53 45 60 68 0 50
10 72 80 47 82 76 33 43 52 88 68 0 46
4 67 89 22 39 28 100 43 24 72 47 0 16
7 74 39 28 56 54 35 97 30 47 41 0 32
9 100 70 51 100 89 37 53 39 72 52 0 41
10 90 49 26 46 64 59 81 61 96 26 0 46
9 67 24 43 47 26 97 58 69 37 58 0 45
6 95 67 37 78 56 58 57 49 26 21 0 28
8 78 21 57 48 34 52 58 59 42 70 0 37
9 70 48 75 70 98 24 56 97 34 88 0 44
5 82 87 94 57 45 95 100 90 31 44 0 25
5 29 50 39 99 83 61 29 58 72 54 0 25
9 78 70 46 21 23 89 96 25 98 90 0 41
2 55 64 95 47 35 81 43 24 57 56 0 10
8 57 25 22 40 72 39 77 84 33 70 0 40
10 51 84 65 97 51 31 42 20 36 88 0 46
10 74 77 93 81 50 64 89 81 97 21 0 50
5 76 41 32 67 97 75 77 65 67 34 0 21
9 85 72 45 72 35 58 83 42 78 26 0 42
8 53 26 58 84 60 51 45 22 81 83 0 36
7 26 86 66 31 79 41 25 80 99 84 0 35
2 73 37 27 90 86 98 56 91 80 57 0 10
6 63 46 74 80 58 54 39 68 87 69 0 28
10 92 55 91 56 94 41 56 26 53 55 0 48
8 51 83 36 75 66 81 33 53 99 49 0 40
9 93 73 44 69 68 82 93 37 90 93 0 42
5 32 63 76 88 46 96 71 91 93 36 0 24
9 74 50 84 48 86 30 36 66 46 90 0 42
5 88 97 71 97 61 38 22 82 88 88 0 24
6 39 86 25 96 96 50 30 81 23 92 0 27
3 73 83 74 24 30 25 92 48 93 27 0 11
3 70 52 69 95 27 72 25 24 67 100 0 11
4 30 81 93 81 29 96 25 80 87 78 0 20
3 87 98 28 27 94 87 77 40 64 79 0 12
6 90 60 100 41 34 29 33 29 43 63 0 29
4 77 87 87 32 75 36 42 67 37 60 0 16
7 38 78 45 49 63 80 87 59 56 91 0 34
9 96 63 22 89 29 100 22 37 83 74 0 41
8 52 82 43 96 31 68 73 97 91 23 0 39
6 68 97 72 65 30 60 72 20 24 81 0 28
9 76 40 58 36 86 92 30 51 20 61 0 42
9 71 69 36 51 24 22 23 47 82 43 0 41
6 38 48 58 89 25 20 84 28 91 67 0 29
9 86 29 39 53 72 89 47 37 95 64 0 44
5 72 85 81 76 79 60 38 97 50 57 0 25
4 90 71 64 64 89 27 21 83 20 59 0 19
5 37 34 90 72 38 60 33 29 53 98 0 22
8 62 73 43 76 75 45 93 60 41 22 0 38
3 61 61 55 98 38 61 47 25 30 62 0 14
6 62 98 76 77 59 65 39 47 84 32 0 29
6 35 68 81 31 30 73 31 93 31 47 0 27
4 49 80 35 59 74 87 92 66 39 53 0 19
7 62 58 23 39 74 80 21 50 85 61 0 35
3 81 64 43 42 28 70 65 92 50 89 0 12
3 54 34 70 62 100 85 80 24 75 37 0 11
6 44 50 64 42 88 47 68 66 53 95 0 30
7 30 51 38 66 97 46 58 87 94 86 0 32
3 89 72 63 98 47 85 70 93 49 84 0 11
4 75 52 68 67 46 91 96 31 86 61 0 16
4 28 53 80 66 28 24 39 91 46 55 0 20
5 33 41 63 88 24 20 50 40 99 64 0 23
3 25 78 79 85 87 23 59 57 97 98 0 13
5 63 79 81 61 91 90 70 46 36 73 0 24
8 37 64 31 64 100 63 67 62 42 96 0 36
3 31 85 85 85 95 56 65 54 51 63 0 13
10 68 25 65 69 89 51 90 35 70 96 0 49
8 95 86 48 30 91 37 34 43 71 80 0 36
5 63 68 20 50 98 60 87 76 98 81 0 24
6 25 67 64 22 26 92 43 96 57 88 0 27
10 96 39 33 58 97 50 45 72 35 97 0 50
3 25 39 89 72 34 38 61 59 77 61 0 13
10 87 93 71 87 40 37 91 21 37 88 0 48
7 92 73 32 37 76 79 61 48 47 37 0 32
3 47 21 89 73 69 92 84 69 41 47 0 14
9 59 89 99 55 61 88 71 84 45 42 0 42
10 53 85 96 54 77 79 53 57 41 92 0 48
8 92 36 45 56 22 55 37 63 47 87 0 40
7 52 36 86 57 25 34 21 26 47 50 0 35
3 64 61 77 54 30 71 38 73 21 62 0 13
5 90 38 50 41 36 76 37 95 72 95 0 25
9 36 20 72 70 29 45 72 29 50 43 0 42
6 91 70 33 74 96 69 41 27 28 37 0 27
8 68 20 58 82 22 53 85 93 56 35 0 39
3 61 31 80 58 73 81 24 91 88 62 0 15
3 39 49 36 89 92 52 95 81 71 84 0 12
10 38 81 20 28 63 76 61 76 31 90 0 49
6 76 92 90 94 34 42 64 51 57 34 0 27
8 96 86 22 92 55 95 45 75 86 59 0 36
6 55 23 71 37 50 51 91 32 86 20 0 26
3 22 54 83 20 47 47 49 97 93 87 0 11
4 33 32 41 50 23 46 90 57 59 93 0 17
5 66 27 50 44 76 40 28 62 86 72 0 22
10 39 35 27 89 47 71 31 35 73 48 0 47
7 81 96 62 93 98 39 22 21 52 58 0 34
9 45 69 98 100 93 97 32 54 85 65 0 41
7 50 43 47 38 33 75 47 92 81 62 0 35
6 81 77 21 71 70 66 20 67 30 62 0 30
3 93 89 36 67 75 100 54 66 86 74 0 14
3 77 80 93 67 92 35 93 31 74 84 0 12
10 46 26 63 82 46 88 58 67 63 37 0 50
6 46 48 25 28 99 40 48 76 71 99 0 28
5 36 26 72 81 24 54 29 51 34 39 0 21
10 34 56 84 83 20 70 76 66 91 83 0 48
3 68 43 85 67 47 71 70 68 72 77 0 11
7 46 53 59 43 36 71 25 45 94 92 0 31
7 26 59 64 33 58 27 56 44 50 34 0 34
3 55 77 80 100 48 70 47 55 24 69 0 12
9 70 42 22 69 25 83 71 92 88 21 0 41
5 59 90 68 91 64 33 83 57 98 86 0 21
8 92 68 33 100 81 58 92 83 95 62 0 36
6 22 53 37 36 26 22 92 53 92 63 0 26
9 23 28 72 76 91 31 40 56 86 88 0 41
10 28 95 26 94 47 67 66 86 54 29 0 49
6 57 73 65 46 39 64 23 55 46 36 0 29
9 66 87 55 84 61 53 83 30 30 59 0 45
4 71 56 39 81 51 85 28 73 56 36 0 17
4 44 25 94 54 63 58 99 26 53 67 0 18
3 59 49 85 72 31 44 76 65 45 59 0 11
7 84 64 74 21 65 55 92 29 48 84 0 32
7 99 83 66 25 40 39 94 45 48 49 0 32
10 67 99 48 41 69 88 90 90 44 83 0 49
10 61 78 47 90 37 49 66 96 23 93 0 46
4 32 39 42 98 70 74 57 28 42 71 0 20
9 75 59 70 88 63 43 87 93 100 54 0 42
9 23 55 71 33 21 75 71 55 53 54 0 45
8 61 25 74 63 60 71 99 99 75 68 0 36
8 77 63 39 84 33 62 99 75 84 92 0 37
2 32 41 100 73 68 74 98 94 75 63 0 10
3 83 99 59 24 32 87 78 37 45 90 0 14
7 53 40 26 88 68 59 28 42 30 99 0 34
4 86 54 28 32 93 83 33 38 74 42 0 19
5 59 92 89 33 50 75 83 67 34 37 0 24
8 24 75 91 59 70 70 80 46 36 48 0 38
8 31 40 31 50 48 42 32 95 58 100 0 40
5 74 47 39 39 99 42 32 91 60 32 0 25
10 66 79 95 62 37 87 99 21 56 76 0 47
9 85 26 49 29 21 57 70 42 87 69 0 41
4 77 69 58 30 99 20 45 27 57 31 0 18
3 25 70 56 63 76 99 74 38 87 22 0 13
5 58 67 24 74 27 79 46 78 29 57 0 23
6 66 39 67 98 33 34 34 55 95 82 0 28
7 86 86 93 25 32 58 95 33 20 81 0 32
3 51 28 44 94 36 89 64 86 66 62 0 14
5 26 55 35 60 64 78 20 51 33 55 0 24
9 90 80 97 70 61 34 69 32 41 59 0 41
9 80 69 62 22 84 48 95 32 21 47 0 41
9 46 34 74 98 61 81 80 40 73 29 0 45
7 47 76 74 82 33 50 46 73 23 67 0 35
3 40 81 77 73 76 47 48 91 82 80 0 15
3 55 85 51 69 25 56 50 50 29 65 0 12
7 46 65 79 44 59 21 22 97 42 20 0 32
6 96 43 30 59 32 81 64 79 64 56 0 26
8 95 26 41 63 32 89 88 91 60 99 0 37
10 21 53 22 27 61 34 89 46 93 97 0 47
6 29 57 61 46 77 87 88 82 84 39 0 29
5 69 86 77 37 25 83 41 46 91 60 0 24
4 93 82 88 89 93 47 76 41 30 54 0 18
9 61 96 84 96 27 31 43 98 95 75 0 42
8 50 55 66 36 74 66 60 79 97 95 0 39
6 42 90 46 73 92 36 61 24 69 53 0 26
4 38 89 76 59 58 83 38 36 98 42 0 20
9 61 73 79 20 20 48 95 85 57 95 0 42
5 70 63 82 81 56 44 76 50 72 95 0 23
4 43 34 73 68 56 72 63 74 51 24 0 19
10 41 25 73 32 90 28 85 70 39 27 0 50
7 86 77 64 47 84 64 57 100 63 67 0 34
10 45 50 39 48 28 56 72 90 61 78 0 46
3 92 69 45 41 65 89 78 69 67 36 0 13
4 56 28 35 88 66 66 77 57 44 91 0 18
4 31 29 23 67 49 57 57 94 59 46 0 18
8 52 84 36 26 59 78 79 92 90 93 0 38
5 56 35 66 58 70 80 45 67 63 86 0 23
3 86 55 45 32 60 62 85 44 43 89 0 15
8 79 90 50 99 31 53 61 72 28 59 0 39
7 60 38 40 24 100 61 22 27 78 81 0 35
10 30 44 93 43 46 67 37 85 56 21 0 48
3 31 80 42 67 20 39 32 22 98 100 0 14
9 72 65 88 88 94 38 82 74 42 34 0 44
10 96 69 30 79 72 84 30 27 64 100 0 47
9 52 79 76 50 38 20 72 71 36 77 0 41
4 99 90 24 58 82 55 49 92 73 26 0 17
8 53 73 38 60 53 76 55 65 32 87 0 38
4 49 33 95 31 89 93 80 23 79 53 0 20
8 61 89 55 83 90 88 48 83 73 60 0 37
9 64 98 89 23 86 96 67 22 71 68 0 44
10 86 59 73 66 68 28 99 91 79 95 0 46
4 47 22 25 20 34 87 89 41 71 64 0 18
8 25 100 58 42 93 61 56 89 35 21 0 37
10 64 76 70 29 39 47 44 20 52 27 0 48
3 96 78 30 62 43 59 43 70 51 21 0 13
6 93 89 45 53 50 67 55 95 48 64 0 29
5 58 98 24 62 58 85 82 67 20 47 0 22
3 47 67 95 68 91 34 29 45 88 28 0 12
8 80 84 33 56 48 27 81 31 59 94 0 38
9 72 23 94 86 94 98 54 78 69 58 0 41
10 50 22 87 57 65 49 83 78 45 79 0 49
10 97 54 38 46 86 76 67 26 56 63 0 48
9 32 49 88 51 52 25 81 63 35 29 0 44
3 43 40 67 83 69 72 77 46 65 58 0 12
9 47 55 47 42 36 42 73 99 47 54 0 41
4 24 67 60 68 30 93 85 90 68 99 0 20
6 87 31 42 57 65 91 60 93 97 95 0 28
7 54 97 36 34 79 29 27 47 84 99 0 35
4 54 92 45 65 64 20 89 94 49 50 0 20
10 22 63 60 73 89 86 79 84 39 81 0 47
9 30 48 90 100 39 32 69 61 29 63 0 45
5 38 91 45 50 47 38 50 62 62 66 0 24
8 90 57 46 75 32 49 50 27 64 84 0 37
4 67 29 31 41 35 73 59 94 64 29 0 16
5 62 47 39 85 80 97 66 48 98 32 0 24
6 27 94 25 37 28 62 71 64 62 40 0 27
9 50 63 59 59 58 92 26 65 37 63 0 43
8 39 80 25 88 53 49 21 52 90 50 0 37
7 78 64 42 44 62 23 83 83 20 52 0 31
3 38 43 39 57 62 57 50 24 51 66 0 12
8 51 69 23 21 72 48 78 79 82 34 0 37
9 28 54 75 43 100 26 27 28 96 87 0 45
7 47 83 34 45 75 97 55 75 34 54 0 34
3 81 41 64 31 91 60 85 58 30 70 0 11
6 80 38 25 22 80 64 47 77 60 24 0 30
4 75 72 88 32 49 52 78 22 21 70 0 18
8 42 73 75 40 87 37 43 66 74 25 0 37
7 55 36 98 63 32 39 81 79 70 95 0 33
4 96 26 93 30 60 90 42 61 80 52 0 20
7 38 76 48 30 40 50 59 42 39 85 0 31
8 28 83 86 20 80 44 95 56 50 27 0 37
3 22 65 31 83 28 48 88 88 86 36 0 11
7 29 26 71 64 48 25 27 76 21 57 0 32
8 36 87 53 65 91 89 74 74 45 38 0 38
10 90 67 25 25 38 82 24 91 40 34 0 47
5 25 39 88 24 25 83 92 64 89 29 0 21
4 21 39 51 26 41 45 92 34 61 77 0 19
5 40 39 94 86 84 50 99 29 36 54 0 25
7 57 90 85 29 98 40 73 53 47 40 0 34
4 53 64 35 98 52 79 84 26 72 65 0 16
9 96 99 89 26 26 41 59 44 47 87 0 41
6 83 45 63 93 99 29 85 77 46 47 0 26
6 62 38 49 92 68 49 72 73 75 95 0 27
8 42 50 25 34 87 53 31 84 66 66 0 37
9 70 27 78 57 58 66 29 85 74 78 0 44
3 83 69 45 28 26 79 30 67 39 61 0 13
5 42 59 48 85 44 98 83 97 80 85 0 22
4 98 64 33 20 59 57 75 65 72 28 0 20
3 64 65 70 74 72 23 46 41 100 47 0 14
10 22 46 85 69 53 55 92 28 44 26 0 46
8 74 29 30 28 50 43 54 79 54 27 0 39
8 29 43 22 58 54 93 85 76 96 91 0 40
9 87 49 40 92 63 28 25 24 75 65 0 44
8 51 27 73 92 77 97 64 86 32 86 0 40
9 51 49 21 30 33 70 39 32 61 52 0 44
8 93 85 72 36 94 48 91 67 60 24 0 40
7 42 42 85 77 26 58 58 91 34 32 0 34
3 97 42 55 53 36 65 22 44 56 28 0 11
9 81 61 62 82 77 25 68 21 34 43 0 45
4 90 52 57 37 72 60 50 97 29 66 0 19
4 94 34 82 81 97 92 35 42 32 32 0 19
10 29 88 22 52 38 83 32 75 31 42 0 46
8 69 24 73 56 97 37 38 72 62 85 0 38
5 50 77 85 31 85 22 27 82 78 51 0 22
9 90 28 53 34 49 99 42 99 98 28 0 42
6 32 57 71 78 48 92 74 69 58 93 0 30
10 95 91 40 72 90 21 92 67 51 47 0 49
9 41 99 92 43 26 34 37 94 98 97 0 45
3 85 32 60 46 97 52 22 25 22 87 0 12
7 75 87 64 44 76 56 37 64 67 37 0 31
7 44 60 69 45 43 46 39 44 93 44 0 31
8 91 25 48 68 38 21 21 87 23 27 0 36
10 81 87 81 80 67 35 87 37 71 65 0 48
5 79 95 52 78 44 51 57 40 73 22 0 22
6 58 29 77 94 60 97 79 80 79 57 0 26
3 82 79 83 59 48 32 87 100 41 36 0 13
8 54 29 62 74 75 56 41 37 93 89 0 36
8 34 21 64 23 58 91 70 28 97 79 0 36
5 61 50 31 79 89 69 72 87 36 43 0 21
4 63 37 61 87 35 24 75 24 98 44 0 16
3 33 30 66 20 100 77 35 50 41 69 0 11
7 46 100 93 71 60 83 70 36 27 45 0 31
10 21 96 97 38 42 98 21 95 91 75 0 48
7 22 83 83 51 93 41 27 58 80 77 0 33
3 36 75 68 90 73 86 43 55 33 72 0 14
5 75 34 23 95 71 32 99 96 87 29 0 23
2 80 57 38 60 50 26 81 52 76 43 0 10
3 75 76 27 52 52 74 46 98 41 36 0 12
8 81 85 89 50 81 75 35 25 34 33 0 39
9 96 96 94 50 89 30 66 45 29 25 0 42
5 37 87 56 100 72 98 27 92 84 88 0 23
6 72 37 82 96 39 87 27 34 62 30 0 28
4 64 53 65 51 94 43 42 28 92 80 0 16
10 76 64 62 56 65 24 21 43 50 66 0 46
5 81 72 62 100 54 24 38 100 66 83 0 24
3 23 55 71 77 86 68 31 92 29 26 0 14
6 81 21 64 38 49 70 100 74 31 98 0 30
4 61 36 96 52 98 26 72 23 47 85 0 17
6 70 92 91 60 84 32 30 37 40 28 0 26
3 77 61 20 85 49 87 57 30 70 64 0 15
4 91 56 54 67 86 28 73 28 68 27 0 17
9 85 44 77 88 74 64 40 65 25 29 0 44
9 38 93 29 86 21 33 95 26 41 71 0 44
4 37 70 77 51 85 39 87 79 22 67 0 18
9 45 32 63 45 58 21 31 88 41 99 0 45
9 88 100 62 49 53 86 83 65 42 87 0 43
6 99 38 47 54 55 54 87 81 75 100 0 27
4 87 46 44 73 38 56 57 65 98 77 0 20
4 30 35 52 85 87 45 73 81 31 57 0 19
10 69 36 78 28 88 27 37 26 86 51 0 49
8 29 53 46 76 54 58 86 83 93 83 0 37
3 50 31 45 81 81 26 84 43 91 89 0 14
4 34 24 73 67 54 52 80 22 38 92 0 17
6 28 94 91 77 25 81 43 81 27 53 0 29
9 54 96 25 82 34 42 94 47 25 24 0 41
3 62 47 65 74 67 66 20 33 73 31 0 14
4 100 68 57 50 97 79 93 49 73 72 0 19
3 70 36 99 22 70 35 74 42 30 51 0 13
6 83 65 73 73 28 48 56 94 59 27 0 27
8 24 39 42 64 91 34 72 95 25 43 0 39
10 62 21 22 74 33 62 72 81 72 74 0 48
5 84 100 22 29 41 42 94 21 49 70 0 22
3 36 47 84 41 91 93 96 30 26 27 0 13
6 77 34 38 91 63 56 40 53 61 84 0 30
3 79 76 70 82 57 38 78 62 31 26 0 15
7 41 42 63 43 56 57 25 44 34 76 0 32
3 95 46 81 76 73 52 62 25 77 30 0 12
4 84 70 79 34 46 49 58 48 48 57 0 19
4 99 41 84 35 60 81 62 96 96 53 0 17
9 86 84 82 94 80 61 43 70 42 46 0 41
2 59 44 95 94 65 76 59 70 28 53 0 10
7 92 81 38 73 34 42 90 96 41 48 0 35
9 70 28 66 20 64 95 76 96 73 30 0 42
6 83 99 27 59 77 36 41 47 21 75 0 29
3 21 61 89 28 29 82 39 30 92 83 0 15
8 91 87 38 91 43 53 30 37 83 61 0 36
10 69 21 77 71 85 91 40 39 77 72 0 46
5 95 63 64 48 50 94 35 93 70 78 0 24
5 89 76 56 57 25 58 85 35 50 87 0 22
10 49 63 23 35 94 87 96 75 27 60 0 49
5 21 46 52 76 26 64 84 98 40 57 0 25
4 70 25 39 78 27 86 53 88 93 45 0 16
8 98 88 26 78 54 36 43 43 37 72 0 36
10 32 23 99 72 98 23 64 68 32 63 0 46
4 78 87 75 24 34 71 72 76 99 20 0 17
8 73 21 66 77 25 70 42 52 68 46 0 40
10 83 73 58 79 78 26 74 62 61 75 0 48
3 27 34 38 62 44 93 61 65 47 63 0 13
5 24 60 87 49 54 93 39 71 85 93 0 23
10 90 83 65 55 56 29 96 96 56 100 0 46
7 43 47 47 100 84 91 87 63 100 93 0 35
3 71 61 41 73 55 43 93 53 70 22 0 11
8 67 25 88 58 48 65 41 69 67 33 0 38
7 83 49 41 88 73 33 59 71 20 61 0 31
5 43 88 26 47 93 58 94 89 87 98 0 22
8 21 54 46 36 48 84 58 41 32 64 0 38
10 33 32 78 84 50 46 64 51 98 46 0 46
10 80 83 93 35 40 59 35 66 92 47 0 47
8 91 43 52 67 67 53 45 37 62 59 0 40
4 67 51 68 48 95 37 23 84 64 32 0 17
8 24 28 36 51 34 77 21 78 70 39 0 37
4 78 40 64 92 87 66 29 65 34 98 0 18
3 96 57 90 99 56 93 33 72 50 64 0 13
7 44 27 43 95 41 77 24 26 21 92 0 33
7 42 90 85 41 21 91 89 32 100 47 0 35
6 86 59 98 64 84 55 40 90 65 54 0 30
8 27 56 57 37 89 44 74 90 60 86 0 36
10 62 26 76 57 91 85 93 28 40 70 0 50
6 92 87 20 86 35 99 33 87 68 30 0 26
9 82 80 60 30 83 80 62 24 31 73 0 41
7 43 87 39 64 59 36 27 29 42 63 0 34
6 48 94 25 96 37 34 29 50 83 76 0 28
3 70 52 59 79 40 29 28 90 24 44 0 13
3 60 67 75 32 49 51 85 33 64 94 0 12
9 31 67 58 64 70 25 30 75 38 33 0 44
10 30 63 60 38 88 76 25 64 33 68 0 46
6 91 46 23 34 94 90 27 31 41 59 0 30
3 51 80 24 89 75 35 58 24 78 98 0 14
4 22 47 81 88 21 45 50 31 67 31 0 20
7 48 98 21 32 73 72 42 28 53 73 0 31
8 20 57 33 96 94 83 32 25 69 35 0 39
9 49 70 89 31 38 71 49 90 77 44 0 44
10 85 50 32 45 37 68 25 70 81 27 0 49
8 76 79 81 95 80 28 56 73 44 71 0 40
3 22 31 32 30 83 97 76 25 49 64 0 15
7 48 33 23 71 65 52 21 53 42 81 0 31
5 29 91 86 38 87 20 50 55 67 32 0 21
6 61 72 74 31 26 48 64 33 90 88 0 29
10 72 82 56 32 88 60 85 64 29 94 0 47
6 88 83 55 44 70 85 51 71 54 83 0 29
6 77 94 46 22 74 58 74 69 36 44 0 29
9 33 30 52 51 38 28 95 26 70 99 0 45
4 43 83 80 22 41 59 29 38 47 98 0 16
6 78 71 24 40 68 47 33 67 93 73 0 28
5 46 93 57 67 77 60 65 55 29 90 0 21
9 64 78 44 93 45 56 80 90 80 85 0 41
7 25 21 53 50 34 31 70 53 32 95 0 35
4 95 68 51 64 77 50 93 69 93 47 0 17
3 72 81 35 25 28 45 45 90 84 55 0 13
7 62 67 61 82 99 89 98 47 52 47 0 35
10 79 96 21 26 53 36 53 72 48 34 0 46
8 54 41 88 97 78 53 93 61 80 96 0 39
3 66 93 37 92 38 54 51 40 69 96 0 12
6 50 54 43 33 59 52 81 38 66 39 0 30
6 48 26 72 61 50 86 79 73 30 83 0 29
4 40 85 68 76 84 58 49 67 73 90 0 16
8 44 58 34 94 39 35 57 23 35 89 0 36
9 24 31 72 25 57 61 31 97 89 28 0 42
6 97 48 41 95 79 49 70 100 28 44 0 29
5 57 98 59 68 70 91 46 45 86 45 0 23
5 67 92 53 71 25 64 73 37 67 46 0 25
4 81 47 58 89 29 47 92 84 97 70 0 20
8 38 48 90 37 67 74 61 80 74 98 0 39
9 26 62 38 60 74 94 63 40 75 76 0 41
7 34 41 27 46 85 78 82 62 74 40 0 34
2 34 32 48 41 83 25 100 28 25 28 0 10
5 85 68 37 45 51 23 75 44 59 28 0 22
7 64 90 94 58 62 92 73 40 25 51 0 33
4 21 79 26 35 53 52 65 44 47 62 0 16
5 38 43 99 69 92 64 85 97 41 69 0 21
3 80 20 51 86 64 48 35 66 81 41 0 11
6 50 54 76 58 56 66 100 50 74 51 0 27
5 37 80 91 46 83 99 80 80 56 61 0 25
7 74 67 97 31 84 81 57 81 28 59 0 32
5 57 45 63 92 40 51 48 55 57 90 0 24
7 31 76 77 97 61 86 22 66 62 97 0 32
9 38 39 44 83 36 23 75 58 89 76 0 44
7 84 75 44 83 100 79 24 41 62 89 0 32
8 87 47 96 60 43 84 85 97 38 91 0 36
5 28 87 94 24 78 69 74 37 76 21 0 23
5 39 95 63 39 67 44 36 100 58 96 0 21
7 66 66 48 74 50 23 24 39 72 74 0 32
7 69 94 33 100 23 67 41 57 67 41 0 34
8 48 54 89 78 95 91 97 63 70 97 0 37
4 69 89 37 85 91 45 94 40 29 34 0 18
4 35 30 20 69 94 31 29 80 67 68 0 18
9 32 85 39 91 55 76 57 32 82 33 0 45
8 94 50 54 70 93 82 61 57 84 62 0 38
3 93 97 64 82 43 76 83 28 75 54 0 14
7 36 91 96 46 62 66 64 29 64 22 0 35
7 96 63 98 25 94 96 76 53 85 56 0 33
3 26 66 85 99 21 23 93 44 77 67 0 14
6 92 72 56 42 46 32 23 87 97 35 0 29
6 50 22 66 87 76 94 23 43 30 34 0 27
3 61 36 84 82 33 50 50 56 53 81 0 14
9 80 38 38 32 77 98 34 25 44 44 0 43
9 72 27 29 68 52 33 68 71 44 78 0 44
7 64 87 38 23 21 96 75 52 68 54 0 32
7 39 31 100 77 67 72 70 70 95 40 0 35
4 38 29 76 70 30 25 90 55 95 85 0 18
5 54 57 76 92 23 91 87 73 39 60 0 21
6 91 50 86 37 45 53 88 97 36 31 0 29
10 73 89 95 64 24 45 80 55 38 21 0 46
3 86 82 81 22 29 66 87 73 68 63 0 13
5 33 38 92 87 30 58 51 24 29 64 0 25
5 22 93 28 78 40 99 90 94 50 72 0 24
7 51 38 56 51 99 37 29 80 30 61 0 35
7 50 29 87 39 97 21 51 73 26 59 0 32
6 26 65 50 45 28 32 33 28 33 52 0 28
9 62 93 64 57 50 60 52 43 60 28 0 45
8 54 84 38 91 39 71 87 80 73 67 0 38
6 59 33 32 25 67 32 32 50 73 95 0 28
8 27 21 98 64 44 28 63 35 26 69 0 40
7 62 58 30 42 95 47 28 57 55 51 0 34
4 98 96 75 99 87 43 25 70 44 26 0 17
9 37 20 55 78 21 80 31 24 39 84 0 42
5 90 31 31 63 95 66 76 64 70 67 0 22
8 22 32 58 63 30 79 93 63 27 49 0 36
9 84 85 61 32 37 52 93 31 61 68 0 45
3 43 22 33 44 42 71 39 31 38 26 0 14
7 30 40 32 37 73 40 55 32 84 61 0 34
3 29 97 47 78 64 72 28 72 64 53 0 12
8 89 75 34 93 53 65 90 86 21 44 0 40
8 85 84 48 39 99 26 94 24 40 83 0 38
10 40 89 40 37 79 60 46 33 86 88 0 50
10 30 74 33 75 89 79 65 43 49 70 0 50
4 23 38 61 35 66 90 58 59 45 57 0 17
7 55 64 76 48 67 100 22 83 37 54 0 33
3 40 45 88 58 72 66 58 85 26 74 0 13
9 94 33 72 24 51 35 57 41 81 45 0 45
7 41 71 94 67 73 64 47 85 75 87 0 34
3 77 93 48 57 99 35 34 70 85 38 0 12
3 66 33 39 63 59 69 75 74 65 43 0 13
9 80 55 56 38 76 80 66 65 52 69 0 44
7 39 58 62 56 46 35 98 69 88 45 0 31
7 24 73 76 62 97 31 32 29 42 88 0 33
8 40 27 26 88 29 36 45 50 95 36 0 39
3 49 63 25 83 74 93 73 49 22 99 0 12
4 46 50 29 31 53 44 74 52 51 83 0 16
5 98 65 75 76 86 47 37 29 76 84 0 21
7 37 26 53 64 91 28 97 88 67 58 0 34
10 55 38 70 64 31 68 31 35 78 58 0 46
6 100 69 35 92 33 56 42 76 64 88 0 28
4 29 66 68 69 74 92 37 66 53 63 0 18
7 51 47 72 87 61 97 44 70 97 75 0 34
9 75 42 27 21 98 99 57 55 86 84 0 44
3 54 88 86 42 80 45 61 91 28 24 0 12
10 70 89 42 27 51 63 34 57 91 20 0 48
8 98 77 61 50 90 99 65 84 43 60 0 40
9 79 49 57 66 20 75 88 45 38 28 0 45
5 57 24 72 99 78 56 100 82 74 97 0 23
8 80 92 41 46 74 47 24 98 81 76 0 39
7 97 39 23 84 37 45 72 40 40 100 0 33
10 51 69 38 27 24 44 82 39 91 94 0 49
10 85 74 47 61 74 78 59 36 47 100 0 49
4 85 57 59 37 20 23 27 66 43 25 0 20
4 94 55 38 22 64 42 27 25 57 71 0 16
3 45 36 21 23 95 51 100 85 88 54 0 12
4 61 28 43 27 99 29 33 64 79 33 0 16
4 89 29 58 99 81 36 48 76 42 24 0 16
4 64 79 85 29 61 30 49 91 65 91 0 17
4 87 23 79 37 97 97 57 32 47 49 0 19
5 51 98 80 76 62 95 77 61 97 84 0 24
9 95 77 46 83 30 54 87 46 25 21 0 44
2 90 54 38 25 93 68 59 25 88 89 0 10
6 59 76 90 58 23 31 73 86 49 64 0 29
10 55 92 38 79 59 98 75 20 89 59 0 49
4 95 78 100 58 55 56 61 93 67 35 0 16
8 52 79 47 86 83 56 66 96 36 46 0 40
6 92 28 84 75 92 98 89 94 61 29 0 29
7 64 43 64 84 79 47 96 60 61 40 0 32
3 33 73 39 97 67 63 61 26 37 76 0 12
10 70 80 38 93 49 64 65 28 57 57 0 46
5 60 37 77 74 69 96 62 95 89 81 0 21
3 60 41 22 91 26 40 20 43 26 96 0 14
8 26 34 57 85 81 69 39 63 44 43 0 38
9 86 72 31 48 89 81 41 46 35 98 0 42
8 64 52 39 36 34 59 75 94 77 61 0 39
6 58 30 61 33 81 62 99 63 77 78 0 29
5 78 57 30 90 46 28 92 20 54 59 0 24
4 62 50 77 38 25 90 95 77 74 57 0 20
5 87 34 70 70 47 39 37 76 58 39 0 23
8 57 86 47 72 21 59 31 73 59 26 0 39
4 85 99 33 83 93 41 76 47 25 40 0 16
8 27 48 97 96 65 23 44 59 36 71 0 36
7 30 38 87 21 98 52 54 64 95 33 0 31
4 29 76 61 61 45 95 95 67 29 86 0 18
8 87 90 92 76 33 37 61 91 42 68 0 37
5 85 64 20 33 46 47 30 34 41 23 0 22
4 40 46 88 89 45 44 41 90 97 98 0 17
4 53 73 97 23 35 57 32 79 84 26 0 16
3 81 67 85 53 77 23 61 83 32 67 0 15
3 76 78 99 92 51 70 61 45 52 76 0 14
6 69 78 38 89 56 33 35 57 21 79 0 28
5 53 38 65 26 53 76 24 57 54 99 0 21
8 60 77 40 51 99 46 90 87 34 52 0 39
7 44 85 63 89 28 26 26 31 48 43 0 34
6 46 47 64 50 28 98 44 34 23 56 0 26
9 90 74 79 70 70 45 51 94 93 47 0 44
9 20 77 23 31 56 44 48 99 100 92 0 43
7 95 42 31 86 43 99 98 50 74 55 0 31
10 23 46 31 99 27 63 41 70 53 70 0 50
9 28 56 32 95 72 38 35 46 64 55 0 41
9 26 86 42 27 48 97 58 46 69 54 0 45
4 62 84 62 32 26 70 29 91 29 99 0 20
10 46 88 55 52 22 49 56 88 36 52 0 48
4 91 20 76 76 70 40 99 97 61 25 0 20
3 80 83 41 49 90 66 20 46 62 21 0 15
5 86 57 57 26 81 95 26 93 88 26 0 21
5 99 41 45 52 87 93 94 72 20 90 0 23
5 55 42 22 100 22 83 25 82 24 26 0 21
4 92 36 49 22 76 44 21 73 28 98 0 19
7 88 23 65 67 45 37 80 94 35 75 0 35
10 83 56 100 58 47 73 57 31 57 48 0 49
7 76 78 45 21 64 27 87 89 68 91 0 33
9 80 74 20 50 50 45 90 50 58 89 0 43
10 57 41 22 80 86 78 85 80 81 60 0 47
9 45 57 64 32 35 81 39 87 29 44 0 42
4 41 77 43 25 39 75 81 68 64 47 0 20
10 77 62 77 80 61 94 69 56 63 41 0 49
9 43 100 56 85 58 91 83 78 94 65 0 44
3 89 66 91 21 64 31 74 89 73 99 0 11
5 53 72 49 77 41 74 95 27 72 47 0 22
10 49 59 89 33 66 52 83 61 58 91 0 46
8 58 72 90 93 38 58 88 85 23 48 0 40
9 49 36 48 41 93 98 100 47 44 60 0 41
5 64 69 32 98 43 95 45 64 82 74 0 22
9 96 77 45 27 87 84 91 23 29 20 0 42
5 51 91 53 41 92 64 92 99 56 75 0 25
3 42 58 89 27 61 92 64 47 56 79 0 11
8 41 95 21 50 21 57 52 93 92 35 0 37
6 87 56 21 22 43 23 83 60 54 58 0 30
9 66 81 41 28 29 53 59 31 40 52 0 45
7 66 40 85 40 30 26 56 47 41 65 0 31
8 87 81 64 45 76 22 100 24 22 100 0 36
6 45 30 67 89 23 95 56 59 79 40 0 27
7 62 89 51 60 64 56 33 65 30 95 0 35
8 30 46 43 70 100 98 27 66 97 60 0 37
9 97 96 45 85 54 76 65 67 72 27 0 41
9 41 23 92 24 28 81 95 70 55 61 0 41
10 96 28 68 97 93 85 48 97 87 29 0 47
8 96 37 36 72 53 90 36 32 63 88 0 37
6 36 52 61 30 88 41 78 93 63 41 0 29
9 77 74 56 77 64 37 63 25 31 39 0 43
6 41 56 71 87 20 37 93 89 45 23 0 30
4 28 41 65 63 88 30 76 57 34 65 0 17
3 25 65 22 95 51 22 72 39 42 44 0 13
9 82 61 55 34 64 34 50 75 53 67 0 43
10 51 50 24 96 79 32 62 63 84 37 0 46
10 93 22 27 99 39 40 79 22 55 58 0 48
4 82 88 36 73 38 73 80 52 59 56 0 19
9 38 54 72 39 43 27 94 41 64 91 0 45
5 59 56 24 78 53 23 26 46 47 61 0 23
2 97 83 40 74 88 80 77 100 73 84 0 10
9 32 25 26 93 59 60 46 71 44 90 0 44
4 24 85 65 93 74 35 55 57 56 97 0 19
5 70 36 49 78 25 49 27 27 36 40 0 21
6 22 27 94 83 63 63 27 40 75 97 0 27
9 24 41 94 76 74 57 40 85 82 100 0 44
5 77 66 21 54 83 56 76 95 90 34 0 24
7 75 45 70 42 58 91 67 54 58 86 0 31
5 94 53 25 38 60 47 80 51 59 46 0 21
5 97 59 42 84 34 86 64 30 45 44 0 24
3 36 99 70 96 90 90 73 58 40 36 0 15
5 57 50 30 30 28 85 73 98 48 87 0 22
214 213 210 238 125
130 155 194 220 275
132 158 192 250 297
112 155 187 223 291
136 160 206 237 287
113 153 187 259 275
119 149 213 232 297
107 148 196 222 295
132 163 209 234 266
133 143 183 255 298
108 177 207 260 261
120 174 212 224 261
121 174 218 242 262
122 156 210 247 266
107 153 203 223 275
100 179 183 232 262
103 151 182 236 263
138 152 216 254 272
131 153 198 234 279
138 148 219 259 287
102 174 204 245 283
119 170 200 239 294
136 180 201 232 277
100 163 214 248 284
121 152 207 223 267
140 159 180 244 297
111 162 205 249 293
106 173 185 222 288
119 163 201 248 294
113 141 188 221 271
115 172 211 256 296
114 164 212 258 260
119 171 195 247 261
120 147 216 226 286
100 144 191 258 294
116 175 217 234 269
100 168 198 242 282
129 165 192 235 260
107 178 196 251 298
124 153 213 239 272
120 143 188 236 297
119 170 218 247 299
133 175 195 230 298
122 179 191 243 264
101 172 181 258 279
136 179 220 237 297
111 178 220 245 298
126 160 192 234 291
103 140 202 243 264
126 160 182 238 288
124 177 188 232 294
114 151 217 243 261
101 148 212 231 287
138 170 191 256 296
124 176 214 229 298
114 160 185 221 298
102 143 199 238 280
135 157 187 222 267
118 152 192 224 269
138 166 183 220 297
123 141 198 222 263
139 142 200 221 274
128 169 204 229 295
123 141 182 235 289
135 179 184 246 294
138 161 183 233 277
126 143 210 227 267
133 172 216 259 284
110 168 196 236 268
112 159 195 246 288
100 159 180 241 287
101 170 218 228 272
110 151 208 243 265
107 153 212 237 299
140 149 186 235 281
121 169 185 225 290
115 164 210 252 292
110 162 193 244 281
115 170 189 225 296
114 177 204 223 260
109 163 192 232 260
133 158 200 226 275
104 178 210 256 288
136 145 196 220 271
137 175 188 252 291
112 149 194 238 283
108 170 187 248 296
105 157 182 253 294
100 150 206 259 287
110 158 193 244 280
129 151 181 226 281
106 174 215 240 296
102 169 212 246 300
101 159 198 246 283
134 153 206 251 299
128 153 195 221 262
110 175 213 250 270
119 141 203 244 282
137 163 204 238 288
132 143 191 251 269
102 154 187 249 276
116 162 194 257 290
128 158 209 237 262
104 164 212 238 279
115 146 207 223 266
119 176 216 228 267
124 151 196 250 295
102 170 181 236 292
131 160 190 225 269
111 144 212 243 286
120 179 198 243 283
105 153 181 221 296
111 179 205 251 274
138 174 208 220 261
126 164 207 234 267
130 162 218 228 264
121 153 218 238 297
100 167 218 240 270
114 140 214 258 266
135 161 210 232 299
138 155 210 254 274
135 164 218 245 268
113 172 218 254 269
108 155 196 252 288
106 146 220 231 293
120 163 219 260 293
107 144 207 253 271
140 157 188 243 294
112 144 197 243 267
138 175 195 254 296
130 158 201 260 275
106 180 220 258 281
107 143 217 226 265
114 142 217 229 283
129 174 190 224 265
120 162 212 226 300
119 180 201 256 298
139 148 191 222 271
112 171 206 246 300
120 180 181 224 274
140 155 208 221 295
134 152 183 231 291
140 149 195 222 286
114 152 187 222 260
130 158 183 230 262
125 167 212 235 297
128 179 207 233 288
113 142 194 227 268
115 172 218 243 260
113 168 213 238 262
130 165 197 258 267
135 174 211 243 297
134 154 189 257 272
131 168 208 249 292
127 158 213 231 297
113 171 207 230 293
102 175 218 220 275
113 167 212 225 268
131 159 213 234 290
118 164 194 248 297
110 178 209 259 292
122 144 212 222 287
130 157 220 241 282
116 146 220 228 274
116 169 184 255 283
110 155 194 228 281
113 176 189 226 289
124 146 208 247 261
137 170 213 235 269
132 153 219 234 263
134 151 220 256 296
122 142 181 228 290
111 157 208 243 267
112 167 184 226 291
135 171 207 234 266
114 150 215 248 290
114 172 217 247 293
129 169 204 230 261
112 157 217 222 291
132 142 197 256 294
132 160 213 228 291
140 155 217 253 293
115 173 218 240 298
114 142 217 229 294
121 155 197 230 297
140 153 210 226 279
112 147 197 252 283
107 157 181 222 292
109 170 180 228 275
137 166 199 220 299
134 165 200 236 290
108 160 219 253 291
106 169 186 222 291
118 176 203 251 294
119 148 182 244 286
103 166 208 237 300
133 149 204 244 265
108 167 217 252 272
116 167 217 238 267
118 147 210 252 264
104 156 198 249 265
128 173 198 225 261
107 176 215 245 278
133 176 182 251 272
137 145 218 259 262
100 174 210 230 295
115 151 199 237 296
113 140 195 248 284
129 141 185 221 273
132 141 185 248 292
140 165 197 220 300
117 180 208 254 293
124 164 198 221 285
127 162 214 246 291
102 150 218 259 280
102 167 212 242 295
122 163 218 255 278
120 179 201 260 269
118 164 195 254 273
104 163 186 227 296
134 161 211 229 262
115 151 192 221 297
134 160 193 228 262
123 141 197 223 277
122 171 191 249 289
116 169 220 249 289
111 158 208 258 292
139 159 187 234 263
110 171 201 239 270
140 155 215 254 295
140 166 189 258 264
127 144 186 240 279
132 163 181 248 290
140 158 195 253 290
102 160 183 236 265
138 149 208 240 283
134 162 211 220 298
130 158 203 244 268
112 146 184 221 297
133 173 219 223 288
140 159 185 256 288
140 151 189 254 268
103 180 184 226 293
132 169 189 260 277
134 150 213 232 273
123 177 196 260 276
120 149 208 256 283
124 159 190 238 269
113 143 211 256 263
138 157 202 230 274
136 147 189 229 300
108 160 205 260 293
126 166 218 234 280
116 166 218 236 296
133 163 184 238 291
114 173 202 232 271
121 145 210 226 266
101 146 184 249 261
103 171 187 243 289
131 173 194 250 277
123 175 194 220 266
101 163 199 253 280
105 151 199 259 279
138 151 218 253 280
115 149 194 231 289
121 150 182 222 281
129 159 200 232 284
137 167 218 234 278
130 157 211 244 273
127 176 180 259 275
139 178 189 242 278
115 145 194 226 289
101 155 185 255 279
113 160 197 234 281
133 147 192 237 260
138 165 181 235 265
111 179 190 250 268
119 148 218 230 277
132 163 198 254 293
113 157 187 241 287
128 146 197 244 296
123 162 202 255 274
140 167 208 248 296
138 160 182 231 292
123 144 203 231 273
140 141 187 247 285
112 177 196 239 274
136 153 186 231 270
139 174 213 232 284
117 169 196 257 296
111 177 218 224 299
107 143 183 260 300
138 143 184 236 260
139 174 213 232 293
107 170 213 239 275
127 173 215 260 300
134 145 207 224 285
100 144 214 241 264
115 170 193 232 298
140 177 209 254 293
105 173 183 254 292
135 178 185 227 286
134 166 213 220 296
122 168 183 260 271
103 166 220 234 261
115 173 208 232 265
104 161 196 254 285
140 178 203 222 272
110 150 198 247 287
140 172 205 256 270
109 173 197 242 281
138 180 191 226 291
100 148 188 258 260
103 172 197 231 277
113 154 208 229 287
105 150 188 220 263
104 171 186 242 279
104 145 205 228 263
116 144 180 227 299
110 162 220 225 300
102 142 193 245 287
123 176 196 228 286
112 168 192 245 279
116 142 217 243 272
131 166 180 259 284
122 176 216 258 284
127 170 215 226 280
119 159 203 235 286
140 150 210 227 267
133 149 204 260 298
105 171 195 241 276
138 164 203 250 261
107 141 191 244 287
139 177 210 225 281
120 180 193 256 296
110 148 204 254 288
106 177 212 231 266
130 178 190 233 298
138 151 191 238 289
109 141 212 241 275
117 157 211 231 296
138 173 213 235 299
112 178 184 239 292
131 160 187 256 277
127 161 212 235 271
136 176 194 234 294
108 142 211 237 284
108 149 213 255 288
101 172 183 259 270
136 175 185 260 291
117 157 203 254 275
125 157 218 258 275
137 154 196 230 300
139 144 191 257 295
110 171 210 239 265
120 161 218 247 263
105 158 191 260 294
100 142 205 226 290
140 154 192 246 296
100 153 204 232 271
129 169 190 229 274
137 176 181 254 273
124 180 184 254 269
135 157 216 231 297
133 140 184 240 279
110 144 182 253 287
123 180 187 254 296
120 173 189 248 286
127 150 207 222 299
137 177 203 231 300
102 169 218 252 298
131 176 202 244 274
140 167 189 250 261
120 150 218 244 264
121 166 180 227 274
139 146 185 247 295
139 170 193 231 270
124 159 181 246 273
128 170 211 228 268
134 144 212 253 263
101 159 209 221 299
117 171 213 244 275
133 167 190 252 272
123 171 196 246 284
100 141 190 243 266
124 175 191 231 291
103 168 209 220 282
112 179 204 228 264
140 171 182 243 270
115 180 195 224 289
110 160 202 235 293
139 172 188 236 290
116 154 186 258 287
104 180 209 234 279
102 160 196 228 299
134 162 184 224 284
104 173 190 255 281
137 163 186 257 282
133 165 208 240 276
134 153 187 233 270
122 166 194 243 268
125 160 215 230 270
119 163 206 231 300
137 145 181 228 282
110 143 195 227 267
121 153 183 250 273
117 172 191 226 265
114 175 192 255 283
108 140 192 260 280
131 159 188 239 299
109 165 211 220 264
127 143 200 223 269
116 166 207 238 292
115 144 188 246 288
110 140 190 245 266
117 165 217 245 266
119 165 206 246 297
121 155 182 251 271
140 164 182 243 289
119 156 219 223 273
107 163 218 232 274
113 169 215 225 275
109 143 183 227 281
123 145 186 232 267
131 176 185 245 260
119 166 196 237 280
108 179 201 258 291
117 142 201 245 299
140 170 204 236 274
115 161 189 222 288
128 164 196 220 268
124 149 218 231 288
130 144 203 244 261
121 148 210 224 279
119 158 204 238 296
123 179 220 220 288
130 142 200 244 298
134 143 196 241 287
120 143 187 238 260
115 172 197 230 285
126 163 198 254 295
111 174 185 242 260
129 176 202 237 274
118 163 193 234 290
117 173 197 235 276
131 157 216 231 283
126 162 181 234 264
128 151 210 220 274
113 143 189 246 273
117 173 198 230 298
135 157 208 239 275
132 148 207 241 299
140 169 202 249 285
103 146 180 252 268
108 162 197 255 275
140 168 210 220 267
127 161 186 244 276
116 162 188 246 284
138 167 218 260 297
115 176 186 240 282
126 177 180 228 266
106 166 180 256 285
101 162 186 254 291
133 168 196 248 279
101 166 220 252 298
116 166 196 244 260
109 173 182 231 266
102 151 180 242 281
120 164 192 259 289
115 157 190 247 268
102 156 215 224 298
133 178 186 232 260
101 172 212 258 288
126 173 194 243 293
112 180 188 234 298
118 171 203 230 299
128 167 218 223 264
110 168 180 231 285
127 158 219 231 270
136 180 200 235 297
104 176 203 221 284
109 178 201 224 289
114 173 215 253 294
129 176 216 238 300
121 166 203 228 297
128 143 209 256 288
122 159 208 253 261
103 167 198 252 260
119 148 180 227 272
106 161 195 220 260
113 172 217 226 300
114 149 186 223 299
126 166 196 227 298
110 176 185 227 282
110 152 186 235 265
134 167 203 244 300
121 161 200 231 274
115 180 196 228 277
116 154 202 238 279
131 147 182 227 266
116 155 186 247 292
111 178 200 242 288
104 146 219 257 281
104 164 183 239 289
119 157 189 251 260
102 172 210 247 283
107 156 188 244 285
135 176 194 223 276
111 170 205 239 266
114 147 181 239 293
121 179 201 233 261
100 171 204 259 297
112 167 200 237 274
100 171 210 259 280
123 168 206 248 293
137 156 192 222 284
132 159 217 229 278
114 140 193 245 299
123 166 220 237 279
136 165 206 255 294
102 140 201 235 275
121 166 205 247 283
139 146 216 252 278
122 165 212 224 272
100 149 211 236 274
121 153 186 252 282
104 162 196 222 265
114 142 186 238 275
118 143 211 250 279
130 169 194 257 270
124 163 207 248 261
140 160 199 256 272
120 166 215 248 262
137 144 200 227 275
107 164 182 231 277
123 160 219 221 277
121 180 194 257 277
119 174 218 256 299
117 140 192 235 267
114 160 204 226 296
109 175 183 223 297
132 145 214 232 295
120 143 181 234 270
135 176 192 222 265
116 159 193 224 271
122 174 213 229 268
132 174 184 245 288
109 157 206 234 263
101 156 202 223 276
125 146 202 232 273
100 172 212 251 260
125 172 215 227 286
131 162 207 234 290
135 140 207 238 291
134 147 206 247 297
108 180 196 238 297
111 163 208 225 280
127 151 210 221 296
115 156 191 260 284
126 178 214 251 300
122 174 211 251 278
101 157 196 224 294
102 180 180 220 281
112 148 183 258 276
113 178 207 221 275
113 154 196 257 261
132 150 220 221 298
121 171 195 223 297
103 168 181 222 286
137 172 201 243 274
121 172 193 247 273
116 178 190 232 291
129 165 181 238 292
118 157 189 230 271
111 146 214 225 274
119 153 187 246 283
105 152 200 223 270
127 173 213 242 286
131 176 195 232 269
120 163 198 230 268
112 170 195 247 299
108 152 216 253 289
120 153 190 248 295
132 179 192 252 300
102 180 188 224 264
113 150 184 238 272
115 162 210 232 290
137 173 219 239 274
102 156 186 224 290
138 157 218 249 270
102 140 204 259 263
135 149 182 253 269
111 170 209 240 268
122 150 184 233 277
102 148 205 227 295
135 155 214 252 295
139 145 182 241 265
116 148 185 242 277
102 167 198 232 272
118 176 180 258 278
139 152 217 247 288
139 156 210 259 262
113 170 182 234 274
107 179 220 247 260
101 171 198 227 271
127 176 204 236 278
121 144 180 232 260
103 161 200 240 292
112 140 220 223 299
109 172 213 234 294
121 154 195 246 289
135 176 183 249 286
117 155 183 246 286
127 146 182 244 260
140 180 208 239 292
135 151 191 236 271
131 143 220 246 280
104 177 195 252 262
104 175 208 234 260
120 140 214 247 296
120 142 183 255 273
132 174 217 238 262
113 167 202 228 293
102 159 185 255 266
118 155 187 258 297
107 173 186 227 269
108 172 207 240 287
134 155 183 224 298
116 168 188 255 267
117 176 189 249 272
107 142 212 224 277
111 173 205 259 287
128 175 182 256 288
124 146 190 257 279
136 148 190 246 266
124 175 201 234 290
113 140 207 237 290
113 144 212 241 287
140 178 207 253 296
128 144 213 233 279
124 149 214 254 275
109 167 213 247 299
129 156 190 224 271
139 174 206 254 284
112 145 208 226 298
105 165 209 257 270
138 171 215 226 289
116 175 215 247 282
122 173 196 227 278
112 166 192 243 282
127 175 180 252 269
102 152 190 240 300
123 157 185 250 284
132 157 217 253 289
121 159 188 247 263
101 143 186 226 278
140 158 196 246 291
102 168 203 226 279
101 167 214 245 281
117 145 187 254 280
106 170 180 242 264
116 177 215 254 272
131 150 216 231 282
111 140 182 243 268
139 155 201 226 296
127 164 182 229 260
121 174 204 238 282
100 143 181 245 267
101 140 205 236 265
118 160 199 245 264
125 143 182 223 285
137 148 213 254 295
129 146 190 252 274
107 155 205 248 284
140 153 212 260 285
124 150 203 260 268
122 154 185 227 281
126 162 187 241 293
125 160 213 243 277
131 169 202 237 261
133 146 203 244 296
127 180 192 251 284
108 144 205 238 272
106 166 211 230 274
104 152 217 257 290
124 175 195 252 297
120 178 200 256 283
111 177 203 220 275
129 174 204 228 287
114 166 219 226 268
118 153 187 224 273
107 166 208 227 261
139 180 190 232 297
102 174 189 240 288
137 150 189 253 275
139 160 189 225 286
116 141 201 232 275
107 157 182 226 260
100 172 188 254 261
117 166 193 221 287
130 176 200 224 265
102 171 187 251 263
131 155 182 230 263
131 145 193 235 290
112 163 204 257 265
102 141 198 245 287
100 150 181 234 289
106 153 206 224 297
111 156 189 225 274
112 174 183 257 284
126 150 199 259 271
121 154 210 250 262
108 159 194 258 286
104 145 212 234 262
130 168 200 233 272
124 141 203 231 295
107 171 219 252 270
139 169 202 224 268
109 163 197 256 272
112 140 188 256 286
129 163 210 224 264
102 160 194 245 292
112 164 217 257 280
114 160 213 245 262
131 153 206 240 273
112 158 194 229 277
121 167 212 245 281
100 146 181 242 283
102 166 215 244 271
138 140 181 224 282
100 179 211 236 278
109 146 182 226 269
103 161 216 244 299
104 156 195 236 294
133 173 216 250 282
137 143 203 235 262
126 158 213 244 260
138 170 207 259 282
140 161 194 240 278
101 159 210 222 278
134 144 199 227 263
115 146 211 241 261
134 158 191 244 286
107 152 198 220 293
110 168 202 242 293
100 151 203 239 275
111 149 220 240 266
103 166 200 223 278
128 158 187 223 277
115 168 206 232 264
121 167 210 259 267
136 157 210 248 283
106 140 200 237 279
130 162 211 229 267
137 173 188 260 284
116 165 197 253 279
108 160 194 253 276
138 180 214 242 279
114 155 195 224 268
111 142 204 257 262
131 158 185 257 299
133 168 216 256 284
131 159 203 234 282
129 146 185 253 291
122 148 209 253 278
105 167 206 246 268
136 158 193 232 294
116 157 199 257 265
119 178 193 254 280
106 158 201 221 298
113 154 192 259 280
127 160 180 233 264
123 143 192 245 297
112 144 196 241 277
111 146 182 226 288
102 155 199 223 283
118 173 209 254 292
124 172 181 250 286
107 173 220 256 290
125 168 209 239 271
131 156 195 233 289
107 173 194 220 260
112 150 218 247 268
100 157 198 244 278
139 166 186 228 269
124 157 202 221 294
125 165 182 249 265
104 173 202 246 296
103 146 200 221 292
121 180 190 243 289
119 170 185 240 263
118 176 203 223 273
124 158 197 237 261
139 144 197 257 275
134 145 214 232 293
110 166 188 249 275
130 156 182 236 298
118 153 185 242 267
133 163 202 224 278
137 167 192 230 297
135 162 200 241 281
108 172 215 260 280
128 175 201 237 282
137 163 210 228 280
121 176 216 250 282
128 169 186 228 271
136 157 215 256 261
103 155 182 235 275
110 140 220 226 298
126 164 218 243 279
126 155 211 242 263
125 146 202 246 264
116 161 218 234 274
104 170 190 229 291
139 154 214 250 297
139 166 208 226 294
130 170 187 224 267
115 180 182 220 262
103 147 203 257 267
111 152 199 234 268
108 178 189 229 289
110 158 194 255 300
119 177 198 255 265
106 177 183 221 271
136 174 182 251 276
104 177 186 227 280
104 163 211 256 288
100 173 184 235 295
108 162 196 255 272
106 156 192 246 280
101 143 208 252 269
112 169 207 247 283
115 152 209 232 270
100 155 185 226 298
140 168 207 226 292
140 151 218 221 267
117 178 201 225 266
107 150 194 237 292
115 157 214 220 300
124 159 202 236 273
116 151 213 237 263
124 176 183 260 264
127 171 185 222 267
105 178 216 258 271
122 140 213 256 278
135 164 219 260 273
118 140 197 250 278
100 162 212 252 284
115 171 208 248 296
136 152 191 249 291
140 164 193 259 277
137 154 207 234 289
129 151 214 232 266
104 150 191 236 266
134 147 208 241 287
107 151 214 221 285
137 164 216 235 277
126 166 213 241 261
128 164 186 244 272
134 166 184 250 279
117 177 181 251 269
106 160 193 254 291
137 161 197 227 277
121 158 182 228 297
129 154 213 239 291
119 157 218 224 294
136 162 206 240 290
115 149 185 230 290
125 153 204 229 292
122 149 183 249 295
119 180 191 220 268
116 165 187 259 276
139 166 214 241 269
116 180 206 243 299
102 148 201 257 268
115 143 198 221 264
106 148 186 256 294
109 163 206 239 266
112 148 190 252 270
137 164 204 221 281
101 147 180 236 284
128 146 180 234 293
128 180 208 233 288
118 149 213 242 272
140 146 204 239 290
105 173 191 235 266
121 173 220 226 261
102 177 193 251 269
116 150 217 231 278
135 154 205 231 280
138 157 205 254 294
115 160 193 227 260
115 150 184 226 276
133 173 190 225 293
112 143 201 256 271
110 153 193 238 260
106 174 181 236 272
133 143 212 253 271
131 145 210 256 284
116 177 218 257 295
116 166 205 232 290
131 166 187 236 280
137 149 203 254 273
138 163 211 235 262
106 152 210 252 269
128 167 194 258 276
115 148 211 234 299
135 157 209 245 261
107 174 185 255 275
122 153 191 230 276
109 149 184 220 265
113 152 220 250 295
133 178 187 245 271
124 172 208 256 271
104 171 194 248 292
119 158 209 242 300
131 147 193 237 299
108 172 195 227 280
117 174 205 254 293
102 174 187 241 294
139 155 189 237 295
101 179 220 223 293
130 161 189 233 286
105 157 206 225 291
123 164 217 260 270
118 142 194 235 298
100 148 185 240 293
136 179 204 252 277
105 145 205 246 281
123 155 208 225 287
108 148 184 241 262
117 178 220 247 282
119 177 216 247 273
130 161 197 235 287
137 158 211 234 280
113 151 190 252 260
123 142 200 242 269
126 166 193 238 273
107 151 195 257 264
107 163 212 259 300
125 142 193 244 296
102 165 186 255 276
127 158 211 226 271
133 154 181 238 286
104 171 209 224 275
116 158 183 237 272
130 153 190 260 293
130 158 199 243 270
137 163 215 232 296
117 178 190 259 282
140 154 206 235 279
115 174 193 244 276
115 158 206 236 270
114 178 209 220 299
113 147 202 251 280
134 155 195 252 264
117 147 198 240 295
117 141 199 240 294
139 171 198 243 264
107 162 180 240 293
137 178 203 228 275
129 147 186 255 260
121 167 219 253 300
100 162 201 260 300
111 165 200 230 266
132 170 208 231 285
108 146 198 224 273
119 155 203 257 273
124 163 198 250 294
138 143 196 255 296
107 178 193 245 260
112 170 193 247 274
115 143 204 254 288
132 167 215 260 260
102 157 213 240 270
138 167 213 221 296
119 166 202 236 300
136 168 217 244 272
101 176 218 257 266
139 147 200 260 294
107 161 189 238 286
117 142 214 240 292
136 140 207 220 270
103 156 191 233 282
119 172 206 238 261
135 169 210 221 299
126 171 200 229 271
106 163 209 220 297
133 149 215 233 292
130 166 183 220 278
120 158 200 238 271
135 147 200 221 287
107 157 218 239 276
117 153 197 235 273
101 162 215 249 260
130 149 206 246 293
107 153 190 253 300
113 170 180 242 260
140 154 209 241 273
114 153 210 252 268
115 171 215 246 281
1561 1861 2329 2641 3301
4621 5531 6721 8751 10396
2689 3721 4489 5353 6985
5033 5921 7623 8770 10620
3730 5050 6172 8548 9076
3452 4322 6178 6729 8614
1927 2665 3529 3997 5311
5677 7010 8988 10063 11439
1597 1717 2197 3061 3577
2809 4603 5383 6761 6787
5041 7309 8905 9409 10963
3268 4699 5887 6535 7075
5979 7645 10291 12104 13035
3532 5050 6700 7360 9076
4401 7877 8053 10209 11529
4739 6947 8373 10857 12099
3037 3345 4753 5589 5985
5896 6886 8911 10531 12556
1795 1925 2848 3368 3732
2755 4699 5509 6616 7642
3214 4591 5401 6454 7939
2993 3961 4423 5105 6095
3801 6195 8133 9425 10793
1332 1673 2278 2454 2938
3781 4294 4861 6589 8020
4996 7291 9226 11206 13186
3499 5710 6106 7327 9505
3690 5054 6232 7689 9115
3730 4654 6205 7294 8944
5061 7569 9285 11265 13025
1825 2625 3393 4129 4161
2619 3763 4291 5435 5743
4921 6028 8857 9267 11727
3001 4321 5731 7741 8821
1509 2276 2822 3043 3498
3701 6217 7327 8955 10435
4258 5446 6337 7756 8581
1927 3205 3529 4519 5365
3349 4132 5752 6454 7345
5761 6865 9025 11329 14257
1548 2211 2835 3212 3888
2661 3501 3901 4601 5961
1953 2865 3057 3889 4225
5051 8601 9051 12901 13951
3673 4834 5941 6400 8020
2554 4095 5061 5636 6855
5167 6561 7873 9595 11932
4018 5461 7879 9478 10297
4789 6081 6917 9045 10945
6077 8674 9213 11369 14407
2509 3323 4775 5347 5743
4142 6069 8693 9472 11768
4417 5441 6113 8193 9473
2357 3345 4067 4352 5663
4447 6241 7216 8620 11623
4999 7008 9752 11663 13721
2296 2670 3180 3775 4540
1771 2281 2881 3361 4036
2071 2491 2746 3301 4456
4060 4654 6535 7327 8680
6673 6817 9601 10609 13153
2945 3888 4693 5268 6786
2584 2962 3823 4936 6070
5131 6803 6993 9349 11173
6487 7568 8602 10952 13020
4663 5292 7771 8400 9880
5587 7225 9073 10879 11929
3741 5713 6665 8025 9113
4929 6997 8581 10825 12673
1001 1591 1801 2411 2871
3738 6291 8067 8437 10065
2421 3323 4577 5347 5831
1606 2296 3181 3556 4486
3781 4024 5023 6346 7588
4478 6254 6846 8326 10731
4716 6725 8611 10333 11973
4511 6643 7914 10005 11522
3451 5101 5671 6751 8881
3649 5665 6529 7137 8321
3707 5543 6529 7889 8841
2661 3161 4001 4521 5501
2601 4451 5251 6401 7201
1905 2031 2745 3081 3795
5344 6826 7333 9829 11350
1569 2087 2717 3333 3963
4321 6801 7481 9921 11841
3886 5810 6735 9362 10879
1901 2851 3915 4922 5454
2531 3635 4440 5613 6441
1549 1813 2173 2713 3373
3181 5221 6451 7201 8881
1021 1691 2121 2461 3001
2021 3181 3961 4921 5661
6165 7039 9477 11547 13755
5377 6427 8191 9283 11005
4511 7176 8734 10251 11071
1310 1552 2234 2685 3103
1371 1631 2041 2381 2881
5413 5864 7832 10292 11030
3673 5545 6733 8965 9937
3133 4375 5239 6940 7831
2817 3477 4599 5215 5765
2393 3773 4877 5475 6418
3566 4527 6418 6914 8247
1667 2465 3025 3193 3739
2233 2719 3529 4501 5311
2041 3401 3621 4721 5841
4586 5601 6651 7876 9416
4885 6337 9329 10693 12585
3481 5192 5743 7048 8208
2941 4285 5069 6189 8289
1888 3044 3486 4268 4659
4417 5569 6657 7041 8353
4663 6069 7660 8659 9880
3251 4051 5451 5701 6601
3147 3979 5669 6189 7723
2801 4677 6105 6721 7561
1255 1541 2355 2839 2927
6616 7890 10291 11369 14652
6349 7131 9661 11685 12605
2296 2789 3707 4166 4557
4973 7569 9593 11177 11837
2917 4186 5293 6805 7777
4665 6425 9681 10165 12893
4561 6195 8323 9881 11135
2783 3745 5383 6579 7047
6441 7223 8649 11179 13525
4033 5185 7093 8749 9613
6487 8226 9166 11939 13913
3771 4583 5830 7541 7976
4559 7741 9461 11095 12084
3425 4577 6945 7233 8481
4105 5113 7813 8245 10189
5677 7657 8361 9857 11661
2521 3403 4453 4747 6301
5951 9001 10051 12801 14901
5839 6217 8023 9325 11383
1233 1882 2267 2707 3301
2761 4141 4164 5153 6303
2941 3256 4369 4642 6196
4155 4713 5674 7162 9022
4901 5216 6826 7771 10011
1369 1825 2245 2665 3121
1821 2213 2563 3221 3669
5501 7349 9329 10341 13069
3969 5550 6418 7224 8929
5086 6391 8731 10216 12061
3911 5849 7413 8263 8841
1357 2017 2557 2857 3145
4941 6271 7487 9805 10147
4321 5569 6753 7777 9505
2547 2927 3592 4884 5169
5241 6721 8321 9961 11681
2668 3319 4474 4852 6238
1809 2737 3313 3681 4689
2857 4901 6105 6161 7701
4860 7182 9117 9676 11525
3538 4294 5752 6319 7831
2951 4101 4851 6201 7426
3851 6231 7316 9066 10221
5003 5905 8693 9103 11768
1561 1885 2641 2893 3385
4989 6279 9461 9805 11783
3945 5747 6257 8671 9623
1101 1551 1941 2281 2811
3278 5105 5482 6555 8382
3597 4235 6033 7164 7570
1919 2381 2983 3291 3767
2113 2449 3505 3745 4209
2413 2719 3961 4609 5329
3783 4403 5612 7069 8991
4885 6909 9153 10693 11749
1457 2172 2393 2939 3784
2026 2566 3106 3511 3991
2965 3901 5591 6449 7541
5701 8601 10851 12351 14651
6322 8282 9997 11271 12790
3697 5182 7162 7327 9604
4885 5255 7290 9473 10879
2773 3361 4474 4789 6112
6721 7441 10417 12145 14065
5751 8651 10901 12001 14901
3649 4545 6945 7329 9409
2663 3411 4335 5061 6535
1541 1684 2311 2487 3070
2577 3382 4532 5797 6510
4067 5967 6879 8437 11097
4906 7651 8101 10261 12376
6440 7803 9354 10341 14054
3351 4126 5001 5901 7251
4969 7361 10075 11639 13387
1697 2705 2977 3553 4657
2007 2993 3452 4268 4999
3928 4885 6007 8053 9439
2576 4151 5201 5926 7501
4656 5216 7141 8541 9276
2161 3341 4341 5041 5441
3597 5178 6728 7379 8278
3895 4852 6931 8317 8713
2393 3589 4555 5728 6096
3713 5018 5743 6526 7570
5137 8449 10321 11761 13345
6119 8097 8373 11547 12513
1782 1886 2835 3368 3407
1601 2785 3361 3681 4721
3106 4078 5374 6400 7993
4860 6021 8386 10665 12213
4387 4795 6291 7515 9283
1849 1975 2591 3473 4089
6441 7591 9063 10121 13801
1171 1801 2081 2541 2931
4589 6069 7327 8178 10546
3557 4537 5993 6889 8149
1531 2251 3271 3886 4201
2551 4176 5301 6051 7376
4393 5869 7849 9181 10009
1801 2686 3016 3901 4036
3777 5249 6241 8129 8737
2913 4565 5209 6357 8289
3887 4670 6120 6642 7599
2761 3625 4609 5305 7129
2011 2401 2896 3421 3931
4552 5218 7290 8252 10250
5979 8380 9360 12202 14162
5685 8282 10781 12202 14162
2443 3477 4577 5677 6425
3615 4135 4863 6085 6839
5391 8380 9850 11712 13231
5461 6046 8386 9907 11506
3361 3985 4537 6193 6337
2541 2881 3721 4801 5581
1981 2446 2716 3721 4351
4341 4899 6046 7844 8991
3673 5761 6589 8497 9541
5521 5961 8321 9601 11321
5897 7129 9285 9681 13113
3251 3951 5076 6101 6701
5041 6571 8281 9946 13366
2927 3807 4819 4907 6337
1541 1750 2036 2817 3169
1821 1964 2458 3303 3485
1031 1801 1841 2261 2931
6601 8451 9451 13001 13851
2279 2551 3622 3945 4642
1354 1948 2157 2861 3037
2041 2534 3537 4353 4812
4837 6202 7411 9283 10492
1470 1860 2744 3329 3420
3451 3926 5051 5751 6851
4897 5293 6805 8245 10801
4321 6401 8201 10401 11721
3403 4483 5887 6319 7561
2205 3155 4143 4485 5625
6518 7988 9017 11663 14260
1255 1904 2223 2553 2982
2058 2466 3571 3843 4523
2021 2921 3681 4981 5221
3503 5815 6359 8263 9827
3014 3980 4463 5751 6372
2707 3851 4269 4841 5853
1920 3098 3782 4808 5321
3466 4984 6568 8548 9208
2209 2417 3489 4049 4481
4946 6408 8343 9934 12428
4478 5551 6735 8215 10398
2065 2545 3201 3713 4545
2878 3508 4579 4915 5839
2471 2984 4010 4637 5188
5716 7921 8101 11656 12376
1669 2137 2269 2905 3337
4946 6236 8343 9719 12428
1415 2171 2591 3571 3907
3730 5281 6502 7723 9274
4523 4999 6529 8059 8841
4417 5281 5793 7521 8481
2332 3760 3991 5251 5629
5951 7401 10901 11501 13851
6601 8151 9901 12701 14651
2261 3141 3741 4821 5741
5377 6133 8275 10249 12433
4183 5509 6869 8671 9317
1401 1671 2081 2481 2961
4279 4961 5643 7162 9053
2707 3169 4467 5083 6007
2521 2539 3367 4447 5131
1457 2302 2549 3108 3563
2993 3367 4093 5083 5941
3059 3829 4687 5105 6249
2224 3212 3725 4884 5625
2332 3718 4579 4705 6280
1285 1717 2197 3121 3601
2485 2575 3313 4249 4681
6812 8527 10438 11369 14358
1392 2211 2770 3108 3576
1779 2423 3011 3641 4201
4289 4641 6625 7169 9121
3601 5185 7705 8677 9505
2416 3571 4054 4873 6259
5881 7435 8779 10669 12307
3886 6402 6772 9399 10805
1486 1959 2036 2498 3147
4155 5147 6604 6821 9177
4271 5881 6406 9101 9486
5151 8301 11001 11701 13051
1381 2077 2497 2785 3181
3329 5153 6273 8129 9121
2101 2671 3046 3331 4081
3961 5401 7129 8893 10333
3641 4473 5331 6657 7021
3598 5710 6502 7987 9274
5107 6661 7068 8363 10768
3601 5329 6769 9289 9361
1031 1721 1971 2311 2771
4069 5545 7489 8245 10333
3781 5401 6769 7921 9469
3745 6157 6697 8713 10045
4473 6236 8816 9805 11310
2089 2593 3241 4087 5383
1431 2107 2861 2926 3901
1327 1847 2510 3186 3732
1723 2465 2745 3193 4005
3473 5209 5953 7596 8650
3945 4829 7379 8263 9249
6551 8301 9001 12951 14201
6101 8801 10801 12901 14201
4573 6121 7741 8137 10081
1548 2068 2640 3056 3719
5181 5551 7771 8400 9880
6385 7153 9793 12481 14305
4411 7183 8191 10123 11593
3175 3773 4670 5751 6004
4923 6487 8787 11225 13203
6812 8674 10291 11026 13770
4321 6481 6949 9217 10657
4291 5773 7957 9907 11233
2651 4426 5301 5776 6651
6111 8367 8931 10952 14007
3589 3927 4967 6189 7515
5342 6910 10389 11810 13476
1756 2356 3166 3466 4441
3727 4672 5752 6346 8074
2129 3383 3497 4542 5549
4324 5281 6172 8449 9142
5335 6763 8905 9871 11383
2585 3345 3687 4447 5587
3565 4687 6964 7822 9373
3241 4471 6391 7651 8641
1112 1893 2014 2850 2971
1769 2276 2406 3381 3784
4213 5653 7309 9145 9901
5876 7380 10247 12127 12926
6714 7547 9605 11271 14701
1391 1441 1911 2571 2951
1541 2395 2941 3347 3711
3481 4670 6323 7164 7628
1786 2687 3248 4421 4999
1101 1563 2256 2487 3191
3221 3543 4417 5659 6809
2901 4438 5917 6729 7860
2968 3888 4371 5268 6303
2604 3345 3440 4827 5188
2729 3961 4049 5589 5919
4321 5025 6913 7393 9505
3858 4061 5337 6961 8092
1651 2161 2731 3796 4306
6028 8821 9164 12447 14505
5521 7959 8695 11409 13157
5589 6601 9109 9769 13157
6851 8851 10151 11551 15001
3367 5578 7195 8317 9835
1573 2113 2425 2929 3289
7001 8351 9451 12501 13051
3481 4351 6323 7077 7657
3026 4151 4501 5676 6851
2086 2191 2776 3706 4426
6256 7651 8686 10396 12151
4961 6361 7241 9841 10921
4609 6121 7597 8209 9649
5361 5761 8481 10121 10521
4445 6997 9197 9725 13157
2692 3934 4900 5613 6326
3991 5011 5701 7561 8161
6028 8380 9605 12055 13917
4201 5923 7981 10207 11173
4961 7001 7641 9241 11641
4636 7561 9406 9901 12691
1681 2686 3061 3421 3961
4761 5815 6189 8263 9181
2761 4321 4681 5377 6937
2971 4321 5455 6346 7912
6951 8601 9401 11801 14501
5337 7085 8557 11869 13203
1665 2881 3345 3745 4465
3265 5121 6273 7297 9569
5495 6643 7545 9185 11645
4785 7959 8741 11731 12927
6166 7336 8371 11566 12691
3725 4621 5825 6721 7729
4959 5662 6920 8622 9991
5369 7305 8537 10693 11793
3126 4001 5376 5751 6751
2976 4076 5151 5776 7501
5618 5946 7422 9349 11563
1101 1431 1951 2271 2671
4841 6121 7321 10001 10921
5383 7913 8787 10397 12191
5701 8751 9601 12751 14151
2269 2941 4033 5461 5881
5503 6679 7897 10039 12559
3925 5941 7597 7921 9505
4446 5006 7001 7806 9416
1161 1661 2071 2381 2921
3221 4033 5265 6889 8065
5281 6721 9121 11761 12769
4681 6601 8681 9801 10641
4999 6931 8653 10333 12475
2905 3721 4369 6025 6505
5881 6889 7645 10207 12139
2857 3745 5257 5353 6553
2890 4402 5887 6265 7399
1244 1860 2366 2476 3026
1200 1574 2014 2498 3092
2461 2901 3721 4641 5341
1573 2113 2221 2941 3121
3452 4815 5685 6874 8121
1729 2865 3217 4129 4657
3979 4829 6835 8331 10167
5741 6971 8365 9677 11235
4486 6280 7372 8659 11233
3585 4593 5489 6161 7505
5209 6259 9157 9703 12097
5331 5905 8324 10005 10702
3510 4293 6091 6497 8092
5237 6953 8977 10473 13025
3076 4476 5501 5501 7201
2471 2699 3801 4637 5663
2949 3147 4313 5303 6315
4561 5435 7107 9045 9881
1611 2409 2759 3221 3991
3655 4728 5743 7367 8556
2998 4699 4996 6535 7021
2452 3345 3839 4504 5207
4131 5706 6756 8191 10151
1405 2077 2365 2821 3313
1442 1728 2377 2542 3114
3781 4861 5431 7021 7921
4097 4833 6721 7041 8769
1244 1574 2080 2707 3004
1873 2769 3169 3681 4769
2701 3141 4161 4781 5501
3037 3405 4762 5544 6878
1821 2198 2627 3238 3706
2473 3505 4321 6049 6433
3889 5833 7093 9181 9901
1821 2185 2731 2861 3472
6224 7890 9115 11957 13525
4177 5833 6769 8857 10225
3313 4009 5233 6241 7129
3106 4753 5023 6481 7615
6301 8851 9001 11401 13301
1379 2159 2341 3329 3706
4849 7777 8929 12193 13969
4257 5377 6273 7937 8929
1415 2325 3081 3529 4173
4873 6973 8233 10249 10921
5233 8305 8737 11089 12769
4081 6041 7201 9681 11241
4201 5741 6721 9066 10116
1496 2042 2471 3212 3485
2551 3901 5376 5601 7451
5587 7477 7813 9745 10921
2728 4645 5725 6967 7777
4915 6748 7567 9478 11428
1681 2701 2821 3511 4471
1417 2053 2437 2761 3589
6273 8184 10683 10928 12937
2971 4537 4861 6238 7696
4573 5689 7885 8317 9721
3537 4681 5201 6111 7723
1145 1937 2234 2432 3125
1854 3027 3418 3809 4914
2509 3807 4731 5567 6469
6064 8273 10153 11187 14101
4115 5645 6903 7753 10099
5249 5864 8570 10497 11809
4271 5566 7281 8856 9136
3091 5011 5941 7561 7801
1667 2073 2521 3179 3809
1273 1933 2341 2641 3121
5651 8601 10851 11301 15001
3193 4173 5209 6245 8373
2647 3487 4117 4768 6259
5281 8449 8881 10897 13537
1211 1673 2047 2586 2916
4155 5178 6294 7565 9301
4115 5475 6801 7855 9317
1381 2161 2353 2737 3325
4757 6315 8283 9759 11440
2752 3088 3823 4768 5587
4177 5581 6697 8893 10513
2887 4629 5201 6293 7489
4265 5987 8980 10538 11522
5097 8037 8968 11712 14162
3452 4554 5482 7280 7541
4591 7741 9451 11116 12736
1820 2653 3197 4149 4846
2431 3169 3493 4015 4969
1222 1871 2256 2630 2927
3649 4705 5793 7649 9377
3873 5729 6433 7457 8353
4901 8380 9997 12692 14554
5153 7683 9201 10903 12605
2001 3421 4201 5181 5601
5167 7057 8653 10417 12307
6166 7021 8641 9991 12781
4753 5725 7813 8245 10009
4219 5181 7142 9066 11064
1231 1661 2201 2371 2791
1905 2311 2885 3571 4117
3469 4761 6835 7991 9351
2300 3155 3896 4694 5378
3337 3505 5185 6049 6673
4637 6271 8057 8513 10337
4001 5961 8441 9441 10961
3026 3826 4651 6301 7051
4889 7615 9213 10435 12456
4675 5823 7627 9759 11276
2125 2575 3799 4501 5023
1691 2198 2523 3342 3511
2853 3750 4762 5705 6004
3921 4481 5573 7169 7617
3841 5313 6881 7937 8385
1919 2017 2801 3179 3851
2569 3937 4369 5545 6649
5044 6561 8980 9062 11358
4962 7381 7955 10538 11358
5356 7831 9811 11521 13456
4096 4901 6721 8226 9346
1711 2401 3061 3391 4441
1309 2101 2197 2677 3565
4225 4641 6849 7425 9441
3121 3719 4707 6085 7021
4996 6513 7105 8215 9806
5453 7474 9072 10529 12738
3539 5047 6178 6642 7773
3169 4177 4417 5881 6913
1963 2827 3709 4213 4735
4243 6553 8485 9367 11593
4876 5695 7879 9049 10648
2601 4473 5513 6527 6761
2501 3441 4301 4541 5721
5503 6805 8695 9829 12181
3106 3221 4762 5475 6694
2547 2794 3915 4694 5644
5401 9001 9801 11901 14851
3775 5543 7073 7651 9521
5843 6947 9661 10167 13617
1496 2029 2484 3381 3693
2269 3205 3853 4519 5401
2197 3133 3799 4519 5005
3839 5967 7449 8513 11173
2347 4141 4141 5061 6464
1681 2221 2746 3871 4141
4408 6943 8074 8620 10726
3956 5391 6861 8996 9136
6337 7201 10561 10609 14305
1695 2395 2731 3123 4159
4533 7393 7965 9769 12585
6440 8085 9448 11422 12879
4962 7053 7914 10128 11194
1973 3027 3231 3945 4948
4903 6271 6879 9045 11097
2361 3141 3781 4601 5421
4108 5403 7919 8326 10139
5237 6733 8229 10825 12453
4831 6993 9201 10259 12421
2287 3115 3835 4357 5149
4848 6513 7216 8585 9954
5761 7825 9505 11041 12865
1457 2211 2536 3212 3888
3133 4409 6265 7338 8382
2641 3367 4181 5457 6491
1585 2149 2305 3025 3601
3877 6841 7145 8513 10033
4634 6151 7545 9759 11153
5636 7939 10291 11369 14211
6577 8305 10513 11473 13153
4489 6865 8185 9857 12761
1657 1885 2617 2989 3241
4183 5741 8365 10620 10784
2701 2981 3641 5061 5381
3109 4761 5853 6721 7505
4271 5251 6441 8156 9696
2041 2961 4101 4541 5901
6346 7286 10059 11845 13866
6256 6526 8191 10846 11926
2785 3553 4441 5809 6649
3775 6180 7327 8585 10065
1889 2817 2881 4129 4449
3337 3649 5209 5929 6913
3754 4213 5671 6994 7075
4860 7311 7827 10063 11783
3960 6624 8141 9140 9621
3132 5302 6139 7038 8402
1525 2113 2449 2833 3337
4478 5329 6661 8585 9621
4636 7246 9001 10801 13141
3809 4761 7481 7583 10167
1200 1893 2344 2575 3235
3631 4621 5851 7381 8671
2431 3169 3295 4483 5149
4330 5736 6772 9103 10583
4192 4819 6007 8053 8581
2801 3601 4161 4781 5841
4186 4682 5922 7317 8402
4848 5292 8141 9103 10361
1145 1948 2146 2773 2883
3329 5601 6657 7489 8321
4561 5321 8133 9387 11249
5641 6675 8602 11986 12832
2773 3655 4558 4999 5503
2148 3174 3839 4333 5568
2551 3976 4626 6376 6651
4013 5271 6359 8773 10099
1713 2769 2977 3633 4305
4429 7053 8488 9841 11768
3485 4031 4759 5825 7749
3133 4537 5077 6886 7210
4330 6513 6994 9214 10065
4709 6249 9329 9857 12189
1444 2250 2666 3368 3732
2817 3851 4005 5633 6337
2481 2921 3801 5141 5581
1905 2073 2661 3445 3725
5705 8051 9247 10765 13341
4408 5461 8074 9244 11311
4521 5761 8481 9641 11481
6161 7833 9109 11133 13025
5121 5761 8521 9321 11161
5457 6557 9417 11177 12101
4361 6681 8521 9881 11961
4387 5305 6461 7617 9215
1530 1915 2267 2795 3125
5041 6526 9361 10171 13411
1996 3136 3972 4884 5131
2623 3250 4086 4295 5492
5337 8051 9891 11363 12973
4637 6575 7449 8627 10565
2465 3653 4225 5347 6205
5335 7351 7561 10585 11299
3061 4561 5701 7201 9001
6028 7694 9066 12251 13917
5941 7066 9766 11386 13006
1453 1909 2257 2965 3157
3132 4434 5767 7007 8619
4341 4899 6077 7627 9022
3673 6049 7309 8137 10045
4849 8017 10273 11761 13489
2575 3191 4115 5589 6161
2757 4421 4681 6293 6865
1509 2302 2796 3303 3537
4717 5401 7777 8317 10153
3997 5041 6553 8749 9649
2920 3256 4222 4747 6217
2033 2625 2913 3665 4161
1332 1915 2245 2619 3103
3101 4434 5612 7596 8278
4849 6721 9841 11329 12721
3895 5281 6568 8086 8713
1751 2003 2549 3123 3991
3152 3405 4900 5843 6786
1291 1461 1901 2521 2741
1285 1861 2461 2977 3409
5461 5968 8269 10141 11116
5209 6301 8527 10921 11257
2807 3543 4256 5222 6464
3529 4537 5237 6749 8205
2001 2561 3409 3889 4433
6027 7775 9293 10903 12007
3193 3505 4873 5857 7105
1779 2521 2689 3515 3977
3241 4321 6151 7141 8161
1803 2823 3588 3911 4659
2705 3953 5643 6683 7541
1861 2626 2926 3781 4456
2041 3027 3401 4353 4812
4885 7789 8933 9681 12101
5677 7657 8977 10033 12629
2053 2989 3943 4069 4825
5311 6886 8416 10081 12286
4602 7139 8945 9762 11224
3754 4861 5131 6265 8020
2041 3481 3781 4801 5761
2604 2851 3592 4808 5226
6812 7841 9262 11026 14015
4293 5218 7438 8585 10176
1499 2199 2549 3165 3641
1701 2925 3197 4319 4438
3394 4815 5598 6410 8324
5331 7217 8201 9185 10866
1429 2395 2619 3515 3683
2490 2946 3459 4371 4998
1704 1886 2510 3056 3771
3025 4402 5509 6940 7156
3979 5500 7723 9556 11194
4801 7201 8689 11233 13873
2333 3367 4533 4929 6535
1444 2029 2458 2926 3563
3361 5221 5491 7711 8521
1891 2251 2986 3886 4066
3873 4929 6721 8001 8385
1297 1909 2329 3097 3433
1977 2756 4029 4447 4979
2211 2857 3401 3962 4625
5085 5782 8324 9472 12096
1071 1711 2191 2521 2701
4866 5916 7071 7841 9381
4579 6847 8275 10753 11425
3249 4061 5453 7425 8295
1936 2446 3151 3361 3961
3673 5761 6985 8821 10513
5153 7545 9983 11823 12881
2737 3841 5113 5881 6289
2883 3367 4533 5281 6007
5489 7743 9507 11222 13574
3026 4176 5301 6126 7026
1601 2337 2897 3873 4529
3673 5977 7741 8785 9757
6349 6441 8327 10305 12973
1701 3044 3588 4013 4727
4361 5841 7281 9041 10761
4945 7729 10369 11713 14353
1353 2029 2536 3069 3823
3060 3980 4969 5751 6487
6303 6579 9339 10811 12053
4411 5531 7456 8541 9101
1519 1871 2278 2850 3103
5321 6119 7373 9121 10565
3132 4930 6511 6883 8619
2949 3169 4379 4995 5787
4371 5549 8019 9159 9919
6165 7269 8787 11225 13157
5030 7145 9307 10341 13772
4401 6721 8081 9681 11721
1701 2568 3452 4064 4676
4108 5514 8141 8881 9843
1855 2989 3601 4015 5005
1665 2055 2432 2900 3602
3796 5545 6799 7657 8713
4236 5846 7351 9066 9346
4081 4711 6301 7441 8491
3817 5041 7201 8533 10045
6501 8101 10551 11451 13351
3563 4499 4889 6761 7385
4757 6766 8078 10374 11440
3673 5441 6597 8603 9385
3865 5041 5993 6777 7813
1483 2016 2536 2913 3485
1333 1705 2449 3085 3145
5765 6953 8141 11309 13157
6119 7729 9937 11777 13065
3931 4771 6091 7021 8461
1807 2045 2591 3543 4075
2441 2961 4181 5061 5561
3256 5178 6387 7627 8309
5305 6163 7528 9049 11467
5105 6909 8757 11309 11661
5832 8723 9458 12447 13721
4241 6321 8041 8841 11921
1696 2311 2881 3886 4201
3938 4961 5581 7224 8185
2584 3004 4033 5146 6238
3249 4177 5685 6990 8034
5218 6863 8555 10623 13537
2959 4496 5772 6468 8208
3423 5018 6062 7367 8469
5581 7741 8146 11251 12871
1713 2769 3521 4097 4641
3501 4705 5853 6693 7589
2752 3277 4096 4894 6070
4388 7094 7955 9021 10661
3921 5251 7631 8646 9381
1701 2670 3367 4149 4727
1808 2159 2419 2965 3498
4341 5496 7071 7736 10291
5751 7591 8373 11455 12191
4057 6748 7879 9595 11545
1237 1753 2401 2653 3505
3631 5401 5701 7291 8671
3452 4931 5366 6961 7628
1889 2817 3249 3569 4369
4465 5689 7093 8533 9397
5839 6049 8275 10795 11551
3887 4206 6207 6729 8498
2531 3819 4325 5728 6326
3251 3901 4551 5901 7451
2361 3061 3701 4841 5341
5188 6358 7879 8737 10843
5618 6848 7873 9431 12178
4591 5509 6801 8195 9555
1081 1721 2151 2601 2801
2817 3851 4423 5215 6205
4522 5380 6931 7525 9241
1937 2817 3457 4001 4513
2689 3550 3907 4789 5692
1497 1728 2366 2817 2872
2782 4186 4915 6346 7426
2751 3501 5501 5651 7451
4033 5249 6977 7777 8929
3025 3721 5065 5809 6313
4001 4673 6465 7873 8449
5105 7085 9593 10297 12057
3329 5441 6081 7329 9313
5005 5545 7705 9001 10693
3198 3819 4785 5199 6763
2731 3571 3928 4705 5608
3681 5761 5825 7041 8385
3503 4999 6903 8739 9079
4108 5625 7364 8659 9917
1945 3205 3403 4123 5203
1981 2845 3493 4591 5401
5356 7966 8911 11476 11926
4029 6727 6955 8399 10299
1905 2437 2549 3515 3865
3641 6196 6511 7946 9801
3433 5380 6964 8449 9505
1401 2423 2577 3291 4131
3133 4699 5685 7396 7889
2863 4213 5185 6643 7561
1415 2003 2913 3529 3767
4817 7268 8902 10622 12170
5061 6689 9197 10209 11881
3201 4961 5921 7233 9537
4901 5881 7246 7911 10221
2521 2719 3925 3979 4807
2458 3739 4222 4726 5587
3104 4351 5627 6874 8469
5291 7223 9845 10121 13801
1613 2068 2627 3069 3550
2901 3776 5326 5926 6576
2977 4225 4393 6241 6337
4446 5986 6476 7771 9346
3361 5697 6913 8257 8673
3417 3921 5965 7169 7785
6076 7381 9856 11701 12286
4485 5321 7487 9501 10565
2801 4537 5937 7057 7953
4601 6841 8321 9921 11841
4625 5169 6495 8467 9895
2381 2789 3282 4404 4710
5755 6469 8695 9829 12139
2839 3323 4709 5105 5853
3745 5401 6877 8497 9577
6031 6616 9361 10846 12916
1499 2115 2997 3095 3991
4659 5577 7345 7991 9419
1513 1993 2557 2893 3133
5121 6561 7441 9761 10881
5093 6309 6993 9501 10603
5851 8851 9051 12551 13451
5301 8001 9651 12701 14551
2330 2738 3350 3860 4710
3994 5215 6007 7525 9802
1678 2003 2770 3108 3784
5356 7066 9811 10081 13231
4625 5509 7005 8161 9861
1381 1789 2221 2761 3481
1626 1990 2653 2978 3797
5369 6557 8053 10957 12981
3690 5581 5922 6821 8309
3829 5446 6172 8548 9109
5422 6475 8347 9400 10492
1393 2161 2473 2917 3589
1633 2369 3217 4113 4289
2416 3004 4159 4642 5545
3605 5033 6325 8705 9997
5015 7499 9477 10995 12237
3137 4145 5321 7057 7561
2467 2953 3673 3979 5059
3435 4999 6121 8025 9657
5633 6425 7921 10297 12893
1537 2161 2497 2797 3457
5665 7153 10225 11617 13057
5601 5841 8161 9561 11601
4726 7786 8596 10576 11971
2784 3980 5061 5199 6004
3979 6904 7528 9790 10492
3829 4951 7162 7624 9175
6616 7547 10046 11320 13721
6763 7694 10046 12447 14407
2301 3201 3861 4541 5201
1841 2401 2945 3617 4417
1597 2077 2281 2701 3517
1793 2289 3217 4097 4337
1761 2449 3089 3809 4161
1803 2959 3078 4013 4625
2528 2718 4029 4808 5150
3145 3481 5041 6145 6817
5105 7789 9593 11309 12981
1161 1661 2051 2321 2901
3800 4815 5424 6845 8121
6714 7302 9948 12447 13378
2209 2609 3377 3761 4193
4241 6081 8401 10081 10761
3713 4844 5627 7483 8005
3681 4737 6753 7489 9569
1621 1885 2509 2941 3133
4923 8005 8511 11731 12651
2563 3214 4012 4831 5797
1527 2087 2577 3081 3711
4295 5777 8361 9501 11211
5587 7477 7855 10291 11383
4837 6709 8113 9985 10570
3017 4960 5627 7193 8469
2857 3793 5017 5809 7201
2621 2941 3861 4741 5981
2485 3957 4486 5222 6441
4564 6787 7996 9907 11428
1633 2785 2993 3857 4705
5005 5581 6805 8533 10621
3132 5550 6821 6914 9084
2341 2899 3403 4195 5149
3886 5810 7623 8326 10768
2707 3609 4775 5721 5941
2007 2415 3299 3996 5067
1601 2369 2961 3841 4689
2041 2686 3061 3781 4156
1471 2031 2871 3445 3935
3445 4341 5825 6301 8037
2269 3109 3865 5062 5503
4564 6943 8581 9634 10999
4047 6019 7345 8399 9283
3381 4187 5123 6111 7463
6029 6953 9285 10297 12321
4860 6494 8171 10837 11181
3814 4403 6201 7503 8340
6301 8301 9651 11901 13651
4388 6192 7996 10538 10825
4816 7336 9541 11656 13501
2501 2841 3861 4881 5921
4897 7921 8929 12241 13249
2541 3161 4221 4521 5421
1996 2311 2716 3571 4291
2185 3592 4390 4705 5776
2669 3635 4210 5452 6257
2731 3214 3991 5461 6154
2471 3003 3782 4618 5131
4796 5706 7526 8121 10361
5734 8723 9311 12692 13819
4621 5083 6799 7756 9208
4946 7483 8300 10493 11869
5406 7427 9683 11093 12691
4789 7477 8779 9241 12559
2261 2941 4041 5021 5601
6567 7596 9556 12349 12937
5149 6469 8713 10561 12981
1288 1552 2190 2641 3235
3059 3763 4357 5347 5809
4923 7453 8281 11041 13479
5481 7121 8121 9121 11001
5290 6028 7627 10456 10661
2663 3675 4819 5567 6601
4201 6805 8443 10921 12601
2776 4126 5001 5751 6651
1453 1871 2289 2542 3136
3997 5403 7327 8289 10102
3571 4651 6091 7711 8191
5581 7336 8911 11251 13231
4279 4434 6077 7906 9177
3853 6409 6949 8821 9361
3025 4591 5212 6670 7399
4026 5006 7141 8891 10081
4885 6180 7956 9621 9621
4183 6438 8734 9841 11071
5659 6848 8734 9062 12137
5594 7803 9495 11093 14101
5033 6217 8030 9029 10065
2930 5105 6323 7454 7715
5978 6322 8601 11181 12643
3211 4831 5671 7141 8581
1990 2415 3639 4081 4965
1769 1821 2692 2861 3511
4430 6709 8214 10020 12127
5475 7913 9477 10949 12007
6481 8113 10081 10609 14353
2395 3250 3801 4352 5150
4771 7336 9406 9901 13366
3060 3428 4946 5360 6717
1301 1661 1831 2201 2781
5281 6953 8801 10473 11925
2566 2794 3801 4200 5454
2248 3298 4579 5020 5797
3160 4132 5320 6346 7372
4445 7129 9461 10957 11441
3121 3577 4945 5905 7033
3318 4744 5891 7844 9301
2374 3571 3781 5083 5461
3361 3697 5017 5785 6553
1711 2296 3151 3781 4021
2531 3763 4731 5413 6183
