200 10 5
3 65 93 71 39 85 41 99 42 71 60 0 15
4 98 98 93 25 96 69 29 30 21 71 0 17
6 79 63 92 51 86 76 46 80 37 44 0 28
10 84 29 86 25 30 22 80 47 33 67 0 50
6 27 67 32 53 69 74 85 69 69 22 0 28
3 89 64 70 86 63 74 24 50 67 38 0 12
3 29 76 39 28 79 58 49 24 78 26 0 11
3 39 66 74 70 91 58 46 45 45 91 0 12
3 20 51 20 96 86 94 66 86 80 75 0 12
7 45 80 66 45 64 64 94 26 39 58 0 33
3 94 85 22 46 84 90 25 29 38 92 0 15
6 31 25 58 65 75 29 72 98 51 49 0 29
8 61 46 83 25 42 89 97 74 93 82 0 38
4 85 47 45 23 70 93 39 54 26 26 0 20
9 68 29 71 30 50 79 54 72 20 99 0 41
8 85 21 94 97 56 78 89 93 93 73 0 36
6 92 71 71 57 32 97 74 86 67 83 0 27
5 42 69 43 66 45 80 46 73 40 60 0 21
7 99 76 58 68 43 42 64 44 70 50 0 34
5 79 96 29 88 43 26 50 87 42 43 0 23
9 59 78 30 36 37 32 62 88 53 26 0 41
5 40 69 80 26 23 75 27 56 81 76 0 21
4 40 70 91 25 91 24 27 37 92 87 0 19
5 22 59 24 72 38 87 31 23 92 59 0 22
3 70 56 42 52 26 21 65 73 95 66 0 11
9 76 56 29 83 58 67 64 84 40 36 0 45
2 34 34 28 29 51 96 69 24 75 43 0 10
3 34 48 32 61 49 49 36 68 51 61 0 11
9 21 85 67 50 70 61 44 36 34 86 0 44
9 43 70 54 22 24 62 95 90 67 84 0 43
8 95 44 29 91 61 93 47 53 77 67 0 40
7 64 68 50 74 67 26 75 51 54 89 0 33
7 84 25 50 75 50 65 85 71 28 47 0 35
8 99 79 41 35 37 46 67 95 78 32 0 40
3 84 69 35 80 29 33 25 67 46 31 0 11
10 36 50 28 71 99 39 94 50 41 60 0 48
7 72 87 34 95 82 81 83 61 75 40 0 32
4 24 66 71 58 20 96 54 82 67 60 0 18
10 54 84 38 80 78 31 36 79 34 90 0 46
7 85 26 92 57 30 32 75 63 25 66 0 34
5 90 38 69 36 23 39 89 38 31 89 0 22
4 53 51 64 25 99 53 33 93 39 38 0 19
6 86 93 55 41 79 27 74 54 25 86 0 29
7 56 66 70 55 69 86 42 31 86 79 0 34
3 30 85 85 45 67 99 66 41 82 57 0 14
4 74 78 31 55 47 89 73 32 44 66 0 16
9 40 99 63 84 54 51 35 63 25 38 0 41
6 93 56 93 58 58 91 34 64 74 34 0 26
8 33 83 40 80 70 85 64 22 39 94 0 40
2 46 47 51 43 29 26 28 36 99 69 0 10
9 42 72 28 57 50 52 94 83 46 82 0 45
10 57 72 87 37 27 91 92 31 87 82 0 49
6 39 29 57 22 64 34 88 58 81 88 0 28
5 28 41 59 87 28 30 49 35 20 41 0 23
3 56 92 29 82 72 76 28 76 36 39 0 11
9 63 30 28 81 26 63 88 23 21 33 0 41
4 78 92 32 56 29 53 84 52 67 81 0 20
7 44 59 40 66 21 27 49 86 34 90 0 32
4 96 92 50 45 53 23 35 26 67 97 0 18
8 31 78 22 69 65 50 86 46 53 53 0 40
6 78 91 69 64 84 81 38 42 59 28 0 30
4 65 58 66 57 21 30 22 81 57 73 0 17
3 47 85 68 74 21 41 63 56 23 40 0 14
5 81 69 21 82 37 60 61 86 71 58 0 22
6 64 33 45 83 44 23 28 63 92 48 0 26
6 33 43 54 38 36 67 34 87 51 85 0 27
5 87 76 79 94 63 89 39 90 64 28 0 24
7 24 42 36 86 90 46 28 34 53 71 0 33
7 44 89 96 31 57 21 89 71 29 81 0 33
7 45 93 86 84 67 36 61 34 24 80 0 34
3 98 73 84 54 99 89 22 70 66 46 0 15
10 32 32 46 31 78 85 69 42 71 76 0 48
4 22 69 94 66 93 82 79 89 61 24 0 17
6 52 60 33 96 56 80 89 64 29 84 0 27
10 33 97 54 30 88 69 31 92 61 56 0 48
10 89 65 29 91 31 49 68 90 31 28 0 50
3 70 34 22 97 73 88 94 94 43 73 0 11
7 47 79 21 51 68 99 92 97 89 72 0 31
5 100 25 59 49 42 78 63 22 82 57 0 23
7 93 63 47 62 80 96 51 38 51 79 0 31
6 63 43 32 82 81 26 85 22 46 94 0 30
5 74 70 65 54 53 53 51 38 97 71 0 25
9 87 96 31 58 67 78 38 53 38 21 0 44
8 97 23 28 43 75 32 83 88 33 87 0 39
3 40 65 78 21 33 88 87 44 83 21 0 11
3 51 53 97 53 40 47 87 73 93 37 0 15
9 68 63 87 54 46 64 57 59 71 69 0 41
3 92 53 45 37 67 34 49 88 89 97 0 15
4 65 92 48 30 84 27 57 30 33 56 0 18
6 82 60 38 26 25 46 42 44 78 76 0 30
5 82 97 52 71 26 73 79 33 82 25 0 22
7 76 69 72 23 55 47 34 88 58 97 0 35
6 65 63 61 32 86 36 40 75 64 47 0 28
7 97 21 37 90 35 55 91 96 75 71 0 33
10 38 53 38 58 74 97 32 70 26 47 0 49
7 35 88 85 98 58 94 60 82 69 31 0 34
3 48 60 99 35 44 73 55 61 39 42 0 13
10 36 46 67 94 88 48 81 94 28 49 0 47
4 85 44 97 96 73 63 86 54 52 43 0 18
3 85 60 87 74 51 99 38 67 67 60 0 15
7 51 76 82 53 27 70 53 25 91 44 0 32
7 41 94 98 95 51 33 87 31 21 23 0 32
5 38 79 86 58 71 56 86 96 52 41 0 22
6 78 49 77 73 26 84 95 78 72 60 0 27
10 49 36 27 47 96 97 33 74 86 72 0 49
4 87 55 92 53 74 60 56 84 22 95 0 18
7 82 26 90 92 76 45 92 66 31 57 0 31
7 49 49 50 68 87 35 94 73 58 26 0 32
8 47 27 61 34 59 72 99 52 73 22 0 39
8 22 93 90 24 36 86 57 51 27 80 0 37
3 91 70 28 73 92 89 21 27 99 77 0 13
5 55 62 33 56 37 67 40 72 69 73 0 22
5 75 60 66 43 22 89 38 49 30 41 0 24
5 87 64 70 90 31 71 82 84 68 51 0 21
6 56 95 42 88 27 34 25 87 84 25 0 26
4 85 50 61 60 76 28 89 68 21 36 0 17
6 58 86 28 99 90 86 46 54 85 29 0 29
9 88 81 28 31 57 22 88 51 36 63 0 42
9 21 94 38 64 67 83 91 61 77 42 0 41
8 40 63 64 27 47 69 23 44 32 90 0 38
9 49 91 29 50 69 78 29 32 59 69 0 41
8 64 70 68 94 76 41 45 83 60 74 0 38
3 89 47 22 75 46 80 21 74 93 94 0 14
5 99 36 99 24 63 29 32 59 72 68 0 22
8 62 37 68 44 21 33 88 26 60 38 0 36
10 77 54 63 71 31 51 63 79 52 40 0 48
5 88 89 23 21 75 25 48 65 62 69 0 24
9 46 99 69 64 39 49 83 96 55 58 0 45
4 52 43 75 68 62 40 88 90 91 71 0 18
10 22 51 50 30 88 67 81 35 68 28 0 50
3 65 74 93 82 57 59 78 49 64 40 0 14
9 84 48 95 68 61 63 26 72 76 72 0 44
9 77 34 47 81 48 84 53 35 78 79 0 42
9 67 75 45 76 51 93 23 90 90 49 0 42
6 22 55 26 74 31 63 96 29 82 94 0 26
5 26 87 92 83 79 21 28 22 85 54 0 25
5 69 77 50 90 90 90 61 91 34 69 0 23
5 76 57 62 63 67 25 90 53 35 42 0 25
7 48 27 35 100 92 84 62 66 83 39 0 33
9 86 21 67 76 88 99 80 27 98 23 0 44
9 40 52 28 38 93 25 67 71 37 87 0 42
10 85 53 70 21 94 55 80 71 78 25 0 48
3 33 86 60 52 62 49 30 36 94 70 0 12
9 26 62 31 25 26 86 81 22 96 25 0 42
10 22 96 39 72 25 85 49 79 24 60 0 46
4 58 60 70 36 47 43 61 50 36 83 0 16
3 87 63 63 90 71 25 30 65 85 56 0 12
3 67 42 76 36 76 71 46 76 32 75 0 15
9 70 25 33 96 40 89 78 47 95 55 0 42
3 22 87 64 45 29 50 55 26 87 67 0 12
7 71 70 53 23 43 74 79 42 85 25 0 34
9 83 71 54 26 81 70 86 54 96 30 0 44
10 46 47 59 47 73 59 72 86 64 23 0 46
7 33 77 24 42 68 75 50 50 76 99 0 31
10 49 55 34 26 48 22 98 90 48 27 0 50
4 20 62 81 36 68 35 33 90 34 55 0 20
7 82 59 63 73 63 98 60 56 97 58 0 32
10 30 97 87 64 80 45 94 44 92 86 0 48
10 33 47 53 86 30 82 77 90 30 28 0 46
3 65 78 92 66 67 31 60 42 53 83 0 14
3 69 93 59 36 60 28 94 21 99 31 0 13
6 78 71 48 67 21 25 67 50 54 89 0 27
5 59 84 38 91 82 90 32 21 49 73 0 23
7 91 26 34 92 60 43 81 88 76 60 0 32
4 43 67 83 39 76 58 75 42 53 99 0 17
3 76 93 94 44 50 87 77 62 54 88 0 11
4 55 82 72 81 64 42 22 82 38 34 0 17
6 38 44 62 83 33 49 98 63 59 100 0 26
8 60 92 54 62 41 60 93 86 23 46 0 39
3 45 88 45 70 94 94 21 54 21 51 0 13
10 89 63 85 54 56 82 68 67 44 31 0 49
9 44 29 78 20 23 91 59 51 72 66 0 45
6 39 99 82 48 44 26 74 86 84 54 0 29
10 43 49 96 58 65 82 67 27 73 65 0 46
6 33 92 30 77 38 58 53 29 78 39 0 29
9 88 82 46 92 81 95 31 49 52 51 0 45
5 40 57 61 22 29 20 56 26 89 34 0 21
8 86 27 95 83 21 84 69 45 90 45 0 38
5 26 62 69 88 67 95 78 31 25 46 0 24
8 57 63 78 34 33 42 99 23 61 31 0 36
7 68 96 67 23 21 67 55 40 47 20 0 34
4 45 32 85 51 23 82 88 60 75 26 0 16
8 65 73 24 54 46 71 51 73 22 81 0 40
3 38 67 50 64 32 85 63 37 36 22 0 13
10 43 50 87 90 76 56 99 57 50 47 0 50
5 79 57 54 67 44 93 37 32 79 77 0 22
3 42 22 24 41 60 88 75 65 23 99 0 12
6 85 56 78 84 98 71 46 57 45 74 0 29
3 99 72 60 64 85 49 45 48 88 97 0 13
4 33 95 42 57 42 97 75 70 22 38 0 18
6 51 67 26 71 76 77 43 45 44 64 0 29
8 58 53 62 53 41 29 98 86 44 93 0 40
9 64 72 78 76 87 41 89 64 36 75 0 41
3 85 76 65 58 89 78 75 24 46 63 0 13
4 59 36 89 74 26 79 79 51 97 61 0 18
9 88 21 71 77 58 58 26 71 71 60 0 43
3 93 95 21 88 78 84 91 90 97 53 0 14
9 21 39 74 68 67 53 98 63 90 85 0 42
10 21 74 62 53 90 86 59 44 88 68 0 48
4 69 28 74 30 49 43 42 62 49 45 0 20
41 34 54 37 34
133 164 212 250 289
135 167 213 258 287
117 140 200 237 272
107 164 191 224 294
113 161 188 228 264
101 148 193 229 278
135 144 200 222 300
135 144 188 241 299
126 150 220 235 291
130 180 203 242 279
121 146 182 257 288
121 162 190 230 298
101 141 218 254 271
128 143 188 250 283
131 165 182 248 287
120 175 182 255 267
137 178 212 255 275
122 156 190 224 275
102 150 180 242 269
102 174 213 237 290
106 159 196 226 289
127 151 182 232 290
101 160 198 225 288
129 172 217 252 268
133 156 209 233 265
105 160 197 221 286
136 172 183 227 285
137 141 199 223 293
115 175 193 260 260
120 161 180 231 265
116 168 220 221 295
121 159 185 259 266
123 166 188 228 296
136 177 220 258 290
111 155 215 244 286
112 164 209 246 298
118 178 215 231 295
123 176 186 243 280
112 168 220 246 280
129 150 196 235 279
132 140 210 247 287
102 178 219 260 270
110 166 193 227 266
139 149 209 238 273
118 153 183 239 286
113 169 198 245 281
122 161 201 226 267
118 173 182 242 269
125 142 220 248 268
112 179 191 255 282
120 154 199 260 273
105 173 183 220 299
140 161 180 225 261
122 158 208 233 296
107 155 180 248 290
132 164 189 223 290
117 156 203 232 274
102 180 210 255 274
112 153 202 249 268
135 169 198 226 279
127 154 202 227 277
124 149 217 260 280
129 163 212 241 275
124 147 212 258 280
105 148 204 230 292
106 163 213 258 291
110 171 199 255 298
111 156 219 224 299
111 153 198 222 274
112 142 193 239 277
128 172 215 233 280
100 145 189 244 266
114 170 199 259 275
102 143 186 233 273
112 141 199 249 270
138 167 211 254 274
101 159 196 258 270
106 166 192 238 262
103 179 200 237 290
135 179 196 241 265
113 147 180 233 268
132 152 181 238 264
130 150 181 221 271
107 147 187 246 260
130 155 218 233 266
124 144 203 230 269
119 162 195 238 290
130 154 191 239 267
112 176 192 223 264
102 156 199 260 297
102 177 202 258 299
103 153 196 252 277
136 153 216 234 262
139 150 184 229 262
139 152 187 242 264
134 155 209 237 274
135 163 180 249 264
125 155 211 258 269
111 168 181 250 300
133 173 184 249 276
102 174 190 234 263
128 155 196 220 273
102 178 182 220 299
106 147 206 244 287
126 178 219 255 300
118 164 217 243 287
113 142 220 257 300
125 170 217 237 295
139 167 200 250 268
108 156 184 220 267
114 155 214 257 289
132 164 210 226 282
117 143 180 238 275
120 141 219 234 288
100 159 207 253 270
128 141 191 240 295
132 161 204 228 296
110 145 185 236 286
139 170 208 236 279
106 164 216 246 299
106 180 201 228 290
112 143 216 251 296
120 141 189 221 291
139 160 218 224 274
121 142 184 228 269
112 152 213 260 264
127 156 220 257 260
132 162 198 255 298
137 166 220 260 279
103 172 199 260 280
125 144 218 243 279
125 165 219 253 264
117 166 217 227 284
124 145 190 238 285
110 146 205 230 268
120 174 198 225 292
108 169 193 257 291
130 145 211 258 288
131 164 212 251 280
115 176 187 252 289
113 153 195 243 286
108 160 182 247 262
100 141 209 244 271
121 179 206 245 287
138 142 198 221 289
131 157 197 220 270
105 169 214 254 300
138 153 201 240 283
140 148 210 223 268
122 153 189 240 289
110 161 206 225 272
125 152 190 251 298
135 146 190 227 288
140 159 203 226 275
104 172 208 220 291
120 163 194 259 298
129 160 200 241 275
139 140 188 251 265
103 164 214 231 300
102 163 180 231 264
122 171 197 228 261
114 155 180 259 290
104 151 183 258 273
127 140 185 249 262
119 163 181 227 298
138 153 213 243 288
138 144 181 247 295
112 160 204 259 271
135 141 194 229 279
107 159 187 228 280
122 145 183 242 265
112 167 205 233 275
125 141 195 252 269
113 153 195 223 284
116 166 200 245 281
103 172 195 233 266
102 169 217 255 271
123 143 187 251 288
108 146 189 226 291
105 158 193 256 284
105 168 215 252 260
104 156 190 260 267
112 169 182 243 268
122 167 211 228 285
122 158 188 254 269
134 155 210 248 264
111 179 214 244 282
133 173 193 248 278
131 179 217 243 271
121 169 195 260 284
104 163 185 237 275
137 177 218 226 284
138 158 181 249 293
116 159 204 235 298
125 161 205 220 266
116 169 184 229 261
104 167 206 235 288
136 149 218 237 276
124 163 207 232 291
138 152 192 233 292
2004 2470 3191 3762 4348
2304 2849 3632 4398 4891
3285 3930 5611 6648 7629
5358 8210 9561 11212 14714
3173 4518 5275 6396 7405
1220 1786 2327 2760 3350
1494 1593 2211 2454 3313
1629 1737 2267 2904 3601
1521 1809 2651 2832 3505
4299 5950 6710 7998 9220
1824 2200 2741 3868 4333
3518 4708 5521 6682 8655
3846 5367 8296 9665 10311
2569 2869 3771 5012 5673
5380 6775 7472 10180 11780
4329 6310 6563 9192 9625
3708 4816 5735 6897 7437
2571 3286 4001 4716 5788
3476 5110 6131 8241 9159
2354 4012 4910 5463 6683
4354 6529 8047 9278 11862
2676 3181 3833 4884 6103
1927 3050 3773 4287 5486
2847 3794 4785 5556 5908
1472 1726 2310 2575 2928
4733 7210 8876 9957 12884
1369 1730 1841 2282 2863
1516 1560 2200 2465 3236
5068 7710 8503 11452 11452
5169 6933 7751 9945 11408
4648 6730 8811 8851 11813
4002 5257 6116 8560 8791
4314 5820 6591 7992 10373
5449 7090 8811 10332 11612
1229 1715 2376 2696 3159
5384 7882 10043 11820 14317
3784 5706 6891 7403 9453
2223 3178 3359 4386 5053
5160 7738 10131 11328 12893
4395 5110 6675 8002 9499
2913 3089 4631 5446 6327
1946 3392 4172 4952 5142
3199 4824 5608 6595 7727
4735 5076 7117 8104 9295
1661 2152 2573 3358 4017
1816 2714 3179 3932 4509
5011 6611 8252 9278 10960
3077 4508 4743 6304 7007
5009 5689 8812 9932 10733
1128 1800 1921 2562 2833
5409 6940 8966 11712 12298
5153 8487 8978 10792 14665
3930 4518 5051 6312 7321
2815 3644 4795 5371 6821
1185 1715 1991 2740 3203
5421 6734 7760 9155 11903
2349 3130 4071 4652 5493
3272 5770 6731 8172 8781
2025 2764 3647 4494 4837
5409 6770 7931 9052 11173
3819 4630 6071 6822 8323
2117 2542 3700 4432 4773
1815 2292 2979 3386 3863
2737 3243 4675 5688 6173
2738 3858 5315 5992 7606
2870 4411 5762 6978 7870
2648 4114 4787 6132 7165
3671 5158 7238 7404 9880
3672 5059 6545 7338 9055
3817 4838 6573 8138 9431
1929 2590 3236 3507 4213
4808 6970 9083 11725 12781
1946 2900 3394 4415 4688
2763 3871 5033 6304 7385
5385 6778 9563 11965 12973
6909 8360 10561 12712 13712
1119 1759 2167 2851 2983
3294 5156 5963 7390 8135
2377 4127 4611 5463 6683
4194 5559 6087 7483 8227
3399 4420 5411 7003 8053
3309 3810 4536 5962 6613
5729 6610 7975 9736 11937
4182 5743 7304 9607 10153
1439 1715 2409 2575 2939
1869 2170 3056 3462 4048
4888 6652 8006 9770 11903
1959 2320 2876 3597 4018
2025 3179 3467 4026 4765
3068 4690 5981 7812 8923
2252 3904 4455 5688 6591
3613 5365 6871 8833 9708
3817 4294 6059 6564 7349
4597 4960 6083 7569 8659
6820 7458 9174 11870 12949
4565 5280 7117 8070 9329
1764 2129 2351 3249 3445
5884 7295 9928 12138 12656
2006 3034 3268 4512 5413
2004 2605 2770 3747 4153
3272 5579 6091 7500 8429
4105 4970 6283 7052 8749
2252 3927 4015 4852 6592
2870 3979 5573 6600 7762
6182 8732 10742 12507 14712
2132 2962 3917 4386 5179
3511 4411 6831 7979 9313
4008 5450 6955 7595 9453
5430 6523 7811 9762 10464
4005 5782 6819 8152 9893
1490 2025 2793 3353 3770
2913 3618 4631 4984 6217
2817 3442 4331 5725 6613
2529 2970 4611 4926 6061
2608 4144 5393 6590 7033
2185 2406 3258 4092 5028
3837 4679 5927 6624 8597
4629 6100 7781 9924 12026
5708 6980 8539 9688 11452
4036 6242 8219 9360 11375
4354 7390 8252 9360 11903
4264 5443 8219 9550 11261
1689 1984 2657 3106 4088
3067 3530 4807 4939 6041
4365 5122 6635 8220 9697
5384 7306 10235 12493 12685
3057 3754 5291 6180 6252
5949 7300 8921 11487 13423
2475 2998 3971 4692 5034
5158 8610 9961 13012 14013
1759 2025 3063 3414 3919
5509 7270 9647 11144 11628
4922 6982 9125 9546 11941
5217 6100 7991 10008 11983
2869 3806 5342 5992 6981
3009 4360 4961 5637 7313
2492 3897 4450 5923 6706
3259 3634 5286 6462 7213
4332 5422 7007 8295 9253
5068 7754 8238 11100 12729
4754 6436 8201 10218 12025
5193 7690 8747 11869 12589
1208 1702 2520 2941 3265
5090 7528 8663 10302 12067
6357 6541 9119 10178 13307
2105 2522 3163 3532 4333
1268 2038 2579 3060 3613
2079 2305 3026 3612 4258
5889 6226 8831 9378 11269
1473 1846 2279 2892 3481
3749 5484 7015 7662 9261
5509 6698 8371 11056 13125
6219 6726 8751 10454 13261
4349 4939 6304 7018 8538
5208 8610 10411 11012 14563
2408 3270 3891 5192 5973
4137 5130 6411 7724 8813
6681 6729 9035 12061 12733
4746 7554 9855 10638 13813
1437 2293 2531 3247 3709
1595 2233 2572 2976 3406
3086 4195 4871 7006 7843
2400 3483 4220 5947 6292
4073 4490 5931 7981 8397
2032 2781 3088 3871 5080
1527 1692 2354 2685 3181
2355 2457 3087 4211 5028
2920 4170 5315 6746 7059
5274 5509 7577 8943 10894
1400 2077 2442 2976 3653
5987 7115 8978 11871 12998
5048 7525 9236 10497 12388
3634 4099 5666 7321 7814
5207 7048 8981 10270 13077
3372 4824 5811 7117 8162
4643 7751 8786 10497 11983
2150 3559 4568 5367 5704
4683 5443 7117 9550 10957
2601 3514 4547 5436 6998
3788 5698 6959 9228 10237
3578 5722 7321 8580 8853
1672 2506 3051 4173 4285
4489 6770 7291 9732 10733
1595 2181 2754 2976 3718
6109 7910 9411 12712 13463
2957 3420 4631 5468 5820
1340 2158 2579 2940 3397
3866 5027 5608 7204 8075
1712 2337 2832 3171 3535
2186 3052 3521 4692 5125
3024 4737 5376 6885 7988
5489 7090 8731 9051 11373
5667 6488 7431 10221 12026
1516 2077 2663 3067 3887
2259 2908 3701 3972 4801
4997 7278 7923 9859 11236
1464 2348 2895 3302 4045
5721 6267 9167 9966 11605
5961 7834 9947 11148 13981
2769 3050 3851 4672 5853
