1000 10 5
4 85 26 66 76 92 32 92 39 61 24 0 17
4 23 59 71 49 92 20 93 72 88 57 0 17
8 63 35 91 24 26 52 73 60 79 73 0 39
8 98 69 75 51 22 41 79 35 36 91 0 39
8 64 62 99 81 76 34 77 38 62 71 0 38
6 72 78 98 87 76 30 93 90 49 71 0 26
6 21 70 47 70 84 27 22 91 32 38 0 29
3 32 51 84 42 42 74 24 39 38 100 0 14
6 35 36 45 75 57 42 88 89 82 80 0 26
3 73 58 85 33 90 97 54 76 83 97 0 13
5 92 56 30 92 95 54 99 94 83 91 0 22
9 39 36 54 73 29 82 61 45 40 87 0 44
8 42 99 60 95 46 23 27 30 75 58 0 40
8 52 42 25 43 79 78 64 29 32 58 0 40
5 47 49 92 66 50 88 77 36 64 56 0 23
7 68 58 49 56 80 25 35 86 73 80 0 32
5 75 74 50 41 83 72 50 37 84 74 0 22
10 86 59 58 45 36 76 42 62 76 40 0 48
7 86 62 30 22 26 48 88 82 20 46 0 31
8 25 99 75 29 79 89 47 43 26 71 0 40
7 65 32 52 67 23 44 34 37 38 97 0 33
7 96 83 25 85 28 23 28 64 66 92 0 34
4 76 32 54 41 99 62 22 89 46 45 0 17
6 96 71 35 99 28 63 47 47 99 27 0 30
2 84 27 32 35 76 35 24 82 83 23 0 10
9 74 58 49 30 54 75 53 71 43 41 0 43
5 32 43 74 56 91 55 93 78 92 36 0 24
5 79 84 40 65 50 61 79 49 94 53 0 24
4 29 97 75 25 42 34 67 43 65 73 0 16
5 55 81 32 75 97 26 28 42 84 51 0 24
4 32 37 49 70 92 66 83 92 82 58 0 20
9 78 44 37 47 43 40 36 55 68 83 0 41
2 48 36 85 72 89 53 52 63 51 77 0 10
5 73 62 24 52 84 92 81 91 97 69 0 25
3 59 85 55 57 26 55 45 30 60 69 0 12
4 24 83 42 43 23 45 48 66 47 28 0 16
10 27 40 57 25 64 96 37 55 85 87 0 46
8 35 53 90 90 100 61 38 80 69 40 0 38
7 77 32 56 89 93 65 75 25 86 59 0 31
8 53 27 29 68 49 25 38 86 99 59 0 37
10 42 81 76 93 27 50 92 92 42 80 0 49
8 37 32 22 44 98 71 39 95 44 98 0 37
3 58 99 69 62 96 93 69 54 82 39 0 14
8 58 72 58 78 71 44 54 94 63 66 0 38
8 58 64 42 85 53 68 67 25 33 61 0 39
4 87 95 96 60 81 60 78 78 28 57 0 17
4 78 67 21 63 48 52 32 99 37 89 0 18
9 66 74 45 38 43 44 35 63 64 48 0 41
9 41 86 85 27 22 66 63 85 74 93 0 44
7 86 59 50 77 48 56 92 70 86 72 0 33
9 45 69 44 53 68 84 56 47 92 42 0 44
6 89 25 30 84 85 96 44 84 85 60 0 30
9 54 24 58 90 79 21 94 21 46 73 0 45
6 64 91 67 91 92 73 38 31 77 52 0 29
6 93 71 72 54 80 26 58 68 35 31 0 27
10 28 61 30 90 68 75 33 20 83 44 0 50
4 48 91 55 21 79 76 91 25 79 66 0 19
6 58 83 86 46 98 98 62 60 28 41 0 29
4 57 62 75 38 63 27 52 21 51 94 0 20
9 35 28 34 65 92 93 29 85 54 47 0 43
9 32 57 77 30 94 86 82 61 64 83 0 41
5 100 78 86 99 40 68 90 70 84 57 0 23
10 37 79 42 27 33 39 89 98 22 21 0 48
8 22 90 78 31 82 23 80 43 51 87 0 36
9 79 76 88 74 72 49 66 51 29 43 0 41
6 46 27 39 53 33 32 89 86 89 26 0 28
10 72 23 82 62 44 30 87 52 78 26 0 50
4 34 29 78 43 38 94 56 78 51 88 0 19
3 39 51 70 57 62 83 28 31 75 93 0 13
9 33 74 35 98 40 32 76 53 63 55 0 44
8 78 22 50 69 78 94 73 31 72 69 0 40
3 24 80 65 94 96 54 37 83 22 23 0 12
7 70 33 82 65 99 40 46 86 75 66 0 35
5 99 69 96 97 23 78 44 91 77 47 0 24
8 91 57 63 23 74 93 46 44 99 88 0 37
6 47 99 95 71 26 80 66 85 69 37 0 29
9 75 82 43 40 48 28 36 52 100 29 0 45
8 77 20 40 65 64 59 63 84 24 83 0 40
7 61 24 77 96 20 80 21 28 88 53 0 34
3 73 75 99 79 64 79 79 92 24 44 0 13
3 70 93 64 27 50 67 60 40 32 39 0 12
3 35 56 42 59 50 51 34 89 89 28 0 13
4 64 71 50 52 27 68 75 62 56 24 0 18
6 34 70 98 52 92 30 89 73 52 49 0 26
9 78 67 73 88 90 31 59 39 41 60 0 41
10 59 23 38 46 88 81 29 53 75 81 0 48
7 24 64 24 81 73 96 45 87 43 69 0 35
6 83 40 31 89 77 46 57 57 45 77 0 30
5 79 46 38 87 87 48 46 42 83 99 0 24
9 55 88 95 83 69 43 88 37 30 88 0 45
5 34 57 95 33 57 57 59 78 78 91 0 22
5 81 84 43 64 100 76 78 56 51 48 0 21
5 73 91 66 24 57 32 57 55 72 71 0 24
8 37 32 29 80 97 26 68 49 44 55 0 36
4 69 46 96 97 78 94 45 24 94 79 0 16
4 73 76 96 53 81 62 91 46 41 60 0 20
9 61 99 45 44 75 57 88 70 71 69 0 45
5 62 28 54 73 30 83 23 32 84 95 0 24
7 52 71 42 58 46 82 58 50 80 31 0 35
8 55 95 24 44 77 47 40 82 55 48 0 37
8 44 26 95 53 98 61 83 81 55 99 0 38
6 99 63 29 59 52 63 66 60 75 32 0 29
3 92 83 44 71 57 93 47 88 37 73 0 13
4 94 62 80 44 72 77 29 80 72 99 0 18
3 45 94 50 22 24 51 99 54 83 94 0 12
2 95 64 25 55 74 62 22 47 28 81 0 10
3 81 66 89 99 86 92 44 44 98 34 0 15
9 25 38 85 71 45 68 92 24 43 66 0 45
5 58 79 33 96 45 33 53 24 22 64 0 22
5 76 55 52 57 66 67 95 39 61 59 0 25
4 36 90 44 70 62 25 51 64 30 85 0 17
9 59 56 35 32 40 71 67 99 60 91 0 42
4 45 71 97 49 51 52 40 37 69 49 0 17
6 56 44 96 25 91 34 34 71 83 85 0 29
8 27 48 32 28 45 68 81 36 62 75 0 37
4 31 33 69 86 49 75 55 58 76 87 0 19
4 67 70 28 94 23 61 36 25 71 97 0 16
4 95 67 70 45 63 70 95 86 99 42 0 19
5 46 46 84 32 22 56 59 28 40 60 0 22
9 62 59 83 43 22 54 76 60 59 50 0 42
3 21 33 49 26 49 43 34 26 60 42 0 15
6 61 55 37 40 21 70 21 58 89 68 0 27
7 90 45 26 93 77 20 97 49 39 46 0 35
10 83 44 21 94 80 74 66 32 20 26 0 46
6 94 92 99 74 57 51 39 86 80 68 0 30
8 86 85 61 93 47 97 41 60 60 93 0 36
5 83 26 93 87 25 68 31 85 99 65 0 22
3 67 72 23 29 63 28 20 86 27 57 0 12
3 29 50 63 88 56 27 63 92 89 88 0 14
5 37 36 51 57 66 21 65 23 44 49 0 22
4 44 41 52 55 85 78 43 21 56 25 0 20
7 69 65 76 79 39 60 55 99 65 82 0 31
9 50 78 62 74 80 76 99 63 79 95 0 41
10 29 59 70 33 74 25 58 34 99 83 0 46
10 40 42 66 64 89 84 91 78 35 50 0 48
7 34 65 42 35 69 60 41 69 79 24 0 35
3 91 33 69 23 20 99 46 64 83 47 0 15
9 89 31 46 79 70 27 21 36 97 28 0 45
2 24 52 91 81 53 46 86 68 20 81 0 10
6 46 78 98 64 56 97 42 79 87 42 0 30
5 70 29 66 36 42 74 75 24 25 71 0 21
7 50 25 92 45 87 59 63 75 34 41 0 35
3 98 79 64 43 36 93 84 77 97 57 0 13
7 48 31 28 46 49 78 30 67 80 50 0 35
8 66 59 24 74 47 73 52 43 67 51 0 40
8 40 53 67 89 71 32 70 34 83 88 0 40
3 47 46 36 39 54 53 31 48 74 69 0 14
7 90 36 97 70 84 82 79 49 77 24 0 32
6 89 58 27 37 83 85 40 66 41 71 0 28
5 61 53 25 29 64 24 67 92 63 32 0 24
3 60 49 61 26 75 79 53 99 37 45 0 15
9 62 98 73 50 37 22 71 65 97 58 0 44
6 44 61 24 37 31 44 35 79 52 39 0 27
4 47 91 38 76 24 74 46 60 38 58 0 16
6 52 85 32 75 32 31 91 67 49 87 0 27
6 37 67 41 27 94 40 57 20 81 65 0 26
7 26 92 50 58 88 24 33 38 41 68 0 33
6 61 95 91 45 36 70 86 88 73 26 0 28
4 77 52 22 76 43 67 58 54 28 65 0 18
3 77 91 68 66 85 33 69 59 54 73 0 15
6 60 100 46 74 94 86 31 97 66 96 0 26
9 64 72 56 25 100 71 35 64 99 66 0 44
3 53 68 91 34 64 43 89 32 32 58 0 13
7 38 68 65 38 61 60 85 59 31 52 0 34
10 75 54 33 91 40 35 71 86 36 23 0 50
8 30 31 76 69 26 90 62 25 75 65 0 40
6 83 67 88 26 85 75 41 51 46 87 0 28
9 62 79 87 44 71 21 98 61 24 61 0 42
8 32 74 87 85 36 44 87 48 34 28 0 40
8 22 45 26 82 41 77 87 47 50 45 0 37
3 61 57 73 77 68 34 76 72 70 41 0 13
5 72 87 73 30 76 68 64 56 60 71 0 23
8 43 91 89 42 93 90 90 84 26 29 0 39
8 39 60 95 90 51 98 74 89 29 42 0 38
8 84 52 71 55 39 58 82 95 62 93 0 38
8 25 21 47 32 67 54 70 75 62 90 0 40
10 52 23 69 71 38 99 77 71 38 58 0 47
4 71 26 49 91 44 72 67 51 24 20 0 17
9 82 70 64 23 66 41 98 86 38 55 0 45
6 64 70 48 24 23 77 92 84 28 24 0 28
8 28 76 81 93 96 20 88 68 97 47 0 37
10 48 69 27 65 40 28 45 69 46 64 0 50
7 92 87 76 27 91 98 28 70 46 82 0 33
6 61 31 78 58 48 75 64 71 21 33 0 28
6 76 74 46 77 97 80 98 60 43 28 0 26
5 48 53 73 87 41 57 97 89 34 68 0 21
5 93 69 42 42 28 39 95 44 29 48 0 23
5 40 32 71 44 63 90 89 64 47 37 0 21
3 90 100 79 95 58 73 57 90 58 84 0 12
3 22 20 87 45 20 33 85 51 80 55 0 13
6 40 52 70 57 28 29 35 30 61 55 0 29
10 48 98 21 66 37 94 53 38 95 56 0 48
5 88 64 90 72 46 78 29 36 61 61 0 21
2 95 72 23 23 21 32 91 31 36 80 0 10
5 75 44 88 33 86 65 74 97 71 84 0 22
7 30 75 90 24 64 43 63 51 45 29 0 34
5 41 77 59 94 42 64 30 63 88 83 0 22
9 73 84 90 47 78 98 72 48 47 34 0 45
5 89 99 58 57 81 80 22 47 29 69 0 24
9 59 77 94 100 56 26 71 68 58 31 0 43
10 46 33 80 56 87 38 42 53 58 71 0 50
4 57 71 64 68 39 25 66 34 90 98 0 16
8 28 23 79 83 37 50 25 60 32 74 0 36
4 100 36 27 44 92 24 54 49 63 47 0 20
8 52 40 35 57 49 63 37 73 59 56 0 37
6 89 72 96 27 78 32 30 74 40 73 0 27
6 39 63 60 99 88 46 70 27 67 47 0 30
10 71 66 49 96 57 61 64 94 24 91 0 47
8 75 95 49 57 93 97 77 36 61 54 0 37
9 26 53 47 98 79 79 92 43 23 25 0 45
8 86 26 57 73 98 91 39 79 34 31 0 36
6 69 59 97 35 76 50 34 99 96 51 0 26
9 55 29 67 77 40 33 33 87 77 55 0 44
7 70 82 47 95 62 47 77 72 82 36 0 35
6 62 28 71 72 51 97 41 79 21 80 0 30
4 70 22 78 96 65 58 86 67 43 21 0 17
4 64 44 50 75 62 78 82 49 47 70 0 18
3 52 68 51 35 55 87 46 22 50 36 0 15
5 67 36 54 87 21 37 98 73 63 29 0 21
3 55 67 46 36 69 83 59 56 60 56 0 12
10 80 41 48 47 20 29 83 47 91 50 0 47
4 34 82 56 48 90 45 54 66 45 99 0 19
7 83 49 51 96 80 62 54 48 45 89 0 34
4 87 65 45 45 88 92 47 74 97 97 0 16
5 57 78 68 64 45 94 70 92 77 71 0 21
5 91 88 29 92 77 87 30 99 68 98 0 25
6 82 60 57 97 23 82 58 75 60 93 0 28
4 96 29 93 38 33 76 21 78 64 93 0 17
8 55 88 82 67 41 99 56 53 78 99 0 40
7 37 51 94 87 32 93 93 79 78 84 0 33
6 48 93 62 66 20 74 81 42 70 31 0 28
6 72 22 61 59 94 77 58 91 26 42 0 29
8 42 43 33 57 78 57 30 28 25 96 0 39
3 56 94 40 86 81 46 51 49 62 64 0 14
5 75 67 79 33 97 95 96 50 98 64 0 22
5 40 45 95 29 88 24 78 54 65 93 0 25
10 61 71 39 71 71 69 48 100 52 37 0 49
4 82 54 25 77 63 58 92 23 42 52 0 20
10 54 100 64 63 26 24 36 90 51 39 0 48
3 58 45 81 50 46 57 35 69 50 34 0 13
9 74 81 66 56 42 32 98 23 41 63 0 45
3 91 29 21 59 55 60 22 35 90 47 0 14
7 21 47 95 50 51 91 81 59 32 90 0 33
5 93 94 81 93 63 70 23 88 58 65 0 24
10 38 79 98 93 89 36 71 35 82 93 0 48
6 54 94 32 72 64 61 73 47 32 52 0 27
7 91 66 74 90 30 58 38 28 48 70 0 32
9 69 68 68 68 55 75 70 36 86 47 0 43
3 97 100 71 25 42 54 95 94 63 81 0 12
4 41 62 36 62 50 21 32 71 85 70 0 20
6 90 56 99 49 32 89 90 96 35 21 0 28
9 34 53 57 21 40 59 66 64 89 90 0 43
8 35 72 94 95 35 40 65 31 60 41 0 39
10 66 24 72 28 73 63 60 93 99 75 0 47
5 94 32 69 79 72 52 48 33 37 69 0 25
10 83 29 80 95 65 63 80 63 56 90 0 49
3 43 56 84 58 28 55 89 75 22 30 0 11
10 33 48 24 75 62 86 63 43 22 90 0 50
4 38 53 25 52 35 39 78 96 51 28 0 16
4 77 34 88 21 93 35 97 58 20 62 0 17
3 35 21 80 69 79 80 69 76 79 21 0 15
3 96 79 74 89 26 94 34 40 99 36 0 11
10 95 61 65 70 41 89 79 91 39 49 0 50
8 66 39 50 38 33 85 56 74 76 69 0 37
5 49 66 35 86 90 23 62 53 30 73 0 21
3 66 85 56 26 41 26 88 40 24 53 0 15
6 95 69 34 21 72 28 95 99 20 68 0 28
9 82 82 67 74 80 98 72 97 45 70 0 41
9 98 50 23 84 82 51 74 75 53 47 0 44
9 97 79 32 76 26 84 37 55 24 77 0 44
5 56 49 58 95 81 87 75 89 90 74 0 24
4 44 60 100 43 65 68 34 68 58 69 0 19
6 67 38 64 72 72 38 38 32 67 63 0 28
7 52 27 39 23 48 27 89 39 54 39 0 31
5 84 80 26 85 31 33 66 72 63 38 0 21
5 26 43 40 50 92 31 79 47 93 22 0 24
7 25 81 45 33 97 36 70 40 61 76 0 34
4 67 30 90 88 96 60 78 45 27 89 0 17
8 23 91 43 47 94 99 97 26 60 95 0 36
8 27 36 20 53 27 29 46 25 57 55 0 36
7 29 32 90 26 28 68 39 30 83 63 0 32
3 68 29 80 33 72 39 38 76 63 27 0 13
6 73 29 74 46 77 46 48 38 44 89 0 26
9 20 31 65 60 33 40 48 74 72 99 0 42
9 35 84 34 24 41 71 36 91 99 32 0 41
9 38 38 85 34 43 86 83 33 62 41 0 43
9 46 89 28 93 95 25 69 70 74 42 0 42
6 61 59 61 54 85 32 99 57 70 42 0 28
6 69 24 21 95 95 90 45 28 88 41 0 29
10 51 83 94 31 86 68 35 37 46 69 0 48
4 77 32 86 41 30 74 81 59 54 40 0 20
4 82 40 49 79 91 68 65 64 38 38 0 16
7 91 26 95 20 59 95 88 23 68 62 0 31
7 53 58 34 26 33 53 56 81 53 91 0 35
3 38 78 99 25 61 70 21 54 74 99 0 11
3 84 82 25 49 31 95 43 69 43 71 0 13
8 35 74 91 37 93 81 49 85 85 74 0 38
4 97 34 49 30 74 54 39 25 43 21 0 19
8 38 76 35 35 72 28 68 23 80 40 0 39
10 72 32 28 31 26 56 92 25 25 38 0 46
10 54 25 93 93 33 72 67 93 76 91 0 47
3 38 73 66 30 34 43 33 27 29 41 0 12
6 65 47 43 91 47 96 57 29 51 88 0 26
7 90 64 25 86 47 58 82 79 77 98 0 35
7 96 92 29 99 29 96 83 74 49 89 0 31
9 98 64 95 65 29 87 77 78 76 51 0 44
9 21 94 47 32 33 34 81 46 52 77 0 43
8 48 38 63 21 51 39 33 71 25 51 0 38
3 23 65 86 81 67 89 49 36 58 46 0 15
6 82 52 45 59 34 70 91 70 78 57 0 28
3 53 85 97 79 65 49 59 78 86 76 0 12
6 95 64 42 97 58 63 85 47 92 71 0 27
10 49 67 30 85 99 95 86 36 86 89 0 47
6 44 50 38 79 23 37 75 59 90 69 0 26
6 65 59 95 27 77 89 84 42 58 74 0 30
9 71 26 53 35 46 84 75 38 84 94 0 43
9 27 68 53 46 24 54 25 61 35 50 0 43
3 96 28 80 28 76 29 86 85 22 51 0 13
4 100 83 30 93 44 20 60 50 46 78 0 20
7 80 72 61 96 61 66 78 21 48 68 0 31
4 34 99 41 28 35 56 93 86 65 52 0 17
8 64 81 88 43 52 53 35 97 45 49 0 39
3 23 21 28 64 27 81 48 99 91 30 0 11
5 84 73 92 44 81 38 47 42 54 47 0 22
4 27 52 54 27 75 50 48 53 84 95 0 16
10 24 55 88 90 89 35 78 94 91 32 0 50
3 53 34 98 40 46 73 64 48 88 89 0 11
8 69 29 71 66 49 84 74 92 46 99 0 39
10 48 92 76 26 27 55 45 36 61 86 0 50
6 62 25 74 28 39 64 87 90 21 94 0 29
10 98 94 22 79 95 72 82 69 98 46 0 50
3 79 23 91 31 90 90 69 25 83 33 0 13
10 22 69 71 74 99 85 33 91 60 43 0 49
8 20 32 68 69 87 39 65 73 55 98 0 38
3 82 84 58 25 99 93 38 29 22 58 0 14
4 70 44 39 70 53 76 23 31 68 65 0 19
10 28 72 69 45 37 73 33 53 92 70 0 48
4 26 67 45 49 79 53 63 90 33 57 0 19
7 92 41 87 83 45 27 24 27 24 99 0 35
9 59 66 77 32 45 77 56 71 36 98 0 43
5 71 57 56 89 36 45 86 87 74 69 0 21
5 56 92 49 32 76 32 62 76 87 56 0 23
3 40 63 74 99 82 68 64 48 20 86 0 14
6 24 73 45 46 78 79 79 91 82 56 0 30
3 46 52 43 56 37 60 75 55 47 61 0 13
10 26 43 67 22 73 98 86 49 98 96 0 46
8 95 76 77 96 76 54 32 80 58 87 0 38
3 42 52 91 32 61 37 46 95 71 81 0 15
6 39 39 67 29 93 53 79 66 25 47 0 30
10 79 87 56 26 79 50 29 87 69 63 0 48
3 37 93 54 44 21 95 27 92 43 68 0 15
2 91 36 70 47 95 72 46 90 70 44 0 10
9 89 69 43 54 35 43 51 29 82 63 0 42
8 87 67 30 89 33 76 22 48 67 88 0 39
6 99 88 87 32 54 85 66 98 37 36 0 26
2 74 53 38 43 61 44 79 35 71 87 0 10
8 70 21 87 79 21 38 75 81 62 51 0 39
7 24 80 47 98 99 89 97 74 78 78 0 34
6 28 32 77 72 81 92 92 54 61 88 0 30
6 74 78 52 99 57 70 41 32 76 97 0 26
9 90 36 41 56 57 33 68 60 40 42 0 45
4 49 66 24 50 27 90 45 68 69 20 0 20
10 33 52 20 48 83 58 68 56 78 23 0 46
9 35 37 93 79 38 99 38 72 55 96 0 43
4 73 38 42 100 72 100 87 41 47 40 0 19
8 76 58 89 83 20 70 48 35 67 40 0 39
3 98 43 39 88 73 82 29 63 56 42 0 15
8 51 94 51 23 75 72 93 64 35 37 0 38
3 70 38 66 28 33 77 69 59 70 77 0 14
4 93 80 60 67 24 95 38 39 30 70 0 18
10 55 49 47 73 53 40 99 55 59 56 0 49
5 80 27 38 70 88 42 42 36 34 53 0 21
8 72 40 44 48 98 37 82 87 75 37 0 36
7 38 39 69 74 26 79 93 76 90 27 0 32
10 60 67 79 96 40 90 76 81 53 79 0 50
3 28 98 37 47 78 44 27 81 98 67 0 11
4 45 87 39 35 60 60 98 32 52 47 0 16
7 29 87 56 58 95 95 68 85 73 82 0 32
10 32 69 23 32 35 32 87 42 68 78 0 50
3 91 59 42 90 99 28 97 86 78 86 0 11
3 79 36 26 97 44 49 81 54 63 43 0 12
10 40 91 54 63 45 41 90 72 53 72 0 48
3 33 58 76 65 95 38 91 20 96 94 0 15
9 92 37 32 89 31 63 39 41 21 79 0 43
8 65 27 76 86 74 81 74 85 20 84 0 39
10 23 80 72 27 61 48 69 24 85 36 0 46
7 93 60 23 53 24 48 65 67 72 34 0 34
10 62 30 37 97 57 25 72 74 72 47 0 47
9 44 61 78 34 95 43 30 25 96 45 0 45
3 33 55 51 56 76 46 80 28 40 63 0 15
7 84 87 81 20 59 36 30 41 44 83 0 32
2 84 82 69 85 49 27 49 56 37 61 0 10
3 45 78 52 49 81 99 42 33 71 60 0 12
6 95 73 36 28 90 64 63 54 90 70 0 29
9 80 52 86 49 36 99 38 82 94 77 0 44
3 96 100 66 93 79 27 43 49 49 57 0 15
6 23 63 43 77 85 89 31 74 40 36 0 27
3 83 44 48 42 83 60 78 100 28 43 0 13
5 66 26 46 60 22 100 69 34 22 35 0 23
8 51 67 40 64 75 41 50 27 60 99 0 36
8 79 23 42 58 24 70 30 93 48 38 0 40
8 98 99 98 53 50 62 78 23 39 41 0 37
7 47 43 98 27 88 48 33 85 88 41 0 33
4 30 21 98 86 78 26 41 21 97 96 0 19
3 32 86 62 56 33 82 92 28 92 62 0 15
7 81 28 82 71 66 81 38 79 46 75 0 35
8 70 89 49 72 46 33 69 25 81 42 0 39
4 92 51 100 75 43 68 89 90 71 47 0 19
3 20 89 68 61 57 52 40 35 51 75 0 12
6 45 78 52 80 76 64 79 73 58 50 0 28
8 77 23 86 20 83 41 60 56 81 71 0 39
5 34 92 82 88 88 69 57 68 80 88 0 25
6 85 76 50 29 72 45 29 58 54 95 0 29
8 96 99 23 34 56 51 90 56 89 39 0 36
9 50 82 33 35 45 86 77 72 93 52 0 42
5 65 86 78 63 35 85 96 82 23 77 0 23
4 69 99 61 67 84 61 86 40 54 75 0 17
3 37 32 82 23 37 85 26 56 85 67 0 11
10 61 98 80 95 79 99 74 57 27 42 0 48
3 40 51 94 32 73 68 41 60 97 75 0 13
7 51 25 51 40 69 36 65 56 33 23 0 33
9 33 90 75 94 59 46 60 71 49 27 0 44
10 49 72 48 86 89 77 62 63 39 97 0 47
5 39 81 51 48 81 28 67 27 75 93 0 22
8 35 79 62 46 63 75 47 64 79 46 0 36
10 29 72 36 21 89 40 83 84 22 34 0 47
4 81 77 32 63 50 82 39 58 59 58 0 16
7 82 95 84 23 89 29 33 93 58 44 0 33
3 88 41 56 42 30 38 56 81 86 99 0 14
6 73 35 60 36 24 69 23 38 78 56 0 26
10 43 75 68 77 28 34 87 67 35 69 0 50
7 57 56 56 28 60 76 72 34 70 39 0 35
5 52 59 42 54 23 56 26 55 66 32 0 24
9 45 39 33 73 55 46 24 67 71 47 0 42
5 24 23 88 71 42 48 73 97 65 30 0 22
8 41 30 71 64 25 27 36 26 38 33 0 38
8 69 85 100 40 90 57 76 69 68 68 0 36
9 40 83 45 59 52 38 24 58 26 38 0 44
8 41 27 78 27 92 37 71 48 91 76 0 38
6 86 81 56 32 98 43 40 94 69 85 0 28
8 92 61 32 40 39 100 94 34 92 60 0 36
5 88 25 50 44 39 45 31 46 30 70 0 24
6 62 73 91 60 79 40 46 52 40 92 0 29
5 93 31 35 59 39 83 22 41 35 100 0 24
5 81 48 64 79 36 71 61 85 64 27 0 21
4 30 25 83 65 41 76 51 98 83 86 0 18
8 56 47 50 99 80 30 44 73 93 49 0 36
9 59 72 25 72 53 64 71 79 85 67 0 45
3 25 54 86 32 84 39 66 46 87 96 0 12
4 62 36 73 60 62 67 41 96 100 67 0 20
7 53 76 62 44 70 86 44 73 61 30 0 32
10 51 66 22 70 51 88 41 39 69 69 0 50
5 31 43 83 59 94 44 34 78 31 63 0 22
5 35 84 40 95 21 77 42 34 78 66 0 25
9 44 87 53 82 47 66 77 75 41 78 0 45
5 33 31 43 40 39 57 79 45 79 52 0 23
10 41 36 78 70 85 80 67 85 73 83 0 50
7 37 82 29 42 90 70 51 43 77 73 0 34
4 67 30 58 40 73 40 50 68 67 88 0 18
9 21 25 47 35 56 64 29 37 29 66 0 41
10 54 97 64 25 30 58 57 48 62 28 0 47
3 65 86 56 90 94 69 39 43 81 49 0 15
4 29 96 92 91 40 64 23 86 27 80 0 20
9 99 38 76 71 51 71 21 61 28 58 0 44
8 27 94 76 86 54 61 56 75 23 38 0 36
6 35 68 66 44 65 94 29 71 97 80 0 27
3 68 79 43 64 96 33 100 28 34 77 0 13
8 80 28 63 37 52 83 40 38 93 88 0 40
6 98 61 92 50 93 34 33 36 92 86 0 26
7 32 98 75 36 44 41 57 28 76 67 0 33
10 53 77 40 87 85 51 27 52 43 92 0 47
9 20 42 23 36 47 79 89 44 73 52 0 45
7 85 53 79 98 77 31 60 92 52 53 0 32
8 86 82 21 90 90 57 87 100 77 59 0 37
3 60 44 37 86 39 44 84 92 40 92 0 14
8 99 22 60 97 91 70 41 47 45 33 0 40
5 24 25 57 48 79 43 76 72 27 44 0 23
5 89 64 52 97 39 24 63 30 31 64 0 21
7 30 70 90 22 97 55 41 94 83 47 0 34
10 64 95 32 40 61 71 99 44 86 32 0 49
3 82 72 76 48 67 58 94 33 21 91 0 14
6 94 54 30 45 70 82 85 47 50 83 0 30
6 23 51 76 23 33 53 38 32 76 85 0 27
7 93 24 45 99 63 100 56 55 79 94 0 35
3 57 93 32 27 24 51 77 61 86 32 0 13
10 93 67 80 66 61 77 88 73 37 26 0 47
4 83 28 34 80 40 72 22 46 69 77 0 17
5 83 46 82 29 57 82 74 52 36 96 0 21
3 41 98 30 75 76 40 67 67 29 46 0 11
7 90 95 42 49 69 99 76 36 69 33 0 32
6 42 55 83 50 68 97 47 23 88 60 0 30
3 26 59 74 74 47 88 46 27 24 31 0 13
4 27 33 22 24 39 82 47 23 44 69 0 16
9 40 27 34 99 24 27 83 25 79 89 0 43
7 32 94 94 61 89 88 87 71 36 63 0 34
5 99 72 63 51 22 76 70 50 87 62 0 24
10 66 77 35 52 27 74 63 85 30 67 0 49
4 59 41 76 39 37 64 56 84 96 51 0 16
3 40 40 28 88 84 82 47 67 72 38 0 13
9 98 93 60 94 72 97 63 20 55 51 0 43
7 37 46 58 52 46 68 80 94 92 46 0 34
8 31 29 53 52 86 32 62 88 28 37 0 36
4 96 35 66 75 74 75 23 56 80 44 0 20
4 47 53 86 90 74 21 77 96 23 40 0 16
5 99 50 79 28 74 53 68 93 64 30 0 21
4 44 98 44 23 33 99 38 76 31 35 0 19
7 62 71 62 41 36 81 67 37 96 46 0 35
5 75 48 32 46 37 39 27 42 40 26 0 21
10 33 70 35 90 66 49 40 60 98 29 0 47
10 23 82 69 93 79 50 24 20 28 86 0 47
10 46 63 61 24 94 70 100 26 65 34 0 48
8 52 32 51 23 99 62 95 27 88 39 0 37
5 48 95 53 39 25 29 47 91 41 91 0 24
6 28 56 82 29 48 90 39 87 56 32 0 27
10 98 48 34 37 32 70 57 75 24 57 0 46
10 59 69 39 88 33 82 23 58 35 90 0 47
3 94 91 23 70 95 51 32 68 89 72 0 15
10 80 30 59 73 36 88 45 22 21 47 0 48
6 61 77 100 36 63 81 24 91 21 66 0 26
4 52 25 81 57 46 39 76 37 84 100 0 16
5 35 54 92 41 26 50 70 76 43 77 0 22
6 58 32 93 27 65 50 26 48 64 46 0 26
7 89 36 46 21 41 72 29 73 74 65 0 31
6 57 93 58 40 98 21 97 25 63 30 0 28
6 68 71 47 52 75 75 99 73 23 32 0 26
5 29 51 58 50 22 84 90 80 90 85 0 22
9 60 46 60 54 77 99 96 32 67 36 0 41
5 68 83 52 66 50 78 67 71 70 53 0 21
6 34 33 23 77 71 57 84 35 78 72 0 26
6 41 27 29 49 55 30 86 84 85 28 0 27
6 21 59 90 42 40 76 25 23 57 36 0 26
6 96 72 40 72 77 36 98 45 68 68 0 28
10 67 76 54 95 97 92 36 84 29 61 0 48
9 25 93 87 78 76 70 50 63 73 57 0 45
3 49 97 82 38 60 26 30 43 37 52 0 13
8 47 61 57 92 86 70 62 31 28 91 0 39
8 31 99 30 54 70 71 53 34 38 79 0 36
4 34 82 54 85 99 92 55 74 52 58 0 19
8 85 96 38 57 75 94 24 46 94 68 0 38
7 52 22 83 26 53 68 64 84 27 93 0 32
9 93 61 77 93 52 27 20 37 76 51 0 44
5 67 26 37 25 80 66 98 37 82 78 0 25
8 95 72 63 25 91 95 31 95 81 48 0 37
8 68 70 75 31 37 77 86 51 90 85 0 40
4 84 85 96 43 72 39 54 54 93 50 0 20
3 27 68 30 81 99 59 47 100 35 41 0 14
7 94 21 70 92 36 95 84 64 91 73 0 33
6 28 93 62 36 72 32 20 70 95 50 0 29
10 30 84 91 58 46 47 66 31 70 64 0 47
3 23 95 49 22 82 94 63 26 62 25 0 11
6 70 97 28 47 29 29 22 79 42 22 0 30
5 89 56 30 67 60 96 77 57 42 80 0 25
4 43 87 37 99 58 87 87 29 80 69 0 18
10 66 89 39 62 30 75 44 52 87 98 0 46
4 28 21 86 37 93 77 38 42 78 97 0 19
4 60 85 95 51 55 67 97 99 37 71 0 16
3 68 73 22 21 85 70 97 75 42 27 0 12
6 37 45 84 52 21 81 46 27 47 44 0 28
6 34 83 66 20 37 57 23 61 97 75 0 29
7 24 75 88 97 24 69 52 98 53 26 0 31
6 29 57 56 60 98 63 68 29 74 95 0 26
10 48 71 85 32 64 62 48 43 40 30 0 49
10 81 55 48 90 92 38 78 67 82 71 0 46
6 37 62 75 90 91 84 77 55 30 26 0 30
10 50 45 48 84 67 97 96 35 93 21 0 49
2 62 38 94 29 29 68 56 26 33 87 0 10
3 31 84 39 79 64 86 23 81 44 38 0 12
10 96 100 95 95 78 71 30 89 36 58 0 48
9 29 20 70 85 82 34 26 28 63 68 0 42
5 70 38 85 100 33 80 61 69 93 76 0 23
5 33 97 52 97 52 78 82 78 30 67 0 22
8 57 70 35 56 35 36 55 57 83 53 0 37
7 47 48 83 65 61 95 83 58 80 61 0 35
8 59 83 92 38 88 59 52 44 80 52 0 39
7 20 78 69 99 87 29 43 78 41 71 0 31
7 55 90 57 94 29 56 41 59 36 91 0 31
4 34 91 24 44 75 88 77 95 43 85 0 17
8 92 61 53 83 40 69 66 53 47 59 0 39
4 34 30 37 84 36 88 82 54 79 85 0 17
9 30 85 30 88 77 68 69 47 27 73 0 42
9 28 64 29 99 95 56 88 46 31 97 0 44
8 81 69 40 33 24 38 95 66 52 61 0 36
5 54 37 20 26 55 65 92 49 77 77 0 23
9 67 42 74 90 54 44 20 89 31 27 0 45
4 74 43 63 84 71 39 99 64 79 68 0 19
5 41 66 78 78 49 42 82 63 83 38 0 24
4 67 93 37 28 99 83 54 62 52 53 0 16
4 41 50 28 74 32 31 31 90 87 56 0 18
9 36 92 78 31 59 49 26 89 89 68 0 44
9 59 28 84 54 47 71 41 36 40 68 0 44
3 51 60 43 58 51 22 25 99 69 21 0 14
7 32 61 91 26 49 48 89 30 39 80 0 31
9 29 76 37 67 77 44 42 54 33 59 0 45
9 81 89 81 92 88 26 42 80 54 75 0 41
9 57 59 71 97 88 55 80 60 54 36 0 44
10 100 99 73 82 82 73 30 89 64 44 0 50
3 71 47 70 50 41 66 62 33 25 69 0 13
4 44 55 79 44 97 20 24 78 84 62 0 17
6 70 38 88 54 90 46 21 85 80 24 0 26
9 76 33 34 25 39 56 67 20 58 96 0 44
3 41 67 47 50 42 62 58 48 84 37 0 12
9 43 34 31 61 82 91 44 23 22 56 0 42
5 54 50 41 41 38 91 93 58 32 60 0 22
2 28 58 36 95 96 58 47 64 32 73 0 10
5 93 38 66 23 66 97 26 20 81 40 0 25
3 20 86 91 23 33 72 47 30 43 90 0 15
3 75 48 49 91 41 24 42 51 55 36 0 11
3 79 53 91 28 76 98 49 53 36 81 0 14
3 77 34 34 57 40 49 87 86 89 28 0 15
7 56 95 60 99 68 31 65 22 63 86 0 33
6 98 76 29 83 54 74 68 73 42 47 0 28
5 59 29 69 33 20 82 31 41 66 93 0 25
8 80 48 61 83 26 22 39 32 98 64 0 37
4 25 62 43 79 93 76 43 46 65 21 0 19
6 51 69 83 49 35 81 37 75 39 99 0 26
10 41 63 80 36 85 43 38 99 53 79 0 50
9 74 91 96 97 70 84 44 62 100 65 0 45
5 68 53 77 62 86 80 56 33 71 90 0 22
3 47 61 53 78 44 90 73 69 57 27 0 14
4 30 31 85 56 59 78 60 80 93 58 0 17
3 76 85 45 85 74 37 96 33 26 65 0 15
4 95 84 32 51 76 70 26 49 26 99 0 19
9 29 56 88 60 70 26 97 80 24 22 0 43
4 34 76 76 31 52 68 95 99 81 28 0 16
3 65 99 39 63 59 28 42 32 81 27 0 11
9 61 72 30 36 92 24 30 32 64 90 0 45
10 79 39 81 59 87 94 39 63 32 87 0 50
5 50 74 96 33 40 20 79 23 55 24 0 24
3 69 46 49 43 89 78 90 81 87 50 0 13
2 27 81 33 52 28 51 27 94 77 46 0 10
8 90 30 80 68 69 76 76 78 67 92 0 40
4 51 74 94 93 48 93 65 86 93 90 0 17
4 72 48 75 61 83 26 98 20 68 53 0 18
6 63 58 63 73 90 91 93 44 85 81 0 29
4 88 73 98 60 26 26 92 36 35 21 0 17
10 60 28 60 65 59 62 78 33 85 43 0 49
8 58 39 24 76 80 56 62 28 96 30 0 40
8 21 55 65 55 64 35 36 70 42 32 0 36
10 90 40 35 95 84 53 24 99 38 74 0 47
10 47 80 63 73 49 67 66 84 94 36 0 50
8 73 42 50 70 94 78 29 27 73 66 0 40
7 60 74 56 56 37 48 94 98 72 30 0 32
10 53 20 65 90 32 87 97 43 65 96 0 49
4 87 52 23 61 40 60 70 23 60 79 0 19
8 92 65 74 78 63 100 35 50 28 94 0 38
3 100 69 67 56 63 94 36 66 41 66 0 14
8 97 40 77 31 33 71 67 41 85 64 0 37
10 24 81 56 78 68 57 47 25 83 36 0 48
6 93 72 76 31 23 32 21 22 93 90 0 26
3 41 46 68 87 74 90 36 60 57 56 0 14
7 29 29 68 76 32 40 62 43 27 62 0 34
5 38 84 91 57 33 50 21 34 99 36 0 25
9 56 81 45 63 71 78 51 20 23 50 0 44
9 59 60 39 54 58 56 36 58 92 78 0 44
7 20 60 64 70 75 57 42 32 97 23 0 33
10 86 55 55 85 61 89 58 73 87 69 0 50
4 47 39 66 35 32 99 23 98 27 48 0 16
7 33 97 70 68 48 49 54 94 35 93 0 35
2 58 21 99 84 94 68 91 51 46 30 0 10
8 49 78 41 50 56 23 37 79 22 35 0 39
10 68 35 81 93 46 22 68 36 33 69 0 48
7 54 90 42 78 22 56 79 69 55 26 0 34
6 93 30 24 47 82 80 63 50 45 37 0 27
9 60 26 92 32 64 65 93 45 68 70 0 42
5 71 89 59 92 53 90 68 52 97 78 0 22
7 59 53 68 56 60 80 23 50 52 65 0 32
4 77 64 97 79 91 27 35 72 68 91 0 16
6 44 54 64 45 92 30 26 62 45 34 0 29
3 34 97 88 57 94 64 73 57 70 71 0 13
6 85 54 50 56 88 25 94 90 52 34 0 26
7 100 54 31 93 90 47 46 59 26 58 0 34
8 47 47 29 39 28 37 53 71 65 99 0 40
5 37 36 99 74 51 70 21 37 65 93 0 25
5 94 83 70 46 60 66 80 94 24 38 0 23
10 90 44 82 40 69 63 64 39 64 33 0 47
3 91 82 65 93 38 83 23 65 64 29 0 12
6 40 52 82 59 54 42 64 84 89 79 0 30
10 23 57 27 32 65 90 24 52 98 99 0 46
9 88 36 32 71 40 35 93 28 78 37 0 41
9 54 33 80 73 81 62 34 33 83 65 0 45
4 54 90 94 27 83 65 94 38 65 70 0 17
4 38 84 98 83 99 45 47 98 53 67 0 17
4 24 36 32 21 96 54 74 82 32 87 0 20
10 95 33 44 79 74 71 45 51 97 80 0 47
9 90 56 91 45 71 51 83 42 85 75 0 43
9 71 52 89 61 64 42 38 86 74 92 0 43
10 94 34 44 65 62 46 39 63 97 94 0 50
3 74 51 58 35 68 67 30 98 24 79 0 13
3 26 28 22 92 78 50 64 39 30 74 0 13
4 97 52 36 79 98 64 43 92 36 51 0 16
6 62 84 64 66 54 38 31 35 79 98 0 30
9 86 86 60 88 24 99 79 62 26 96 0 41
5 27 93 75 91 88 52 28 58 53 40 0 24
6 91 79 87 22 84 24 87 29 75 99 0 26
7 92 47 93 53 71 36 28 25 56 29 0 34
9 37 64 79 59 66 51 74 65 86 71 0 44
4 55 66 61 23 34 51 92 87 64 56 0 17
10 49 30 79 48 60 89 65 71 70 81 0 48
3 70 68 45 30 42 26 57 67 38 26 0 14
6 42 79 62 66 49 23 83 77 98 41 0 29
8 27 33 100 37 93 88 64 27 84 84 0 38
9 45 93 63 40 29 49 78 54 44 80 0 44
8 50 29 96 90 62 57 25 55 50 84 0 37
4 89 40 76 79 26 42 52 72 39 25 0 17
6 94 84 38 88 38 69 53 79 92 71 0 29
6 64 75 54 75 25 26 77 55 35 99 0 27
9 76 84 67 90 57 66 79 24 77 60 0 45
3 58 91 88 31 28 33 60 93 44 33 0 12
7 33 51 76 91 64 57 28 41 44 22 0 32
5 82 24 51 38 95 72 46 76 75 95 0 21
10 31 38 28 45 36 50 71 45 30 71 0 46
10 61 49 87 80 29 94 48 66 89 58 0 48
5 29 90 93 55 46 85 47 32 74 40 0 23
6 23 72 35 52 84 72 70 24 42 55 0 27
7 35 85 47 40 60 56 93 56 61 67 0 31
7 61 81 33 61 93 69 54 98 22 26 0 34
2 64 81 91 44 34 26 50 64 50 53 0 10
7 79 44 41 43 78 90 68 96 75 73 0 31
8 44 83 97 75 76 42 57 94 99 22 0 37
4 33 64 59 74 53 91 24 81 96 56 0 17
10 70 41 54 33 57 86 58 68 85 50 0 47
9 22 99 60 26 50 44 98 68 90 83 0 44
9 40 50 56 88 45 45 96 96 82 60 0 41
5 94 90 87 22 69 97 91 100 99 21 0 22
8 48 28 61 34 29 90 100 31 35 59 0 40
4 58 85 34 81 36 53 82 44 45 22 0 20
7 81 32 36 72 34 86 94 49 94 63 0 33
3 25 38 93 22 95 24 95 67 73 66 0 15
10 55 35 97 45 39 88 86 64 58 66 0 46
6 53 64 30 42 74 29 79 64 67 75 0 26
8 32 34 48 24 43 23 55 80 40 88 0 40
3 42 71 49 34 89 57 33 81 97 44 0 11
8 79 52 74 49 42 94 87 69 65 94 0 38
9 47 41 94 80 72 55 81 45 82 76 0 43
4 47 55 34 71 97 52 27 27 68 46 0 17
8 44 76 81 45 65 71 36 89 46 52 0 37
9 92 74 29 55 54 58 38 77 37 70 0 45
5 48 75 32 34 44 43 27 28 74 51 0 23
4 56 81 80 87 54 91 33 58 37 88 0 16
10 47 63 61 26 100 100 21 22 41 88 0 46
6 69 29 39 52 96 27 30 35 20 73 0 28
8 65 86 22 24 51 58 28 24 43 62 0 40
3 73 53 35 45 28 82 85 46 51 87 0 15
5 92 50 32 86 67 23 85 52 35 20 0 22
3 96 38 75 82 39 72 60 100 95 45 0 14
6 42 96 61 23 92 32 83 86 79 77 0 30
9 68 38 50 55 59 39 69 47 73 59 0 45
4 30 75 46 74 65 42 95 29 49 58 0 17
9 34 47 74 57 66 63 72 22 36 80 0 42
4 92 81 97 51 96 74 94 26 88 44 0 17
7 22 75 29 96 63 75 33 51 25 99 0 31
4 98 52 60 28 49 92 89 62 35 54 0 19
8 20 52 84 40 30 67 85 38 93 96 0 36
4 46 90 85 76 91 81 97 28 62 37 0 20
5 34 57 78 61 43 50 76 81 86 37 0 23
4 58 21 58 87 77 99 47 80 78 66 0 16
8 95 70 26 22 63 26 47 82 27 64 0 37
8 29 79 77 91 22 51 77 70 84 20 0 37
6 34 79 91 81 41 34 67 73 53 21 0 26
2 44 73 37 63 34 88 21 86 52 93 0 10
5 66 82 49 38 76 93 36 51 82 74 0 22
6 35 85 82 31 34 75 71 86 71 94 0 29
8 34 34 74 75 82 70 33 39 73 37 0 38
9 42 34 62 20 69 53 28 71 56 47 0 44
10 46 87 65 27 39 56 52 77 43 94 0 50
5 70 90 75 93 44 29 88 33 57 75 0 21
7 73 57 30 81 22 38 65 39 79 36 0 32
9 22 33 38 67 46 77 80 91 47 54 0 41
8 87 96 42 96 99 22 20 28 84 44 0 40
10 93 98 75 76 77 25 91 20 96 76 0 46
8 59 63 50 49 43 68 36 27 46 63 0 38
10 35 76 26 74 75 28 63 33 60 37 0 49
6 40 43 73 83 84 26 26 63 87 24 0 26
7 94 89 37 93 34 58 26 89 45 37 0 32
4 86 29 47 67 40 49 50 86 27 33 0 18
9 37 24 84 25 34 23 81 57 33 91 0 44
9 32 61 75 36 48 56 31 68 20 96 0 43
10 73 50 33 66 100 70 88 61 59 57 0 49
4 76 29 29 82 64 92 59 46 98 48 0 18
5 61 42 93 42 88 52 92 31 56 92 0 22
3 38 88 66 20 85 73 44 27 55 62 0 11
6 71 98 32 72 50 34 22 47 31 67 0 27
5 53 98 77 44 30 54 77 57 45 75 0 24
5 75 94 99 48 96 83 34 51 94 29 0 25
5 86 49 71 22 40 48 38 41 62 36 0 24
3 58 60 69 83 84 47 31 73 64 84 0 13
9 23 96 79 57 22 47 75 80 61 57 0 43
8 80 91 91 86 98 21 90 71 68 33 0 38
10 27 37 75 55 76 86 37 20 77 54 0 50
5 35 41 42 28 54 32 68 57 56 32 0 22
6 24 94 71 86 81 54 87 35 21 95 0 26
10 95 88 75 35 78 98 29 50 99 41 0 48
6 59 20 92 61 96 35 47 86 39 73 0 29
4 64 65 84 41 70 85 23 72 45 73 0 20
6 78 50 51 57 48 41 92 37 37 99 0 30
5 82 62 27 54 61 89 95 69 50 29 0 22
9 62 100 78 42 23 75 85 50 94 55 0 44
10 56 56 87 86 43 93 38 71 44 31 0 47
10 82 77 90 84 55 60 50 26 86 80 0 47
8 79 42 61 70 61 22 73 75 96 74 0 40
2 94 39 88 77 56 64 52 93 83 53 0 10
9 67 97 24 74 63 68 76 96 94 72 0 43
4 75 46 39 73 59 79 21 26 77 64 0 17
7 30 36 35 24 73 20 55 65 25 95 0 34
9 94 79 30 92 52 26 53 46 98 90 0 43
7 81 85 34 95 25 54 99 60 74 52 0 35
7 43 46 81 94 92 77 32 38 69 90 0 32
7 51 30 36 30 23 54 43 40 91 86 0 35
10 50 76 94 89 78 93 58 62 39 62 0 47
3 66 89 98 80 22 32 23 55 33 73 0 15
9 86 41 89 92 52 95 61 53 63 64 0 43
6 99 22 37 20 33 31 81 95 96 97 0 26
8 99 24 68 56 42 39 26 87 92 29 0 39
6 99 32 50 46 82 100 82 21 33 34 0 30
5 44 45 49 23 63 29 52 42 37 47 0 23
8 36 36 87 56 56 61 40 92 22 69 0 37
9 59 57 89 67 90 61 95 71 55 24 0 45
8 100 27 73 21 20 91 24 59 98 61 0 40
5 83 32 29 65 30 98 60 44 27 81 0 25
7 81 78 98 57 54 83 79 99 68 83 0 32
9 61 92 99 80 73 64 22 96 88 64 0 42
10 99 55 57 50 67 54 93 44 37 26 0 48
10 25 79 89 32 51 93 83 62 86 44 0 50
3 79 34 22 50 57 97 62 35 51 85 0 12
7 83 86 23 64 23 26 62 81 47 73 0 35
4 79 35 73 87 35 63 71 38 93 86 0 16
6 35 71 50 68 95 76 72 25 91 99 0 27
8 90 25 58 71 21 100 90 88 21 73 0 40
3 82 48 55 81 25 42 35 37 88 87 0 14
6 24 62 85 84 25 34 40 27 88 25 0 30
6 82 57 24 25 48 24 99 69 23 57 0 29
5 68 49 22 53 89 34 68 51 69 48 0 22
3 44 30 64 84 72 56 75 25 43 20 0 13
4 24 42 81 88 66 46 39 84 57 97 0 16
8 27 85 32 71 46 55 48 40 22 37 0 40
6 42 36 51 29 93 37 65 88 46 68 0 26
4 26 79 82 47 62 52 29 53 81 37 0 20
10 97 28 75 82 63 35 93 53 29 52 0 46
8 89 82 72 26 80 32 97 97 41 86 0 36
3 81 23 70 94 25 41 96 84 34 71 0 13
8 37 39 75 41 29 53 88 93 84 28 0 39
10 22 42 54 35 76 33 66 44 74 73 0 49
5 53 42 38 72 71 81 22 35 99 79 0 24
4 53 33 30 64 52 22 35 31 51 70 0 20
9 25 64 36 22 37 42 66 61 67 78 0 44
3 83 86 74 78 85 25 77 76 66 78 0 14
4 50 75 76 76 77 39 49 28 55 36 0 20
6 39 53 24 94 38 35 39 81 59 73 0 30
10 26 53 85 61 55 99 34 99 63 52 0 47
6 46 35 51 57 87 95 38 39 70 30 0 26
4 54 39 26 49 45 50 84 42 94 41 0 19
9 43 31 68 88 41 39 38 92 80 80 0 43
10 48 40 78 53 46 79 40 58 62 39 0 50
2 86 80 44 66 91 55 96 36 56 52 0 10
5 92 84 49 84 89 93 29 22 37 42 0 21
7 72 80 95 78 97 31 22 93 21 44 0 32
9 64 95 97 44 53 35 26 98 39 49 0 44
3 51 73 44 60 43 59 35 54 84 45 0 14
5 64 49 27 98 50 50 76 28 97 87 0 21
4 91 52 99 65 91 79 37 38 29 23 0 18
8 73 51 22 32 97 97 24 75 90 28 0 39
6 79 86 53 78 50 89 80 55 40 34 0 26
6 57 40 95 71 62 87 67 97 30 75 0 28
8 55 47 59 37 30 33 83 87 67 81 0 39
3 52 92 82 25 61 30 50 41 39 48 0 11
10 96 59 75 61 28 73 57 67 99 38 0 49
10 50 75 36 91 58 62 74 29 30 28 0 49
4 24 28 29 33 86 71 38 63 23 33 0 17
6 37 81 28 90 82 100 30 63 67 67 0 28
7 82 30 67 47 23 47 60 98 91 51 0 34
3 58 68 45 42 32 49 42 77 84 22 0 13
3 28 44 87 33 61 78 74 95 24 62 0 13
8 24 99 86 64 57 44 86 30 63 54 0 38
7 74 51 64 72 80 83 85 78 62 58 0 35
6 60 97 37 64 72 94 26 36 82 23 0 29
9 96 82 41 94 71 72 22 25 72 75 0 43
4 24 40 96 22 80 77 77 33 81 48 0 17
10 38 53 54 65 23 96 92 61 44 74 0 50
6 27 49 43 66 84 33 24 79 42 64 0 30
10 81 25 36 38 42 87 70 46 77 66 0 49
3 98 83 56 97 44 56 72 47 32 22 0 11
6 34 53 45 51 69 92 47 70 76 45 0 30
7 89 58 92 21 87 90 94 24 30 94 0 32
10 85 79 40 98 83 84 64 78 84 91 0 46
8 88 56 49 41 79 70 32 29 76 33 0 39
6 27 69 74 87 72 84 93 32 80 78 0 29
5 36 77 32 87 93 74 43 93 67 72 0 22
4 94 83 78 69 36 73 63 72 87 48 0 18
3 81 68 57 77 75 47 84 82 99 87 0 12
8 36 43 43 67 91 57 46 68 77 73 0 36
4 40 32 65 93 85 29 31 46 39 66 0 19
4 45 70 49 99 92 89 67 65 30 79 0 20
4 59 63 47 24 34 67 90 94 37 30 0 16
5 86 67 49 51 84 56 45 29 93 79 0 24
10 98 20 28 24 27 82 44 75 61 27 0 49
7 42 36 31 80 63 78 29 73 76 63 0 34
3 40 20 42 24 87 81 50 69 62 56 0 12
7 87 50 70 86 43 22 76 91 67 46 0 33
4 30 96 28 41 55 41 21 22 48 22 0 18
8 65 78 55 79 71 82 51 88 74 84 0 38
7 32 84 41 22 73 63 64 26 28 32 0 35
10 47 43 23 85 30 65 65 45 81 84 0 48
5 22 86 23 39 32 29 33 43 94 35 0 25
9 55 39 65 65 79 25 95 20 32 48 0 43
4 58 42 78 64 52 22 24 49 65 63 0 20
3 29 66 88 63 73 61 51 47 92 47 0 11
6 76 92 57 85 89 95 21 56 99 90 0 27
6 98 77 48 39 30 70 32 57 67 76 0 30
10 30 87 61 21 95 81 96 69 51 53 0 48
3 65 50 84 56 87 45 37 84 29 21 0 15
4 86 29 21 61 53 30 95 61 55 55 0 18
5 43 90 56 99 95 42 53 85 22 47 0 25
5 36 99 20 43 58 43 46 85 57 41 0 24
3 67 63 89 98 70 85 71 94 61 69 0 15
6 94 34 82 80 37 71 44 38 33 31 0 30
8 97 85 71 23 64 60 65 91 96 27 0 37
6 43 41 81 24 87 100 99 41 58 32 0 28
6 21 86 67 45 56 77 87 66 75 95 0 29
10 41 67 87 28 90 21 53 49 85 84 0 50
5 87 76 63 47 83 33 96 61 93 28 0 23
5 22 21 95 71 80 36 53 34 67 44 0 25
3 71 89 95 61 34 85 93 35 49 81 0 12
4 74 67 55 63 25 52 58 67 95 80 0 16
8 73 41 52 27 56 79 85 91 75 82 0 37
4 67 70 32 73 82 59 77 44 63 44 0 18
6 26 54 67 80 91 76 51 85 66 40 0 30
6 77 62 38 58 50 40 99 41 86 43 0 28
3 44 36 29 70 42 74 91 76 55 44 0 12
6 90 46 45 61 56 94 29 45 37 92 0 29
7 28 55 26 58 54 25 98 83 21 84 0 31
8 87 85 78 64 35 40 93 43 57 29 0 36
10 39 100 70 25 66 48 90 92 74 99 0 50
9 81 85 21 43 24 80 44 25 20 37 0 42
3 86 94 68 55 70 35 70 83 23 34 0 11
10 57 32 85 58 89 51 21 89 35 93 0 46
10 28 64 29 82 92 29 68 79 44 86 0 47
8 43 94 58 89 81 38 30 45 24 31 0 36
5 48 20 41 67 82 89 75 71 59 96 0 25
5 71 84 33 48 45 78 22 51 94 84 0 21
8 23 48 71 56 44 78 34 72 42 69 0 39
5 80 43 56 68 67 96 56 62 66 61 0 24
7 77 50 41 69 23 22 73 97 26 75 0 32
8 46 36 95 50 87 70 35 89 90 26 0 37
9 23 86 65 35 88 78 75 53 64 30 0 42
5 65 82 43 52 33 59 99 24 35 98 0 25
7 61 64 80 73 29 33 63 81 85 91 0 32
6 52 86 41 48 35 41 66 47 29 93 0 27
4 85 100 58 64 50 46 94 95 84 54 0 17
5 34 78 55 58 66 92 27 33 41 74 0 25
3 91 21 99 40 65 34 66 67 75 24 0 12
5 25 57 24 78 36 82 79 66 50 46 0 21
8 32 30 95 87 30 85 40 28 54 53 0 36
10 67 76 58 82 73 22 70 25 42 40 0 48
10 40 90 40 63 49 33 59 40 33 98 0 49
5 74 52 51 63 50 37 52 81 55 35 0 23
5 86 75 67 99 61 87 68 76 49 97 0 24
9 55 36 52 91 23 61 88 27 98 85 0 41
9 48 21 90 86 37 78 64 96 82 25 0 43
7 63 98 51 91 56 50 100 49 23 98 0 31
10 98 43 68 24 95 35 67 96 65 50 0 46
6 40 79 65 62 94 59 51 51 84 33 0 30
10 47 99 76 24 82 59 63 32 74 31 0 47
7 23 59 60 35 61 38 40 28 58 24 0 31
6 20 37 24 83 30 21 83 85 66 55 0 27
10 56 63 27 90 38 70 37 64 57 34 0 50
8 28 33 41 86 88 99 42 62 87 47 0 36
8 60 41 33 61 74 23 45 52 91 60 0 40
9 21 35 51 66 95 86 61 96 40 27 0 41
7 32 23 76 71 36 39 46 92 89 92 0 33
3 23 84 24 55 55 92 21 86 61 86 0 12
8 98 59 60 73 62 52 57 62 47 36 0 39
2 69 50 82 73 42 42 24 59 76 84 0 10
9 46 92 62 27 36 92 55 98 33 72 0 41
6 39 72 40 30 77 70 93 94 74 49 0 27
9 37 91 46 94 68 44 46 57 22 49 0 43
4 48 48 34 57 25 64 68 23 99 62 0 19
9 35 68 20 77 98 58 57 31 24 25 0 42
2 82 55 49 67 90 64 71 22 67 77 0 10
3 91 34 66 81 51 97 41 25 83 37 0 13
2 42 85 81 44 22 21 100 21 86 92 0 10
8 52 44 52 66 38 94 30 36 43 53 0 37
3 56 36 79 50 30 72 48 93 93 58 0 12
9 93 31 29 95 58 38 64 97 35 43 0 45
3 92 82 70 96 48 26 70 97 51 83 0 14
5 52 56 20 33 36 29 21 84 36 82 0 22
10 86 65 33 26 70 51 96 32 89 76 0 48
10 71 22 76 69 44 100 47 87 98 93 0 48
10 35 55 50 27 66 33 51 60 31 92 0 50
3 22 27 21 36 59 68 73 42 87 23 0 11
6 53 39 64 82 59 29 46 76 69 90 0 27
10 90 45 31 32 73 48 31 62 57 52 0 47
6 75 83 58 43 25 85 53 99 76 23 0 30
10 44 55 90 100 61 37 68 70 84 33 0 47
3 64 20 92 77 40 86 51 99 26 57 0 12
4 92 42 66 91 35 34 74 74 37 76 0 20
4 32 56 58 82 46 28 25 85 30 80 0 19
9 99 43 82 44 61 88 78 94 76 29 0 45
4 78 27 90 95 71 71 84 40 90 84 0 18
6 33 94 70 73 65 31 36 53 23 45 0 26
3 77 69 92 84 61 39 69 33 59 41 0 14
241 239 160 208 152
101 150 188 235 261
103 167 216 259 287
120 177 187 226 284
103 164 205 230 287
127 162 200 259 260
135 177 212 239 291
113 170 189 257 260
101 151 187 243 286
129 155 211 239 264
105 156 185 224 264
118 168 214 229 260
113 162 220 231 288
108 174 181 246 294
105 167 182 252 261
101 177 198 250 296
100 155 215 257 261
118 160 206 251 265
128 150 183 247 264
102 171 201 249 285
111 161 182 238 265
111 165 206 232 270
102 141 200 246 276
111 178 191 246 263
114 175 202 238 274
117 158 211 260 299
115 143 220 230 279
139 158 204 260 268
115 177 219 239 276
104 168 188 239 263
123 143 198 234 270
135 155 187 252 297
102 160 206 222 271
131 157 194 223 286
124 163 194 229 281
132 160 196 233 270
121 171 207 247 265
100 157 208 220 282
132 172 206 259 280
108 165 183 231 271
124 170 211 258 291
114 143 201 252 284
113 170 183 252 298
111 160 184 256 273
138 177 200 259 265
130 180 192 244 264
129 156 216 249 288
107 173 192 248 300
104 152 194 243 296
138 169 183 243 282
129 159 218 231 283
122 151 213 247 298
116 150 199 242 271
108 157 218 233 267
119 163 195 222 287
119 173 202 241 300
131 153 200 245 261
132 144 186 225 270
114 163 190 243 273
140 142 211 259 293
111 140 185 245 288
115 179 217 237 276
111 177 220 226 262
110 155 192 259 283
112 168 198 251 289
132 147 206 246 260
104 166 203 242 261
119 173 205 246 288
125 146 219 237 284
101 177 183 238 294
129 164 212 237 294
110 155 206 228 280
128 142 195 236 292
134 144 182 230 265
101 142 217 237 291
135 148 184 220 300
114 162 181 251 289
114 160 198 249 267
133 169 201 246 293
123 149 220 258 276
119 150 217 221 285
121 171 200 226 289
121 162 217 238 283
111 154 189 249 274
123 167 180 233 263
130 172 218 249 293
100 147 208 223 293
114 164 211 226 272
108 162 191 223 279
119 167 205 225 271
130 177 181 254 266
101 179 190 257 269
127 169 212 225 298
121 145 214 250 281
121 167 198 254 274
132 179 199 244 289
118 165 217 226 265
108 171 196 247 288
136 153 190 253 265
102 172 188 241 284
100 174 209 226 288
113 144 201 221 266
132 163 198 221 269
136 172 218 237 292
129 150 219 222 292
120 150 180 248 290
129 150 192 228 295
101 156 190 222 290
134 166 188 259 277
102 175 211 226 271
130 175 200 256 280
115 169 192 248 261
110 141 202 243 283
122 164 210 230 286
138 141 197 237 281
103 146 200 225 272
111 154 218 234 286
117 152 184 229 266
122 142 214 235 261
100 149 213 243 289
116 173 189 220 291
101 178 204 229 262
139 162 183 234 286
115 164 194 245 282
135 163 212 238 264
114 164 203 248 285
103 166 215 244 282
124 165 185 222 300
106 148 198 241 265
107 159 187 254 266
117 169 197 220 298
107 173 207 232 300
110 164 219 236 284
131 164 216 234 288
136 172 194 260 268
118 140 209 251 275
126 169 186 259 268
119 144 212 255 266
115 177 191 253 260
101 161 219 230 279
135 169 192 258 278
118 141 186 240 284
101 180 188 253 274
130 140 201 233 296
109 153 205 222 274
127 165 188 221 297
133 144 205 259 261
109 176 186 247 297
126 149 204 258 291
135 178 198 230 297
122 156 206 248 297
119 154 197 245 268
101 174 200 226 298
109 173 195 225 294
121 157 214 256 265
128 170 198 237 279
129 170 206 225 295
129 151 213 228 290
138 162 195 257 290
111 156 207 236 286
102 145 202 242 266
104 179 204 230 280
108 141 220 221 279
108 174 185 257 268
128 172 206 259 272
108 172 180 221 285
125 146 189 227 289
138 144 203 258 297
124 154 194 253 270
121 158 202 223 268
109 162 187 241 271
127 168 203 234 271
134 168 200 252 287
120 180 201 239 268
103 154 210 254 270
138 145 208 221 279
131 151 196 226 299
104 143 218 229 279
132 146 218 228 266
131 157 208 255 284
103 178 214 223 277
117 154 186 248 279
120 179 216 234 286
121 160 192 239 263
113 142 183 220 262
113 149 184 259 282
105 149 208 249 274
104 154 181 222 262
116 148 186 220 292
109 175 195 242 270
120 141 198 244 266
104 142 184 251 296
105 179 220 223 288
133 179 218 257 296
122 162 199 248 273
109 160 201 240 281
112 167 201 254 277
123 163 187 236 280
112 176 210 220 292
113 143 192 256 273
121 145 209 256 288
125 154 195 249 298
123 146 199 228 282
108 145 188 234 281
129 150 199 226 294
112 145 219 230 276
117 168 210 233 294
115 159 212 256 281
116 159 212 227 270
121 159 215 230 292
131 144 209 258 282
139 142 213 235 297
136 151 212 224 298
134 155 218 240 289
126 166 180 237 284
123 169 216 240 300
131 151 210 250 293
115 174 185 246 285
129 147 202 252 278
115 171 215 220 279
101 159 196 256 265
114 160 212 240 296
103 142 194 232 276
127 173 186 221 300
111 164 204 240 268
133 169 186 258 274
109 164 186 242 285
137 145 201 243 277
131 177 191 220 287
140 151 205 259 296
119 164 185 222 265
102 150 214 233 297
135 163 208 221 262
118 147 205 222 295
119 146 201 248 284
138 167 208 241 279
120 170 199 259 279
110 162 187 249 270
100 147 188 257 278
106 152 191 248 272
100 148 203 241 260
137 175 180 230 267
121 153 194 251 284
131 158 216 243 290
124 164 207 246 293
116 142 180 239 293
112 177 191 250 280
128 155 220 248 263
121 169 193 242 262
136 177 181 236 263
120 178 212 229 284
113 179 185 240 270
107 168 213 224 280
140 178 184 259 287
116 173 211 235 281
139 155 209 238 274
119 144 208 235 281
133 169 192 225 300
115 143 199 221 275
119 146 184 242 290
117 150 195 250 261
102 158 209 230 297
130 153 205 233 278
117 180 218 237 278
139 179 206 251 295
112 155 220 244 277
127 171 204 254 262
102 155 201 255 295
124 177 185 245 275
123 149 216 232 295
118 177 216 222 296
127 149 220 250 277
117 142 187 243 273
129 178 201 235 294
111 176 220 251 288
100 148 187 260 283
123 170 210 249 295
103 149 209 245 280
113 159 183 225 300
117 149 210 242 261
118 150 191 248 275
125 155 183 233 269
131 171 209 248 271
108 177 194 242 281
126 142 194 244 267
104 146 183 251 274
110 173 188 252 284
116 170 189 244 297
137 176 180 231 286
105 149 192 223 294
120 155 208 251 284
140 147 182 245 261
128 154 186 245 271
120 141 202 231 289
122 163 189 253 293
110 163 197 226 287
104 166 209 254 264
131 158 219 253 264
105 164 190 252 297
106 175 205 229 261
109 161 184 230 272
140 140 182 244 270
127 156 216 225 262
132 172 194 233 265
113 153 197 233 273
134 179 206 226 286
101 169 190 254 269
128 144 197 232 266
131 176 207 221 274
111 150 214 231 291
115 162 202 234 288
102 145 220 242 295
112 175 196 247 284
122 165 213 223 270
138 157 190 241 264
131 145 204 255 267
124 170 203 239 261
133 160 219 236 271
126 159 209 227 269
125 162 203 232 292
138 160 191 225 272
119 157 204 260 284
122 141 183 237 287
135 148 187 230 270
109 154 187 232 282
105 163 214 233 277
105 178 186 260 299
136 149 187 246 294
106 151 182 253 292
129 174 210 222 291
110 169 184 241 287
129 153 207 241 276
125 149 206 249 271
135 152 185 230 280
126 152 204 245 271
107 167 193 226 274
135 143 202 258 265
119 148 190 226 262
138 179 216 245 291
101 141 215 227 275
127 154 209 230 285
109 163 200 245 291
114 167 199 253 276
112 151 211 255 277
118 171 183 222 284
137 161 206 223 282
105 153 219 259 272
115 170 193 248 283
128 171 200 238 263
105 173 187 255 272
107 180 218 251 294
132 143 197 250 267
105 164 190 241 269
117 177 187 240 268
133 177 213 241 288
104 147 198 238 285
136 164 216 243 261
109 168 216 255 297
107 147 206 257 264
115 153 212 234 288
108 163 211 248 272
115 147 188 255 288
134 170 199 232 279
103 142 203 239 265
120 142 182 221 294
130 140 193 221 291
102 162 211 253 266
122 171 182 232 273
117 153 213 231 277
103 173 213 259 272
120 174 188 250 277
134 148 188 251 260
110 172 205 254 291
121 163 184 226 300
136 163 190 239 278
131 168 199 246 264
139 140 204 243 275
101 174 181 233 279
123 178 184 220 282
129 180 188 239 273
133 163 197 232 296
132 162 220 258 293
119 176 219 230 292
105 156 203 249 295
136 179 181 224 288
134 143 215 258 281
102 174 200 221 262
124 160 214 249 280
106 166 183 239 288
138 164 205 252 265
105 146 214 248 271
135 165 219 244 286
109 171 209 230 298
113 148 220 221 287
100 164 216 246 291
117 156 207 250 284
125 162 184 257 266
117 140 212 253 297
130 179 198 232 263
113 165 194 245 285
117 144 205 224 273
127 155 210 245 280
101 164 210 220 274
113 169 209 232 299
126 143 180 239 265
140 150 218 237 284
140 172 216 243 292
123 142 197 249 292
133 144 216 235 267
106 168 200 230 281
134 148 192 245 272
119 169 209 222 290
102 168 200 221 280
100 178 199 229 292
101 172 219 253 276
126 174 212 243 292
123 160 196 259 294
136 171 194 255 292
108 177 212 223 285
101 144 202 240 298
137 152 194 237 294
130 157 192 224 289
107 167 195 243 276
134 160 195 234 279
130 164 199 224 282
129 159 213 257 285
121 161 185 251 270
102 146 208 255 260
119 141 192 235 300
120 170 192 221 293
114 171 194 256 277
114 152 198 225 266
120 142 201 231 289
119 178 210 231 295
104 144 216 258 283
115 168 220 260 284
114 170 181 259 277
131 171 182 223 283
137 173 218 245 289
107 141 199 223 275
106 148 202 232 275
135 142 181 257 281
119 143 188 226 273
113 162 192 245 269
121 144 184 230 280
102 146 189 256 263
124 141 196 240 294
126 157 201 252 283
140 164 193 226 271
125 154 202 234 275
123 147 199 235 275
112 162 204 246 269
119 155 212 248 268
140 173 190 228 283
114 165 202 230 297
118 144 194 239 278
113 142 219 222 294
136 167 214 223 277
103 154 183 246 300
126 153 189 247 299
119 177 213 251 293
124 148 194 252 289
110 146 189 257 275
112 174 200 236 270
100 149 211 224 298
134 178 195 254 300
119 152 188 241 286
118 141 196 229 262
139 180 211 221 283
113 142 207 248 282
135 140 190 232 274
128 154 220 233 279
103 174 214 260 284
116 143 190 236 270
110 178 204 247 266
127 170 180 253 261
121 148 191 221 284
122 147 211 227 267
139 174 196 231 291
101 141 203 257 268
111 175 203 224 282
122 157 182 254 286
120 154 181 239 299
132 143 201 245 295
136 173 214 243 296
133 179 195 237 264
117 160 207 223 274
122 178 211 257 263
130 142 191 240 261
101 169 201 228 276
140 161 195 230 279
111 174 215 230 273
134 180 192 251 285
126 141 212 248 294
140 177 185 238 275
115 165 184 259 300
108 147 186 234 261
125 140 209 233 280
111 168 200 252 262
109 173 192 253 283
102 177 208 227 279
110 174 189 235 261
131 167 214 225 264
109 147 198 223 276
102 156 192 244 279
115 179 188 256 283
125 164 214 243 260
113 171 215 231 269
130 147 181 248 299
101 152 183 256 295
114 144 218 240 262
116 146 213 229 280
108 145 191 241 291
110 152 213 238 289
135 160 195 224 271
135 149 215 228 274
100 140 190 251 290
124 161 182 221 293
132 156 180 220 281
129 149 181 220 275
117 173 191 257 293
121 168 218 236 300
117 145 197 236 262
116 141 217 251 286
126 150 194 240 269
130 157 184 241 275
105 142 217 237 271
127 156 209 257 265
105 180 202 244 284
118 149 191 254 265
121 143 202 250 268
140 154 186 240 269
138 147 203 249 295
110 151 204 252 261
102 156 184 249 268
134 155 210 241 260
139 158 188 245 261
110 143 180 251 285
131 172 197 239 277
139 179 215 246 269
130 163 209 241 275
137 175 217 243 264
113 159 194 230 283
118 152 185 258 290
121 144 194 233 278
134 151 192 256 289
128 141 206 248 279
108 169 190 235 262
115 176 198 246 296
140 158 181 256 263
140 149 182 250 261
136 155 211 260 269
126 167 198 233 267
122 152 183 237 260
109 179 199 254 262
115 162 188 222 260
140 143 198 230 274
104 163 192 249 294
113 164 202 228 293
136 163 201 260 299
137 156 205 260 287
139 162 217 252 270
132 178 219 230 270
139 142 192 245 283
111 166 194 220 288
137 171 181 236 299
107 152 200 221 280
112 144 180 225 277
104 146 187 254 261
126 145 184 230 287
139 149 218 246 265
127 170 204 238 262
105 166 211 229 262
137 144 203 250 289
119 177 214 246 299
125 164 195 256 263
123 164 191 232 300
137 161 220 226 284
138 158 199 254 300
133 167 181 252 294
122 142 212 259 263
113 145 219 255 286
134 147 199 247 278
102 179 204 260 281
137 162 184 232 274
118 147 192 244 292
110 159 180 227 280
134 154 204 259 269
136 163 184 239 298
133 150 215 243 271
106 173 213 236 280
102 140 210 227 290
136 147 205 258 295
109 150 193 223 287
102 178 184 237 267
134 146 204 243 271
140 155 194 220 279
106 150 186 253 261
136 180 194 225 267
136 143 193 224 274
115 153 196 220 298
106 148 211 259 279
109 159 219 220 291
130 160 214 255 271
102 151 215 246 281
107 151 200 244 268
116 145 186 258 279
136 141 188 223 300
137 164 218 224 299
125 170 203 244 281
110 143 184 238 270
133 147 188 234 261
122 162 211 229 278
101 178 201 259 275
131 153 194 235 299
105 161 198 247 295
102 177 198 221 287
110 144 203 251 269
119 154 194 253 299
125 157 220 239 276
125 147 185 236 269
110 177 184 242 297
126 142 199 251 285
138 170 212 240 263
102 149 202 241 265
111 140 183 258 261
136 151 192 231 268
125 172 191 251 261
111 143 220 259 285
124 169 210 245 286
123 168 181 226 278
114 141 180 258 291
117 178 181 234 300
133 165 195 234 272
118 172 201 243 260
108 147 210 253 277
120 145 198 249 288
135 160 195 221 282
110 158 184 242 266
107 149 201 229 277
138 172 206 234 269
124 168 205 221 300
121 164 219 238 266
101 171 207 259 261
105 178 188 246 293
125 155 213 251 264
137 162 182 251 280
128 173 197 222 300
108 180 200 223 294
131 180 214 242 299
102 173 217 243 291
133 154 199 238 294
108 168 206 248 269
124 157 182 246 295
137 149 199 249 271
126 179 186 239 277
115 142 205 227 300
121 163 195 253 267
106 179 193 224 271
121 171 193 236 285
115 173 218 247 261
110 165 197 241 289
122 170 207 242 276
132 145 209 253 262
107 174 220 234 273
118 180 200 253 287
101 171 193 240 297
136 143 203 223 292
124 166 200 224 294
108 176 205 236 283
126 166 211 239 286
135 176 204 234 274
118 142 203 254 288
129 174 219 240 291
110 163 209 234 291
139 169 183 245 299
129 180 190 225 277
127 159 203 239 283
126 147 217 237 294
110 159 207 240 289
111 141 210 248 268
125 143 180 248 282
126 179 206 259 294
119 156 207 249 278
106 156 208 254 290
112 165 211 228 295
121 150 220 233 295
130 140 196 241 287
119 149 210 253 285
131 141 194 234 268
131 160 197 231 293
118 172 216 238 260
138 145 219 227 281
108 175 203 248 286
107 140 208 251 269
125 156 194 228 289
105 158 185 253 275
120 169 187 224 298
133 156 219 232 293
128 155 220 250 277
135 140 194 235 289
112 147 189 224 277
121 140 180 245 273
138 140 189 243 267
140 160 203 239 297
105 165 209 260 285
122 173 214 232 288
127 167 201 227 270
137 144 200 255 289
107 173 185 258 293
139 148 220 246 262
133 146 212 240 291
135 150 201 227 283
118 161 191 238 268
122 173 212 223 276
113 141 219 227 290
118 142 192 232 288
131 155 189 247 294
109 158 209 248 293
138 166 210 243 285
128 154 212 238 296
120 168 220 245 264
135 162 190 226 292
116 151 210 237 273
128 156 202 249 298
139 158 184 234 290
132 169 196 252 264
108 160 195 248 300
137 177 204 221 289
134 161 209 253 284
131 174 204 245 278
130 147 218 224 292
132 163 192 250 279
131 142 186 259 290
108 164 206 229 282
109 161 203 241 285
139 178 215 233 262
136 177 199 240 264
107 163 215 255 272
124 147 202 255 281
102 158 195 234 281
123 151 203 242 261
110 151 198 235 274
106 154 197 255 299
128 150 185 221 286
112 178 217 236 264
101 150 216 230 294
138 166 209 236 299
118 144 180 232 299
115 144 190 248 266
122 179 216 259 266
102 171 201 255 296
134 152 191 245 271
109 159 182 223 261
115 162 207 236 295
133 140 198 223 298
137 173 208 250 274
104 154 187 249 295
134 176 207 254 277
124 158 186 247 265
101 175 214 255 277
106 164 198 254 299
121 169 220 238 296
129 146 207 249 288
111 171 204 220 262
126 151 192 241 265
116 160 206 247 269
131 153 195 248 271
130 158 199 244 284
121 158 184 240 277
133 177 190 230 261
123 169 202 253 268
108 152 181 253 290
129 153 206 248 263
105 175 220 249 292
120 173 183 243 274
114 168 185 238 270
122 141 198 231 272
139 153 182 241 296
100 177 192 255 274
104 156 211 241 286
101 172 208 237 261
100 144 197 243 291
119 153 197 234 279
124 141 212 247 297
102 144 220 253 275
118 144 193 252 285
117 171 197 234 281
118 163 193 251 287
140 145 205 246 280
121 179 200 249 295
137 159 215 251 286
104 150 216 230 278
126 174 192 226 298
111 150 180 227 279
104 160 189 229 293
108 149 201 258 263
130 179 181 257 261
122 141 207 221 300
110 145 195 234 281
140 145 189 224 265
100 162 193 234 263
102 148 188 251 280
124 144 200 254 267
137 146 219 257 275
127 173 201 220 277
116 161 215 254 286
114 155 194 243 268
123 175 206 237 293
112 141 195 250 270
117 141 180 246 279
103 142 190 228 300
100 172 187 234 275
136 161 184 258 281
105 180 193 252 281
139 152 187 227 300
110 169 213 245 300
128 151 195 245 286
109 170 192 255 270
102 140 180 240 292
136 176 186 253 283
132 144 214 240 276
106 140 195 235 295
114 174 219 224 291
113 147 186 226 289
127 156 183 224 287
107 141 188 258 270
118 177 199 246 263
131 140 213 253 266
130 163 213 247 290
122 167 189 240 288
112 151 216 250 268
101 145 219 254 291
126 146 187 242 281
132 171 210 234 286
100 145 194 224 262
138 162 197 233 267
112 143 185 236 277
129 174 212 245 280
120 159 208 233 289
128 145 213 236 266
112 144 195 255 266
108 142 190 247 278
108 151 197 255 283
122 143 190 241 260
107 167 210 244 276
105 167 190 260 281
107 147 197 259 275
130 149 208 255 269
104 147 197 224 264
124 161 204 224 293
136 165 191 251 261
123 164 209 237 275
124 162 220 253 276
140 159 219 233 282
108 140 215 247 284
101 167 190 224 279
130 147 199 231 261
128 155 183 251 275
100 159 213 229 283
124 174 207 233 279
113 162 219 260 300
121 156 220 225 277
109 151 187 236 283
119 170 195 238 260
140 143 193 234 287
104 161 211 258 262
117 175 189 231 277
140 175 208 239 291
138 167 182 236 261
136 140 219 237 289
139 149 204 220 281
120 156 210 250 260
137 149 214 255 265
132 155 209 245 285
137 157 216 241 297
104 146 206 252 275
124 159 214 254 289
115 154 191 255 268
116 169 206 227 294
129 146 200 231 293
128 145 188 234 296
106 171 205 244 299
134 142 195 249 298
121 149 202 238 272
116 149 201 251 293
120 145 195 247 272
129 166 219 226 283
122 164 198 256 279
125 159 187 260 285
121 169 200 241 299
122 174 184 243 292
110 142 200 246 299
116 171 196 242 299
120 173 212 260 261
140 149 183 226 292
109 144 188 250 284
104 155 217 260 284
111 156 217 260 295
119 157 184 228 262
137 160 220 244 298
121 168 184 239 286
122 140 189 250 279
140 143 185 222 293
139 152 217 245 299
117 166 217 224 289
106 169 210 249 264
131 174 204 237 270
136 149 191 260 272
107 148 196 249 297
132 168 201 231 285
122 152 191 258 275
140 169 215 226 289
109 167 180 234 279
112 167 200 246 274
108 143 216 239 264
135 160 203 233 277
132 143 190 258 275
119 145 191 240 275
104 175 180 244 288
126 155 195 235 262
110 178 216 234 299
102 162 214 226 266
130 180 194 257 271
114 157 212 237 278
133 156 184 244 268
139 141 189 250 271
131 172 181 239 285
137 180 191 256 287
104 177 197 238 289
133 157 212 255 297
135 143 213 239 288
103 175 191 251 281
140 165 195 249 277
114 160 212 240 272
136 162 216 241 285
108 162 196 243 272
126 163 210 222 262
114 143 213 222 271
123 140 186 237 279
103 144 212 258 264
112 147 193 223 281
133 165 186 220 260
128 149 201 224 268
135 143 198 252 299
104 146 194 223 300
126 162 194 257 289
106 146 180 221 285
103 142 187 258 270
139 179 208 244 281
106 176 205 256 284
134 158 213 259 274
137 142 190 222 276
129 165 181 228 293
123 170 199 230 262
116 173 190 233 264
138 152 197 240 275
114 141 200 256 297
138 160 213 231 294
137 148 192 221 295
104 171 213 247 260
119 155 184 238 285
111 166 205 254 275
105 166 208 228 293
121 142 200 250 276
113 154 203 250 279
109 142 211 259 273
139 149 182 238 279
109 166 205 230 272
112 172 202 237 269
115 153 210 246 273
130 160 199 230 263
103 166 198 230 287
103 167 212 220 272
135 153 186 232 264
131 162 211 240 290
126 176 197 235 289
115 154 201 251 298
121 162 213 252 284
135 150 218 244 278
116 144 217 234 280
109 159 211 250 262
138 160 214 249 269
110 149 180 230 287
107 161 205 251 289
104 158 211 245 267
134 162 184 240 280
131 147 188 254 285
110 154 220 222 296
119 179 192 232 278
109 158 180 236 270
125 146 206 227 266
102 173 216 257 294
117 178 204 221 266
126 178 193 227 287
107 146 197 237 283
138 171 214 237 270
140 175 190 227 295
120 141 219 249 268
116 151 206 221 292
134 143 188 241 272
1813 2692 3373 4217 4683
1839 2982 3857 4624 5124
4787 7060 7459 9015 11328
4109 6542 8178 9175 11449
4937 6298 7775 10069 10107
3623 4750 5690 6414 7809
3378 5082 5650 7682 7772
1506 2252 2788 3623 4264
3468 4167 5673 6425 7097
1464 2175 2580 3124 3681
2701 3846 4899 5242 5952
5071 7269 9871 10365 12922
4415 7113 7399 10056 12018
4296 6832 7446 10310 10678
2410 4224 4725 5966 7063
3290 5099 7072 8453 8585
2700 3661 4714 5743 6064
6260 7336 8950 12080 12912
3252 5451 6407 7937 9084
4543 6589 7448 9739 10844
3763 5593 6983 7864 9152
3562 4923 6983 8589 9636
1986 3185 3417 4401 4706
3521 5404 6238 7349 8461
1269 1714 2288 2819 3242
5048 6277 9657 10096 12246
3455 3928 5071 6463 6662
2859 4400 5444 5941 6861
1760 2842 3180 4043 4449
3064 3562 4932 5829 6726
2816 3233 3901 5257 6195
4276 6707 8635 9306 11360
1427 1710 2113 2429 3114
3211 4220 5023 5929 7275
1702 2063 2527 3003 3480
2042 2885 3493 4167 4471
4692 7365 9758 10321 13229
5127 6681 8001 10060 10875
3448 5267 5842 7374 8650
4692 6432 7984 9762 11010
5687 7134 10027 12572 14168
4279 6438 6930 9543 11285
1654 2384 2741 3813 4067
5361 6876 7770 10062 10295
5184 7177 7656 9729 10527
2303 2785 3856 4445 5141
2019 3264 3622 4678 5659
4357 6368 8127 10180 12400
6192 7583 8211 10903 12653
4369 5385 7383 7823 9584
5473 6773 9554 11079 13367
3585 4635 6150 7478 8374
4957 7206 10006 10694 12255
3558 4873 5830 6637 8580
3315 4819 5626 6712 8356
6667 7786 10178 12468 13282
2630 2869 3706 4482 5379
3409 4873 5681 7265 8162
2918 2960 4398 5399 6107
4874 6148 8124 10758 12646
4814 7493 9084 9921 11554
2652 4228 5255 5398 6258
5377 7577 9386 12661 13834
4129 6194 7300 9253 10654
5530 6158 8629 10305 10891
3006 4798 5868 6995 7544
6052 8798 10425 12510 14646
2484 2902 4352 4710 5644
1403 2458 2542 3305 4083
5786 7356 9509 10630 13186
4499 6340 8426 9325 11452
1650 1830 2513 3042 3763
4814 5173 6538 8262 9520
2514 3535 5402 5900 7244
5116 5608 6973 8337 11368
3407 4841 5409 7501 8637
5232 7343 9087 11427 12253
5433 6903 8210 10048 11968
4288 5194 7669 8994 9621
1653 2084 3014 3070 3958
1558 2202 2575 2910 3721
1678 2246 3009 3300 3923
2098 2911 3573 4707 5179
3311 4495 4844 6271 7078
5438 7195 9119 10416 12256
4891 7190 10173 10907 14330
4092 5887 7574 8112 9763
3339 5009 5905 6894 8625
2963 4157 5103 5601 6746
5964 8120 8304 11652 12203
2312 4097 4348 5882 6156
2776 3694 4633 4918 6513
3010 3607 5323 6218 6989
4462 6157 7300 9365 10102
2224 3016 3352 4110 4868
2465 3447 4533 4721 5536
4955 7844 8991 11331 13211
3385 3808 4728 6296 6594
3661 6174 6748 8650 10194
3789 6592 7918 8562 10911
4400 5607 7826 8604 10356
3947 4873 5920 6607 8042
1882 2380 3016 3279 4040
2435 2831 4133 4190 5510
1547 1934 2321 3197 3739
1405 1633 2090 2482 3212
1608 2484 3025 3534 4617
6146 7613 8622 11878 12704
2336 4007 4831 5174 6205
3360 4523 5170 6617 7237
2058 3024 3436 4438 4671
4719 6049 8666 10425 12141
2181 2931 3753 4110 5111
4125 4214 5888 7083 8398
3907 5538 7587 8535 10318
2207 3062 4334 4652 5685
1981 2574 3115 3877 4503
2429 2827 4260 4678 5195
2289 3410 4875 5562 6614
4976 7420 8107 9436 12481
1607 2831 3245 3642 4167
3875 4516 5102 6524 7973
4127 5885 6961 8791 10119
6328 7640 9937 11155 12374
3519 5063 6267 7656 8798
3798 6121 7928 8997 10398
2838 3776 4234 5081 6866
1370 1912 2558 3114 3424
1595 2370 2788 3786 3965
2677 3867 4508 5034 6818
2233 3610 4319 4841 6260
3506 5227 6980 7522 9051
5483 6864 9041 9794 12054
6373 8059 9090 12183 12557
5769 6845 10218 12271 13444
4520 6063 6673 9292 9614
1891 2288 3368 4051 4226
5277 8122 8764 11609 11930
1100 1754 2385 2505 3038
4166 5215 5924 7960 8578
2586 3090 4075 5258 6222
3625 6460 6747 9079 9833
1805 1944 2790 3235 4109
3915 5495 7363 7973 9841
5192 6746 7686 9035 12142
5437 5887 8381 10588 10670
1621 2617 2766 3673 4416
4140 4896 6703 8477 9562
3895 5135 5712 6635 8568
3033 3878 5121 6165 7382
1892 2448 3132 3895 4260
4533 7810 8977 10144 13375
3040 4824 5438 6274 8198
2042 2649 3610 4319 4471
3568 4738 5519 6606 7776
3465 4566 5533 6044 7924
4370 5115 7215 7723 9823
3981 4673 5625 7414 8365
2097 2946 3909 4457 5401
1624 2309 3216 3853 4235
2796 4812 5485 6184 7528
4851 6333 9880 9925 12530
1500 2417 2570 3569 3722
4461 5994 7179 9026 9479
5499 8757 9164 11252 14510
5113 5972 7731 9285 11821
3981 4154 5856 7443 8568
5318 6605 8320 10850 11579
4950 6464 8263 9122 10963
4132 6141 7089 9136 10273
1763 2332 2818 3248 3761
3196 4007 4770 6010 6844
4785 7178 8015 9530 10686
4006 5989 8167 9878 10500
5367 5639 8089 8595 10850
5355 6173 8012 9239 12223
4983 6851 10444 10971 13366
2362 2612 3900 4079 4759
6007 7199 9537 11692 13022
2976 5142 6182 6442 8001
4434 5836 7049 9398 10573
6103 9103 10984 11899 14544
4103 5425 6510 8103 8917
3273 4112 5300 6371 7587
3039 4007 4949 6965 7584
2299 3263 4554 5452 5999
2492 3689 4336 5318 6276
2543 3244 4077 4822 6400
1405 2256 2514 3119 3480
1669 1962 2754 3394 3700
3110 4246 5502 7506 8851
5132 8748 10751 10898 14074
2902 3905 4756 5606 6457
1327 1762 2165 2698 2970
2495 3663 4601 5494 6432
3906 5824 7009 8858 9660
2816 3732 4281 5402 6410
5138 8074 9633 10092 13395
2814 3561 4781 6375 6798
5308 6361 9168 11230 12633
6358 7833 9919 12665 15157
2079 2468 3364 3854 4766
3988 5354 6942 8640 10375
2694 3133 4156 4720 6140
4245 5495 8300 8717 10460
3260 4681 5851 6492 8192
3549 4907 6543 7901 8672
5556 7616 10154 10873 12932
4582 6021 8142 8710 11057
6008 6604 9585 11832 12933
5124 5234 7851 8662 10947
3654 4057 5695 6018 8005
6010 6952 9778 10764 12962
4522 5958 6460 8506 10192
3794 5212 6662 7402 9252
2339 2696 3749 4463 5231
2171 3285 3492 4644 5380
2048 2334 3207 4000 4413
2517 3742 4705 4814 6105
1303 2052 2529 3303 3419
5457 7658 10147 11487 14167
2053 2830 3867 4624 5501
4429 6034 6487 7708 10463
1875 2771 3446 4054 4527
2908 3695 4067 5641 5991
2823 4247 4817 6266 7380
3957 4188 5805 7018 8000
2342 3164 3415 3933 5131
5718 6167 8372 10577 12088
4037 5564 6276 7531 8990
2947 4333 6182 6730 8579
4036 4873 6218 6606 7832
4708 5865 8178 8856 11769
1771 2173 2992 3691 4227
3154 3817 4754 5508 6376
3103 4396 5146 6697 7215
5489 8084 9332 12426 13473
2091 3074 3931 5374 5813
5185 7435 9342 12130 13304
1393 2061 2827 3356 3621
6287 8031 8261 10555 12253
1801 2277 2887 3735 4226
4435 5348 7312 8226 9816
3082 4076 5145 6114 7282
5674 6945 8804 11689 14330
3122 4934 5324 6968 7804
4208 5095 7231 8152 8645
5311 7418 8472 10622 11500
1753 2281 2333 3042 3390
2504 3714 4423 4777 5925
3265 5172 5345 6934 7801
4696 7374 9348 9831 12289
5578 7092 7331 10319 11434
5553 8281 10100 11249 13451
3596 4010 5407 6157 7088
5938 7185 10378 11725 14020
1578 2005 2278 2670 3560
5857 7283 10134 11255 14004
2011 2467 3110 4090 4901
2095 2686 3492 4477 4674
1621 2510 3320 3654 4718
1545 1818 2436 2769 3303
5950 9154 11087 12053 14138
5258 6771 7792 9494 11158
2450 3391 4813 5338 6059
2015 2713 3237 4030 4157
2946 4476 5804 7363 8518
5193 7412 7747 10260 11516
5519 6686 9692 10410 13236
5293 7940 9689 9958 13278
3158 3705 5470 6216 6887
2331 2828 3725 4840 5437
3722 5136 5799 6780 8482
3535 5605 7006 7993 9171
2190 3242 4096 5694 6198
3056 4223 5217 6186 7328
3594 5199 7293 8549 9770
2023 2846 3276 4028 5370
4318 5498 7749 8930 9631
4354 5535 7048 9151 10147
4114 5102 6023 7669 8854
1815 2370 2896 3436 3755
2903 4758 5215 6505 7553
5406 6093 8324 10469 11456
4360 6121 7672 10522 11486
4827 7591 8249 11057 12461
4973 7288 8102 10460 12732
3956 5082 5197 6670 8258
3141 4458 5744 6671 8795
5864 7574 10164 12265 13878
2927 3073 3805 5122 5456
2163 2602 3143 4140 4579
3828 4498 6443 7368 9218
4376 5846 6779 9074 10508
1309 1939 2344 2689 3414
1444 2305 2902 3527 3666
5091 6140 8511 9832 10259
2087 3260 3776 5008 5903
4230 6983 8180 9138 10415
5115 7555 8634 10792 12763
6707 6707 8719 11688 12934
1638 2012 2785 2901 3378
3549 4624 5216 6264 7125
4058 5494 7074 8367 9803
4269 5702 6562 7199 9111
4535 7588 8531 11404 12077
5621 6324 8651 10188 11681
5093 6842 8047 8591 10651
1763 2383 3399 3669 4622
3322 4679 5834 6758 8318
1314 1868 2833 3117 3799
3122 4877 5463 6884 7915
5843 7902 10200 10679 12930
3711 4222 5109 6481 7099
4046 4478 6300 7874 8245
5442 7461 8909 10488 11454
5834 7019 9607 10352 11888
1750 2209 2903 3153 3737
2609 3381 4237 4842 6094
4402 5103 6092 7176 8675
2126 2804 3644 4644 5073
4869 5627 7304 9459 11454
1608 1763 2227 2739 3215
2498 3529 4285 5316 6462
1774 2753 3614 3935 4678
5340 9053 9460 13223 15206
1615 1769 2220 2920 3490
4229 6025 7261 10094 11650
6561 8850 10681 11291 14800
3288 5052 5500 7204 8578
6563 7784 10532 12261 14042
1735 2069 2860 3457 3762
6736 7585 9231 11477 13971
4900 5911 7932 9527 10537
1596 2490 2878 3370 4086
2684 2843 4016 5129 5268
5823 7242 9297 11059 12820
2736 3549 4282 4857 5769
3628 5065 7723 8154 9878
5573 6757 9171 10092 12505
2385 3566 4375 5359 6366
2722 3987 4751 6040 6589
1666 2247 3139 3794 4121
3647 5284 5655 6860 8776
1901 2234 2858 3094 3912
4922 7172 10266 12141 12750
4471 6609 7503 9641 11001
2033 2716 3176 3780 4177
3244 5344 5776 7877 8402
5226 8791 10647 12259 14359
2098 2273 3131 3973 4243
1146 1789 2073 2629 2935
5019 7592 8021 10294 11495
5299 7052 8486 9601 11473
2799 3956 5328 6404 7669
1478 1782 2347 2640 2836
4343 6694 8606 10160 11834
3734 5130 7189 8969 9213
3551 4725 6547 7226 8893
2903 4382 5672 6666 7311
5277 6746 8627 11701 13216
2797 3548 4153 4842 5823
4834 6664 9526 11215 12435
5271 6237 7994 9706 12912
2588 2787 3842 4399 5792
4069 6462 8416 10091 10610
1940 2719 2894 3689 4341
4550 5950 8284 8984 10772
1531 2572 3166 3850 4043
2265 3284 3548 4719 5228
6687 7385 9381 12525 12974
2404 3759 4480 5551 6360
4464 6013 6787 8337 11066
4471 5359 6247 7858 9140
6665 8547 10124 12515 13431
1652 1664 2424 2887 3267
1708 2943 3061 3940 4718
4046 5855 6053 7237 9276
6563 9157 9564 12159 13889
1578 1934 2337 2752 3512
1694 2078 2822 3310 3759
5814 8598 10699 11236 14265
1667 2477 3223 3953 4683
5967 7854 7942 9828 12636
5341 5700 8569 10283 11199
4786 8164 9384 10369 12293
4323 5578 7460 8680 9760
5077 7951 8765 11448 13795
6329 7521 9402 11557 12153
1669 2321 3402 3942 4308
4434 5419 7192 8013 9392
1185 1858 2271 2500 3238
1457 1908 2836 2849 3700
2987 4898 6451 7347 8691
5250 7000 9288 11217 12743
1986 2574 2923 4083 4226
3261 3901 5908 7050 8276
1805 2485 2748 3220 3650
2699 3940 4633 5851 6806
4319 5316 7568 8269 10078
5190 6335 8582 10012 11443
3829 6217 7961 8340 10387
3827 5723 7077 7856 10125
2511 2850 3587 4762 5280
2220 2379 3457 3758 4503
5016 6163 7739 8707 10462
4905 5663 7856 9930 11645
2645 2864 4296 4673 5310
1367 2167 2579 2966 3624
3871 4276 5547 7078 7858
4745 6739 8334 8852 11563
2643 4353 5182 5726 7254
2989 5319 5947 6843 8726
3724 6341 8073 9327 10174
5398 7455 9083 10411 12510
2934 3817 4676 6178 7013
2427 3051 3461 4550 5210
1283 2102 2518 2649 3385
4939 7041 9877 11735 14571
1900 2108 2691 3287 4078
4406 5321 6507 7591 9794
4804 7497 8754 10909 12390
6416 7661 9337 11204 13359
2975 3753 4554 5126 6453
4753 5859 7848 9469 10501
5795 7711 8860 12021 12931
1725 2469 3517 4312 4396
4034 4779 6508 7965 10168
1787 2531 2858 3290 4361
3064 4595 5213 6879 7443
5806 7741 10083 11458 13546
4308 5098 7215 8292 10374
2958 4424 5219 5741 7332
4460 6175 9262 11062 12134
2627 3838 5025 5939 6487
4433 6610 7038 10070 10770
4833 6308 6714 8227 10440
6142 7756 9773 10984 12956
4166 5490 7748 8682 10707
3065 4280 5841 6709 7952
4980 5238 6676 9480 10365
2967 3565 4687 5634 6806
3379 4844 5741 7325 8043
3016 3589 4585 5732 6977
2236 3201 4143 5612 5766
2342 2663 3702 4533 5553
4645 5788 7410 9290 10433
6424 7526 8856 10371 12435
1612 1985 2604 3016 3545
2571 3073 4159 4912 5748
3684 5328 6709 8091 8847
6055 7887 10787 12618 13636
3202 3957 4345 5214 6472
2950 4270 5227 5951 7685
5417 6611 8906 10972 12762
2700 3393 5232 5304 7024
6918 8495 10886 11343 14090
3594 5374 6386 8584 10468
2378 2887 3567 4661 5642
4979 7405 8912 10501 12258
5937 7086 9288 12065 13836
1750 2322 3006 4087 4373
2340 3635 4178 4930 5640
4490 6690 9474 10057 13380
4936 6556 7182 9355 11049
3320 4240 5244 6723 7978
1644 1965 2731 3191 3650
5679 7354 8620 9029 11561
3039 3818 5566 6668 7583
4578 4747 6443 7867 9291
6128 7372 10531 11154 13356
4723 7978 9812 11922 13022
3819 4708 6256 7770 8889
4167 6742 7727 9356 10075
1891 2531 2680 3767 3886
4951 6055 7815 9042 11619
2917 3514 5044 5427 6383
3038 3803 4284 5049 6360
3526 4922 7087 8972 9356
5538 8730 10127 11175 14068
1816 2337 2708 3780 4256
3707 4757 5591 7382 9235
3679 3985 5602 6828 8221
4873 6199 7668 8707 10606
1846 2484 2706 3288 3663
5604 7664 9915 10682 13124
2179 3178 3768 4589 4696
2849 3112 4186 5260 5720
1203 2012 2393 2714 3286
4603 5293 6411 7562 9173
3428 5373 6639 7102 8430
1856 2493 2659 3475 3946
2125 2378 3575 4182 4958
6142 7765 8116 10441 12064
4009 5752 6415 9029 10459
2694 3667 4639 5836 6510
6237 6985 10428 11625 13970
1875 2837 3378 4256 4425
1512 2400 2664 3510 3926
4477 7768 9129 9963 12245
3840 6075 6598 8204 9112
4832 6159 7893 8298 9737
2281 3076 4143 4666 5775
1725 2638 3246 4125 4717
2515 3914 4111 5597 6187
2485 3260 4254 4830 5168
4055 6136 7715 8289 9652
2844 3216 3960 5426 6541
4838 7280 8765 12261 14129
5461 6898 10443 11496 12550
5672 7139 10415 11197 13691
4094 5496 7240 9135 11030
2737 3782 5300 5922 7190
3766 4463 5440 6249 7560
6329 6985 10080 10689 12845
4791 6707 9103 12025 13893
1972 2560 2894 3514 4658
6456 7630 8804 10760 13744
3473 4012 4873 5923 7404
1972 2916 3220 4332 4939
2765 3838 4980 5392 6854
3150 3904 5304 6354 7053
3697 4494 6916 8000 9115
3642 4335 5607 6936 7774
3496 4222 4949 6481 7396
2406 3253 4971 5429 6208
5318 6532 8751 10761 11095
2297 3937 4418 5336 6211
3175 4009 5139 6833 7129
3376 3989 5635 6974 7476
3765 4142 5002 6454 7234
3982 4242 5858 7185 8512
5379 7384 9976 12323 12763
4684 7164 8449 11434 12306
1860 2152 2915 3346 3609
5545 6303 7499 9773 10411
4060 5278 6644 9264 10519
2603 3417 3914 4749 5503
5399 6953 8351 9555 10448
4273 5357 6869 7921 9038
6145 7849 9733 10899 11841
2927 4118 5025 5957 7330
4470 5758 7008 9773 10985
4950 5891 7936 9532 11373
2796 3151 4006 5341 6029
1905 2098 3065 3690 4152
3663 5732 6444 7970 8886
3434 5255 5912 7344 8837
6704 7566 8667 12258 12593
1666 1773 2166 2975 3105
4197 4783 6511 8022 8300
3262 4324 5126 6032 6913
2309 2877 3463 4485 4920
5110 8392 9329 11907 12282
2292 3229 3747 4425 5182
2366 2416 3345 3886 4629
1340 2100 2473 3207 3787
3264 4737 5834 6585 8462
4058 4863 5997 7757 8920
4363 4968 6528 8279 9139
3732 4350 5826 6766 7249
6581 8875 10919 11467 13461
6517 6657 9001 11486 13267
3430 5130 5995 6798 8899
6831 8526 9025 11767 14908
1169 1660 2184 2413 3057
1450 1864 2329 2912 3584
5089 7143 9149 12427 12770
5407 6222 7895 9869 12314
3318 3556 5203 5871 6325
2906 3890 4668 5446 5995
3980 6293 7998 8681 9931
4913 5164 7280 8966 10364
4741 7051 8525 9800 11911
3985 5228 6217 8161 8384
3921 5227 6088 7395 9562
2447 2875 3929 4036 5072
5498 6295 7928 10120 11952
2375 2983 3233 4500 5250
5232 6090 9091 11107 11278
5070 6506 9826 11441 12832
4942 5421 7339 9109 10252
2434 4271 4867 6204 6705
6287 7435 8444 10647 12574
2347 2924 3819 4853 5807
2742 3963 4486 5657 6978
2260 2597 3440 4368 4537
2566 3075 3471 4509 5622
5968 6731 9647 10904 12160
4757 7764 9558 10591 12565
1521 2088 3131 3385 4324
4331 4682 6529 8217 9395
5005 6888 8862 10239 13178
4275 7460 7712 9933 11190
6015 6553 9156 10907 12163
7125 7889 9873 11196 14199
1476 2089 2590 3522 3634
2432 3219 3469 4023 4774
3660 3848 5194 6028 7373
5164 6870 8800 9878 13380
1366 1906 2718 3336 3593
4675 6819 9392 9434 12479
2972 3657 4891 5828 6194
1111 1644 2341 2678 3059
2773 3912 5182 6322 6944
1844 2305 2957 4101 4435
1618 1677 2236 2652 3568
2034 2435 3237 3326 4439
1983 2697 3220 3870 4457
3733 4853 6244 8076 9162
3846 4251 5436 6766 7547
3158 4193 5461 5927 7195
3825 6741 7612 9808 10414
2603 3041 3855 4670 5941
2822 4327 5322 6639 7929
5192 9009 10077 11248 14607
5050 6610 9318 11522 12348
2721 3521 4436 5785 6837
1859 2334 3271 3553 4103
2240 2634 3315 4228 4820
1746 2810 2921 3841 4714
2505 2823 3956 4990 5666
6053 7457 9299 10527 11536
1726 2521 3418 4078 4484
1324 1670 2182 3077 3113
6243 6931 8813 10603 12302
6360 8752 9719 12771 13280
2760 3556 5471 6440 7087
1718 2341 2909 3394 3962
1341 1832 1974 2464 3031
4662 5767 7361 10551 11901
2091 3182 3235 4182 5362
2512 3116 3682 4419 5136
3527 5141 6007 7263 7771
1932 2630 3756 4525 4954
5986 7233 9877 12421 14366
5520 6542 7973 9036 11530
4061 5833 6793 8934 9820
5127 7140 9631 10973 13273
7020 8749 10478 11903 13683
5068 6866 8378 9032 12260
3978 5392 7200 7824 8745
5038 8530 10326 12920 13019
2087 3538 3736 4889 5823
4860 6026 8280 9758 10263
2038 2409 2707 3733 4164
4847 6551 7459 8406 11359
5279 8798 9776 10900 14370
3515 4829 5741 6492 8021
1516 2571 3225 3611 4324
4637 5370 6939 8298 10251
2796 4348 5332 6419 6962
5565 7046 8168 11040 13239
6148 6687 8931 11175 12162
4269 6064 6301 8096 9384
5853 7227 10433 11552 15267
2043 2752 3292 4271 4508
3806 6427 6930 8043 9731
1316 1860 2099 2567 3100
4585 6898 8692 9848 10406
5377 8065 9630 11780 14126
4254 5928 7218 8438 9623
3681 4043 5827 7054 7305
4588 7460 9433 10033 11705
2697 4113 4570 5781 6558
3321 5623 6346 7891 9765
2297 2415 3428 3765 4930
3705 4959 5975 6692 8783
1499 2442 2844 3275 3927
3384 4459 5667 6419 7681
4707 6136 7112 8158 9552
4824 5805 8298 10383 11773
3333 4496 5659 6201 7519
2627 3892 4990 5587 6948
6652 8087 8757 11724 14308
1662 2319 2448 2898 3568
3921 4909 6267 7379 8737
5905 6889 10170 11107 13778
4607 6659 8669 10051 12103
5095 6472 9639 11384 12302
2238 2560 3222 4440 5048
2247 3192 3673 4618 5242
2484 3257 4321 5198 5803
5074 7468 9957 12159 13882
4914 7239 9257 10003 12942
5308 6580 9650 10221 12940
6616 7124 9974 12264 14605
1651 2067 2912 3509 3952
1823 1962 2699 3255 3728
2210 2700 3324 3897 4943
3644 5311 6670 7349 8028
5779 6072 9170 9505 11766
2686 4351 5048 6166 7111
2879 3767 5596 6753 7237
4361 5443 6769 7955 10083
4715 7095 8307 11361 12348
2146 3023 3344 4006 5329
6498 7621 10699 11334 14314
1902 2303 3268 3714 4115
4035 4185 5798 7024 8638
4360 5723 7358 8720 10783
5436 6289 8086 11005 12263
5231 5307 7164 9210 10120
2499 2856 3623 4266 5301
3136 4927 6241 7764 8510
3399 4819 5962 6463 8023
5828 7664 9224 10417 12390
1762 1852 2572 3279 3717
3517 5686 6081 8480 9630
3040 3237 4811 5380 5730
6233 6842 9935 11247 13637
6600 7333 9826 11097 13835
2821 3849 4566 5689 6406
3401 4823 5910 6217 7694
3604 4497 6984 7239 9248
4119 4957 6702 8099 10053
1424 1685 2054 2684 3195
3474 5035 6660 7903 9337
5223 6283 7948 9197 10786
2286 2750 3786 4250 5286
5744 8042 10531 11727 12637
6059 7270 8527 10142 13104
4860 6326 8798 9929 11437
2926 3565 4617 5691 6810
5682 6459 7522 9565 11854
2755 3527 4091 5259 5510
3659 5420 6605 8400 10162
2173 2807 3235 3505 4583
6278 7543 9791 11852 13305
3518 4673 5478 6579 7466
5314 6008 8910 9155 11935
1567 1935 2279 2967 3311
5093 5520 7231 10069 11274
4741 7198 9042 10051 12377
1950 2879 3630 4310 5097
5263 6739 8140 8821 9919
6238 8119 9128 11008 12109
2555 3891 5132 6087 6493
2093 2481 3409 4303 4742
4785 7412 9147 10977 13181
3555 4364 5867 6994 7543
4500 6178 8100 9614 11210
1683 2445 3127 4047 4746
2933 3437 4238 5063 6552
1666 2648 3228 3511 3927
3120 4634 6672 7105 9082
6326 7610 9581 10819 13707
2113 2579 3223 4154 5354
4936 6180 8154 10643 11416
2178 3195 3855 4622 4747
3250 5448 6404 8124 9431
2665 3023 3799 4873 5390
4027 5874 6724 8239 9642
2400 3381 4320 4925 6156
3177 3345 4730 5327 7119
2308 2915 3504 4212 4616
3941 5836 7086 9435 11178
5071 6660 7833 9612 10482
3336 4250 5004 6644 7128
1097 1901 2325 2770 3009
2424 3750 4527 5807 6836
3611 5044 6566 7103 8834
5014 5675 8045 9678 11193
4985 7680 9162 9880 11767
6414 7687 9774 12268 13490
2539 3502 4508 5405 5887
4308 5031 6412 8155 8911
5443 6615 8332 10216 11891
4949 6462 7526 9816 11329
6237 8300 8909 10785 12238
4781 6569 7852 9834 10417
5389 7584 9031 12624 14470
3468 4113 5538 6667 7070
3449 5748 7226 8179 9591
2267 3268 3457 4590 5175
5119 7544 8307 10687 12124
5358 6192 8695 10144 11945
6932 7631 9077 12019 14762
1889 3343 3626 4815 5174
2380 3570 4829 5515 6545
1202 2047 2475 2821 3106
2791 4018 5497 6781 8120
2963 3810 4905 5826 6947
3207 3647 5483 6388 7681
2539 3584 5475 6296 6844
1639 2000 2681 3500 3958
5134 7504 8645 10268 12331
4587 6336 7502 9757 11156
7122 7376 10428 12514 14243
2764 4089 4569 5688 6739
3678 4268 5771 6737 7677
5086 7335 10563 11247 13595
3764 5197 5735 6750 8901
2324 3140 3768 4751 5840
3214 4945 5841 7077 9055
2474 3412 4603 5908 6023
5834 8033 8123 11533 11712
5843 6753 9913 10584 14367
5271 6948 9343 11212 13464
5728 5933 7733 9165 10843
1093 1770 2109 2557 2874
4479 6499 8255 11021 12295
2219 2577 3578 4545 4777
4775 5089 7633 8957 9585
5573 7592 8821 9654 12156
4159 5773 7709 9107 10254
3751 5101 6384 7996 8819
4410 6274 7386 8497 10505
5366 6756 9343 11978 12936
1862 2244 2865 3915 4440
4524 6236 8344 10013 13175
2691 4629 5032 6297 7400
5422 6418 7335 10285 11202
3242 5557 5958 7780 8675
3319 3630 4465 5420 7163
4164 6397 8062 9273 11355
5873 6928 8946 11240 13121
4457 6951 7850 10426 11039
2645 3630 4667 6222 7570
4468 5782 6111 8312 9297
5660 6174 9176 10290 11834
5185 6847 9537 11493 14428
5799 8850 11139 11393 14801
1460 1899 2403 2919 3733
4560 5601 6570 8042 10304
1810 2385 3180 4364 4567
3290 4935 5548 6858 7332
5355 5723 8707 10342 10874
1930 2420 3162 3667 4305
3767 5157 5836 7410 8892
3347 4513 6455 7471 8009
2310 3317 5009 5810 6656
1751 2029 2599 3363 3905
2225 2882 3539 3944 4820
4096 5938 7945 9174 10730
3710 4355 5296 6264 7178
2344 2993 3871 4938 5796
6044 8152 9932 11478 13117
4425 5863 7670 8592 10657
1779 2015 2959 3279 3695
4470 5747 7782 10176 10615
5391 7088 9484 12329 13876
2688 3758 4903 6346 7043
2553 2992 3975 5042 5440
4802 7495 9425 10950 12386
1563 2485 2827 3869 4181
2236 3072 4116 5412 5746
4014 4600 6422 7872 8305
4986 7048 9445 10739 12657
3333 4327 5483 6020 7875
2704 3280 3797 4989 5188
5397 7196 9170 10398 12066
6306 8238 11188 12866 14035
1520 1726 2377 2529 3061
2364 3064 4706 5406 6216
3325 5497 6254 7374 9184
5839 6602 8937 10374 11722
1906 2308 2725 3737 4094
2190 3482 4664 5014 6197
2340 3283 3906 4396 5264
4502 6454 8724 10358 11951
3253 4194 5914 6049 7447
3152 4366 5407 6823 8182
4748 6783 7780 9496 10373
1664 1700 2294 2781 3411
5188 8032 10526 12870 13070
5838 8731 9430 11525 13820
2497 3122 3710 4263 5191
3988 4826 5259 6820 7542
4742 4881 7635 8263 10076
1931 2070 2833 3055 3903
1667 2166 2916 3471 3610
5325 5791 8317 9910 10299
4734 5558 7495 8786 10220
4089 4685 6446 7192 8863
4566 6409 9043 11062 12072
2213 2838 3820 4533 5158
5853 7838 9721 12979 13640
3581 5217 6360 7008 9076
6435 7283 9977 11523 14616
1522 1724 2235 2782 3519
3272 5277 6326 7530 9227
4404 4667 6409 8184 9794
5675 6988 9474 11162 12756
4626 5941 8015 10008 11683
3588 4336 5831 7386 8133
2949 3795 5007 5167 6470
2302 3094 3735 4830 5263
1609 2046 2406 3346 3667
4460 6229 7371 8882 11020
2424 3457 3656 4828 5802
2298 2966 4177 5138 6244
1956 2883 3305 4080 5041
2983 4301 5270 6464 6488
6985 7434 9130 11275 14568
3805 5026 6562 8726 9913
1338 1994 2792 3345 3654
3758 5281 7345 8801 9985
2253 2972 3483 4316 4959
5320 6213 8543 9475 11572
4342 6029 6603 8576 10263
5966 6846 9242 12225 13643
3626 3704 4791 5749 7588
6094 6664 9513 10740 13108
2442 3465 4529 4675 6032
1260 2009 2496 2959 3137
3651 4849 5685 6605 7524
4199 4601 5897 8027 8398
5231 7235 9581 12172 14519
2095 2666 3189 3665 4522
2304 2871 3607 4872 5193
3619 4369 5558 5842 7470
2715 4160 4484 5829 6950
1779 2653 3177 3907 4352
3338 4420 6676 7387 8160
5113 6060 7689 8825 10491
3813 4131 5488 7452 7943
3559 4337 5713 7178 8225
5293 8906 9160 12417 14656
3012 3706 4662 5618 6263
2844 4602 5584 6049 7729
1317 2091 2763 2918 3434
2191 3034 3270 4332 4568
4319 5948 8031 8978 10532
2513 2948 3477 4610 5064
4294 4356 5838 7723 8371
3783 4967 5227 6901 8229
1759 2311 2452 3287 3685
3108 5288 5886 7111 8635
4235 4999 6750 8118 9455
4977 5272 7853 8811 10617
5241 8904 9718 12771 14298
6001 7072 8358 10672 11872
1355 1902 2519 2852 3232
6372 7590 10119 11290 13352
5173 7760 9388 11639 13028
4649 6014 7748 8191 9667
2955 3706 5520 5753 7023
2696 3068 4076 5194 6114
4110 5746 8459 10294 10533
2792 3664 4810 5558 7003
4378 5431 6122 7241 8558
4853 5649 7620 8492 10160
5786 6129 8486 10800 12815
2695 3783 5027 5778 7774
4140 5323 6375 8444 9496
2962 4079 5029 6175 7963
1846 2545 3351 4623 4838
3592 4625 5375 6305 7261
1363 2263 2636 3292 3652
2928 3452 4654 5659 5987
5057 5242 7013 8195 10188
6306 8066 8848 11146 14323
6137 8483 9929 11476 13073
2773 4135 4542 5570 6311
3434 3782 4902 5971 6842
4774 5905 8375 10720 12437
6052 7016 9340 10130 12892
4369 4720 6123 7047 9407
4876 8018 9987 11581 12190
3677 4790 5686 7354 8806
5314 7947 9814 12160 13165
3348 5293 6632 7269 9341
3375 3961 5578 6973 7698
5750 7836 10329 12721 14196
4021 5238 7783 9554 10070
5684 6093 7443 9733 11409
4567 6955 8589 9637 11396
3796 5829 6846 8032 9116
1482 1972 2706 3170 3517
5187 6384 7940 9177 10493
1123 1809 2158 2506 3127
4317 6998 8884 9219 11398
3768 4270 5191 6475 7368
5745 7104 9253 10525 12717
2503 3496 3913 4668 5740
4930 6601 8616 10759 12774
1314 1759 2312 2735 3083
1871 2079 3022 3382 3853
1264 1568 2363 2548 3049
4130 6025 7995 9472 9927
1774 2057 2751 3201 3458
5052 6843 8266 10562 13180
1591 2394 3049 3733 4298
2381 3618 4831 5609 6113
6550 7919 8994 11732 13687
6403 7185 9189 12415 13930
5597 7836 11194 11295 15060
1414 2127 2281 2757 3303
3044 4412 5027 6590 7540
5989 6995 9869 10875 12744
3147 5337 6663 7928 9069
5604 8525 9771 10585 12740
1622 2291 2484 2922 3694
2238 3053 4119 4956 5917
2740 3396 4249 4706 5361
6420 8025 8713 10410 13528
2266 2663 4136 4702 5061
3120 4061 5540 5944 7853
1997 2131 2802 3591 4053
