1000 10 5
103 24 40 94 98 24 40 33 40 60 32 0 103
125 75 60 70 96 42 92 85 26 97 71 0 125
148 82 53 65 34 84 35 85 94 26 32 0 148
101 49 59 51 64 45 49 57 61 65 89 0 101
135 51 20 68 34 83 38 51 75 58 21 0 135
103 77 45 99 57 23 93 34 69 43 62 0 103
195 54 27 48 66 91 77 92 46 63 90 0 195
159 67 66 87 28 46 87 26 94 93 66 0 159
189 73 79 61 30 91 40 92 59 29 62 0 189
198 91 81 22 31 96 73 78 93 75 91 0 198
187 76 64 40 62 77 56 57 25 100 59 0 187
158 91 21 48 21 97 84 68 46 93 21 0 158
167 93 45 71 43 91 44 90 95 81 89 0 167
143 48 71 51 60 38 29 60 90 27 32 0 143
140 77 23 67 42 45 23 55 28 94 81 0 140
187 68 75 75 43 61 86 83 85 51 45 0 187
104 54 78 92 64 80 84 61 40 29 41 0 104
132 69 43 95 64 50 38 27 82 80 54 0 132
119 59 47 89 100 56 22 96 68 36 44 0 119
192 47 60 32 71 44 61 85 96 26 46 0 192
193 28 34 60 46 56 70 22 74 86 29 0 193
117 43 44 53 69 100 57 48 65 83 55 0 117
104 55 77 83 71 99 28 60 86 59 95 0 104
153 59 86 59 43 96 47 91 49 31 50 0 153
195 92 47 73 22 96 46 44 29 89 87 0 195
127 93 55 86 64 59 87 84 87 43 67 0 127
157 53 62 35 85 49 50 100 55 23 34 0 157
116 66 65 20 26 94 70 23 92 95 51 0 116
141 65 35 81 64 100 85 67 29 71 47 0 141
177 72 43 77 35 66 35 31 45 36 69 0 177
163 51 95 30 89 86 73 69 94 67 96 0 163
178 49 49 52 35 95 58 46 42 22 30 0 178
159 86 98 28 91 80 26 22 21 30 45 0 159
171 86 39 77 39 63 63 64 62 33 71 0 171
126 79 54 88 25 32 23 30 21 37 21 0 126
100 38 40 60 89 47 100 49 74 79 83 0 100
134 87 92 70 94 37 62 89 33 21 94 0 134
188 43 27 82 88 88 79 90 86 90 60 0 188
117 74 96 46 84 91 36 62 91 79 21 0 117
182 37 82 43 24 50 68 37 50 24 71 0 182
134 49 93 22 68 34 57 93 28 66 27 0 134
154 69 81 39 29 94 26 73 73 64 92 0 154
173 23 31 37 84 53 78 82 84 81 75 0 173
182 74 26 48 23 79 44 93 69 74 76 0 182
189 57 62 47 41 33 28 62 37 96 80 0 189
162 64 83 30 71 32 44 52 51 86 87 0 162
144 64 24 51 23 40 31 49 65 50 73 0 144
166 76 34 95 76 73 22 58 70 24 22 0 166
140 86 37 33 71 25 60 24 32 60 50 0 140
159 23 37 61 66 38 62 93 32 59 71 0 159
176 84 85 91 50 25 75 85 95 55 27 0 176
167 75 39 98 44 43 22 75 41 22 35 0 167
110 73 50 74 35 87 91 98 67 31 43 0 110
142 64 95 37 97 21 80 94 60 80 42 0 142
116 63 63 23 64 30 55 22 100 55 25 0 116
126 57 78 81 29 39 35 86 73 58 45 0 126
105 48 57 35 64 45 62 63 70 51 30 0 105
163 38 54 68 68 71 99 48 98 77 58 0 163
159 73 69 44 31 25 60 93 73 30 95 0 159
160 61 71 93 46 34 95 78 55 33 36 0 160
146 42 31 76 41 90 53 61 93 82 54 0 146
172 91 36 65 24 89 24 78 55 66 27 0 172
123 29 65 83 91 31 75 81 62 68 54 0 123
134 72 21 64 83 49 95 77 67 46 40 0 134
110 50 88 79 85 46 83 32 76 28 27 0 110
129 60 31 39 75 72 96 53 71 89 46 0 129
166 42 42 46 30 57 91 77 46 41 65 0 166
179 74 90 71 83 38 44 27 62 77 65 0 179
159 93 28 28 91 41 80 33 88 79 35 0 159
118 65 45 97 30 55 27 27 39 23 27 0 118
135 72 46 22 55 57 26 97 61 75 30 0 135
112 31 71 63 87 57 83 65 54 62 56 0 112
153 64 96 43 69 66 22 79 57 90 55 0 153
104 61 80 23 76 95 37 59 44 70 99 0 104
192 90 46 53 81 88 95 56 76 23 80 0 192
148 78 72 76 32 24 63 70 73 29 39 0 148
192 51 53 85 54 84 88 42 96 88 69 0 192
136 43 39 70 54 72 66 92 89 22 83 0 136
106 44 66 67 90 40 61 64 74 44 75 0 106
185 75 27 91 73 50 86 72 63 72 90 0 185
149 77 65 72 44 70 36 35 63 91 84 0 149
141 30 47 45 87 72 99 54 74 30 78 0 141
126 55 33 63 50 30 55 40 51 89 75 0 126
180 22 32 86 53 28 82 100 38 66 71 0 180
135 86 86 72 66 83 98 97 37 82 28 0 135
140 30 87 37 47 35 88 45 73 97 50 0 140
126 42 96 77 92 42 38 85 67 36 24 0 126
173 27 85 96 86 95 88 52 62 24 98 0 173
177 37 27 60 74 25 93 39 37 21 48 0 177
103 79 76 36 92 98 22 50 69 26 84 0 103
142 57 96 76 40 61 82 84 83 24 66 0 142
127 34 38 34 54 51 74 56 26 50 49 0 127
110 60 85 78 96 94 37 21 42 20 78 0 110
177 31 21 85 60 33 26 56 69 56 29 0 177
192 88 85 64 81 99 76 87 100 45 61 0 192
183 59 36 30 31 82 28 68 77 31 97 0 183
104 51 79 69 66 46 69 33 76 57 82 0 104
158 42 54 26 77 85 82 26 87 84 89 0 158
108 74 91 79 29 36 66 43 34 72 31 0 108
182 46 30 79 98 48 85 60 53 94 55 0 182
109 72 80 70 97 32 95 73 96 87 26 0 109
133 50 39 60 28 30 39 93 96 43 59 0 133
191 80 97 38 32 93 20 91 85 99 59 0 191
197 54 79 53 36 27 49 55 28 24 65 0 197
184 100 43 44 37 47 64 94 31 63 99 0 184
148 22 57 77 22 79 61 44 60 98 59 0 148
193 91 43 37 54 94 47 54 40 28 39 0 193
158 80 50 93 65 61 99 49 66 30 44 0 158
178 66 88 48 81 42 52 41 22 46 74 0 178
163 94 60 75 52 39 72 98 55 83 71 0 163
157 55 28 56 78 60 53 53 61 22 50 0 157
174 35 68 63 71 98 71 34 81 74 39 0 174
194 47 47 72 67 91 90 50 41 63 47 0 194
115 49 38 60 24 89 89 53 68 37 61 0 115
188 32 86 91 33 30 45 50 23 24 36 0 188
147 49 37 76 28 30 69 37 36 30 87 0 147
117 36 34 94 49 79 78 46 26 84 26 0 117
144 83 33 50 86 35 44 92 31 69 64 0 144
153 94 87 37 22 90 93 30 67 74 59 0 153
148 27 57 99 37 90 97 86 39 68 59 0 148
181 64 25 63 66 69 35 51 81 90 63 0 181
192 21 59 92 85 61 98 72 30 64 74 0 192
163 35 50 96 36 79 59 95 39 80 33 0 163
186 84 45 40 42 50 85 68 34 21 65 0 186
102 33 83 76 68 82 50 53 72 48 22 0 102
127 99 58 35 82 24 25 89 33 27 38 0 127
174 50 53 88 23 59 51 59 55 88 89 0 174
177 52 48 47 59 52 55 86 52 93 59 0 177
105 81 29 40 99 30 99 98 70 25 88 0 105
200 69 63 69 83 79 53 50 51 75 64 0 200
153 32 60 76 29 87 78 21 95 98 56 0 153
104 70 45 96 32 21 68 94 88 93 26 0 104
103 64 33 100 24 22 37 68 36 27 71 0 103
167 76 97 41 85 79 32 65 81 95 45 0 167
124 29 55 41 87 60 67 56 58 68 34 0 124
189 67 40 27 78 62 53 38 59 90 95 0 189
166 64 69 74 58 69 47 56 61 95 78 0 166
196 45 92 86 95 25 97 55 87 63 21 0 196
130 69 96 23 62 80 48 61 70 67 47 0 130
180 61 51 51 99 81 41 70 53 79 70 0 180
161 22 87 83 67 50 37 38 70 57 27 0 161
194 93 36 70 96 29 56 48 99 46 90 0 194
146 48 86 81 47 64 58 51 25 71 83 0 146
135 23 91 75 33 79 20 36 46 22 94 0 135
100 27 41 25 51 99 98 64 23 38 65 0 100
110 45 32 37 44 22 79 42 88 98 94 0 110
177 77 82 74 22 41 21 63 79 88 77 0 177
177 87 82 29 51 88 96 62 99 38 45 0 177
128 40 74 62 70 56 47 79 50 62 43 0 128
162 77 24 79 71 80 96 71 57 38 26 0 162
177 83 27 74 47 49 88 30 74 44 90 0 177
127 93 26 98 39 27 44 27 21 71 25 0 127
119 85 86 22 49 63 21 80 61 71 56 0 119
123 25 67 47 65 41 30 75 97 96 96 0 123
179 75 46 36 29 76 47 43 22 83 92 0 179
136 53 61 27 40 82 32 83 57 63 98 0 136
183 59 83 40 46 25 32 45 39 33 58 0 183
192 52 92 50 53 32 66 41 99 73 48 0 192
147 87 87 71 71 46 41 57 99 70 68 0 147
190 63 40 46 41 28 59 81 91 89 43 0 190
169 51 87 44 82 37 89 69 77 76 29 0 169
192 43 92 70 21 93 33 40 96 86 51 0 192
164 95 43 28 31 47 78 30 61 79 94 0 164
166 54 61 75 49 26 24 63 30 82 81 0 166
139 95 73 47 50 66 23 35 73 66 43 0 139
126 46 61 33 57 22 63 90 74 66 95 0 126
155 69 56 70 65 32 52 64 60 50 62 0 155
104 34 71 64 41 24 59 93 64 31 73 0 104
164 70 89 26 28 44 52 85 24 77 65 0 164
140 42 47 34 52 94 81 89 59 20 98 0 140
182 58 93 44 93 27 38 88 80 72 82 0 182
180 79 90 86 39 73 24 33 94 52 23 0 180
175 57 93 38 59 55 24 67 33 88 48 0 175
124 78 82 91 58 46 63 98 52 36 83 0 124
143 36 79 96 21 39 58 50 90 44 80 0 143
176 52 37 97 70 88 58 61 33 45 86 0 176
143 61 68 99 51 63 37 90 27 28 40 0 143
141 58 74 78 89 42 37 82 39 69 39 0 141
126 60 82 72 24 20 97 81 82 35 27 0 126
191 86 72 94 82 54 45 92 43 37 24 0 191
157 72 25 22 95 80 95 65 75 69 83 0 157
150 25 80 55 37 55 66 42 75 100 61 0 150
188 80 97 73 99 90 74 79 30 40 25 0 188
110 42 79 75 41 35 65 94 68 59 21 0 110
111 28 59 54 28 81 28 31 62 25 58 0 111
145 76 72 50 82 71 81 74 45 21 43 0 145
117 59 53 43 41 81 37 50 80 99 91 0 117
200 40 63 43 77 25 89 100 25 82 69 0 200
159 77 36 68 56 51 74 45 82 92 73 0 159
165 72 56 28 87 24 35 24 89 96 53 0 165
119 56 35 90 88 75 50 71 87 58 77 0 119
185 92 77 60 34 72 100 93 30 46 36 0 185
124 59 96 27 35 60 36 91 21 26 85 0 124
127 62 62 35 52 28 70 20 42 30 36 0 127
141 47 30 39 37 66 67 24 42 67 97 0 141
116 83 89 33 95 47 65 46 44 53 67 0 116
103 69 59 92 30 27 90 55 67 53 80 0 103
162 39 53 25 92 45 27 48 83 70 60 0 162
159 70 68 100 63 46 73 53 60 29 42 0 159
155 45 62 91 38 77 28 98 76 46 30 0 155
188 55 52 94 85 57 29 93 43 60 43 0 188
192 87 62 35 37 84 68 33 24 89 35 0 192
117 40 93 50 91 62 32 54 60 54 58 0 117
162 44 63 57 96 55 86 47 36 42 45 0 162
174 67 81 55 36 87 88 73 69 74 75 0 174
111 51 98 74 22 30 59 23 97 81 84 0 111
176 52 64 42 93 67 37 31 51 21 41 0 176
172 94 30 38 44 52 80 22 69 34 44 0 172
127 99 80 37 50 67 82 33 97 75 71 0 127
198 58 60 95 25 68 29 73 25 62 45 0 198
151 26 84 21 63 84 90 54 71 63 70 0 151
196 74 69 50 30 81 48 46 62 72 51 0 196
175 58 57 40 57 39 88 80 71 57 78 0 175
105 36 54 58 97 22 24 59 72 65 84 0 105
140 64 59 23 96 58 57 30 71 58 77 0 140
131 78 22 100 84 51 52 85 27 69 44 0 131
114 32 61 70 21 100 35 42 39 86 30 0 114
105 92 50 56 100 23 45 68 64 87 87 0 105
153 23 66 24 56 26 87 44 54 39 94 0 153
133 84 36 91 73 39 67 42 76 26 69 0 133
104 79 57 70 48 100 24 95 82 53 39 0 104
198 77 40 58 38 43 94 85 27 47 88 0 198
188 71 25 45 65 37 67 91 91 26 57 0 188
149 85 67 54 59 73 96 65 62 34 92 0 149
117 69 64 69 85 60 48 66 66 44 30 0 117
147 47 32 36 71 38 51 23 66 54 25 0 147
118 50 68 79 95 80 28 39 93 75 23 0 118
162 26 28 72 29 36 34 88 89 96 35 0 162
179 94 91 79 54 53 87 26 38 23 63 0 179
170 55 96 86 65 59 22 26 78 44 56 0 170
171 82 47 95 55 78 48 70 41 97 40 0 171
171 84 83 53 38 56 56 94 24 62 85 0 171
140 95 70 40 65 41 96 45 78 94 90 0 140
181 71 37 86 28 20 22 35 57 46 47 0 181
143 73 47 76 75 33 47 72 32 91 41 0 143
180 43 42 40 52 51 30 87 23 84 57 0 180
129 32 75 46 96 31 97 70 64 44 21 0 129
157 95 85 90 40 39 29 64 64 39 38 0 157
179 74 58 29 32 94 73 82 71 67 23 0 179
129 36 81 47 75 81 60 72 81 98 35 0 129
118 65 42 33 39 97 62 47 23 38 90 0 118
101 92 62 86 55 25 43 74 82 58 81 0 101
118 39 72 88 77 72 41 43 53 94 98 0 118
130 29 25 75 69 73 70 89 60 35 85 0 130
200 82 46 58 42 37 86 75 85 96 73 0 200
111 62 86 66 27 74 68 53 33 87 29 0 111
192 26 39 86 97 20 33 33 22 65 83 0 192
196 62 24 57 88 41 95 71 76 38 70 0 196
198 31 24 52 78 37 61 80 45 64 54 0 198
169 48 70 47 61 43 67 80 81 25 98 0 169
110 93 74 34 76 94 44 38 58 45 47 0 110
159 61 29 30 32 55 53 93 50 34 41 0 159
104 98 30 89 95 65 75 80 66 23 45 0 104
109 87 53 52 98 30 63 85 53 21 21 0 109
121 54 100 78 48 40 82 91 64 45 88 0 121
112 35 87 73 89 63 29 21 29 41 72 0 112
148 34 33 20 85 81 90 80 24 85 40 0 148
172 67 23 57 78 52 22 73 32 59 65 0 172
132 29 78 96 89 66 86 93 23 80 93 0 132
153 62 73 27 85 68 27 56 58 59 85 0 153
151 26 26 32 81 81 26 93 49 55 43 0 151
135 57 69 44 99 28 56 65 40 50 25 0 135
163 29 83 76 77 99 92 58 50 24 67 0 163
169 92 30 80 77 77 81 57 93 75 79 0 169
154 35 77 67 70 39 78 77 31 39 23 0 154
199 56 91 53 51 58 87 79 75 92 85 0 199
188 33 73 37 49 67 34 98 77 26 40 0 188
164 98 55 72 96 32 25 82 96 92 21 0 164
153 62 83 78 68 31 96 80 49 31 51 0 153
145 74 38 70 83 96 72 25 33 52 90 0 145
157 80 50 60 72 60 67 73 52 44 55 0 157
126 75 67 83 49 41 90 88 25 71 53 0 126
118 27 52 72 65 34 54 41 74 61 54 0 118
139 57 50 32 98 49 32 27 31 56 40 0 139
177 54 36 56 87 82 40 94 66 75 49 0 177
136 89 46 69 54 57 76 23 49 64 89 0 136
111 45 85 92 36 64 86 35 44 85 57 0 111
158 60 74 44 90 73 92 90 53 70 51 0 158
150 59 62 37 54 47 82 63 48 67 40 0 150
105 34 24 42 79 62 62 33 69 42 96 0 105
161 97 74 77 23 85 91 73 46 75 75 0 161
110 43 57 41 38 30 70 53 62 63 42 0 110
124 57 93 30 99 35 30 75 36 78 96 0 124
156 64 72 26 80 95 24 82 92 34 40 0 156
154 23 44 53 46 40 62 90 53 81 24 0 154
109 75 78 63 69 82 57 75 48 74 34 0 109
142 55 66 23 60 61 94 44 41 25 53 0 142
121 76 50 28 40 66 73 25 60 29 51 0 121
156 88 28 95 86 26 44 90 45 20 85 0 156
107 95 52 65 21 30 30 69 64 22 76 0 107
157 51 54 59 95 92 91 67 48 40 31 0 157
193 44 27 81 44 24 68 45 27 73 87 0 193
187 68 89 94 69 57 45 57 47 46 94 0 187
161 75 88 21 69 27 31 32 31 77 44 0 161
143 91 75 44 34 74 97 82 32 85 52 0 143
129 27 22 99 67 25 66 61 59 66 84 0 129
178 82 55 30 45 69 35 90 35 40 100 0 178
200 92 59 75 22 46 66 34 96 98 23 0 200
137 30 59 60 85 59 23 95 67 55 46 0 137
139 21 68 24 49 32 40 39 50 58 96 0 139
106 98 90 51 43 25 58 85 25 37 21 0 106
142 26 62 59 73 43 69 59 33 63 75 0 142
103 92 82 72 87 26 62 26 94 29 46 0 103
165 61 86 45 37 36 95 96 86 36 55 0 165
196 29 73 66 52 34 27 45 35 30 29 0 196
124 22 97 72 25 83 21 87 53 75 72 0 124
100 24 63 48 35 90 40 39 81 80 60 0 100
179 76 93 81 94 84 83 87 42 90 68 0 179
172 55 34 79 33 39 45 59 66 42 46 0 172
192 91 33 73 63 35 25 28 73 43 74 0 192
139 40 97 55 39 44 31 80 31 38 77 0 139
102 66 22 61 65 63 25 62 31 59 61 0 102
175 56 95 57 25 72 76 35 74 71 64 0 175
118 37 75 77 61 50 59 87 95 68 83 0 118
146 26 99 90 57 35 80 30 65 32 30 0 146
150 80 49 83 86 59 66 76 23 47 94 0 150
193 39 59 46 91 27 55 50 85 74 86 0 193
182 82 52 77 71 32 87 55 82 29 96 0 182
160 72 76 81 65 39 92 67 66 84 93 0 160
144 58 36 51 59 70 92 28 82 35 97 0 144
102 92 32 80 89 82 95 73 57 87 84 0 102
173 26 95 98 53 49 34 32 87 74 71 0 173
118 23 34 52 87 27 67 73 86 37 61 0 118
192 52 37 31 29 88 55 94 94 47 78 0 192
177 28 47 59 76 76 50 51 47 94 77 0 177
120 72 61 23 61 77 67 97 58 50 91 0 120
159 44 86 84 88 97 97 87 41 23 63 0 159
104 33 52 46 55 55 22 66 63 59 90 0 104
186 61 38 39 89 64 75 85 27 81 72 0 186
168 93 65 95 42 71 56 79 34 58 95 0 168
170 45 77 46 99 59 51 40 39 21 44 0 170
174 32 23 30 65 64 68 86 33 83 83 0 174
189 74 95 69 47 28 94 24 71 69 82 0 189
111 69 51 40 71 68 32 40 23 95 33 0 111
129 31 77 55 47 49 89 80 83 90 30 0 129
123 22 59 79 25 22 50 40 35 30 32 0 123
189 67 65 65 71 69 37 39 60 90 80 0 189
116 47 80 67 70 27 43 95 22 93 50 0 116
177 72 91 56 25 51 41 85 64 49 71 0 177
175 79 61 32 99 43 24 24 49 70 94 0 175
191 37 24 51 84 78 45 54 67 62 28 0 191
122 88 96 63 42 42 87 52 73 86 39 0 122
100 41 56 33 49 33 74 25 39 36 25 0 100
189 96 67 74 46 100 87 31 21 50 79 0 189
151 74 78 32 76 95 85 69 40 89 64 0 151
166 86 36 44 80 99 84 61 45 89 52 0 166
153 96 54 44 100 92 79 22 33 24 94 0 153
174 77 24 79 27 88 52 82 100 28 65 0 174
193 45 71 78 74 57 51 94 28 21 25 0 193
192 23 55 53 79 20 34 82 39 47 100 0 192
141 83 39 90 36 70 99 36 47 22 40 0 141
197 87 41 24 39 87 78 86 100 73 21 0 197
183 50 72 26 91 40 78 49 90 24 40 0 183
135 45 66 30 22 94 51 61 22 81 26 0 135
167 27 78 43 20 29 31 57 92 68 50 0 167
172 36 91 71 89 42 94 94 53 65 60 0 172
100 55 61 75 61 48 64 92 29 42 91 0 100
105 61 97 41 33 85 52 61 71 92 26 0 105
169 66 25 21 22 23 97 32 71 39 73 0 169
185 64 53 39 34 87 95 38 71 29 82 0 185
110 74 31 20 33 35 64 21 93 47 21 0 110
137 58 51 55 55 40 43 40 52 20 25 0 137
150 51 91 41 89 87 70 36 94 84 32 0 150
124 25 70 48 77 27 54 76 40 20 89 0 124
112 41 98 60 55 28 36 58 28 67 55 0 112
186 62 96 29 97 86 40 34 55 47 82 0 186
134 33 46 97 91 35 68 42 83 29 51 0 134
123 49 38 55 22 41 59 78 56 40 98 0 123
134 95 81 39 38 31 93 26 89 86 57 0 134
157 41 75 94 52 31 32 64 79 71 52 0 157
159 71 43 51 60 74 70 69 37 74 32 0 159
127 35 92 95 55 34 61 56 83 73 82 0 127
171 40 94 48 40 78 83 74 83 35 91 0 171
134 71 22 26 58 50 67 62 80 63 24 0 134
122 47 55 54 50 56 39 95 69 83 86 0 122
168 91 75 95 45 67 64 45 46 72 21 0 168
174 84 61 84 75 52 78 91 89 97 95 0 174
141 35 96 99 98 47 85 100 82 23 94 0 141
145 50 32 76 81 74 63 29 41 60 41 0 145
195 61 87 28 92 34 81 50 75 58 74 0 195
181 65 49 51 44 28 87 40 93 26 40 0 181
193 90 71 84 27 84 67 27 82 68 62 0 193
199 89 30 96 35 43 69 58 97 37 31 0 199
186 66 58 43 67 22 46 48 39 85 44 0 186
149 23 65 23 75 35 82 87 89 24 92 0 149
126 56 80 75 28 32 50 61 29 64 81 0 126
120 99 38 52 54 79 48 36 37 24 63 0 120
197 21 72 23 67 61 41 75 73 55 71 0 197
191 45 99 53 60 94 51 48 83 22 55 0 191
186 73 60 28 96 54 74 27 31 67 52 0 186
192 39 46 45 54 43 22 40 95 82 46 0 192
123 67 34 22 20 91 24 57 86 82 29 0 123
184 29 23 63 44 44 88 36 20 27 51 0 184
171 96 32 71 37 38 54 78 29 31 37 0 171
179 53 77 59 92 44 60 58 32 79 31 0 179
181 90 29 73 52 49 79 36 84 97 75 0 181
168 68 86 60 98 24 66 100 63 70 44 0 168
193 97 61 86 42 85 90 90 95 69 88 0 193
106 40 43 85 45 99 68 92 52 41 91 0 106
153 98 41 43 44 35 99 41 74 72 81 0 153
103 31 61 45 35 20 67 92 62 80 89 0 103
166 39 75 70 47 81 77 96 59 50 91 0 166
198 63 56 71 87 86 34 78 79 42 67 0 198
128 72 99 49 56 82 74 28 57 77 71 0 128
119 42 63 93 63 72 25 70 76 45 26 0 119
122 84 80 88 97 50 25 57 98 27 73 0 122
128 23 51 31 41 82 55 62 79 45 83 0 128
108 33 32 31 54 31 82 29 83 81 99 0 108
145 39 73 79 21 98 37 85 93 63 45 0 145
187 32 80 76 95 95 93 89 54 89 55 0 187
126 83 97 48 98 28 80 20 33 71 43 0 126
139 27 25 77 25 90 81 39 57 35 49 0 139
163 45 47 58 33 32 55 93 64 49 47 0 163
122 48 25 86 55 27 69 79 59 86 81 0 122
105 30 40 49 51 24 62 58 86 47 27 0 105
168 60 31 94 24 26 63 74 72 52 71 0 168
194 36 47 69 38 37 58 57 84 40 63 0 194
200 34 86 51 24 23 25 49 97 27 32 0 200
142 48 65 75 79 28 38 30 100 47 20 0 142
166 50 40 30 96 89 92 39 38 69 92 0 166
118 93 87 95 33 45 25 51 64 57 64 0 118
104 72 35 44 62 63 87 49 97 78 58 0 104
118 63 95 32 49 49 66 63 24 72 20 0 118
172 81 55 20 71 76 69 73 44 79 94 0 172
109 44 79 67 59 96 96 87 40 91 82 0 109
128 47 75 92 98 73 51 96 49 46 29 0 128
106 26 68 53 65 95 53 24 24 23 88 0 106
191 99 26 98 26 47 90 99 82 67 51 0 191
157 49 87 65 37 24 100 66 71 30 92 0 157
163 66 65 93 98 89 67 60 79 38 96 0 163
184 35 63 98 38 54 26 46 85 86 48 0 184
129 83 34 75 86 63 53 38 44 37 69 0 129
159 65 60 30 63 55 62 57 95 40 94 0 159
154 82 35 42 33 40 60 90 45 85 70 0 154
175 96 75 89 39 23 99 33 54 27 35 0 175
152 59 33 97 51 39 45 77 45 40 63 0 152
124 75 98 37 53 95 26 89 28 51 84 0 124
138 61 70 66 26 61 42 57 29 84 53 0 138
104 53 42 74 89 25 43 70 91 77 86 0 104
134 35 51 51 89 99 82 60 74 71 64 0 134
176 66 53 31 29 31 20 25 40 46 99 0 176
116 30 28 21 93 40 97 43 100 31 25 0 116
168 47 40 27 83 24 32 33 51 66 76 0 168
138 99 76 70 48 81 82 28 78 20 27 0 138
175 81 26 89 74 32 50 95 20 77 40 0 175
171 39 69 89 82 77 37 22 40 59 71 0 171
172 39 48 62 48 77 78 30 99 59 95 0 172
115 80 22 87 89 89 80 68 96 97 88 0 115
180 90 30 31 49 51 65 93 88 41 90 0 180
108 41 84 52 51 30 99 51 35 56 53 0 108
165 38 88 23 30 21 36 32 55 73 78 0 165
102 32 24 65 78 27 94 97 99 21 80 0 102
117 98 68 69 59 64 79 60 33 58 74 0 117
186 52 39 21 78 41 99 55 41 98 59 0 186
120 46 82 35 78 45 47 39 28 81 89 0 120
186 40 90 51 78 20 24 41 46 95 20 0 186
140 97 49 100 74 97 78 23 99 23 96 0 140
194 96 24 75 66 39 35 69 22 47 94 0 194
140 56 80 82 88 80 70 55 55 35 98 0 140
200 79 53 27 69 68 42 69 61 91 74 0 200
162 32 64 59 34 22 26 52 33 47 60 0 162
186 27 81 75 58 52 58 68 47 85 49 0 186
105 66 97 48 41 95 30 37 43 98 48 0 105
117 28 72 85 99 82 67 89 63 29 47 0 117
168 83 33 98 32 72 97 69 21 43 51 0 168
115 96 24 73 89 86 48 40 41 98 62 0 115
172 68 90 58 93 46 21 84 68 22 67 0 172
156 57 37 97 95 94 55 57 58 31 30 0 156
153 28 67 23 42 56 76 49 81 24 38 0 153
177 75 56 94 58 50 21 36 99 26 98 0 177
177 65 78 42 82 57 57 58 36 64 61 0 177
199 28 46 74 22 48 28 83 43 78 89 0 199
174 22 51 92 80 53 70 32 38 60 60 0 174
164 33 94 93 81 22 79 31 41 36 56 0 164
186 90 67 52 60 50 50 34 60 83 98 0 186
168 52 37 78 77 52 31 33 28 51 80 0 168
126 27 86 57 33 81 80 45 63 42 68 0 126
173 60 28 34 94 34 51 48 71 22 92 0 173
165 22 69 62 90 24 87 62 66 35 29 0 165
108 78 96 79 92 78 63 67 89 89 79 0 108
108 87 99 50 59 94 36 70 36 59 75 0 108
200 77 47 56 29 51 81 90 71 70 71 0 200
188 31 29 21 52 38 67 90 95 81 69 0 188
106 51 31 40 35 86 43 84 84 80 30 0 106
166 22 82 27 22 43 86 35 97 52 22 0 166
184 44 44 39 100 79 70 47 72 50 69 0 184
135 75 66 62 62 32 22 71 33 33 66 0 135
187 44 39 58 29 64 55 48 92 55 75 0 187
179 87 55 91 40 85 53 54 21 94 35 0 179
136 20 68 92 87 76 37 95 50 32 39 0 136
148 59 81 35 83 74 42 31 41 77 32 0 148
114 59 68 87 68 64 46 74 35 79 24 0 114
188 31 21 52 33 76 65 30 94 29 28 0 188
122 33 63 30 29 32 54 90 50 83 24 0 122
131 94 92 69 34 41 91 46 72 69 88 0 131
173 45 51 96 77 29 54 57 57 68 63 0 173
122 95 95 31 58 37 96 70 74 96 38 0 122
119 60 53 65 25 26 87 97 98 33 67 0 119
174 93 52 27 44 79 57 91 24 75 78 0 174
171 64 50 54 68 66 75 23 33 50 28 0 171
176 34 95 38 72 50 25 70 75 37 83 0 176
113 62 84 62 95 30 43 90 73 94 64 0 113
120 100 77 22 53 89 66 90 81 95 96 0 120
158 57 86 44 69 95 86 86 45 61 94 0 158
178 89 93 39 33 84 62 57 98 83 22 0 178
162 74 69 47 83 60 41 37 95 24 21 0 162
199 56 41 41 23 47 33 72 68 22 91 0 199
170 55 33 95 79 39 43 26 78 53 53 0 170
103 67 37 59 39 90 56 33 95 94 86 0 103
146 85 99 53 65 93 47 44 46 29 71 0 146
175 71 45 64 37 71 27 70 53 39 64 0 175
144 20 58 91 77 93 98 73 30 56 51 0 144
163 81 46 72 73 90 96 74 39 61 74 0 163
128 54 88 57 99 28 43 84 93 53 58 0 128
153 47 56 91 92 62 29 52 90 44 23 0 153
162 93 32 48 61 42 80 61 22 33 29 0 162
116 46 39 97 91 48 89 23 31 43 46 0 116
194 93 58 51 66 45 83 61 50 37 88 0 194
100 78 94 56 83 87 77 84 24 71 88 0 100
117 49 92 91 62 25 34 74 80 76 69 0 117
153 55 64 100 37 61 68 86 91 88 43 0 153
135 34 29 98 27 51 20 42 90 67 32 0 135
119 56 71 89 25 53 79 30 64 38 99 0 119
196 73 28 45 89 26 34 76 37 62 53 0 196
154 70 64 50 47 47 100 74 44 45 60 0 154
109 69 25 36 32 73 98 59 41 57 58 0 109
184 57 75 85 85 60 34 74 73 26 68 0 184
151 68 92 99 56 28 61 24 45 36 60 0 151
121 84 88 70 86 33 51 30 32 38 76 0 121
182 60 63 47 80 20 20 67 97 81 95 0 182
193 26 42 58 74 83 49 83 89 73 45 0 193
135 89 47 93 43 89 79 91 97 90 34 0 135
125 54 91 70 44 50 28 94 67 81 30 0 125
129 42 24 98 56 71 50 95 61 81 43 0 129
179 60 20 20 35 33 78 98 59 53 53 0 179
160 87 92 46 65 42 45 68 32 42 71 0 160
162 43 85 73 100 31 60 66 51 73 75 0 162
119 74 89 77 74 73 29 93 32 98 83 0 119
167 27 85 43 78 56 21 93 65 81 43 0 167
160 28 47 48 70 27 99 95 22 71 83 0 160
103 71 42 54 96 78 48 87 67 33 52 0 103
168 91 46 73 76 77 35 90 91 56 54 0 168
192 89 44 98 27 33 78 74 68 95 91 0 192
194 28 91 32 75 36 96 32 64 48 91 0 194
176 36 100 63 77 47 78 47 50 76 51 0 176
148 92 36 68 59 93 51 77 75 71 57 0 148
113 50 79 32 91 46 97 69 85 85 33 0 113
188 79 72 80 100 45 82 43 36 24 97 0 188
119 77 53 26 99 30 79 88 24 51 39 0 119
159 56 55 73 84 33 70 37 55 74 37 0 159
127 81 45 32 92 60 42 42 32 62 56 0 127
187 97 81 46 51 48 62 57 36 84 98 0 187
139 79 73 67 40 43 41 74 43 31 58 0 139
198 43 96 96 91 53 22 43 99 52 38 0 198
182 54 66 60 21 26 100 73 23 73 91 0 182
179 26 47 92 57 56 89 24 50 52 81 0 179
147 81 32 94 55 95 84 99 94 43 67 0 147
188 85 71 77 81 77 80 51 86 91 52 0 188
128 86 72 76 22 49 93 70 99 31 79 0 128
139 89 95 23 76 81 96 49 85 50 74 0 139
117 64 40 43 90 40 68 59 79 90 68 0 117
169 70 44 36 48 77 87 85 72 54 90 0 169
168 48 43 43 87 22 59 29 99 30 75 0 168
152 61 29 63 85 62 75 66 60 31 65 0 152
113 23 62 25 39 99 93 36 76 37 59 0 113
197 33 68 46 72 28 23 82 71 65 69 0 197
128 25 41 34 66 82 48 78 55 20 67 0 128
144 26 40 83 34 97 85 39 48 78 67 0 144
165 80 53 40 94 54 80 24 33 76 86 0 165
144 36 50 74 45 100 92 69 80 35 90 0 144
176 39 24 71 91 24 52 31 57 33 57 0 176
183 98 54 82 69 36 64 98 26 58 51 0 183
105 83 41 37 23 41 79 91 92 33 77 0 105
145 53 93 76 26 48 60 93 63 81 84 0 145
134 66 32 29 70 64 76 76 25 51 44 0 134
190 47 81 51 30 84 21 65 41 80 23 0 190
113 72 41 90 72 31 73 96 78 45 96 0 113
176 88 52 69 93 32 63 24 39 37 54 0 176
182 37 60 45 89 92 35 100 81 36 75 0 182
114 39 67 92 43 27 72 92 49 44 33 0 114
177 82 54 25 31 30 98 34 64 79 62 0 177
124 97 46 75 25 44 68 36 51 26 99 0 124
117 67 56 52 69 32 57 38 91 88 28 0 117
178 69 25 54 82 58 70 62 96 59 97 0 178
133 44 67 22 46 97 53 66 62 60 35 0 133
187 53 20 65 36 28 59 71 24 68 53 0 187
192 68 49 34 79 65 49 49 58 93 56 0 192
140 90 73 89 57 34 94 54 88 75 42 0 140
117 77 28 88 29 75 80 73 56 52 88 0 117
105 35 63 81 61 57 45 29 93 81 37 0 105
155 35 38 63 98 37 96 62 55 46 63 0 155
178 70 53 24 54 36 44 55 95 35 36 0 178
188 88 80 20 75 23 88 84 52 81 21 0 188
107 63 73 21 90 21 61 81 32 93 50 0 107
182 63 48 55 88 76 91 69 67 48 99 0 182
198 93 30 99 76 99 92 23 44 21 95 0 198
145 97 44 68 58 56 91 66 98 61 78 0 145
105 21 44 71 34 89 50 98 65 82 60 0 105
120 77 55 54 82 30 45 33 53 21 54 0 120
192 38 81 54 40 24 53 98 37 24 69 0 192
196 56 37 62 32 32 82 62 82 35 39 0 196
139 96 21 37 89 77 24 89 89 86 59 0 139
162 80 39 23 75 58 28 56 75 26 85 0 162
136 50 69 84 77 98 59 21 95 62 39 0 136
190 27 55 59 98 44 32 96 44 86 20 0 190
174 76 89 64 91 67 69 89 45 70 52 0 174
182 71 77 45 51 97 40 65 32 45 32 0 182
109 42 88 42 64 88 61 72 84 45 54 0 109
107 65 96 29 57 73 53 95 69 98 88 0 107
173 95 98 21 89 47 64 68 39 59 23 0 173
196 83 56 72 47 92 80 30 20 93 80 0 196
110 41 65 87 23 80 88 46 88 82 88 0 110
139 78 53 39 88 100 79 35 24 60 92 0 139
133 42 95 50 42 57 65 55 43 38 64 0 133
131 21 90 23 99 62 32 96 64 33 25 0 131
191 71 22 57 96 64 79 71 79 42 27 0 191
185 87 97 98 44 93 52 23 57 33 87 0 185
135 35 65 89 69 80 64 48 75 49 36 0 135
135 69 21 38 35 70 83 58 42 83 90 0 135
107 63 65 62 57 91 80 37 46 75 78 0 107
165 50 87 55 32 79 86 92 77 24 86 0 165
185 33 34 31 43 53 78 31 73 80 92 0 185
116 75 34 41 61 95 94 74 46 79 32 0 116
127 94 86 45 31 35 98 22 93 57 61 0 127
195 38 51 50 33 33 53 95 35 41 28 0 195
169 45 53 22 99 63 94 94 84 57 39 0 169
123 50 21 68 80 98 46 91 54 100 40 0 123
190 42 52 34 39 20 29 73 20 93 36 0 190
105 91 46 55 94 81 72 67 80 32 92 0 105
192 58 39 89 45 82 21 95 72 50 71 0 192
171 89 30 51 86 43 72 100 21 63 54 0 171
167 85 86 69 93 76 67 41 35 42 88 0 167
116 21 27 57 85 30 50 36 30 82 23 0 116
162 46 82 39 93 61 95 30 79 70 99 0 162
137 90 41 68 79 67 68 36 67 74 68 0 137
106 79 73 36 39 77 48 68 59 22 34 0 106
176 100 66 62 99 24 89 37 40 29 88 0 176
152 26 50 57 21 69 66 52 75 82 84 0 152
130 62 38 37 70 78 58 84 58 67 79 0 130
172 65 64 93 47 94 85 34 60 83 81 0 172
101 90 27 29 49 42 41 91 76 36 59 0 101
149 67 87 89 62 36 53 25 21 93 22 0 149
121 67 53 49 23 98 23 30 73 28 68 0 121
158 55 22 59 53 70 56 84 85 23 57 0 158
170 84 93 84 43 22 43 77 27 49 54 0 170
155 24 66 32 63 29 44 75 66 60 28 0 155
128 41 34 87 64 71 43 78 30 43 71 0 128
186 68 53 85 100 25 24 75 84 87 65 0 186
155 51 81 76 100 76 20 51 59 56 89 0 155
154 71 65 68 78 48 65 52 83 86 78 0 154
192 40 26 25 96 53 93 74 38 65 77 0 192
182 92 67 83 40 62 48 58 86 55 76 0 182
148 25 91 32 81 39 71 97 57 100 30 0 148
170 69 90 39 44 91 48 90 62 72 39 0 170
174 84 28 80 37 53 67 73 50 85 36 0 174
136 70 52 86 71 35 22 44 96 82 41 0 136
133 60 98 26 25 47 85 25 91 58 44 0 133
179 36 77 25 94 85 56 22 93 23 37 0 179
130 98 50 57 100 75 69 93 93 78 95 0 130
171 44 33 98 100 97 27 76 65 43 72 0 171
100 84 53 88 40 37 42 48 64 78 54 0 100
128 69 30 38 67 29 25 34 31 45 91 0 128
121 68 29 60 58 61 68 83 75 35 100 0 121
175 28 47 89 25 29 78 72 44 67 56 0 175
105 53 65 29 86 50 23 78 65 39 29 0 105
200 78 30 41 59 96 73 57 86 46 57 0 200
174 21 80 86 88 41 33 28 86 47 36 0 174
150 27 84 100 86 67 40 31 47 92 92 0 150
175 22 30 80 92 62 84 36 32 67 51 0 175
181 90 60 63 30 36 76 91 34 60 68 0 181
145 78 42 28 100 60 79 49 56 39 70 0 145
128 53 97 40 86 29 23 39 99 70 100 0 128
173 33 70 70 72 37 98 93 67 50 25 0 173
142 92 49 53 41 39 43 47 97 92 46 0 142
128 32 32 54 37 96 98 61 73 97 54 0 128
115 83 95 30 96 40 32 39 37 77 35 0 115
137 32 93 41 32 27 20 42 32 88 83 0 137
176 39 55 83 48 21 79 21 35 42 88 0 176
181 78 39 61 100 70 98 60 67 20 44 0 181
114 22 52 68 33 38 27 90 85 61 98 0 114
190 35 63 35 84 54 48 24 24 46 56 0 190
159 50 63 85 92 47 37 43 73 58 87 0 159
188 39 21 91 35 99 46 30 76 37 28 0 188
113 51 78 37 67 53 51 28 68 70 33 0 113
152 44 80 66 28 44 50 21 47 50 73 0 152
177 79 64 94 51 38 81 47 63 67 38 0 177
153 66 54 51 36 28 22 78 40 95 93 0 153
170 56 28 63 90 62 24 34 94 62 40 0 170
148 36 82 96 34 37 70 35 30 61 38 0 148
117 50 54 27 70 63 35 43 87 70 96 0 117
154 68 53 54 31 70 36 51 43 28 80 0 154
105 32 60 55 79 66 38 73 44 82 51 0 105
147 91 59 39 64 30 90 79 51 72 92 0 147
158 58 30 81 93 78 96 69 22 89 61 0 158
153 75 78 24 75 60 50 74 42 37 77 0 153
115 99 35 21 53 56 50 64 60 95 74 0 115
129 32 82 21 73 43 31 59 68 58 33 0 129
189 46 98 90 98 58 80 80 40 86 72 0 189
119 31 57 63 61 58 21 87 25 42 78 0 119
105 45 87 58 75 99 87 62 96 66 56 0 105
102 60 87 82 73 91 25 21 60 95 41 0 102
148 66 51 62 53 93 60 95 82 90 53 0 148
173 42 95 93 57 27 46 25 42 39 97 0 173
129 95 40 64 23 40 56 53 21 51 99 0 129
161 47 29 38 35 41 30 58 32 31 51 0 161
141 25 99 34 60 92 70 99 61 81 67 0 141
150 35 79 72 37 61 34 36 88 47 94 0 150
127 83 93 68 39 34 69 30 67 30 42 0 127
118 33 97 58 30 64 76 70 82 35 79 0 118
193 98 85 23 83 98 46 76 88 24 93 0 193
117 28 24 26 90 25 62 91 80 55 25 0 117
111 62 69 66 97 33 22 39 45 22 92 0 111
122 99 99 45 87 89 36 90 54 69 40 0 122
139 43 52 94 97 23 21 86 75 21 51 0 139
198 50 31 32 34 25 87 87 22 90 35 0 198
173 21 77 75 49 61 41 53 76 53 41 0 173
183 44 40 20 59 40 76 70 89 99 43 0 183
148 33 46 88 45 34 38 22 59 73 30 0 148
178 60 89 72 63 28 41 36 40 33 74 0 178
160 82 47 41 37 52 77 81 22 74 63 0 160
195 27 81 49 92 71 65 37 56 30 73 0 195
191 22 37 61 93 67 32 51 51 47 63 0 191
188 73 64 34 66 64 41 100 35 43 84 0 188
139 72 28 23 64 98 73 35 50 61 92 0 139
147 87 89 50 20 63 33 80 44 98 97 0 147
164 79 47 31 46 93 92 22 96 98 44 0 164
154 83 91 65 84 39 80 70 40 67 77 0 154
169 78 81 58 98 46 83 33 48 96 60 0 169
194 45 58 62 30 79 26 43 94 85 33 0 194
156 60 75 67 85 52 97 55 99 96 91 0 156
138 52 40 68 48 20 70 48 52 56 82 0 138
134 96 50 68 64 52 83 27 66 20 23 0 134
149 43 92 84 38 88 47 47 56 83 39 0 149
109 59 46 48 71 58 27 27 72 79 65 0 109
122 52 75 91 48 69 25 46 52 96 92 0 122
195 97 49 57 79 83 91 62 55 45 89 0 195
187 57 39 36 29 68 35 39 70 86 96 0 187
181 79 22 26 49 64 80 28 71 61 96 0 181
102 92 57 71 56 25 31 66 95 47 31 0 102
126 57 73 23 57 42 58 75 52 64 64 0 126
135 70 64 44 62 66 88 73 63 67 94 0 135
198 48 51 37 82 49 29 50 53 46 76 0 198
174 46 60 57 27 49 28 71 21 37 87 0 174
132 79 63 31 61 27 91 76 43 87 39 0 132
188 58 58 79 78 41 60 69 74 25 82 0 188
136 56 69 23 80 22 65 28 69 86 23 0 136
141 81 79 38 89 40 98 77 37 62 61 0 141
195 84 22 36 46 62 63 57 71 64 23 0 195
158 49 81 53 34 34 27 82 30 61 85 0 158
152 41 30 47 56 44 53 71 28 42 84 0 152
165 97 81 68 52 31 75 83 44 95 48 0 165
110 37 44 94 97 95 66 74 93 67 24 0 110
159 48 61 33 86 53 91 59 54 41 92 0 159
124 81 94 31 82 77 80 25 73 91 24 0 124
152 34 33 100 84 73 76 64 38 87 91 0 152
127 93 26 83 37 96 75 57 89 70 63 0 127
190 69 54 44 95 75 37 51 76 35 46 0 190
104 80 70 27 88 50 34 78 92 81 62 0 104
198 58 39 89 93 94 80 80 83 48 51 0 198
187 39 80 47 53 33 63 83 66 64 81 0 187
137 56 26 38 63 26 36 99 61 81 43 0 137
147 28 90 64 36 36 34 61 94 29 77 0 147
108 89 47 95 91 67 38 82 84 36 53 0 108
158 91 100 51 86 82 90 36 37 52 96 0 158
162 50 64 25 22 84 88 50 68 64 63 0 162
176 39 99 26 41 83 40 79 30 86 94 0 176
178 91 33 25 50 25 23 77 83 23 36 0 178
160 48 83 30 92 81 82 78 63 37 61 0 160
136 64 72 75 75 27 33 72 99 81 21 0 136
158 84 91 76 34 83 100 71 31 23 45 0 158
189 77 92 32 38 89 28 64 33 47 41 0 189
178 40 30 47 70 29 37 22 88 74 28 0 178
124 68 79 52 34 97 24 25 45 91 67 0 124
126 98 93 79 78 56 84 95 20 26 70 0 126
190 75 71 48 43 83 31 27 41 70 37 0 190
156 21 89 39 94 25 58 97 94 30 60 0 156
181 47 87 47 64 48 27 87 49 37 56 0 181
103 93 81 41 58 32 66 74 71 89 95 0 103
132 33 49 50 96 77 41 49 88 90 68 0 132
121 21 23 84 48 50 52 67 55 41 45 0 121
139 64 20 77 28 89 33 44 71 47 70 0 139
164 65 76 94 69 92 98 73 93 74 31 0 164
188 27 88 86 45 44 41 57 27 63 53 0 188
158 46 22 83 60 43 49 50 66 26 38 0 158
178 95 99 42 23 74 94 61 63 77 63 0 178
101 22 22 51 95 46 38 50 99 50 71 0 101
171 84 63 63 88 37 83 63 32 84 47 0 171
113 67 27 64 64 37 66 85 88 89 25 0 113
101 66 98 42 94 59 47 30 28 40 69 0 101
112 28 77 27 58 91 82 89 25 88 42 0 112
110 40 36 82 48 67 35 75 20 63 79 0 110
157 85 79 95 40 69 74 38 52 33 31 0 157
102 25 28 23 73 28 55 98 97 98 44 0 102
141 79 88 39 61 54 65 89 86 90 57 0 141
177 96 28 60 43 64 73 31 93 95 87 0 177
166 40 39 56 33 55 63 96 50 72 51 0 166
101 93 28 71 85 56 89 73 61 58 53 0 101
190 84 23 84 31 24 47 40 84 41 85 0 190
141 24 93 53 43 37 45 55 83 29 83 0 141
200 69 63 64 93 45 59 41 72 93 90 0 200
149 79 98 73 85 49 29 56 67 67 95 0 149
125 82 92 26 33 31 59 42 29 58 93 0 125
164 63 69 60 49 83 99 39 42 87 21 0 164
160 34 31 28 55 42 22 30 58 98 90 0 160
119 58 41 74 74 64 29 23 44 38 87 0 119
196 98 51 89 84 30 91 99 55 48 69 0 196
114 41 55 80 85 61 63 69 72 59 40 0 114
179 35 78 31 64 45 30 65 77 22 36 0 179
175 54 78 80 66 52 67 33 40 67 79 0 175
188 71 88 89 86 85 93 66 71 66 89 0 188
116 36 87 47 75 69 99 78 91 28 90 0 116
185 75 27 82 89 60 21 86 83 68 82 0 185
199 66 71 79 96 52 52 26 48 88 25 0 199
148 25 99 92 72 56 99 41 29 55 72 0 148
118 64 62 38 26 51 59 22 71 68 88 0 118
180 27 59 55 73 81 61 46 57 55 72 0 180
189 98 61 65 42 38 37 28 71 45 69 0 189
134 52 92 58 70 36 63 63 35 98 53 0 134
120 23 89 48 31 34 34 62 37 23 54 0 120
185 44 82 20 75 32 97 90 89 46 54 0 185
136 77 90 31 98 66 21 48 20 30 95 0 136
152 73 80 86 24 21 80 37 77 29 72 0 152
130 75 49 32 36 55 34 31 78 59 73 0 130
170 99 50 23 90 51 94 49 79 60 80 0 170
145 58 39 63 65 33 55 66 100 49 94 0 145
120 80 65 97 71 88 76 46 22 53 74 0 120
190 92 88 83 74 79 61 99 42 97 70 0 190
172 88 90 23 46 85 68 45 58 73 23 0 172
125 76 39 62 93 45 67 86 52 66 72 0 125
106 89 52 46 86 44 94 23 37 74 61 0 106
107 75 94 73 60 58 88 88 22 48 67 0 107
139 90 50 80 70 76 67 23 68 72 53 0 139
167 39 40 47 40 47 27 29 54 81 72 0 167
195 33 88 23 90 94 78 87 41 56 79 0 195
147 84 37 78 95 92 38 91 99 38 43 0 147
187 89 82 71 30 70 70 84 74 81 72 0 187
190 60 39 30 24 27 40 72 71 29 25 0 190
119 64 87 76 62 99 62 91 23 73 49 0 119
185 84 23 73 98 41 97 43 61 61 52 0 185
164 95 73 32 72 30 33 67 78 95 35 0 164
116 90 31 28 61 94 59 75 34 50 41 0 116
133 46 90 57 87 43 25 52 22 65 78 0 133
186 61 92 59 85 58 65 88 84 85 91 0 186
125 69 86 32 85 74 90 71 72 89 46 0 125
104 22 71 89 92 94 50 34 25 47 24 0 104
192 51 25 90 44 47 41 50 73 44 21 0 192
116 28 80 43 63 75 80 67 43 93 42 0 116
177 87 56 63 76 73 77 79 33 70 77 0 177
168 24 83 86 22 47 54 53 64 65 23 0 168
166 98 95 59 97 94 93 51 36 52 65 0 166
191 44 78 21 73 86 63 79 76 53 55 0 191
178 60 92 100 21 64 92 76 78 83 73 0 178
109 61 74 87 38 26 74 95 31 74 39 0 109
162 81 59 54 45 21 61 44 82 81 29 0 162
199 99 37 32 45 100 58 80 24 59 80 0 199
183 67 93 70 81 51 48 27 85 63 98 0 183
144 47 29 81 84 93 78 85 88 79 99 0 144
158 39 82 28 56 22 45 68 98 64 90 0 158
139 25 64 94 79 87 29 90 93 56 83 0 139
134 54 25 71 30 52 29 40 46 47 62 0 134
185 41 36 83 65 49 30 98 29 90 40 0 185
135 71 64 87 71 34 68 82 33 67 67 0 135
195 35 98 59 43 38 84 67 34 60 44 0 195
160 95 100 37 64 94 85 40 50 71 70 0 160
163 38 57 54 40 34 71 99 29 94 96 0 163
145 91 64 60 62 91 68 82 37 21 56 0 145
172 86 72 91 47 47 88 57 91 71 27 0 172
140 66 57 49 43 94 80 40 86 93 28 0 140
151 86 78 48 34 34 84 63 69 80 56 0 151
173 42 75 56 40 52 66 23 55 88 54 0 173
177 72 86 22 64 33 38 21 77 78 21 0 177
193 83 82 33 79 86 86 87 84 55 44 0 193
182 33 63 46 52 51 57 99 84 49 59 0 182
157 69 44 49 29 53 23 29 37 34 28 0 157
132 82 72 26 74 69 95 22 71 75 49 0 132
153 36 73 23 33 48 39 75 92 52 25 0 153
175 46 50 49 39 61 77 59 23 35 81 0 175
197 54 90 75 45 60 52 34 21 39 43 0 197
134 86 44 49 79 30 82 54 33 68 65 0 134
129 21 21 83 68 45 29 49 76 74 99 0 129
105 89 24 71 88 63 38 47 67 53 87 0 105
163 99 32 30 61 33 78 72 23 58 96 0 163
101 100 92 67 43 53 22 97 70 60 99 0 101
146 49 37 27 21 52 56 56 56 78 23 0 146
185 70 36 44 62 22 70 69 94 42 68 0 185
110 68 26 60 92 95 61 26 47 21 40 0 110
171 37 23 81 48 68 45 24 26 45 57 0 171
142 41 46 56 50 62 22 50 27 77 32 0 142
170 77 42 78 57 54 25 70 55 43 50 0 170
115 81 41 36 62 48 41 80 98 100 25 0 115
133 75 40 73 37 26 90 27 77 24 53 0 133
193 98 66 67 99 23 47 27 59 67 81 0 193
190 71 51 81 51 97 78 71 67 41 42 0 190
146 27 34 91 38 41 38 46 29 99 60 0 146
100 66 25 78 96 96 79 57 66 26 42 0 100
174 52 73 27 95 63 66 37 22 20 61 0 174
199 97 25 43 30 96 98 46 47 40 93 0 199
158 52 90 61 75 52 69 92 96 51 46 0 158
186 74 80 27 49 46 34 30 97 50 42 0 186
190 81 98 89 60 32 71 36 80 23 48 0 190
170 21 94 45 90 67 29 54 88 91 82 0 170
169 95 54 98 97 83 85 57 42 60 82 0 169
146 58 100 35 94 94 65 57 22 22 70 0 146
158 23 35 62 34 75 34 70 41 31 86 0 158
116 76 44 65 24 53 94 96 98 65 33 0 116
164 100 82 99 69 94 51 55 59 28 76 0 164
105 87 26 70 91 34 97 81 48 99 69 0 105
155 52 27 38 92 74 63 89 62 73 93 0 155
121 84 75 73 55 73 96 48 43 71 25 0 121
167 36 65 26 29 100 21 43 73 34 35 0 167
147 73 25 94 41 90 52 47 99 76 46 0 147
142 44 35 49 58 49 82 44 55 95 89 0 142
152 91 45 47 42 50 22 32 43 95 90 0 152
153 81 77 45 28 24 38 52 43 38 34 0 153
120 58 54 66 92 49 40 74 57 32 75 0 120
186 59 68 24 85 83 62 93 98 44 57 0 186
104 99 57 58 86 79 43 33 43 52 60 0 104
110 32 81 50 58 73 76 33 98 65 91 0 110
102 79 40 82 71 50 77 52 40 30 79 0 102
121 59 29 72 80 29 40 55 75 63 63 0 121
171 63 89 91 77 20 90 99 80 96 37 0 171
105 46 43 53 77 52 25 78 74 77 97 0 105
189 74 41 52 42 33 70 50 91 89 70 0 189
131 36 35 21 41 88 91 96 39 35 52 0 131
169 35 55 59 74 86 93 93 76 36 44 0 169
152 68 97 55 61 71 100 43 48 36 94 0 152
118 98 26 69 94 50 52 21 39 24 76 0 118
163 86 69 41 65 20 54 31 82 76 48 0 163
159 42 73 53 94 100 92 34 30 29 28 0 159
159 23 99 77 43 69 43 96 41 47 79 0 159
200 29 57 31 83 48 42 88 64 84 47 0 200
184 25 99 97 84 69 20 93 41 62 42 0 184
177 30 85 70 89 70 96 45 79 20 75 0 177
181 53 21 86 70 39 98 62 31 93 22 0 181
191 79 68 93 65 46 84 24 44 70 95 0 191
137 32 83 55 22 49 20 91 43 92 31 0 137
127 22 72 99 81 70 82 62 26 79 20 0 127
186 60 63 30 73 85 47 98 95 62 66 0 186
157 65 93 69 87 57 50 65 45 43 41 0 157
109 33 54 64 57 60 83 34 24 67 62 0 109
199 26 97 35 56 29 78 70 86 40 83 0 199
189 45 38 90 26 67 33 61 33 68 69 0 189
101 56 60 73 40 94 40 38 31 90 84 0 101
185 57 83 64 82 48 52 77 78 35 64 0 185
114 93 91 72 99 26 48 81 87 72 25 0 114
116 76 35 65 43 99 26 27 40 75 45 0 116
178 69 37 76 88 81 89 37 30 85 82 0 178
159 55 25 69 66 53 96 62 64 77 97 0 159
146 34 82 59 60 84 24 97 53 95 24 0 146
103 56 90 99 27 54 31 50 88 43 37 0 103
180 71 40 28 70 71 58 45 99 83 35 0 180
192 92 26 82 30 57 62 24 34 37 29 0 192
152 98 30 87 46 76 54 36 76 43 23 0 152
132 39 24 66 62 45 92 67 76 95 93 0 132
143 92 28 85 44 43 22 88 74 46 23 0 143
145 67 65 20 93 56 69 43 27 47 21 0 145
184 62 65 76 35 63 27 64 41 93 20 0 184
169 89 66 55 53 78 59 22 31 65 61 0 169
130 80 79 86 37 27 24 64 73 32 60 0 130
121 52 93 58 58 47 79 90 74 67 76 0 121
149 92 56 88 58 32 56 58 60 34 45 0 149
103 95 42 53 44 40 33 35 41 94 57 0 103
194 56 72 82 22 30 71 96 49 69 94 0 194
124 81 38 39 42 91 30 48 62 97 96 0 124
180 94 69 57 36 95 41 57 64 66 70 0 180
113 45 83 92 93 33 57 37 26 70 55 0 113
178 68 23 60 32 39 90 52 21 77 25 0 178
123 40 52 26 45 73 75 23 39 48 35 0 123
124 35 60 36 24 91 40 95 69 36 87 0 124
176 87 68 77 25 45 97 92 53 85 72 0 176
180 24 64 54 47 63 93 87 40 71 76 0 180
179 76 69 34 76 57 44 41 63 67 38 0 179
155 65 99 41 39 45 86 81 42 60 52 0 155
179 51 26 88 49 22 50 96 22 65 47 0 179
173 55 89 77 30 87 73 55 68 61 83 0 173
108 76 92 71 31 60 85 94 38 55 57 0 108
143 56 97 36 76 62 52 65 100 57 34 0 143
158 65 30 99 70 99 29 33 84 32 29 0 158
180 87 39 38 48 31 96 27 51 50 76 0 180
141 60 46 52 36 38 99 53 23 80 52 0 141
126 31 56 45 76 82 20 90 32 20 43 0 126
112 96 91 21 100 29 90 26 36 49 68 0 112
159 60 63 59 61 92 90 43 28 32 67 0 159
148 61 100 61 95 53 56 51 29 90 88 0 148
169 87 92 62 39 71 54 84 78 57 90 0 169
131 75 40 89 87 58 86 45 51 27 22 0 131
185 41 89 83 92 39 20 90 35 47 28 0 185
125 40 49 44 80 69 44 74 56 68 61 0 125
192 60 50 28 58 63 100 36 95 25 25 0 192
129 51 56 93 22 36 92 32 53 76 51 0 129
152 71 27 24 43 74 56 67 61 62 49 0 152
174 57 22 93 81 25 69 91 41 74 52 0 174
103 58 90 85 60 48 52 26 23 24 29 0 103
152 37 49 71 80 61 95 93 42 44 73 0 152
139 76 69 73 57 56 90 62 39 56 26 0 139
109 61 40 24 81 58 37 94 88 56 84 0 109
134 39 78 48 74 77 87 65 98 49 40 0 134
191 99 38 28 25 22 89 95 62 86 47 0 191
198 70 73 21 51 81 73 50 83 96 41 0 198
172 57 23 99 22 81 52 23 67 42 20 0 172
239 245 172 204 140
136 167 194 231 296
114 149 218 226 297
117 149 192 242 262
138 151 191 250 298
100 154 190 248 270
137 146 201 247 293
114 143 206 242 292
120 154 216 239 277
101 145 220 252 278
129 152 196 235 285
104 162 191 233 299
134 172 189 256 288
115 169 181 227 271
137 148 196 238 260
130 152 190 252 281
104 166 217 257 282
115 167 216 225 261
133 159 210 236 261
133 162 218 241 290
128 151 188 252 274
139 164 188 260 286
117 156 196 229 289
120 169 199 251 266
113 180 191 243 295
124 155 187 253 288
117 179 194 241 280
137 142 185 258 272
112 168 203 221 298
122 168 181 251 291
129 165 208 221 294
135 176 183 223 262
114 150 180 259 276
135 161 198 250 277
100 157 195 226 291
135 165 219 228 276
106 180 195 260 265
139 168 191 255 280
115 171 180 244 268
131 156 180 224 290
114 149 187 260 296
118 171 190 236 267
112 157 185 234 292
134 143 207 245 273
126 161 183 237 266
122 174 183 234 263
112 155 185 252 264
114 143 207 221 299
115 170 194 230 283
134 173 220 222 260
112 147 197 241 283
140 150 216 249 294
110 164 210 229 268
106 167 201 221 288
112 168 195 247 266
118 161 185 231 291
129 152 202 246 263
116 156 188 240 298
109 148 182 259 266
132 163 203 254 282
105 177 180 243 278
117 170 190 257 280
116 142 204 237 260
108 160 201 251 282
128 177 208 241 267
116 169 204 220 277
135 149 197 249 271
127 146 204 221 263
107 171 184 231 276
109 148 196 230 299
109 141 214 244 262
104 153 208 250 277
101 175 207 230 270
109 150 203 244 276
113 161 181 246 281
110 169 192 231 284
117 148 196 230 271
136 153 185 256 261
130 160 186 247 265
104 140 190 245 299
109 164 216 229 268
114 159 189 253 260
134 140 191 225 274
105 144 203 244 287
106 172 184 239 269
106 170 200 259 268
110 162 212 245 263
124 167 192 221 292
125 161 188 221 291
126 171 212 236 300
113 177 189 253 274
100 143 211 254 269
103 145 184 243 277
118 165 204 236 286
128 178 180 234 284
112 146 206 232 269
118 147 180 250 266
126 170 190 221 279
120 145 197 250 294
101 167 187 221 265
100 180 217 240 290
118 150 195 222 269
105 173 218 232 292
129 149 193 259 276
121 163 187 238 275
128 159 191 244 289
110 176 196 237 293
126 141 207 232 275
107 169 202 232 273
106 153 184 223 290
109 160 184 222 293
131 149 186 240 274
122 160 209 258 287
112 175 211 246 293
140 164 182 220 286
115 140 193 236 287
111 179 190 239 283
100 163 190 239 297
100 166 180 227 276
101 144 199 230 263
132 146 189 223 264
132 169 181 258 265
112 141 205 260 297
134 171 212 248 276
123 159 183 228 285
125 152 180 240 296
139 180 193 233 274
130 151 180 249 289
131 151 212 249 286
104 168 190 257 260
119 140 197 246 260
103 143 183 232 271
130 150 199 239 277
117 143 206 230 281
121 151 211 253 276
122 171 192 243 294
139 150 186 220 290
122 151 215 248 298
140 149 214 232 291
106 164 199 248 261
116 160 199 255 280
100 151 204 238 285
100 152 202 232 280
133 177 214 260 283
136 151 209 249 290
107 155 192 234 263
140 150 197 249 280
115 173 220 220 268
137 149 205 225 264
109 144 220 246 297
104 176 195 251 263
126 155 204 229 294
132 169 211 227 285
140 149 202 241 285
131 177 205 259 285
109 155 213 253 265
139 141 208 248 293
121 145 207 229 298
105 146 183 232 281
102 141 196 260 275
101 174 194 225 300
135 140 204 238 264
133 141 184 236 283
138 176 214 260 279
119 151 191 224 263
133 141 216 221 281
103 174 189 251 290
134 171 217 245 292
129 180 192 253 292
125 157 182 239 287
100 143 219 225 291
103 143 218 227 288
106 144 192 239 298
129 168 202 234 290
136 170 192 226 270
116 140 215 226 298
122 141 219 231 286
122 159 186 241 275
109 156 191 220 282
124 148 193 238 292
139 172 219 249 295
122 164 202 246 290
133 147 194 251 288
113 150 185 242 268
124 161 180 225 279
121 153 214 258 289
124 142 199 244 279
100 149 198 238 270
118 169 206 234 267
115 143 185 221 297
139 174 201 229 297
134 158 203 223 281
138 148 181 250 278
137 143 214 227 263
126 141 207 229 294
130 156 190 231 263
131 148 214 229 271
112 151 202 259 294
104 177 214 257 273
108 176 201 255 298
105 163 194 227 264
133 167 183 249 286
111 170 196 242 280
119 156 210 226 284
136 151 217 231 276
106 177 189 249 291
123 176 183 259 267
129 147 189 226 281
115 175 195 227 279
123 145 208 230 269
122 167 205 253 289
108 145 217 244 277
112 175 209 250 269
138 159 187 245 272
119 166 215 247 278
104 172 184 220 267
122 178 212 222 286
120 166 190 245 283
135 140 213 259 292
120 158 182 229 283
122 142 220 253 277
129 174 203 225 287
117 145 185 223 265
121 158 208 249 282
102 156 199 224 279
102 166 187 256 282
112 152 212 241 277
118 174 188 259 296
101 167 200 226 300
105 145 190 237 280
101 142 202 247 292
110 154 182 236 298
108 149 220 229 280
133 157 195 234 280
130 152 216 229 274
132 169 220 247 264
129 155 213 231 295
125 174 193 257 274
116 172 184 240 288
110 153 212 234 265
120 164 217 248 275
114 157 185 259 285
120 144 209 223 263
130 176 180 237 286
122 157 202 240 265
140 170 200 225 261
125 141 218 238 271
107 148 215 223 260
126 180 201 252 298
132 154 185 259 263
136 160 210 252 271
110 179 181 230 273
140 151 203 230 282
109 149 208 233 277
106 152 200 245 291
106 151 212 245 286
112 140 193 254 298
101 156 212 255 291
117 151 192 228 269
104 170 198 252 290
100 146 203 235 267
119 140 211 236 271
126 179 216 245 271
103 163 213 252 276
120 179 218 260 279
137 173 215 234 271
114 155 187 244 294
118 156 191 258 273
116 150 185 222 273
122 152 198 228 288
130 140 203 227 272
139 145 218 256 282
109 158 199 220 280
111 172 204 249 274
135 156 197 256 264
137 168 214 225 264
140 141 203 259 267
121 152 193 239 299
108 173 212 242 288
132 167 213 232 280
107 145 209 243 288
117 142 216 236 293
133 142 192 236 300
139 149 207 229 283
140 158 205 245 295
117 170 180 226 263
127 159 199 222 287
102 170 216 241 262
108 157 193 234 299
129 177 203 227 299
107 175 215 243 263
131 143 182 248 283
116 169 209 247 283
135 157 186 235 294
101 158 199 224 279
129 156 215 240 267
139 159 211 238 276
139 169 195 227 293
130 153 192 242 285
112 166 202 225 282
114 178 189 246 289
129 154 187 226 277
120 171 197 254 274
138 150 180 246 261
131 140 210 226 283
131 155 195 224 271
131 145 184 232 292
112 150 185 253 273
103 150 219 241 286
135 160 213 231 292
104 180 207 252 270
132 156 204 239 274
106 170 217 227 263
134 159 207 224 296
122 140 192 236 280
103 140 184 242 298
122 151 184 221 281
123 152 199 231 264
131 161 190 225 299
131 178 199 220 267
128 148 217 237 294
120 150 183 256 296
131 171 188 257 265
102 160 209 224 296
101 144 200 252 283
132 154 182 246 280
111 155 207 242 267
131 144 206 248 279
136 170 195 221 261
115 177 218 249 272
139 142 199 252 279
137 166 200 256 266
137 141 199 246 286
103 173 220 258 260
111 150 204 253 266
111 156 205 241 261
140 145 188 247 271
107 179 218 246 268
128 175 188 234 290
139 162 214 247 292
117 180 206 236 298
112 180 217 246 286
116 149 194 225 281
125 167 213 248 275
124 167 188 223 269
115 160 218 238 291
108 174 215 251 300
135 142 215 232 267
115 153 182 253 274
125 171 219 225 283
120 157 185 234 275
132 166 210 259 292
135 179 183 247 260
106 170 207 225 280
125 157 196 226 263
124 159 195 233 268
131 141 201 223 268
115 167 212 251 283
132 174 182 224 271
129 161 201 235 288
134 156 183 237 295
109 172 194 252 282
121 153 209 240 284
102 160 207 260 267
110 179 216 240 290
102 168 207 252 287
122 143 209 254 268
123 140 201 240 296
132 157 198 254 276
133 155 189 247 288
126 152 219 227 284
131 145 183 224 279
118 152 219 242 283
110 167 212 243 275
100 167 204 238 261
125 146 212 231 294
115 169 203 246 295
134 141 181 235 299
129 149 215 236 266
114 175 218 258 272
117 140 182 243 291
123 170 197 236 271
111 157 187 246 292
120 140 184 236 289
105 166 213 240 293
112 156 217 223 267
116 155 218 240 265
140 142 220 234 288
131 164 208 240 290
122 172 189 245 299
136 158 208 250 281
100 150 206 224 263
101 156 181 238 280
126 177 191 240 280
120 158 219 236 293
125 154 194 252 279
122 154 204 224 274
101 176 199 256 294
104 152 220 251 299
114 154 195 240 293
112 159 203 241 271
125 170 195 259 288
127 155 181 231 291
107 159 190 251 284
132 156 207 253 269
138 176 206 233 264
121 144 196 234 277
106 143 196 256 289
105 180 203 230 288
119 171 189 259 285
124 174 220 220 298
107 171 211 227 285
139 152 183 221 297
139 160 209 239 275
105 168 202 242 280
132 165 192 233 261
119 159 219 244 291
138 161 208 230 272
104 163 208 221 290
101 175 184 247 263
114 141 208 223 260
106 161 216 260 275
110 156 186 252 288
136 159 219 225 287
137 158 220 256 273
112 161 214 245 290
123 158 217 232 274
134 159 189 256 290
107 176 204 225 294
135 146 192 223 300
128 180 203 226 273
124 151 184 229 277
112 180 201 230 270
140 158 213 227 293
105 165 199 252 263
136 157 207 243 292
123 156 199 228 298
140 147 180 254 299
124 167 182 230 268
109 142 187 260 271
124 164 196 253 287
138 175 204 222 287
112 144 183 229 289
106 161 210 221 291
134 163 215 248 289
108 175 220 223 278
115 172 191 253 299
125 150 201 245 287
125 147 200 238 300
100 164 208 226 289
113 141 185 225 290
104 150 218 260 276
127 149 191 229 276
117 164 213 225 284
129 157 216 222 260
104 151 205 259 292
134 173 190 251 272
124 152 190 256 275
123 173 214 226 282
121 177 190 224 273
137 154 207 236 281
106 165 191 238 292
102 157 186 235 288
121 173 197 251 272
118 158 195 227 280
111 171 188 247 282
125 164 195 234 275
104 158 220 230 277
120 167 189 227 273
137 142 220 251 298
128 144 202 236 281
104 168 216 257 296
109 173 213 231 286
137 177 217 222 260
126 143 217 257 265
130 175 188 238 281
115 152 200 237 298
104 146 208 248 288
112 167 189 256 276
114 178 219 242 286
100 176 208 222 269
128 173 212 254 271
103 152 198 232 287
108 159 195 224 272
128 142 200 242 285
138 152 219 226 284
115 146 201 259 277
125 161 183 225 298
128 146 216 258 298
123 146 204 253 261
123 154 215 255 282
132 161 212 233 296
128 163 198 251 286
101 175 200 221 274
132 172 196 241 278
108 173 187 241 284
117 164 193 242 297
113 169 195 235 264
117 152 192 254 288
119 172 197 223 297
121 160 203 254 262
114 152 202 230 264
114 155 192 255 274
120 151 217 247 279
113 145 213 260 295
138 173 215 223 277
140 141 204 242 283
116 161 207 241 260
108 166 212 247 276
105 170 184 233 276
132 171 205 220 269
138 142 183 227 279
137 164 199 224 261
104 153 209 223 266
127 149 214 239 269
119 140 181 237 266
119 156 208 252 281
126 148 217 241 294
140 175 207 225 269
126 152 201 259 283
122 176 220 235 262
112 166 195 237 298
117 154 212 220 268
140 152 194 230 297
125 145 191 250 297
116 143 206 259 300
101 172 189 258 274
120 159 212 233 286
106 177 219 249 269
116 151 183 254 266
134 173 205 246 264
131 169 182 240 297
128 163 211 257 279
100 171 180 239 275
104 147 185 236 285
115 170 213 253 293
109 156 202 227 268
116 158 209 251 300
116 155 209 256 290
120 143 198 239 261
139 163 216 241 280
124 148 208 252 294
128 163 205 251 296
138 147 202 257 266
108 150 208 232 277
129 156 201 233 289
115 141 214 225 300
117 171 190 231 280
121 165 212 248 276
127 166 213 229 266
101 157 205 241 289
119 143 214 245 279
133 149 217 225 293
116 173 195 242 281
105 172 218 236 299
107 151 187 222 284
128 159 215 255 268
123 141 207 220 279
120 159 206 247 260
103 158 182 236 264
138 155 204 238 286
102 161 200 246 261
114 154 212 260 299
102 146 204 229 269
112 167 190 230 295
115 165 219 260 289
102 168 202 244 284
140 160 196 251 280
114 156 208 254 293
111 150 181 254 273
132 159 212 231 290
105 171 207 239 275
132 153 204 234 266
108 169 195 230 294
103 171 192 239 298
117 171 187 226 290
132 164 186 229 260
108 178 192 256 287
111 150 209 254 277
110 178 195 248 278
133 167 184 229 296
107 143 220 233 263
119 178 201 257 296
138 166 201 248 286
123 145 207 232 282
108 146 191 260 270
139 171 199 229 299
116 161 219 238 281
126 151 186 251 297
103 161 209 258 262
123 144 217 256 260
125 175 190 254 272
113 169 215 259 287
121 179 220 258 273
104 152 210 238 296
130 150 193 248 298
101 178 205 233 283
103 166 204 227 278
101 174 182 221 261
135 157 188 225 268
118 145 198 231 275
133 173 201 253 279
127 163 193 252 290
108 167 211 237 292
105 175 181 238 277
124 142 199 227 274
103 180 201 229 283
130 169 209 234 266
139 162 196 220 267
137 144 184 252 286
109 143 208 243 264
138 162 219 259 277
122 174 185 237 265
125 158 206 226 262
140 162 198 220 264
128 156 205 252 286
123 179 217 234 292
113 174 182 242 267
133 151 203 220 286
109 156 183 258 275
133 164 210 254 271
133 151 195 234 286
140 142 194 240 274
135 176 196 223 285
125 178 203 253 291
134 173 181 238 261
127 145 183 243 282
109 179 198 260 284
126 176 189 226 289
119 169 217 252 260
102 178 218 242 272
134 172 218 234 283
128 161 219 256 273
135 153 216 224 276
130 145 212 244 265
108 159 196 239 266
139 141 197 243 275
128 167 218 224 271
109 173 189 224 269
127 180 207 232 265
117 160 208 254 280
115 162 185 230 277
105 151 216 257 273
115 154 192 236 267
110 165 200 228 266
117 160 184 231 260
139 170 204 254 271
124 163 206 244 284
137 166 203 244 280
112 147 191 220 290
104 165 197 259 286
125 141 181 244 276
112 151 187 239 266
120 158 184 255 290
107 140 182 257 283
128 140 192 251 276
132 171 220 224 276
118 152 217 244 278
105 155 197 226 278
129 154 210 235 292
123 147 202 257 275
118 155 216 234 294
134 175 203 234 266
124 176 184 243 287
111 147 187 229 269
116 158 187 244 285
133 171 190 226 297
134 144 206 242 291
132 165 214 241 290
103 141 189 240 291
114 175 218 222 285
107 168 203 249 299
134 147 207 257 282
128 144 188 256 300
131 166 194 252 265
121 147 220 236 265
109 142 180 252 286
101 141 187 223 262
139 157 212 243 294
112 159 190 246 281
117 164 207 229 274
123 174 184 258 267
100 152 184 228 278
116 150 211 225 299
126 173 180 243 286
111 163 196 252 283
102 150 204 237 284
139 146 194 225 291
103 180 207 246 280
134 177 205 233 268
104 170 192 236 269
102 154 193 247 262
106 168 192 258 260
119 177 212 253 279
136 180 205 244 295
102 161 201 224 281
121 153 193 235 271
134 152 211 222 290
128 165 209 243 280
106 165 181 227 269
129 146 197 253 285
121 142 219 241 269
114 145 204 252 264
104 159 207 247 262
103 178 190 238 267
108 148 190 238 279
113 150 208 260 285
118 167 204 227 289
133 170 200 232 273
132 161 186 220 271
140 162 184 225 300
122 158 204 231 299
138 174 202 254 287
111 148 199 234 277
104 142 187 241 278
135 149 185 249 264
135 157 215 227 299
133 179 182 247 298
113 142 183 231 273
139 173 190 260 271
134 146 194 258 265
110 140 210 249 271
105 163 216 256 266
136 178 181 234 287
103 174 209 246 274
117 154 183 232 293
106 151 194 245 293
137 169 182 232 266
124 180 187 259 297
114 153 193 240 298
102 180 180 229 276
118 155 214 228 290
138 140 184 228 286
107 156 192 226 264
136 143 184 253 297
123 158 197 234 294
108 163 211 224 300
113 154 197 234 285
127 147 181 251 268
111 169 187 233 294
116 150 217 258 262
129 168 216 224 279
120 149 216 247 268
113 180 203 251 267
112 151 212 234 264
140 144 220 260 296
116 143 202 228 292
104 155 204 255 286
102 164 202 237 269
108 145 180 234 282
121 163 217 242 276
129 166 216 250 278
139 165 190 256 281
118 142 182 256 262
137 178 204 235 285
111 144 210 250 279
131 147 198 240 279
108 168 184 233 291
126 152 202 243 291
132 156 205 225 264
101 141 184 255 275
117 140 182 240 262
134 158 220 232 269
137 141 203 230 294
138 172 183 233 282
126 177 205 229 290
115 152 206 234 271
114 164 208 238 298
129 150 182 232 294
114 144 207 228 296
120 168 220 222 265
128 175 220 246 260
113 150 183 260 262
136 149 220 247 266
122 146 203 226 269
140 160 192 245 286
131 175 214 255 284
119 168 209 233 280
133 171 185 234 268
136 161 209 239 287
111 163 207 239 288
138 172 183 245 288
108 178 188 246 280
119 174 217 225 281
127 179 186 224 268
108 157 181 235 268
100 180 214 256 284
139 179 199 250 278
134 168 204 238 271
104 176 209 255 268
138 166 205 245 264
109 164 214 236 289
139 169 196 226 292
119 175 209 234 297
102 163 220 233 274
112 165 197 220 285
120 178 210 236 263
135 169 205 241 285
121 147 194 256 273
116 179 185 259 273
112 147 186 221 297
106 177 196 258 298
124 152 206 222 263
137 153 200 240 265
132 153 184 255 297
114 147 204 227 274
138 174 188 253 286
122 173 198 247 292
129 145 186 240 289
102 172 215 256 296
140 141 218 247 265
117 155 214 226 273
119 149 181 232 262
111 145 186 220 290
115 175 180 236 289
138 149 188 248 274
112 145 207 238 269
110 157 220 228 266
115 168 207 259 287
101 179 180 259 272
136 145 213 249 260
116 166 203 253 267
105 150 199 255 276
121 149 220 220 285
121 171 180 256 266
128 166 210 240 267
104 161 195 252 285
121 154 196 226 275
115 141 194 226 270
102 165 195 251 260
123 178 207 259 292
112 153 215 248 271
115 143 190 220 269
125 159 206 239 275
121 176 207 237 294
140 173 190 250 296
122 151 220 240 287
115 164 186 243 274
120 154 218 253 278
136 170 197 220 275
128 179 183 238 289
120 153 182 248 281
101 173 207 223 263
127 174 208 232 268
102 148 220 243 292
120 177 189 229 268
100 169 200 241 276
114 174 192 228 279
115 151 197 227 282
136 168 215 243 261
124 172 198 248 282
104 171 198 235 276
117 143 193 233 262
128 147 218 244 274
139 155 188 255 280
125 154 190 251 281
138 143 203 229 261
136 146 190 231 274
137 174 211 231 271
109 163 210 230 268
109 152 205 222 292
111 149 186 251 297
112 147 181 240 276
121 163 183 253 268
131 178 198 240 274
120 151 182 257 288
114 170 207 239 295
106 149 212 222 282
132 180 213 260 289
127 144 203 241 274
105 145 201 232 297
108 170 199 222 290
103 169 203 246 269
114 171 193 241 271
134 143 201 226 300
126 155 182 247 284
110 146 216 257 299
122 146 185 234 266
103 166 188 260 280
128 151 216 229 266
134 174 210 223 287
123 174 199 257 286
107 180 195 242 297
133 142 220 227 287
138 149 181 243 288
103 165 185 243 280
106 142 193 251 285
121 143 213 236 281
139 157 211 233 288
104 152 207 235 273
108 154 187 236 293
120 178 198 226 272
140 167 212 249 287
123 156 198 246 280
121 144 183 257 275
115 161 184 228 277
112 140 189 228 280
120 159 200 223 290
112 175 188 238 286
116 165 183 253 262
110 163 193 228 260
112 143 216 237 267
137 162 187 227 294
128 148 192 249 278
114 168 207 238 262
129 142 205 253 267
130 171 188 236 264
116 160 218 235 273
114 156 205 259 287
103 160 202 241 264
123 165 212 223 263
106 163 198 226 279
124 167 211 258 268
117 146 193 232 279
103 169 201 260 285
126 164 213 234 263
112 155 209 229 272
102 176 212 258 273
118 174 201 254 267
136 167 209 229 291
106 162 201 241 298
135 168 194 248 281
105 152 209 251 273
103 156 205 242 267
131 156 192 224 289
137 158 198 228 266
113 140 198 248 279
125 140 205 249 286
133 152 189 255 267
125 140 216 260 274
128 176 213 237 283
110 172 201 233 274
100 153 204 221 276
132 141 191 254 278
136 157 217 248 267
131 151 204 226 266
137 161 202 259 273
137 163 195 228 297
101 178 203 237 282
131 179 197 252 282
121 167 214 227 299
131 155 214 248 294
126 171 195 260 284
106 179 187 246 296
129 148 213 247 296
107 155 208 255 276
127 153 205 255 296
104 147 216 223 264
116 158 214 241 298
107 143 190 236 299
107 175 207 257 287
140 155 187 245 268
125 162 215 252 269
124 149 197 253 283
127 173 195 254 271
134 145 189 225 272
138 167 206 256 265
121 150 190 233 277
133 169 218 256 293
104 180 194 250 263
102 179 203 259 269
127 174 190 223 283
113 148 192 246 277
130 172 203 251 289
134 160 206 253 266
103 173 216 244 271
103 153 204 233 278
122 172 181 251 270
101 155 200 248 276
106 152 199 241 294
104 153 214 223 290
109 166 198 259 269
102 152 196 226 286
111 162 203 222 292
107 161 196 245 281
121 159 214 237 281
104 179 203 250 297
111 174 206 232 272
136 158 206 225 266
103 167 192 260 268
104 157 205 251 279
135 145 218 249 295
137 148 216 237 263
125 141 202 250 296
111 159 183 254 261
131 165 205 253 289
111 175 182 252 265
130 170 199 232 289
111 145 182 226 285
110 148 189 250 280
113 158 213 222 288
119 161 182 235 292
118 168 190 230 269
115 160 208 224 284
130 141 204 227 298
136 167 180 260 271
121 173 192 250 266
109 177 192 250 271
114 140 192 246 291
124 146 211 245 285
101 161 184 252 277
14019 17214 19996 23808 30505
14261 18637 27265 28265 37142
17327 22065 28430 35832 38793
13950 15263 19304 25265 30115
13511 20803 25664 33496 36467
14123 15050 20717 25456 30196
22241 27897 40184 47206 56957
19091 24498 34359 38016 44059
19099 27417 41595 47644 52559
25553 30108 38822 46545 56447
19458 30307 35731 43586 55930
21183 27189 29875 40463 45520
19216 28237 30241 37925 45274
19603 21176 28042 34050 37196
18211 21292 26614 35296 39357
19458 31055 40593 48075 52750
11971 17381 22479 23415 27160
17568 21001 27734 31167 34468
15838 19290 25956 28694 34526
24587 29004 36110 48400 52625
26838 31664 36297 50196 55214
13700 18265 22946 26808 33830
12491 17589 20710 26120 27680
17300 27553 29237 37194 45152
24191 30237 36479 49351 56177
14870 22746 24652 30622 35576
21521 22306 29059 40522 42721
13003 19501 23562 25651 34585
17213 23701 25534 35407 41048
22844 29218 36830 39132 52055
22017 28702 29843 36364 42722
20303 26713 32054 46118 49145
21476 25611 31496 39765 44059
17110 26860 33359 38661 49778
17021 20803 27608 28743 34792
10610 18013 19514 26016 26516
18638 22525 25607 34185 37536
21631 32161 33854 45888 50401
15339 18265 21074 26223 33947
20759 27130 34048 47336 53889
15823 22927 25474 31640 35795
17259 24191 28504 36052 44985
23194 24751 35825 42401 47245
22944 29315 33320 43150 48429
23069 32900 34601 44242 49724
18155 25123 29984 40840 42785
16427 20604 29823 31839 43073
19101 28233 32218 38195 46995
18772 24233 30815 31095 36416
17819 23385 31337 38335 45014
24651 26412 38030 43839 51760
18381 27401 35085 38258 44773
11671 18383 22124 24325 31697
15915 23869 27704 35090 37788
13699 18689 21474 26811 33773
16266 19164 25466 31012 33154
12191 16393 19754 25215 31307
17778 24137 29680 42234 43375
20999 25929 32291 40401 44854
16811 28334 28814 38896 44497
17093 24833 27754 37538 40896
19963 24436 35103 40780 44737
13295 19693 24737 30889 34703
17163 23731 27886 32309 35794
12771 18603 22454 24215 30487
17427 19233 25427 32137 34975
21094 24249 33879 36701 43675
19164 30623 32950 41365 49421
17342 23544 31178 36585 47558
12873 16650 25267 28808 30933
14050 20668 28095 33766 37412
11322 19613 23199 25775 30257
16688 22963 31074 37348 42245
11763 16757 18838 25600 29241
21131 32461 36878 44367 54545
17327 21917 29023 34056 40125
26124 29389 35534 49168 50128
17692 21773 25310 33608 36056
11035 14852 20154 25986 31712
20176 30353 39975 42380 49597
16997 23704 28175 37713 38756
18906 19752 26945 31741 38651
13241 18156 25592 30760 36179
19091 30974 33134 43036 48437
14320 22963 27014 34981 36196
15411 22693 29695 34316 36836
15635 21055 24206 27861 36809
21636 27866 32538 38248 50360
22313 30280 37538 41787 53116
11650 18244 19481 26075 28238
14210 20318 29977 36084 38215
13092 18428 23382 30877 35196
12991 18163 22454 25975 31477
22667 31519 31873 41433 50285
21515 28045 39567 44560 51665
21605 26914 32954 45766 48695
13115 17693 19774 22999 29033
18971 22922 31140 39516 46469
10919 18050 20211 23884 28637
18210 32773 39508 43695 52797
12873 16363 21270 24214 29338
13975 23022 29008 30871 38853
24650 28471 36877 49485 52732
23848 32124 36853 46902 54192
23563 29269 35158 44911 53193
16291 26061 29022 35091 43381
24330 27225 39966 44791 53092
16917 26715 31930 36671 43151
18879 27247 32766 39710 51638
17778 26093 30006 36201 47777
20579 23406 29216 37696 43035
21239 27852 36380 44907 49954
21738 33963 40948 47739 56858
16112 18873 20944 25315 32907
21631 26332 36298 44384 53973
16328 26326 27944 35148 41618
11710 19084 22244 27979 34766
14411 23918 25934 32704 39761
15464 22045 30462 35206 40256
19548 21621 27986 33020 39089
23904 30602 32774 46714 47981
21515 27084 39374 49936 57041
21853 27886 34570 40439 45004
22889 29587 34052 42423 53027
12761 15516 18374 24496 30209
17665 22873 24525 29606 34814
22632 26286 31333 43342 50303
23198 26739 37538 44088 50638
10931 17653 19964 27001 27316
23811 28012 39415 49216 52017
15770 21892 28014 35512 41481
13532 15612 20710 24871 28825
12062 14741 21233 23705 28960
20218 25229 35251 42267 46108
15139 21217 23822 30147 36473
26283 28362 35168 41595 54827
20263 25078 35704 41183 49485
27452 29216 41958 45487 57053
13791 21333 25884 32256 33946
20891 28813 35834 45916 50416
16110 24324 32859 38334 45902
19410 29501 39203 45024 54337
19429 25855 31258 37975 41334
18371 20397 28229 33630 39166
10711 15513 19215 23416 26317
15412 16512 21684 27405 30816
20366 30634 38955 38955 47452
24261 26386 36300 39840 46744
13962 18444 28175 31503 38033
16858 28525 31604 40678 42622
22313 27447 36122 40548 52055
16775 21476 26811 28844 36211
16672 17743 24052 28694 33932
16124 21784 25229 31872 35071
19522 27758 38142 45303 47451
18916 19188 28302 33743 39865
22154 26547 37895 41922 54551
20171 28045 35150 44560 53970
15005 20739 28826 38236 40442
19200 33073 36874 42765 57017
22827 23672 34491 40238 44632
25548 27084 35342 45328 54353
22643 28876 35110 42655 45772
19766 25079 31721 37200 43675
18499 19611 30039 30734 39076
12988 21937 23828 31642 36557
20781 26517 33649 37990 45276
13427 18733 19981 26327 30384
20511 25761 29862 39212 47085
14010 20032 30675 31515 40757
18757 26038 39691 41329 52433
19091 25932 34574 43036 53658
22586 29413 35364 40965 50767
16876 21093 23822 28039 33496
16599 20032 30760 32333 42631
21483 24828 38559 40671 50353
17457 22750 26612 34479 39342
15380 22009 26945 31035 39779
15635 18660 24332 30003 36809
26560 32864 41843 47574 56361
19165 25761 31728 38637 45547
19961 22062 29114 37666 43217
21255 28213 34794 45512 50401
13652 17723 19814 24765 30707
13442 16995 23768 28653 32095
17991 20602 28869 35396 40472
11711 17446 23181 27862 31607
23611 33813 41214 46815 53416
18296 22750 29429 35154 47241
22946 28723 33179 37800 49021
15958 18815 24171 26552 33456
25542 27392 33499 46266 51447
17000 17744 26551 28163 32628
16013 17919 26303 29098 37355
18342 22009 26804 32587 37100
15208 17180 24839 26579 31452
11547 15565 20820 26693 30299
16858 28687 34682 41650 44242
17182 27997 31973 40560 47399
16286 25278 30085 35201 40937
25015 31409 34417 46827 53785
21323 32653 37646 46480 53777
13934 18265 24585 26457 33245
22044 24474 35169 37437 44728
18454 30811 32900 43342 50651
13664 19549 20326 28765 29653
22716 25885 33278 39791 49473
19791 30113 33554 39059 48005
15632 18427 26431 29226 34180
24167 33079 40604 50109 57238
16319 21907 32782 36860 41844
21963 34313 40978 49016 52740
24162 27838 32739 42891 47616
12506 17443 22589 25950 29206
14571 24094 25774 30816 37397
15993 23331 27786 29097 37482
13691 18937 21674 27946 32279
14186 14711 22379 27210 30676
18371 24187 27860 35053 43316
16237 18898 29275 33665 36857
13427 18109 21126 23415 29865
23178 28723 36645 44170 52487
22759 29716 39118 46827 53032
15209 23257 29666 33392 41588
11944 19435 21893 29968 33011
16475 22356 31179 35443 40736
13935 20545 22197 30578 34945
16372 27067 32414 36627 48617
18806 25968 34024 42439 50137
17180 24152 34354 42006 49657
18821 26347 31136 40372 50975
18479 25491 37635 39174 47897
18632 21993 27314 32775 39217
23541 27524 39111 41464 49610
18887 24180 31474 35336 37768
23231 27912 38354 41595 53117
16136 22459 24911 33169 35362
18223 27017 28902 37695 45233
19701 27400 37963 41902 47452
15491 21169 28007 32007 35491
13463 18539 21844 30578 33647
12132 14557 21124 22539 26580
15351 20781 21253 27981 33765
15871 20423 26274 31216 34466
28012 34013 40014 45015 52216
13886 15663 24213 26433 30097
20555 28429 41295 42832 49937
24707 35293 39409 49407 58424
26148 30505 36644 51298 52090
22995 27052 35504 42603 45815
12111 19704 19924 25316 30047
22272 24021 32291 36585 44855
11347 15509 21647 24248 28825
11564 16580 21814 26721 31736
12836 18283 25667 29661 34623
12555 15692 21630 28464 33393
14958 23100 31390 37756 43085
20135 25985 33038 39232 46285
13738 22453 26150 33280 38297
15311 22351 31074 35971 40868
17980 21152 31876 35652 40938
17021 24178 29174 33090 36601
16799 26582 34733 41092 45004
20291 30264 36856 43955 47167
21109 26655 33124 36051 41750
22697 30858 37227 48572 58523
22195 29341 35922 48520 51341
19035 24613 30354 36424 44789
18677 23269 30308 34899 44081
18862 20312 29450 32930 39457
21834 22777 34240 40207 44290
13745 19921 25089 27735 35297
13109 20309 24086 29398 32348
18777 21696 27397 35600 36712
24261 29749 37893 39840 46744
19052 19188 27622 35240 36328
13442 16884 21437 26544 33206
17074 27347 33510 38251 45521
19811 25063 31964 34815 42016
11246 15237 21960 25531 30257
18848 22874 34791 38011 47190
14642 15632 21134 25975 33017
17248 18488 25682 28411 35109
21851 24660 31994 38235 46036
18029 26194 27734 34820 40519
13854 17344 21705 24213 31300
14494 24153 30687 34238 37220
13079 19010 23367 28329 36196
20135 27625 31682 35427 46661
11459 18738 23020 26016 28157
20579 22463 28588 38952 44448
22399 32630 40351 47686 54635
25257 29372 34796 43960 54995
16272 25451 32054 36080 44936
18458 22320 30760 34335 38197
17943 20523 27233 30717 35620
24754 30095 34724 40421 52171
26011 30612 38414 48415 57017
15355 22755 27688 30840 38651
15857 24755 26285 34209 40188
13686 16337 19836 23971 29379
17051 24295 27988 36084 38924
14226 15463 18554 25354 26899
21627 23112 34665 37305 46712
25688 30393 38234 43919 53133
16256 17992 22830 28783 36225
11211 15013 18514 25316 27317
18447 26862 39216 43154 51211
23231 27532 36650 39747 50240
19978 34573 39758 48400 51856
18360 21696 28370 33236 38102
10823 17353 22149 23169 26842
23461 27837 36239 39215 51817
14407 16532 22670 27864 33057
15049 20452 26878 35348 43526
18312 22663 27614 33165 42167
23751 29349 38422 44599 50969
23853 29315 34594 40965 54435
20972 28493 31854 35215 42736
18443 21324 31262 34143 42353
12251 15312 18679 26128 30209
22674 29596 32538 44477 45861
12046 18893 24677 26447 34945
19402 27660 38414 48400 54353
23376 27271 32228 43558 49577
13331 18613 24855 29056 32057
20840 22908 32768 39448 44377
14156 17693 20294 22999 27160
21401 32935 40562 46329 50608
23364 23868 33446 42352 46888
23302 28233 34014 43536 45236
23850 24546 34640 42820 49781
19477 32710 41595 48778 49156
12332 16663 22659 28099 29542
14330 20137 26460 31105 33686
17232 17847 23138 30397 33350
20233 33844 41216 46509 50668
14859 20313 21822 27159 33657
24614 28686 37892 43734 51700
20486 31513 36064 41315 52167
21402 34393 41461 47001 54642
14163 18191 23682 27465 34299
12511 16713 21314 24815 27516
23448 31576 35546 42162 50858
17376 24172 32932 35953 43958
17938 28897 35704 41681 49816
20667 21738 32910 35511 40867
20021 26635 31682 44038 47693
24136 33016 42281 43440 54635
23051 30157 35534 44944 52817
18623 23418 29624 36534 41188
26607 35276 36065 48675 51236
19409 31123 37896 41190 51257
16887 21208 26474 30526 35522
20719 26566 32579 38927 44773
22544 24264 34587 38371 46113
11511 16713 21214 25115 28316
13872 18283 19124 23535 28472
21812 27222 33983 39730 48689
24802 28872 33868 43860 54592
12000 18933 21354 27736 31037
16588 20973 28647 32895 38925
15310 24013 31064 39016 40066
13650 22209 26798 29775 35976
11434 18829 23198 28240 32161
22703 26610 38889 47260 49864
16493 18772 26948 32175 39681
16247 19323 24368 31258 33964
17833 20782 25340 33113 38609
19793 23876 34398 35654 44605
20841 23068 29111 35632 44378
14997 19316 27828 30749 35958
18821 28570 36266 41568 47041
13410 22391 27351 31908 34991
15261 17824 25878 28197 35885
19331 28405 34118 41343 49577
23328 24546 31508 40905 52043
18201 21021 30330 33291 37522
16540 25388 31624 37425 39456
22826 27312 35504 47401 56762
22274 30783 35671 42731 49067
21434 30314 36105 47494 56373
23891 27872 36630 46980 57528
19540 30889 39632 44655 54515
16699 23257 32348 33242 39800
14627 19543 27483 30256 33406
16812 17052 26414 28095 34576
25818 32320 40990 47295 57146
23313 32865 36112 46810 57126
25307 29400 38702 46515 52282
19211 28813 39567 43024 50513
12434 19201 22277 29290 34457
23195 32581 35158 44175 51536
20531 27030 37463 40371 50120
22386 27578 34740 45124 49958
22093 27887 36939 40559 49611
16978 29581 33446 43024 49409
20082 29348 42474 48458 57724
12095 16337 20684 25456 31075
17147 24340 31073 36889 41480
12886 17523 20098 26692 29680
21094 25743 30060 38361 48323
21197 31495 37634 49714 56249
16907 19980 26510 32400 34448
16434 20957 24528 27742 31432
14773 17580 23926 28564 33811
13579 18316 25102 32784 37009
11350 19453 21938 24855 31121
17266 24808 27418 37571 41341
23199 32551 41154 41154 55743
13492 21559 26601 28617 35927
19333 21140 25451 30734 41300
22669 26092 34081 38972 44841
12820 20509 24658 29540 34177
13872 17338 20174 24480 27421
20003 26724 36806 41007 48904
26784 31247 40366 44635 52784
20810 32613 41615 44215 58017
14352 24864 26142 35090 37363
18935 23419 34543 37034 43177
12518 19011 25502 30696 32466
11451 16237 19358 26224 29969
16059 18774 25856 26565 33882
23575 27188 37854 44047 46972
12218 17561 23340 26720 31627
15755 20237 27791 29711 35088
14215 16866 20047 27152 30756
20447 33629 38978 42990 56171
21207 22934 30158 35026 47117
20875 29353 33103 36853 44515
22828 27797 33870 42152 50985
14459 23234 25943 29685 34846
22272 25134 33881 36108 46604
16181 25423 30660 38824 40518
23811 27487 36239 42540 51116
18707 23725 30262 34671 45313
17372 18240 22333 31512 37093
17124 23059 25130 31756 37001
11347 14780 19462 27057 28201
16627 21989 26278 33917 38474
24300 30813 35918 39087 50528
13003 16717 21242 26580 33542
17819 27061 35295 37143 48905
18503 22506 29684 34239 39898
18910 30638 38515 39040 48667
19676 29425 32674 43278 51146
21511 25812 34586 42155 49381
14386 16917 23014 27385 34517
18010 29533 37455 40695 52037
12215 15241 19994 24316 31338
17170 24762 35985 42916 45556
12966 15211 19496 23374 28169
13700 19201 24936 26340 33245
24006 29215 40191 41307 48376
12490 18132 24614 31096 35057
24935 32191 35354 46701 50608
17371 21292 26614 35856 38517
23873 33575 41530 43859 54724
16951 24794 26614 31375 38237
27412 30812 41414 47215 56216
17183 26743 30956 38572 47321
18983 29215 34610 43726 53585
12716 18178 20699 26371 28576
13817 18499 22829 26574 32777
18659 28741 31598 41512 47393
14386 18873 22439 26925 31642
17898 27189 37855 39575 47661
18731 26065 29498 35427 42605
20972 21737 33674 38418 45610
22668 25500 35768 41787 49754
18418 29749 38246 45504 52408
21701 34440 42401 45984 56931
23850 30811 37773 38643 45256
20675 23464 35603 42164 43476
24191 32563 34982 44283 52282
19331 25548 33614 39831 50081
13114 18408 26223 31264 36305
19387 28904 32711 44304 47765
18820 29383 36149 39945 47206
10810 19022 22479 23991 29069
13835 18697 22910 27447 29284
20611 30413 39614 46416 57417
20315 29905 36675 42128 51153
13579 15064 21214 25668 30227
22920 25244 36369 37531 47160
21171 26876 36998 47672 50985
16886 21748 24719 30390 40247
23947 27314 40406 48261 55742
22028 26146 36530 45303 46735
16739 20956 29254 34695 38368
19547 23840 31390 34499 43825
14603 18595 22586 28629 32620
18998 32914 37615 41563 51529
16115 20997 23926 29417 33932
14159 22676 24511 31587 37221
20252 28385 33403 41881 51398
13797 20631 23804 28686 32225
13934 18100 22862 30242 34289
20717 29941 34292 38817 51695
20702 27373 34727 43450 44818
20075 26765 35567 40496 46481
12893 17528 21710 28831 30979
14411 18132 26055 29655 33496
17864 22922 33668 41096 46627
24576 30807 38284 39709 49322
22692 22854 33062 39219 45863
23095 32052 41208 47975 51756
18370 28233 36054 42006 46936
10826 17523 18966 24015 28445
19284 24979 29944 32135 39290
24162 24862 32039 39741 48842
19740 23629 28670 32271 37600
16963 24952 34082 36365 43375
16267 19084 27407 30607 34448
18219 21433 27707 36277 40715
19289 25284 33710 40840 45538
14627 17180 25186 27971 34121
27172 33963 40172 43665 52202
12611 15212 20114 25916 28316
14285 20605 25755 27510 30670
17147 25411 29849 36276 45611
15806 20803 28635 29715 36197
16672 18100 23100 27385 35360
24511 28432 37450 49016 58229
17875 22034 31738 39902 46217
11019 18761 20615 28138 29883
22091 29269 39022 42887 52641
16016 26740 33084 37614 40635
14047 18284 22157 30750 32203
24399 31499 37324 44787 48064
25294 32630 35139 46335 57338
17291 22017 28499 34710 37681
12510 21389 22514 29891 34392
13427 18976 23879 30460 36783
20595 30443 38141 45302 52463
17451 24973 32335 36336 42897
18803 25608 33872 40677 48617
13815 18457 24885 30480 34527
20052 23894 33081 39929 43604
22251 26092 34574 38575 44816
12783 15256 21438 25971 30299
21515 27396 34454 42183 49744
26508 28236 38798 49360 51088
20963 29113 40367 45024 53755
22715 27468 35390 41023 50881
17031 20880 31687 33315 44417
13232 19336 21484 26118 31657
22759 31033 39870 46639 51904
15124 19767 25362 27266 31670
16069 24976 32609 38335 45968
15124 18173 27193 31131 35450
24882 27875 40593 42090 54808
16135 24060 27119 33653 39076
20800 34069 43178 46743 59219
19485 27495 34048 40420 51706
22923 28473 38499 45661 47988
18093 20739 30444 32355 41030
22571 29905 38742 46452 48896
13195 20237 23310 30224 33809
19194 21557 28370 33097 39770
11945 18850 23415 28798 30554
19276 26038 35842 43955 50548
17147 24541 34287 38488 45209
17035 25397 28894 34975 44857
13005 18657 24761 29395 32673
20104 33109 39808 48084 55965
17932 20492 25102 32143 35856
16427 22476 29966 36592 42209
18326 24763 29879 41926 45062
19019 22908 30542 33279 41777
18490 30109 36446 42079 48417
24168 28012 37346 42837 48694
11351 17758 20489 24165 30887
14945 24808 27854 34670 43227
15689 22927 25072 30299 38877
25092 31173 35354 43526 49417
12214 20127 21710 28944 32448
19547 26412 36798 44720 48769
20031 32409 35504 45152 50612
15174 19051 20989 26121 33761
18950 25323 38955 41257 46568
14767 22085 24938 31883 36720
16157 19434 23531 29031 33478
21905 25822 36861 41311 50213
14375 19430 25417 34596 35927
26004 31990 37227 42838 55930
22283 30925 42063 45711 53968
17651 21152 26054 35156 41597
12061 18850 24468 30202 30670
12926 15132 22800 26896 27316
19386 27138 29464 39386 42176
20124 30095 38284 46117 51102
22759 33665 41374 48519 51340
11138 16276 22484 25481 31689
23671 27312 35140 45151 54253
20008 35257 40604 46149 56051
14946 24083 29595 32930 40327
10616 18284 19124 23221 27422
16212 18853 22574 27015 32177
22667 27853 38031 44368 52817
26079 33921 39410 49603 54700
17664 22670 26841 35043 40327
17506 27067 34196 38409 47321
14291 23814 24630 32384 37689
23572 26992 37825 43146 52077
17932 31333 34988 39861 49259
23671 30771 38052 42603 48428
15163 17671 21378 23995 29120
14671 15420 19702 26980 30619
18868 24751 35999 42055 45689
27059 31764 42938 50779 54308
13431 19153 20364 26086 29166
17387 21975 28649 31429 36434
18632 21559 26348 29275 35128
16779 20448 26869 33027 37482
23504 34202 41461 44709 55788
20916 32204 33684 44786 49412
17967 20397 27419 29715 38627
14726 21073 24719 34846 37142
14242 17560 22484 27193 29013
21957 24927 32189 38625 47207
25912 26282 35904 44416 50707
15672 20429 22750 25883 33077
15886 22619 25795 32146 36973
26142 33748 35309 46426 50911
21475 24517 30941 41083 47675
13417 22030 24368 31996 34948
23951 33453 35924 42955 54927
12506 17758 22799 26476 27316
19594 34189 41871 46479 52240
22925 29425 37292 40029 48409
21387 26899 36587 42767 45607
15672 17760 25071 25999 32032
21072 23502 34359 39544 42946
14807 21796 26866 32759 36459
14746 14958 20896 25774 29167
22539 29405 38383 39439 47712
16579 26310 28742 34063 40905
16521 23413 26924 30175 34466
20135 27532 35790 43704 48176
11626 16375 18699 23246 27994
15655 22511 32199 38309 40693
13926 18647 23246 28572 32324
17391 26083 31615 36040 42045
19901 27213 31294 39286 44217
21556 26363 31634 39385 42021
15883 20877 26382 31247 36368
25493 30889 37772 45399 52096
17371 22798 29619 34115 44968
16026 25423 30352 39902 44061
24012 27084 34766 46864 53009
20395 27495 34048 43514 48429
17771 23397 27245 37756 42937
18201 23812 30954 43706 48127
22284 24372 33422 43690 48041
17963 23269 29934 30479 37552
15705 20228 28876 32467 36990
18806 27758 35278 40470 49779
16781 20032 27314 30565 37977
21044 25149 34556 43963 47041
11811 15512 21614 23415 29417
17164 22413 25998 29967 34064
15015 21309 22277 29418 34744
19436 25738 32739 40091 47092
12191 16603 19649 25636 29942
26611 34213 38014 45215 59417
23327 25068 35858 42123 50651
19811 24762 32114 36165 43516
18036 24687 33089 42016 50943
20645 31688 39473 40197 51602
15525 24373 29449 36120 43372
17163 18828 26510 32912 36112
22155 24924 32538 44304 51917
18613 23585 27562 35800 37646
15499 18828 28175 30223 33936
12546 16342 20714 28996 32907
13848 19330 25634 30567 35912
24475 27644 37326 42783 51760
20283 28792 34404 44542 50878
13349 18709 23613 26121 31253
23381 33073 34974 49036 50746
15911 24181 29270 36268 44220
21819 28212 39683 42315 56229
14249 19562 20353 27474 32335
16883 24789 29806 38320 43033
18064 26563 36123 41965 50285
21279 22350 29696 34440 44540
17520 30613 35204 41835 47616
19843 26209 30354 34499 39680
12179 19903 22478 27628 31490
15719 23729 29736 38054 40365
11141 17653 20174 27106 27316
17504 26032 31178 37206 41029
21499 28453 32404 38567 46626
15617 24646 30768 34287 43010
13926 17608 22209 27041 31182
17298 19620 27233 28653 37427
24203 31198 39515 45942 52936
12625 19649 21553 27029 32028
13556 15342 20699 26581 29942
12353 14496 22353 24598 27454
16883 21472 30207 37312 39089
18003 27520 35826 42747 45342
13298 22976 24524 30718 34460
17399 23841 30604 38334 44936
15944 21162 29342 36676 40202
17711 25063 30614 34065 43367
16903 21603 25414 29479 34687
15588 19011 21962 25975 31995
27032 31279 35525 43440 57917
14285 18498 23882 27042 35000
15329 19327 22436 28209 31873
13553 18069 24293 28564 33811
14467 19751 26007 33515 38659
26742 29514 36644 49318 52288
23366 27173 37209 39286 51744
24350 32770 33319 45216 54551
16735 21029 27098 34204 40421
24754 30807 33833 46296 48254
21452 23372 31054 41296 42416
21461 27312 40965 48571 52862
20065 31146 41271 48912 50822
25580 33477 34041 44007 53973
14327 24199 29065 34210 38102
17210 22651 26915 34120 43088
17395 24776 31830 40196 48069
21110 26039 28042 35743 40980
20967 30433 31616 43786 50209
22127 29694 37456 46575 57829
15923 28094 28094 35740 43073
16295 21402 29547 31479 40037
18504 18772 24670 30567 38341
15954 23257 28623 33690 39353
14836 15599 20069 27593 32390
15017 19289 24048 28563 35885
21070 31798 41159 43695 58517
21142 28811 36853 43774 53312
22999 26620 32775 45447 48525
11333 17251 19088 23781 30005
14627 18912 27357 32524 33028
17426 22693 29174 30255 37681
23771 29514 42783 48922 53080
19673 31333 35336 43690 46474
14795 19945 27999 30904 34865
26331 27083 41374 48895 55664
15787 19460 27486 31023 39729
14674 21867 28778 35971 40343
19901 31993 39405 46231 52472
17075 22923 28454 36988 44574
18403 24789 32998 36799 41968
21296 27402 35654 41265 45886
15302 18163 20913 28175 30926
18773 22590 28952 40721 41675
16999 22085 25310 29155 35356
16883 21900 31935 38016 42425
16649 18681 25160 30496 35450
20531 31933 34974 44285 55307
13115 15820 21022 25287 30281
26148 30901 40605 44565 52288
18898 26379 34422 47702 51442
16041 19193 24948 32896 35911
19710 23238 32355 34119 39559
14808 15240 21938 24855 31769
21816 27189 28927 36829 44573
20423 28687 33224 37113 46997
20251 26765 36271 41200 47713
20303 29205 37038 42379 53061
20652 24012 29134 37135 47057
15515 19596 28167 31023 40273
18971 26557 34775 35091 41886
24203 33088 41594 46509 49156
20125 26713 32588 46297 46653
16876 18488 27295 30643 33000
15384 18409 25593 28492 33911
26612 30412 36494 46565 54356
20447 27313 33398 39795 44320
21550 30421 37843 42188 50697
13711 17626 19069 24117 27620
17963 21264 27602 31563 37900
13442 19736 25061 28934 34865
19194 23921 25450 34070 40048
17723 29205 30846 40360 45937
22383 32725 40810 42315 52844
20078 28296 29402 35407 42361
19235 27959 32232 41846 47721
10110 18193 21628 25871 28700
23780 30622 34043 42765 47554
15154 18997 23066 26909 30639
10514 17789 21123 25771 27084
15468 18605 22974 27455 29584
12000 18053 23554 25975 31807
21835 26546 30786 35497 45861
12149 17863 21332 23883 30311
14392 22996 31035 32868 38651
19835 29218 34883 38955 50462
19931 29561 34874 39191 43674
13646 17082 20719 24356 28801
23001 27942 36874 48656 51887
16367 25252 26098 36535 38509
22411 29413 37214 44215 59418
15804 26386 29218 38457 44419
15512 19013 25765 27765 32892
22480 25104 32814 39376 43476
21131 24492 29453 40816 47537
13577 17506 24291 27029 32623
27059 34117 36861 49603 56072
13919 19735 22586 28173 33304
23103 25967 33308 42976 51748
17860 30113 37639 44815 51816
26332 26520 40999 46452 49836
13583 17993 24839 26231 31685
22027 27578 33499 42936 48487
22100 28868 37028 43796 57728
17031 25913 26654 34943 42789
16296 17594 22198 29280 32349
20171 26112 37275 42856 48437
20801 29686 41595 43107 50291
15420 22525 27752 34721 38474
12130 21494 21614 31096 32657
25172 26837 39420 46081 48116
15787 22589 27622 34424 36328
15971 22812 30262 38776 41969
15741 19382 28615 28615 37067
20581 29083 30614 43536 45236
18571 24083 30464 34815 38731
12490 19333 23414 30256 34217
23001 29273 37254 42955 52267
19791 24265 33383 38888 46457
12761 20638 24389 31391 32516
13049 18881 21956 27469 30968
11995 16383 23020 26552 29013
15997 19890 26425 30596 37408
20886 26566 34416 39928 45941
23606 34333 40379 46230 57346
20591 25444 27943 36765 43528
22825 28249 41155 44895 53686
21861 31173 35354 46186 52077
14291 18338 25956 30123 33098
25172 31463 36459 40715 50892
21003 29369 30025 39047 47413
13931 17761 21126 28784 32613
13444 23023 27546 29674 34996
23633 32377 38702 43167 49864
12760 18512 27515 30390 36517
12491 18422 19670 23831 27889
19210 32461 38414 46288 53009
13235 20197 22286 26463 32381
20366 26740 34883 40194 49931
22860 28237 36134 40839 43864
20595 28565 32882 41183 46828
19875 32674 37832 44901 52733
20838 25467 34369 41490 46653
13963 16035 23777 26611 29882
22530 25122 30470 41326 45376
24886 30658 37824 49965 55936
25266 26181 37164 41922 47780
19596 21036 27374 33280 39473
21658 27505 33352 36513 42834
15162 22670 29205 31985 37269
14617 20381 27485 29763 39145
20546 27577 34424 46451 54962
15131 19858 24449 32416 37277
23606 31798 35699 49351 52276
20971 28493 31694 38415 43856
19571 24625 29680 41907 46961
16541 24663 30029 34670 42792
18243 25641 36479 38199 48521
18491 25213 29834 36415 40476
19188 21756 30667 36407 41391
18176 25097 34787 40151 51398
19127 30103 35237 39309 51347
19889 32630 39193 47494 51933
20759 31135 35140 43878 49339
21050 22463 31571 35497 47117
16643 20473 24038 32620 37505
16840 22350 33062 39337 45764
21362 25563 32389 40966 46567
20301 32715 37050 51236 55177
17164 20246 28959 30701 35660
17297 22459 27104 28782 37039
12926 18283 20909 27000 30046
17451 29353 31799 39461 48428
13445 14354 22235 22942 29004
20160 21766 26439 35494 42065
19066 30538 34239 44971 51817
11671 15632 21244 27626 31367
20702 24465 36438 40371 48068
19750 22306 29976 33101 40912
17691 25853 35205 39966 46427
12431 17723 21519 27156 33712
15971 23687 26348 30073 36193
27031 32243 40930 48072 55407
23381 29653 37634 46756 53217
17677 21036 26732 37538 40167
11511 16113 18414 22816 27717
19499 24373 32900 39688 48738
23891 31654 39814 44392 57727
17707 27663 29718 37619 45205
21587 30703 34052 47074 48748
20911 30983 36685 43336 49417
19051 24322 36735 40306 45407
23165 27391 31617 38378 49703
18699 21620 28046 36370 40605
18023 26557 32721 37620 41412
14976 16484 23794 29364 30988
21332 28057 30846 38719 43312
12191 16813 22905 24690 28681
17681 24192 31789 40161 44502
12474 19373 24457 29177 31961
20552 27568 35419 37256 43937
15593 23974 29120 33237 41030
17619 23727 29976 36652 38072
17795 22205 29350 35280 42425
15769 25870 30767 39796 43622
15131 19693 25575 28095 31576
20843 28843 38889 42609 50609
10618 18317 22062 26848 28408
12991 19153 22124 27956 29386
13883 17047 21332 23373 29698
12836 19615 24335 29176 36075
23096 28741 33188 42423 48067
11035 15973 21960 26371 28682
19478 29497 38760 45754 50480
17173 20449 25166 29359 37876
23165 26715 33476 38547 44970
17187 21292 30110 37712 42425
14761 16532 24204 29398 33765
21691 24788 30821 41581 43537
19886 22272 34358 41356 43582
20363 27997 33881 37698 45013
22011 34413 40214 46615 54817
18411 28165 37551 40680 50801
23376 24969 33821 44974 49223
24627 28429 39291 44903 48343
25033 28854 38979 43181 50823
18780 22069 27688 35499 37417
17411 20714 24779 28971 37736
18796 33121 37772 44097 52469
20578 28116 30943 39579 44290
13200 18216 23340 24758 32608
26080 30857 42600 49367 58522
23825 32332 36869 49156 53692
10716 18092 18901 24861 29913
23876 27392 39419 45710 54777
12208 17683 23726 29086 31481
14743 17760 23794 29595 34353
18523 26179 38463 39710 47009
18455 25134 34040 38334 47399
15633 20890 27754 34472 43672
11031 18038 21335 26486 29577
25212 27913 33674 44116 48256
24011 31117 41294 48399 51664
18859 22660 29958 38472 43033
16775 22849 25754 33544 35788
19174 20748 27041 32190 38913
20021 24228 29884 37135 38441
22275 27613 34974 42888 50985
22488 28573 36856 43279 49533
13530 23414 25234 32516 34206
12352 21672 24577 31355 32565
18934 25939 28324 33242 42184
11650 15257 19790 25354 28548
25231 33381 39396 48709 56082
16627 19852 25558 31388 33000
18550 31153 38895 43935 48796
11650 17302 23067 26345 31431
21727 30629 32232 44694 48076
12433 19078 24614 30520 33965
13155 18860 24690 29900 36473
18315 26941 37679 39263 51057
19631 29893 35654 46636 48436
18269 27221 35099 40470 51211
17216 25123 31479 34425 45277
19164 28832 35098 43871 50316
20944 27520 37036 41016 48629
11242 19345 21938 27015 32093
15884 24895 29472 33191 38912
21500 24977 32562 35565 42044
18550 30073 34574 46816 48256
14674 22150 28919 35407 39356
17021 18282 27482 31389 37186
15356 16588 24207 26559 29472
19886 22431 32132 39766 47081
16439 23545 27098 37608 38645
22150 27897 34659 42772 48857
14552 22938 23856 33028 34731
24061 31463 36829 42935 53482
13886 18138 22764 28266 35643
21131 28429 36302 48016 53777
14588 20395 27492 28653 37169
18099 24485 27678 35735 44401
20543 29245 33074 40036 46823
11856 16493 21439 23087 29269
19772 21444 31022 34519 45313
18916 23226 25033 36156 37685
13200 18870 20942 27266 29010
14617 23731 25742 33516 36330
21785 26752 36686 47002 55598
24563 28920 41792 48525 56447
17382 27705 31662 43360 47661
