200 10 5
125 42 75 92 23 26 96 83 72 75 25 0 125
105 25 48 24 98 98 79 64 64 52 82 0 105
182 39 78 21 81 98 65 95 73 86 68 0 182
122 50 64 46 64 75 45 95 82 61 31 0 122
154 84 80 55 90 74 71 41 62 56 34 0 154
157 68 98 27 95 78 59 44 69 54 63 0 157
156 41 65 89 27 79 88 62 33 26 74 0 156
177 38 86 71 46 80 29 43 58 65 46 0 177
170 96 63 67 91 64 36 31 89 32 54 0 170
156 100 27 92 88 91 83 71 48 22 34 0 156
183 35 26 64 91 50 98 40 69 27 40 0 183
117 87 36 32 45 46 62 75 73 99 41 0 117
150 44 59 22 44 26 42 84 89 85 76 0 150
170 24 39 50 30 50 43 46 91 40 78 0 170
104 56 57 61 72 29 47 97 60 22 94 0 104
169 80 21 72 54 83 21 28 50 70 41 0 169
179 66 56 24 73 28 55 76 31 79 50 0 179
178 95 100 39 31 35 81 30 37 33 98 0 178
129 99 67 65 67 76 99 89 96 31 51 0 129
106 52 80 65 39 55 75 63 46 33 68 0 106
140 73 69 80 22 52 35 38 86 62 88 0 140
173 28 67 35 77 27 72 85 80 58 88 0 173
104 99 65 79 32 28 29 86 23 93 62 0 104
162 76 63 82 32 50 26 54 34 24 71 0 162
125 81 95 53 99 95 48 39 99 96 36 0 125
141 98 35 83 30 79 26 81 92 27 64 0 141
100 35 45 31 48 50 89 98 64 36 38 0 100
149 47 78 91 80 89 78 29 86 87 47 0 149
102 55 51 39 84 86 43 20 88 99 81 0 102
104 41 25 45 38 26 54 61 56 76 32 0 104
180 47 46 37 32 32 92 42 65 69 86 0 180
160 27 46 56 77 22 23 57 82 67 43 0 160
119 100 67 24 67 95 76 91 30 96 28 0 119
197 52 31 38 53 72 82 91 87 24 41 0 197
127 56 56 58 68 91 83 47 37 62 49 0 127
155 35 59 56 69 26 47 61 79 70 94 0 155
129 94 32 28 54 41 36 73 23 46 80 0 129
182 42 28 62 33 57 56 51 66 31 33 0 182
154 79 69 41 81 30 51 79 72 63 46 0 154
154 51 91 74 53 42 34 98 33 61 65 0 154
162 66 59 25 59 61 68 40 96 64 57 0 162
161 76 53 21 20 79 25 98 100 51 37 0 161
159 57 42 25 31 57 65 50 33 35 55 0 159
154 100 80 40 66 50 30 40 22 89 50 0 154
172 41 20 53 67 95 70 93 50 63 46 0 172
104 36 93 39 96 90 22 21 45 73 37 0 104
158 78 48 24 59 100 77 24 65 75 25 0 158
122 68 48 83 24 31 25 27 63 43 99 0 122
185 45 48 97 38 70 53 38 87 73 22 0 185
148 84 31 30 37 45 86 98 75 62 47 0 148
115 57 95 81 63 60 92 28 68 30 83 0 115
190 45 62 92 83 30 58 25 32 28 69 0 190
133 70 33 33 86 38 82 87 82 24 23 0 133
180 78 77 87 23 90 42 52 42 41 93 0 180
145 84 71 78 41 33 86 48 38 31 96 0 145
174 70 71 78 95 41 79 24 77 39 52 0 174
136 82 74 90 37 61 71 84 57 62 88 0 136
131 35 22 92 40 82 25 26 44 78 28 0 131
170 84 83 57 68 36 78 22 26 27 23 0 170
157 50 96 89 65 26 48 71 36 73 94 0 157
194 21 70 67 88 81 80 71 46 70 96 0 194
102 40 48 28 61 74 53 82 45 44 68 0 102
140 82 69 68 47 95 53 36 23 89 60 0 140
167 74 80 31 22 48 37 56 84 97 68 0 167
180 33 23 77 23 46 88 53 29 36 27 0 180
160 85 74 92 90 60 44 86 77 32 80 0 160
133 84 98 57 85 61 94 49 88 76 40 0 133
107 93 79 58 55 75 37 85 35 26 51 0 107
141 79 63 79 70 32 77 50 90 43 83 0 141
130 51 66 56 74 89 38 97 82 76 68 0 130
140 28 97 82 48 37 30 67 20 63 53 0 140
132 98 28 83 29 21 90 30 26 65 84 0 132
109 49 90 82 86 49 61 62 85 40 68 0 109
136 23 93 60 83 44 56 69 75 84 67 0 136
134 62 47 93 29 55 44 45 88 62 84 0 134
131 92 60 100 78 32 59 84 65 49 21 0 131
190 20 36 39 22 22 86 22 43 75 21 0 190
154 38 74 34 40 63 78 36 41 92 39 0 154
176 78 60 74 55 90 77 63 77 87 57 0 176
163 84 87 24 36 25 25 92 26 49 47 0 163
199 81 31 27 82 60 71 100 79 66 99 0 199
105 24 67 71 84 88 79 32 22 100 75 0 105
119 38 96 21 29 96 44 27 32 75 36 0 119
115 96 22 40 21 49 30 39 60 62 61 0 115
100 99 87 27 57 82 81 82 30 61 24 0 100
109 91 48 61 84 46 45 76 35 29 89 0 109
121 100 51 97 45 78 21 53 89 63 38 0 121
137 96 54 97 33 25 96 46 73 47 62 0 137
124 33 62 46 100 90 60 70 55 98 46 0 124
170 75 38 25 77 61 55 28 82 46 82 0 170
191 21 97 56 71 47 26 63 81 70 66 0 191
180 33 58 97 23 24 96 80 34 93 62 0 180
183 76 37 38 75 82 32 82 80 32 36 0 183
196 80 40 80 30 31 30 51 25 76 86 0 196
143 98 84 27 77 38 24 31 86 77 42 0 143
146 72 100 50 71 87 84 58 70 90 71 0 146
126 99 80 99 64 24 95 88 29 99 65 0 126
173 38 47 28 85 56 28 69 78 85 68 0 173
135 87 74 71 94 55 55 72 34 49 50 0 135
125 91 90 39 38 66 60 29 54 78 52 0 125
123 27 63 73 89 97 37 38 81 67 68 0 123
178 62 68 74 39 73 81 90 91 87 65 0 178
140 75 92 59 89 22 48 86 48 87 63 0 140
169 47 35 26 30 89 36 86 75 67 24 0 169
127 66 87 57 51 84 34 23 30 52 64 0 127
127 30 66 41 27 39 29 91 40 83 74 0 127
197 61 82 28 42 45 100 30 22 61 75 0 197
142 85 32 43 55 29 85 54 23 52 82 0 142
110 93 66 88 67 29 81 51 99 85 28 0 110
185 57 52 21 61 58 39 56 84 88 65 0 185
108 100 51 74 53 35 94 54 24 55 79 0 108
196 60 86 67 86 46 21 99 83 45 54 0 196
170 73 98 50 44 70 20 83 26 91 48 0 170
125 60 63 89 46 59 28 72 73 40 82 0 125
170 40 37 33 51 27 95 26 92 95 57 0 170
129 70 93 49 61 38 74 26 95 69 42 0 129
163 71 29 55 88 85 41 46 44 91 74 0 163
169 65 54 23 60 69 20 32 50 26 28 0 169
115 78 25 21 29 60 87 62 60 47 23 0 115
112 84 79 36 69 53 45 58 20 69 85 0 112
146 41 67 91 57 80 44 77 89 26 95 0 146
197 88 49 59 47 49 33 51 36 63 70 0 197
144 78 55 80 79 76 59 78 100 47 24 0 144
194 69 77 55 52 91 71 31 59 85 46 0 194
112 35 36 86 58 79 34 82 89 85 64 0 112
110 87 73 52 86 67 97 68 94 100 51 0 110
114 36 37 53 22 23 49 68 69 81 48 0 114
165 30 72 23 62 55 88 39 33 51 62 0 165
131 95 32 70 86 25 40 75 20 54 48 0 131
140 89 21 43 57 62 75 20 25 39 62 0 140
188 78 63 100 30 41 98 37 97 34 50 0 188
130 35 72 40 84 61 25 59 64 27 83 0 130
100 55 85 35 62 41 47 24 52 76 63 0 100
144 78 39 60 92 38 87 80 74 68 29 0 144
181 57 81 36 59 41 99 90 73 57 90 0 181
116 30 39 74 25 66 74 69 96 90 47 0 116
105 77 75 60 56 37 66 64 68 35 74 0 105
172 65 22 82 75 28 61 58 41 44 62 0 172
194 46 23 62 91 79 87 77 66 94 76 0 194
126 88 73 55 84 24 72 94 65 25 33 0 126
189 63 69 78 59 28 25 49 56 80 83 0 189
147 27 71 70 69 68 26 51 55 86 37 0 147
192 78 45 96 58 66 89 80 28 28 43 0 192
120 25 42 35 56 60 57 87 79 46 95 0 120
117 94 35 70 69 43 69 27 27 40 61 0 117
190 58 98 93 64 32 76 26 67 43 82 0 190
125 96 36 69 53 22 50 39 78 44 25 0 125
129 66 39 78 72 81 40 91 87 82 50 0 129
116 87 47 62 55 59 31 84 31 66 37 0 116
166 23 64 93 49 87 83 26 65 57 22 0 166
124 28 65 35 26 71 96 42 99 67 59 0 124
103 65 70 66 87 89 49 29 55 37 95 0 103
194 88 84 40 65 52 90 37 66 79 70 0 194
111 65 86 94 87 74 53 30 56 64 62 0 111
194 47 23 45 47 27 62 60 24 90 68 0 194
150 77 45 43 70 99 24 50 95 91 81 0 150
194 58 100 60 78 66 68 82 84 70 50 0 194
194 23 67 73 87 83 22 48 71 67 89 0 194
114 49 73 43 38 59 87 60 71 62 80 0 114
123 99 45 81 89 39 85 56 95 82 72 0 123
151 32 83 32 90 59 93 98 51 70 38 0 151
188 31 99 43 74 34 76 49 77 25 71 0 188
196 46 42 50 54 87 31 69 85 43 87 0 196
125 32 81 46 88 80 73 76 38 56 25 0 125
162 28 48 67 92 75 25 38 73 28 71 0 162
137 43 91 95 99 43 36 35 47 70 83 0 137
108 98 85 98 43 64 63 81 21 99 89 0 108
171 29 69 69 37 75 51 94 61 65 35 0 171
157 70 85 48 51 41 26 64 39 61 48 0 157
199 26 63 53 35 92 36 41 73 70 58 0 199
156 99 59 42 38 30 54 20 61 43 52 0 156
177 98 39 90 82 58 57 85 24 63 23 0 177
173 39 91 47 93 48 68 87 83 27 51 0 173
187 21 86 67 84 82 72 77 60 36 66 0 187
189 29 41 93 95 96 65 55 27 46 89 0 189
116 43 39 84 39 56 75 62 88 45 95 0 116
121 38 91 71 75 79 85 46 37 23 28 0 121
155 70 58 97 97 95 95 66 35 90 27 0 155
106 71 89 49 36 91 70 99 24 31 42 0 106
143 66 70 30 63 28 97 77 35 48 36 0 143
148 30 61 24 95 100 54 69 26 84 77 0 148
188 90 77 71 93 78 80 86 83 43 66 0 188
162 55 71 37 22 95 85 33 78 74 84 0 162
159 97 67 79 79 59 51 25 98 51 28 0 159
155 63 26 76 96 41 73 76 40 34 62 0 155
197 94 91 50 25 34 83 85 56 46 90 0 197
179 41 97 50 44 39 88 64 22 69 33 0 179
138 23 54 47 62 26 45 46 50 87 84 0 138
158 70 99 81 76 100 86 22 33 75 69 0 158
143 45 55 64 49 31 33 30 46 26 47 0 143
101 100 54 84 26 100 33 28 70 27 30 0 101
142 60 61 22 77 94 93 92 53 98 74 0 142
164 88 77 100 46 36 91 45 43 90 82 0 164
199 39 46 81 34 39 77 51 33 98 76 0 199
192 64 30 53 42 47 86 21 96 65 97 0 192
190 85 99 51 20 50 40 53 30 100 75 0 190
163 85 94 85 88 23 27 21 28 32 33 0 163
130 68 84 85 57 76 78 57 22 41 66 0 130
116 57 70 44 45 67 86 41 66 67 45 0 116
158 62 48 23 57 35 27 29 80 27 95 0 158
46 30 37 46 42
138 172 189 240 286
112 162 191 237 279
139 140 215 254 292
138 178 203 229 288
125 173 181 231 289
132 150 206 236 295
101 147 197 248 265
136 169 201 246 274
127 144 199 239 288
122 157 185 248 269
137 169 216 253 270
115 178 182 255 291
121 179 196 223 277
127 155 210 259 295
128 149 212 257 279
135 178 194 236 272
134 158 183 235 292
103 162 196 233 261
139 140 200 248 269
131 169 182 230 276
101 162 206 238 267
124 147 209 231 280
119 171 203 232 283
121 140 200 233 297
122 167 183 245 292
107 142 186 239 296
134 153 211 250 283
103 175 212 241 284
129 145 211 243 269
103 159 191 256 268
122 170 200 238 272
102 164 210 252 282
119 143 185 239 284
100 169 192 220 283
122 151 195 257 276
135 179 195 257 267
106 143 183 234 298
108 150 196 230 275
131 164 212 239 284
108 169 201 259 261
111 162 200 244 273
111 145 188 242 298
121 148 215 233 274
121 142 199 239 264
127 173 188 249 272
119 174 208 238 261
110 176 204 249 290
105 150 210 243 260
108 146 203 247 293
123 150 197 239 261
106 144 182 253 291
111 173 205 258 292
139 180 197 224 286
129 159 208 221 278
121 155 180 228 260
118 144 210 248 281
106 177 212 234 280
119 152 180 246 270
107 169 198 222 271
119 179 198 240 282
139 148 210 250 277
135 166 192 228 265
114 177 197 232 300
129 147 203 231 269
112 161 218 224 276
138 164 190 251 281
128 170 202 226 275
113 180 180 237 284
108 147 187 225 281
140 154 195 238 281
110 150 192 254 271
136 146 181 235 271
139 171 203 230 267
118 146 195 249 282
134 178 199 224 300
112 175 211 246 284
114 172 212 233 298
107 146 216 237 288
108 174 211 248 300
100 157 215 242 265
105 144 208 242 280
133 168 213 221 291
109 150 205 231 265
139 154 194 245 292
107 163 200 239 277
135 144 219 258 285
114 149 215 228 277
105 172 183 222 271
139 161 194 236 269
106 180 191 228 260
100 176 220 256 298
138 165 219 220 268
133 172 198 260 283
108 155 189 236 273
133 171 198 222 297
105 160 220 255 285
109 148 200 221 289
114 142 180 240 266
127 169 204 259 281
140 152 197 241 294
135 150 217 254 294
110 166 182 233 262
108 140 217 235 299
122 152 212 231 273
123 155 194 242 283
112 152 183 246 289
103 161 181 226 264
105 156 184 245 297
133 144 216 225 290
140 154 188 250 275
126 160 213 220 288
112 179 198 220 300
103 174 182 232 279
100 176 216 242 283
125 168 200 220 293
105 173 214 246 288
111 150 190 226 282
126 180 201 254 264
121 144 183 257 280
125 146 188 231 299
111 175 195 255 273
105 156 220 252 274
107 158 194 232 268
138 152 215 256 288
118 155 214 240 274
131 171 196 237 276
112 145 212 239 292
103 160 185 238 281
118 178 201 252 278
140 163 194 237 269
108 176 191 232 277
112 161 199 223 298
112 178 188 242 292
123 151 190 244 298
124 158 218 260 262
100 147 195 255 295
116 144 197 249 291
102 143 189 252 270
130 180 197 225 288
103 172 206 222 277
133 178 203 226 270
124 148 202 233 288
126 161 202 232 300
135 174 183 244 291
125 177 184 242 294
138 163 189 230 299
136 146 207 250 288
115 145 201 229 262
112 151 212 250 262
105 165 197 228 275
132 162 220 257 289
134 179 206 254 264
118 155 192 254 263
116 155 219 239 272
100 178 196 250 288
114 158 215 243 278
118 160 201 237 278
101 176 193 224 283
140 159 188 236 281
137 177 211 255 262
112 155 216 233 275
131 164 209 226 297
131 149 196 257 288
101 145 189 225 268
115 168 186 245 294
127 152 216 220 273
140 158 187 248 271
131 175 183 233 274
117 156 220 237 283
131 161 192 222 286
112 156 210 249 263
122 141 199 238 277
111 144 190 253 283
111 166 189 242 262
122 147 213 243 279
123 150 191 234 285
112 168 220 250 271
127 180 216 257 274
113 160 213 260 280
128 152 193 225 285
133 142 202 223 275
132 148 214 238 266
114 178 192 238 292
120 163 186 234 285
126 148 184 230 274
100 143 186 253 292
123 157 210 248 283
131 145 193 234 294
114 156 199 242 264
133 141 217 259 295
133 180 197 260 290
140 146 180 238 286
108 167 186 225 292
108 147 190 250 300
106 170 220 244 261
117 155 185 242 272
123 147 211 238 287
128 157 204 242 268
117 145 220 231 296
128 155 187 255 275
17258 21509 23634 30010 35761
11767 17019 20064 24895 29306
25306 25488 39139 46238 53155
16844 21725 24775 27948 35147
19258 26651 27883 35584 44517
20732 23558 32351 37062 46326
15763 22941 30742 38699 41351
24080 29922 35586 43552 48509
21598 24488 33839 40640 48971
19040 24501 28869 38699 41975
25079 30935 39537 46309 49420
13462 20835 21303 29845 34058
18158 26859 29409 33460 41561
21597 26358 35709 44040 50161
13320 15504 22058 26738 29027
22823 30091 32795 39894 45979
23994 28290 32766 42075 52279
18341 28845 34898 41485 46469
17939 18068 25810 32003 34712
13894 17923 19301 24390 29267
14147 22689 28850 33331 37391
21460 25439 36167 39973 48451
12383 17793 21121 24138 29443
19610 22688 32410 37756 48126
15257 20884 22884 30635 36511
15094 20030 26235 33710 41748
13408 15308 21109 25010 28311
15354 26084 31598 35919 42327
13166 14798 21532 24796 27449
10719 16545 19873 26635 27883
21967 30609 36009 42850 48971
16327 26249 33610 40330 45131
14169 17025 22024 28452 33808
19707 33302 37834 43350 55763
15502 19185 24774 32650 35063
20933 27754 30234 39845 41396
13681 18455 23616 30197 38454
19663 27309 35682 41871 50061
20182 25264 32657 36816 43747
16639 26035 30964 39897 40205
17989 26253 32410 39539 44237
17878 23353 30277 38973 47990
19247 23540 34195 37057 43577
18642 21876 30656 36817 40667
21852 29765 32345 42838 46795
12383 18105 21642 24762 27155
17387 27817 32241 39352 45831
12817 18309 25630 29657 31731
19987 27018 37565 45706 54216
18212 22209 29166 35383 38639
12197 16568 20939 29106 33477
21097 32879 38959 49030 55491
18495 23949 26210 29802 38049
23228 28629 37450 39790 50051
17553 22484 26110 33071 37711
20539 25064 36550 43162 48905
14423 24081 28842 31834 38091
15597 19921 23589 32237 35381
18197 28739 33670 37750 46081
18690 28112 31095 37690 44285
26974 28720 40749 48510 53749
13778 16941 19593 23266 27041
15967 24789 27589 32490 42011
21551 24557 33911 38587 44934
20167 28989 39250 40330 49691
22088 26248 30409 40170 44971
17032 22619 26876 30068 36586
12098 19269 19269 25369 30399
15235 20736 26377 31736 39633
18208 20028 25359 30950 36541
15407 21008 26890 35571 37951
17960 19280 23901 31031 35783
15159 18648 22136 25080 29114
16055 19864 26529 33875 38363
17964 23861 26675 30026 40211
14679 22934 27650 32236 37215
21667 32689 40289 44280 56631
16485 22492 33274 36508 44363
19015 30633 37145 43658 52811
16307 25600 35055 39457 43206
20902 28664 41402 48169 55731
13973 17649 22375 23215 30566
12978 17859 24405 27500 31546
15993 17718 22319 28185 33591
10707 16309 20010 23910 27711
14723 15704 23881 28132 31076
13801 18037 26025 27598 33528
14392 23573 25081 30424 37138
17244 19973 24065 29274 33367
18027 30609 32480 38770 44211
19107 33625 42029 48906 56929
24848 29709 39430 39610 48251
24347 31484 36243 47590 51800
21175 30389 37054 46267 53519
19027 24462 28323 31756 42482
15337 23368 32130 37240 41621
13741 18656 25210 27856 36426
19730 24575 31150 41531 46029
17152 22823 27549 34975 37946
17508 19008 24634 30135 36761
16613 18458 26700 31252 36173
19587 29557 32405 41485 46647
15127 19608 30390 32910 41871
20626 25696 35838 39049 46148
15629 19693 24647 30744 35952
14231 19312 23250 31253 36714
20298 31726 35667 44533 52020
14917 22161 26137 34801 42186
14638 15848 23770 24760 31911
25908 28498 34789 46260 50886
13616 17288 23014 23770 31115
21959 35093 38817 43130 58811
17517 29589 30949 39450 47441
12507 22009 27010 30260 35386
21258 28569 34009 37410 49821
13552 22326 27616 31744 37163
18100 24459 30980 36848 45978
21301 30429 33978 42936 44627
13923 16568 21054 29566 32211
14008 16360 21065 25882 33500
16213 25559 28479 37241 39869
20692 30740 43350 49655 53989
15415 22761 27946 33419 38603
26780 29496 41719 49674 55883
13223 17368 23978 26890 30699
14418 18819 21569 26080 30371
12775 16538 24178 27256 33299
17002 26409 30534 39281 46377
15465 23327 26340 33022 36429
19608 22829 27169 33190 37671
20311 33097 35917 43626 52087
14567 20939 25880 29000 38752
11207 17809 18809 24210 29211
17720 21752 27369 35146 42923
22451 28606 39468 47071 47433
11607 17060 22629 29591 34231
12187 15128 20694 26156 30566
17551 24604 32518 43355 46451
25228 34929 38227 43660 55883
12985 21681 25966 27982 34913
25145 33651 38376 42724 51041
18236 21764 29704 34261 42347
24199 30920 38793 44554 57611
16208 20889 21969 29290 34931
14632 20718 21537 28324 34409
26228 30978 35919 43710 56821
17008 18258 25884 31260 36011
14843 18714 25939 29552 33809
12999 17524 24602 29011 30403
17437 27399 32712 37858 45661
16375 20096 27289 31878 35847
13810 18446 21227 26172 27202
22900 30079 37257 49287 51033
12883 17213 24319 26539 30203
19407 34541 38033 48510 55883
17107 23708 32260 36460 41711
22899 31049 39004 45988 53943
19601 34153 37452 43466 54913
15968 18134 21441 26914 32045
16859 21780 25962 31375 32236
16919 23413 32626 35193 41536
24636 30840 39301 42498 55847
25684 29212 38425 50382 56459
12632 18134 23635 28136 33512
18637 27225 30141 39700 47639
17407 20832 29602 30150 37412
15128 17072 20205 26794 29279
22409 29934 31302 39853 46865
18376 24500 34550 37219 44442
26077 32048 38217 44188 56925
17479 24345 32770 38855 41039
21602 24965 35233 42137 49040
19210 24920 32879 43780 48970
20764 31051 35352 45265 49005
23065 27791 40267 45937 52742
14276 17408 22165 27154 33071
13559 20337 26630 30260 32802
19692 27909 33489 39845 42480
11985 16968 22588 27570 29691
18312 21744 27608 32185 40766
19692 21024 29906 33014 40711
24824 27832 40242 44754 50019
18475 28845 31113 38566 47315
19088 25926 29583 37216 45326
19538 22949 28529 35661 42481
19707 28179 36651 49852 57536
22024 28111 37600 44402 50668
18086 20018 26643 32302 40583
18019 24657 31452 38247 41723
19027 20171 31040 37047 42196
13440 18189 19906 26270 29301
19888 20740 25569 33806 40623
17719 27397 30513 36910 47900
21499 29261 37819 49761 59712
20359 32649 42250 46858 50123
22238 29459 35159 45991 51691
20057 23969 34403 38804 46792
16648 20418 26530 31470 34851
13579 16828 25530 26806 34347
20232 24498 29555 40301 43461
