1000 10 5
4 24 24 33 29 21 33 21 14 19 23 0 20
4 20 18 12 11 8 12 28 24 31 18 0 19
10 13 17 15 12 32 19 31 31 16 11 0 48
3 11 19 7 9 12 20 18 14 16 32 0 15
3 21 26 16 17 22 13 27 10 13 10 0 14
9 7 15 16 13 8 14 8 13 17 31 0 42
9 32 28 26 33 27 29 30 22 21 30 0 43
9 14 15 30 15 20 21 26 19 13 13 0 43
5 20 20 7 31 20 17 12 25 19 9 0 23
7 14 20 21 30 28 8 11 7 18 20 0 35
10 21 25 13 24 16 30 20 9 27 32 0 46
8 26 24 12 33 17 21 20 21 14 22 0 37
6 19 18 18 22 28 23 18 32 8 24 0 29
3 18 15 13 20 12 16 22 31 26 16 0 11
4 15 17 29 11 13 30 12 15 10 25 0 16
4 9 26 17 9 22 7 28 31 19 9 0 20
7 26 28 27 25 10 32 9 21 30 15 0 31
8 28 15 27 24 31 21 23 20 29 21 0 38
9 19 11 18 19 23 32 19 8 19 15 0 43
4 24 19 25 17 8 16 22 28 27 14 0 16
4 29 15 21 18 30 9 22 27 10 9 0 18
4 25 29 32 7 14 10 29 28 23 26 0 18
10 8 14 21 25 30 29 15 22 10 7 0 47
6 14 32 32 12 8 21 15 7 17 33 0 26
6 33 33 31 33 24 31 31 13 11 16 0 27
8 11 18 15 21 25 32 14 12 8 32 0 37
5 8 27 30 9 17 30 10 32 32 13 0 22
8 23 19 17 16 18 13 28 11 7 14 0 39
8 21 33 16 24 30 16 32 21 32 7 0 38
3 19 27 18 19 21 19 23 17 12 20 0 14
3 18 29 12 10 22 21 10 10 23 21 0 13
9 18 19 8 20 11 28 29 30 23 16 0 42
7 26 18 18 29 22 16 20 15 13 17 0 31
6 17 18 21 24 18 27 25 15 21 20 0 27
8 15 27 25 23 30 11 13 32 11 28 0 36
6 24 28 7 25 19 15 22 17 9 16 0 29
5 33 21 33 19 18 30 18 14 16 24 0 25
4 30 14 10 8 22 25 12 23 32 12 0 20
3 12 28 10 14 8 14 18 14 10 31 0 11
7 32 15 18 14 17 15 28 22 13 19 0 35
9 16 33 10 17 24 26 25 10 30 27 0 45
3 16 12 14 28 12 33 33 9 31 13 0 12
5 11 16 29 30 15 31 12 29 23 16 0 22
7 8 13 17 30 9 11 17 14 28 33 0 31
7 15 30 8 27 33 29 7 13 13 30 0 34
10 20 26 32 20 25 24 14 29 31 15 0 50
8 11 16 20 13 17 8 14 15 18 14 0 36
6 23 12 32 29 26 15 26 28 18 17 0 29
5 11 26 24 12 30 15 33 17 8 21 0 21
5 9 15 17 29 13 26 31 30 33 16 0 24
4 20 7 31 7 31 20 30 26 8 18 0 19
3 22 14 7 30 25 16 15 7 17 26 0 14
4 26 9 18 23 21 16 17 29 27 15 0 16
4 11 23 25 32 27 20 24 30 10 31 0 20
8 12 16 13 24 21 30 23 23 16 29 0 38
8 8 9 23 10 22 32 25 21 9 27 0 37
4 19 25 24 21 24 22 27 11 12 33 0 17
4 12 14 23 20 27 15 29 14 28 13 0 19
10 10 24 28 27 25 29 12 8 31 17 0 49
6 13 26 20 7 12 28 27 17 17 28 0 30
3 32 25 24 24 8 10 16 28 29 7 0 11
8 23 29 30 31 21 28 12 18 23 33 0 40
9 21 27 20 30 18 32 30 32 13 29 0 45
6 10 11 25 15 22 7 24 32 29 18 0 27
6 11 16 26 7 10 9 30 29 10 25 0 26
4 30 9 24 23 7 15 33 10 12 21 0 20
7 11 10 24 17 25 29 18 22 9 14 0 34
8 12 21 22 9 17 27 25 26 33 24 0 39
7 24 7 23 28 23 12 31 17 13 31 0 32
5 17 28 32 31 13 10 25 13 20 24 0 22
6 10 27 33 14 21 9 11 27 18 25 0 27
4 27 7 11 10 24 31 20 31 14 13 0 18
8 11 28 31 26 15 32 24 22 31 31 0 37
6 23 27 10 23 15 7 27 22 29 25 0 27
3 25 20 25 8 18 20 11 30 10 21 0 15
10 10 22 30 9 10 11 27 28 26 28 0 46
10 29 30 27 9 32 11 12 26 21 18 0 47
5 24 18 33 12 11 7 16 11 18 24 0 21
10 29 29 30 18 19 8 23 14 27 25 0 46
6 24 18 33 19 28 28 32 16 9 9 0 28
3 25 21 32 22 20 13 28 26 10 14 0 13
9 20 25 12 25 22 19 22 31 19 24 0 43
3 29 13 15 31 31 33 27 8 18 28 0 15
10 31 18 21 16 30 24 20 16 21 17 0 49
9 17 13 20 10 27 31 12 9 28 24 0 44
10 15 10 22 24 32 7 7 32 26 9 0 46
8 19 17 29 23 32 17 29 16 24 25 0 36
3 31 14 12 17 17 31 9 33 31 10 0 11
5 16 7 9 8 18 30 32 32 14 12 0 25
8 23 21 11 30 27 16 12 27 26 17 0 39
7 11 26 12 21 25 32 14 19 19 31 0 31
5 9 32 23 17 10 10 24 29 23 18 0 25
8 11 24 12 21 29 15 31 10 14 9 0 39
2 27 14 17 21 23 16 11 12 18 28 0 10
2 8 8 30 25 8 25 13 15 15 30 0 10
10 32 26 29 13 19 28 32 27 27 13 0 49
9 15 26 24 23 24 8 11 28 17 8 0 42
4 15 18 26 28 29 26 28 12 23 10 0 19
3 32 31 25 16 11 29 9 10 27 22 0 13
6 28 8 8 23 33 28 11 26 12 28 0 30
4 33 28 29 8 9 21 25 14 33 19 0 19
7 29 11 8 25 9 24 12 17 33 9 0 35
7 14 29 27 11 24 17 11 27 21 28 0 31
4 32 27 32 7 10 25 10 17 26 22 0 20
4 15 33 21 16 13 24 22 33 23 21 0 19
6 13 11 13 28 8 22 21 19 24 7 0 29
5 22 8 28 10 16 25 18 27 30 13 0 25
8 20 10 8 19 16 33 12 10 17 10 0 40
9 8 18 13 18 10 32 14 28 32 31 0 42
3 9 13 19 15 9 32 24 13 28 24 0 11
3 32 13 19 30 26 22 7 9 21 21 0 14
10 15 19 30 10 25 18 26 16 11 33 0 49
3 20 29 20 7 9 29 21 15 28 20 0 11
6 10 32 25 13 26 8 28 15 7 27 0 29
10 13 11 32 21 28 31 31 14 32 11 0 46
7 26 28 9 32 29 27 29 7 20 27 0 32
3 13 29 27 16 19 20 27 32 28 11 0 13
8 11 11 14 10 9 23 26 17 23 32 0 38
10 10 20 26 8 13 25 23 7 17 20 0 49
9 21 19 20 27 22 24 23 28 29 24 0 43
5 20 9 23 17 23 20 20 22 13 28 0 22
6 25 11 27 19 11 22 12 24 18 27 0 26
7 12 11 10 31 29 30 23 17 19 26 0 32
5 9 25 12 7 10 26 28 33 16 27 0 22
9 24 18 19 18 32 29 10 25 20 29 0 41
5 16 30 32 20 23 19 27 12 19 23 0 21
5 32 11 26 27 19 9 22 17 19 18 0 25
9 28 8 21 9 22 31 25 31 17 13 0 43
9 11 7 22 22 9 17 21 12 29 30 0 45
3 13 14 11 12 16 33 30 18 14 25 0 11
10 20 17 28 20 33 9 20 30 18 32 0 46
4 30 10 31 28 19 16 30 13 18 17 0 19
4 25 16 14 24 7 26 33 33 18 13 0 16
2 15 24 26 31 24 21 9 7 12 8 0 10
8 9 30 29 23 24 16 20 27 17 32 0 37
5 24 20 18 27 25 29 7 28 14 12 0 22
2 30 17 18 18 30 7 11 16 29 22 0 10
6 23 26 23 20 14 29 31 21 26 20 0 30
8 15 19 9 8 11 10 32 21 19 26 0 38
6 12 28 20 14 19 8 19 33 20 10 0 28
10 15 30 20 17 12 25 10 26 21 33 0 48
3 19 32 8 22 9 16 19 30 8 30 0 14
8 15 9 12 24 21 20 27 17 20 7 0 39
7 29 21 30 21 11 11 26 17 29 22 0 34
4 22 11 33 8 22 23 19 7 25 16 0 19
5 29 25 22 33 17 18 9 11 11 11 0 22
8 21 13 9 24 23 14 32 29 21 7 0 40
9 7 12 12 17 33 21 21 33 23 14 0 41
8 8 12 21 23 12 8 33 27 32 31 0 40
8 16 8 10 18 24 26 30 16 17 22 0 37
10 29 12 26 27 7 23 32 13 23 16 0 46
7 11 32 19 25 18 21 20 12 26 14 0 35
9 28 30 16 23 15 29 7 31 30 13 0 44
5 27 16 15 33 17 13 12 20 25 16 0 25
6 26 17 16 11 24 24 10 31 29 30 0 28
9 22 26 22 11 21 10 30 18 14 25 0 44
5 16 10 24 16 21 16 9 13 7 13 0 21
9 17 8 7 9 17 27 23 15 17 28 0 45
10 13 7 20 16 23 13 14 11 26 21 0 46
6 19 20 29 26 19 15 19 14 21 24 0 28
5 23 12 26 26 15 29 20 25 30 24 0 22
3 24 12 25 11 17 28 22 29 16 28 0 13
8 33 11 32 22 23 13 24 20 20 8 0 38
5 33 15 26 32 30 7 26 12 10 26 0 21
7 32 17 20 24 19 9 27 14 18 22 0 33
10 18 12 8 29 26 10 14 33 19 10 0 49
8 31 11 11 16 12 12 28 30 8 11 0 37
9 11 24 21 32 23 25 31 33 18 9 0 41
5 28 27 13 23 16 19 31 14 10 10 0 22
4 21 28 20 12 18 7 19 31 17 11 0 16
9 22 15 28 25 20 17 30 19 24 11 0 43
3 31 32 26 21 19 20 10 28 24 8 0 13
3 26 18 10 12 17 15 23 33 12 28 0 14
4 21 26 24 26 9 31 18 16 29 17 0 16
7 32 32 21 15 20 9 14 7 15 30 0 33
6 16 25 28 29 17 21 9 29 21 16 0 28
8 9 28 25 15 32 18 16 20 29 17 0 38
10 31 21 33 7 9 9 18 11 33 12 0 49
7 23 32 19 15 19 22 17 10 14 16 0 32
10 19 11 7 32 31 28 27 21 8 28 0 50
4 13 25 10 11 32 15 8 27 26 15 0 16
10 22 17 7 20 23 15 17 33 32 20 0 50
8 25 15 12 18 28 31 8 17 7 28 0 39
6 9 8 13 13 24 30 31 32 9 23 0 27
4 11 9 21 33 18 26 10 16 33 31 0 17
6 30 28 25 18 19 23 27 15 20 22 0 30
3 29 18 10 11 20 32 31 31 28 17 0 15
8 9 14 12 33 31 29 28 15 25 15 0 36
5 9 24 8 27 25 8 11 18 15 23 0 21
8 28 14 30 18 8 8 7 19 17 17 0 38
8 14 21 33 23 27 17 26 9 21 15 0 37
3 33 22 32 11 13 30 10 16 23 25 0 11
5 31 11 30 12 15 27 16 13 10 33 0 22
3 11 8 24 14 28 17 12 8 23 27 0 11
6 7 10 8 10 21 15 20 9 32 7 0 26
2 12 11 24 9 26 30 22 27 28 14 0 10
8 13 30 14 30 7 9 27 25 14 14 0 38
9 11 8 24 26 11 8 16 10 30 12 0 43
4 32 21 25 14 13 32 15 15 18 33 0 20
9 27 16 20 17 8 11 10 28 23 20 0 44
5 33 11 12 15 26 18 11 31 18 10 0 21
5 14 22 20 28 31 24 23 8 22 26 0 23
8 10 17 23 25 16 15 7 33 11 13 0 38
5 32 16 25 33 30 28 19 7 7 30 0 22
4 9 8 12 18 22 28 24 28 11 19 0 17
3 33 23 7 33 8 13 9 25 25 32 0 13
6 29 21 14 23 20 32 14 25 9 18 0 30
4 32 16 18 9 23 29 9 17 19 10 0 16
7 27 18 24 22 21 7 22 18 28 23 0 31
6 24 17 22 29 32 33 27 19 14 11 0 27
6 26 15 15 32 23 18 12 9 23 12 0 28
6 25 7 29 13 30 29 16 10 21 32 0 26
5 19 31 23 31 7 17 13 8 24 21 0 21
10 33 14 22 22 27 17 12 19 27 8 0 47
8 15 31 19 31 28 32 19 32 29 32 0 38
4 9 26 22 9 14 13 25 16 27 8 0 20
6 30 28 8 12 23 16 30 21 13 7 0 29
10 22 22 19 19 20 25 33 24 9 10 0 50
8 16 22 31 30 32 29 19 13 14 32 0 37
6 14 17 9 22 13 26 18 15 17 8 0 29
6 11 14 17 19 33 16 14 11 16 33 0 26
4 8 14 7 16 10 15 18 21 11 21 0 16
4 33 18 19 11 29 22 31 20 19 8 0 16
3 32 20 19 11 28 8 23 17 32 12 0 13
10 27 18 19 28 11 30 26 23 15 14 0 47
2 19 9 14 21 20 30 30 25 9 18 0 10
2 21 18 21 27 13 19 8 11 20 29 0 10
9 31 8 29 7 31 20 25 10 26 11 0 42
8 7 11 30 25 16 30 19 27 29 28 0 40
4 24 12 32 18 11 23 16 31 13 17 0 17
8 23 21 24 21 15 30 10 10 30 23 0 40
6 27 23 19 21 33 30 28 30 24 19 0 29
9 30 32 8 19 8 10 11 26 28 19 0 44
3 12 9 7 25 31 16 23 32 7 12 0 13
7 20 8 14 23 27 11 8 21 7 7 0 35
4 24 33 12 21 23 28 13 33 27 13 0 17
7 26 16 16 11 20 18 17 31 23 18 0 35
10 9 31 31 13 16 19 8 17 10 20 0 49
7 12 21 7 31 18 26 14 25 9 26 0 35
10 26 26 28 26 32 30 25 20 16 33 0 50
7 29 7 32 24 17 23 17 20 20 8 0 31
6 33 15 7 24 21 31 30 11 29 15 0 27
10 15 21 26 32 30 17 17 12 24 26 0 48
5 7 17 7 8 7 9 7 17 12 29 0 25
4 32 30 15 15 28 21 10 12 26 26 0 18
9 29 32 24 17 11 9 29 13 13 24 0 43
6 9 22 13 16 32 16 31 18 17 15 0 30
8 33 10 14 21 20 26 17 19 31 29 0 38
7 33 7 19 28 22 17 32 13 14 30 0 35
9 27 22 8 26 12 8 24 21 17 14 0 43
5 23 22 20 24 33 9 17 11 32 28 0 24
3 15 31 21 27 30 28 10 17 19 25 0 12
9 25 30 15 26 8 21 7 18 10 26 0 43
6 25 11 33 23 32 23 29 13 22 14 0 29
9 32 20 24 10 15 24 11 25 22 9 0 42
3 21 11 30 23 31 15 11 15 24 21 0 13
3 31 9 32 26 19 30 14 11 21 7 0 13
9 26 16 29 10 18 32 20 18 23 28 0 44
5 22 31 12 20 16 24 29 27 9 30 0 21
7 8 30 22 16 22 22 25 26 22 21 0 35
9 11 8 13 13 9 23 18 16 14 28 0 43
5 27 24 7 21 26 22 31 32 14 25 0 24
5 8 17 12 8 24 30 28 22 24 24 0 22
5 14 15 31 10 27 10 8 9 21 9 0 22
10 9 24 16 7 29 8 7 16 8 20 0 48
9 32 26 28 33 23 27 23 17 22 25 0 45
6 16 16 17 18 17 18 31 16 7 20 0 26
7 30 19 14 13 18 24 8 13 15 28 0 31
10 18 25 23 33 28 12 26 29 12 28 0 49
4 14 33 22 31 27 26 9 25 11 22 0 17
8 22 18 31 19 25 23 14 19 19 22 0 40
4 8 14 19 7 16 9 11 9 15 16 0 20
4 10 13 28 33 25 21 7 9 25 25 0 18
5 25 29 32 16 10 14 22 32 18 20 0 22
7 20 19 26 17 15 18 30 15 7 15 0 32
7 22 14 21 10 26 21 20 25 17 22 0 35
2 18 22 10 28 12 14 16 7 8 13 0 10
7 14 10 15 19 25 19 32 23 30 19 0 32
7 31 8 28 15 12 26 14 15 18 27 0 31
5 19 13 32 19 30 19 23 15 33 17 0 23
6 23 19 20 15 13 27 21 26 26 21 0 28
4 21 13 26 17 31 21 18 16 24 10 0 19
9 33 8 10 7 26 11 28 33 9 9 0 43
10 14 7 19 22 9 33 32 30 12 21 0 49
5 26 9 23 13 30 16 23 16 8 17 0 21
9 11 18 29 30 24 13 25 28 31 10 0 44
5 23 30 33 13 23 17 19 17 13 8 0 21
4 31 10 22 15 23 24 22 23 21 29 0 17
9 17 21 29 21 14 7 11 29 21 22 0 42
9 14 32 23 25 9 30 18 31 7 10 0 44
8 8 8 31 11 7 19 18 9 11 11 0 40
8 19 26 28 7 24 10 22 31 27 18 0 40
10 8 30 20 31 30 12 19 28 11 11 0 48
5 14 25 11 30 26 23 30 33 11 18 0 22
3 25 12 16 26 8 32 12 14 19 31 0 11
6 20 12 12 14 30 31 20 17 30 27 0 29
3 11 27 14 29 32 29 17 17 25 23 0 13
3 9 25 28 20 17 15 26 10 25 8 0 14
6 30 14 19 28 12 28 8 22 26 31 0 27
4 11 22 23 30 14 21 32 19 9 21 0 16
8 26 28 23 27 30 26 10 31 31 18 0 36
5 7 13 31 22 10 9 12 18 26 12 0 23
4 24 21 17 16 18 32 23 9 13 17 0 17
4 17 19 17 10 13 22 11 32 23 24 0 19
9 25 31 14 30 15 32 28 24 7 28 0 45
9 10 23 32 31 27 13 9 28 13 11 0 45
10 21 13 8 21 30 26 25 17 28 19 0 49
4 11 28 12 27 10 11 17 16 16 28 0 17
3 18 29 24 9 10 10 12 31 22 25 0 12
3 7 9 14 13 24 31 13 8 14 20 0 14
7 19 15 11 12 23 21 31 18 8 24 0 34
3 15 23 17 7 8 23 7 20 15 33 0 12
6 32 16 23 19 14 21 19 33 12 30 0 30
3 14 24 16 17 31 18 7 17 23 22 0 15
3 20 20 25 32 15 20 19 7 7 23 0 13
10 24 28 28 7 19 17 15 11 26 32 0 47
7 18 16 13 23 31 11 14 26 9 24 0 33
6 28 30 32 9 12 23 24 22 22 12 0 27
6 13 13 15 27 22 24 27 8 20 9 0 29
8 9 20 20 11 18 10 9 26 10 16 0 39
6 30 33 20 16 33 25 16 7 25 24 0 27
5 19 8 27 20 27 11 11 11 30 32 0 25
4 10 18 9 23 24 8 29 12 17 29 0 17
6 9 10 15 23 11 8 20 28 15 26 0 28
10 20 30 33 7 29 22 26 25 13 17 0 48
4 30 18 30 10 26 18 27 24 30 26 0 19
5 9 29 21 28 11 18 24 17 22 10 0 25
8 11 32 30 22 17 15 19 31 31 7 0 37
3 27 19 17 29 33 33 16 12 19 21 0 15
5 16 31 13 11 8 27 17 19 12 7 0 24
3 30 28 24 26 29 31 7 29 18 26 0 11
8 18 7 23 10 16 8 21 20 33 28 0 39
5 20 12 10 14 15 25 8 14 30 17 0 21
6 13 19 11 16 14 24 11 12 10 32 0 30
4 16 28 14 29 16 7 15 32 29 30 0 19
7 25 20 13 16 11 23 29 32 14 23 0 31
3 18 10 9 14 30 19 33 10 19 20 0 12
6 10 19 32 10 25 15 10 7 11 18 0 30
6 16 10 21 21 20 13 17 11 13 14 0 26
10 18 24 32 23 26 10 22 15 31 25 0 49
4 8 23 24 12 9 27 19 27 14 15 0 17
4 30 16 20 27 18 8 14 28 18 11 0 16
4 26 12 33 27 27 25 24 7 18 11 0 17
10 29 14 10 31 14 32 12 18 21 33 0 47
8 27 23 20 26 23 30 23 11 19 28 0 40
3 13 20 17 30 15 22 12 31 32 33 0 14
5 11 23 29 27 22 32 12 15 26 30 0 21
5 23 15 18 17 16 9 21 20 15 15 0 22
3 22 7 33 33 27 29 27 21 30 18 0 15
9 29 32 28 28 10 32 10 21 32 26 0 43
4 25 21 8 13 18 27 24 22 22 19 0 18
7 9 33 25 24 19 10 31 32 19 20 0 34
9 21 32 26 13 33 15 19 11 11 21 0 45
10 23 18 24 21 12 29 14 25 9 31 0 48
8 7 9 13 17 32 15 23 26 11 31 0 38
8 32 29 24 26 25 16 9 17 28 20 0 38
4 24 20 19 9 31 10 25 10 18 29 0 20
3 11 13 31 9 13 16 28 29 11 24 0 12
5 20 9 30 30 17 14 31 13 27 11 0 25
2 11 29 29 33 23 17 19 14 29 31 0 10
10 15 24 30 19 21 9 13 15 17 27 0 49
4 22 9 26 28 18 25 20 10 22 20 0 16
10 14 13 14 16 17 27 23 22 17 29 0 47
3 16 20 20 25 27 33 29 33 26 30 0 13
7 28 23 18 23 10 25 27 16 28 30 0 32
4 12 31 16 30 16 21 10 11 8 28 0 17
8 19 21 12 19 21 31 21 27 18 13 0 38
3 31 24 19 31 30 25 12 27 29 27 0 14
9 21 33 8 11 12 13 27 18 19 28 0 45
10 15 31 23 11 26 9 24 23 19 25 0 46
4 24 19 14 23 17 9 24 32 22 27 0 20
8 32 33 26 20 22 24 17 28 18 26 0 39
2 24 21 17 32 25 29 33 11 28 29 0 10
10 30 30 25 12 32 9 9 30 19 20 0 49
3 8 22 8 20 12 7 30 19 20 26 0 11
4 13 27 10 21 15 13 22 12 7 7 0 20
5 15 20 16 17 19 21 28 23 30 16 0 25
7 13 31 26 27 31 7 25 22 10 20 0 32
3 25 28 26 14 16 9 29 16 23 23 0 13
8 10 29 18 12 21 15 30 28 15 10 0 37
4 10 9 21 9 17 9 15 16 19 31 0 19
4 23 23 14 23 20 15 16 22 19 24 0 17
9 21 16 16 17 31 13 13 16 16 23 0 44
8 16 9 23 22 25 19 9 26 33 29 0 37
9 26 25 19 13 30 12 11 19 27 26 0 44
6 10 18 33 17 17 9 27 26 20 14 0 26
8 21 21 9 25 16 8 30 10 23 20 0 38
5 26 30 7 12 22 10 16 21 13 24 0 25
6 15 31 29 7 11 18 18 27 22 32 0 28
7 9 20 30 12 32 13 32 27 24 10 0 34
5 24 16 8 10 24 14 11 23 22 9 0 22
8 29 26 13 28 17 33 33 13 18 7 0 40
3 7 28 8 29 25 14 28 19 24 11 0 15
6 20 19 27 19 25 9 23 31 16 10 0 29
6 29 28 28 29 15 17 12 15 7 7 0 28
10 27 21 29 33 17 25 32 19 13 33 0 49
3 11 24 20 31 31 11 29 9 13 16 0 15
6 8 25 16 17 27 32 13 32 11 10 0 28
8 13 16 31 15 11 26 19 28 23 31 0 39
9 24 23 33 9 29 29 22 11 22 14 0 44
8 18 30 21 30 32 22 19 10 21 19 0 38
3 29 22 21 25 25 21 23 17 13 22 0 11
4 21 14 21 26 17 29 27 17 27 33 0 19
5 33 32 17 30 8 15 9 28 11 31 0 25
2 14 32 30 30 15 22 24 12 11 30 0 10
7 11 24 19 16 21 9 9 24 11 28 0 31
4 24 28 10 33 15 24 20 25 14 30 0 20
6 32 23 28 23 17 20 14 32 18 16 0 30
8 14 18 12 11 14 17 32 19 16 8 0 38
8 13 29 26 33 29 26 20 19 20 24 0 36
4 31 18 32 14 27 8 13 20 25 28 0 20
9 21 16 31 22 27 25 22 8 24 7 0 45
10 27 16 19 27 15 22 21 22 22 8 0 48
7 29 27 21 12 24 31 18 23 23 8 0 35
4 9 18 23 9 26 16 10 27 15 11 0 20
9 13 13 15 17 28 27 31 24 18 10 0 44
2 13 22 26 19 21 14 28 23 16 33 0 10
9 9 19 9 14 26 9 16 8 28 12 0 43
10 23 26 15 12 21 14 25 31 18 20 0 46
6 20 10 33 15 26 10 16 22 16 11 0 29
5 7 25 27 33 31 24 8 30 32 8 0 25
3 25 25 17 11 7 33 9 15 16 14 0 12
9 30 22 9 26 10 20 16 26 24 23 0 42
3 24 19 17 31 15 30 24 21 14 33 0 11
10 18 23 30 29 10 32 26 19 19 10 0 50
4 27 23 17 31 24 7 15 22 15 32 0 16
7 28 19 24 14 26 26 11 30 33 17 0 34
9 33 8 16 10 32 13 10 13 7 28 0 43
3 13 24 9 33 24 21 10 17 28 21 0 14
5 10 26 30 31 11 30 19 15 23 25 0 22
8 28 24 27 33 8 9 15 28 12 13 0 38
5 10 8 20 17 30 14 33 12 12 13 0 24
10 18 24 21 19 12 19 18 26 27 29 0 48
3 32 33 15 24 28 30 9 26 19 19 0 15
3 32 24 30 22 33 14 14 30 33 18 0 11
7 13 13 12 24 7 7 8 28 7 19 0 33
8 22 8 25 29 11 29 15 7 26 28 0 40
9 10 8 28 24 11 15 12 7 20 27 0 45
10 8 7 18 25 13 21 8 16 22 28 0 50
8 16 15 24 10 15 10 32 14 19 23 0 37
3 15 30 25 12 18 17 15 17 29 17 0 11
4 28 33 8 32 18 32 17 21 33 19 0 20
4 25 25 33 26 10 29 16 14 28 29 0 17
8 21 16 9 16 16 12 8 30 22 11 0 37
5 19 27 9 14 18 9 28 33 19 23 0 25
10 21 10 27 27 13 16 20 28 25 21 0 47
9 8 13 33 18 12 24 14 23 10 14 0 44
6 7 25 30 14 27 18 14 23 23 28 0 30
9 23 18 33 28 26 31 30 30 23 15 0 43
6 18 28 31 29 19 8 21 24 12 10 0 26
10 26 16 17 32 10 28 29 15 14 14 0 50
3 32 13 29 12 30 22 17 22 17 7 0 15
4 12 12 23 22 9 14 32 22 16 13 0 18
5 26 22 7 14 7 17 33 29 12 7 0 25
3 33 26 15 22 23 20 11 31 26 22 0 14
4 9 25 16 25 26 26 17 23 31 11 0 16
8 30 33 20 8 16 10 15 21 12 33 0 37
10 13 33 28 11 32 11 21 9 21 20 0 49
10 17 9 26 21 19 19 8 13 24 28 0 48
3 17 32 19 29 31 10 16 18 29 27 0 14
4 10 16 22 7 14 14 18 18 19 7 0 17
9 29 10 22 20 8 24 17 11 9 10 0 45
8 20 26 17 27 27 19 8 10 30 24 0 38
4 20 29 21 31 18 23 31 10 13 22 0 19
7 20 28 27 18 14 31 22 31 18 31 0 33
8 32 12 26 26 30 17 8 31 15 9 0 39
4 8 33 32 15 22 32 15 7 13 8 0 20
10 22 27 19 7 16 19 8 10 29 7 0 50
7 21 15 21 20 10 29 18 20 20 11 0 34
9 9 29 14 33 23 25 13 24 11 28 0 41
3 16 33 11 27 17 20 30 14 12 31 0 12
5 11 22 17 21 24 8 27 19 16 11 0 22
5 15 18 30 27 19 18 11 27 30 29 0 22
9 21 12 14 16 27 27 17 11 21 12 0 42
6 20 25 18 18 30 30 8 15 32 18 0 28
4 7 27 33 18 11 26 26 11 33 31 0 20
7 15 8 28 11 28 17 32 25 26 30 0 33
4 30 25 12 29 27 10 16 9 18 14 0 20
8 11 20 18 19 24 26 21 20 16 25 0 36
3 29 33 13 9 26 33 8 17 26 29 0 11
5 13 11 32 29 27 17 17 21 26 17 0 23
4 27 30 28 19 17 18 28 29 16 30 0 17
10 29 10 32 17 7 24 10 10 8 29 0 49
4 11 21 23 23 33 31 21 10 17 12 0 19
5 33 23 27 21 18 13 8 32 16 31 0 23
9 30 18 18 22 12 20 9 11 7 7 0 44
4 26 15 32 32 7 16 9 25 16 15 0 17
4 19 12 13 31 30 33 11 26 7 31 0 17
10 8 20 8 12 15 7 21 21 32 23 0 47
4 24 16 32 15 10 31 24 12 14 12 0 20
10 21 24 11 16 16 11 24 19 25 22 0 48
6 23 16 11 16 12 24 13 17 27 18 0 29
5 10 14 9 25 22 24 7 10 21 8 0 24
4 10 8 13 24 8 12 31 7 16 19 0 17
10 18 12 24 32 26 19 20 11 25 14 0 47
6 7 29 16 26 19 13 30 17 29 12 0 30
5 18 32 27 16 31 7 33 15 33 12 0 25
5 14 21 33 10 9 24 13 14 23 16 0 24
3 13 11 21 15 11 9 24 30 19 27 0 13
5 13 15 18 29 30 26 27 33 21 28 0 25
4 28 8 29 15 25 20 26 31 24 25 0 18
3 32 20 10 15 9 20 10 19 10 7 0 12
9 22 30 14 14 20 11 13 24 15 10 0 42
7 23 8 13 12 13 9 24 20 12 27 0 32
8 20 22 20 31 25 21 12 8 27 32 0 38
10 20 17 28 31 25 25 29 15 32 28 0 46
2 14 10 13 19 24 25 7 10 23 24 0 10
8 25 28 24 13 27 9 20 27 25 13 0 37
7 22 9 8 27 16 7 20 25 30 20 0 33
9 9 7 19 21 26 11 15 13 33 7 0 44
3 26 7 8 30 33 20 33 32 11 23 0 12
10 30 27 32 24 32 9 21 15 31 28 0 50
9 24 10 23 13 8 7 24 20 21 22 0 44
6 23 26 11 28 24 30 25 13 14 19 0 27
8 30 25 20 23 12 8 12 26 9 7 0 40
4 22 11 27 13 31 14 11 17 28 25 0 17
10 33 12 25 20 17 20 19 29 21 20 0 47
10 27 11 21 18 29 22 23 31 8 13 0 50
2 9 15 19 7 23 29 30 28 15 21 0 10
9 30 9 33 28 18 31 26 29 15 13 0 43
6 26 10 21 23 19 19 22 28 8 8 0 30
6 24 20 13 8 14 18 27 15 29 16 0 28
10 10 10 21 23 19 16 32 8 29 18 0 48
10 31 33 14 7 11 15 14 33 14 8 0 46
7 18 15 7 26 22 14 27 31 23 30 0 33
8 25 20 26 15 7 20 10 8 17 28 0 38
9 13 14 25 17 29 28 9 26 11 20 0 45
5 10 27 18 10 9 26 33 28 17 18 0 24
6 28 23 24 32 28 24 15 23 12 9 0 30
5 17 8 14 14 20 10 16 16 21 19 0 24
7 32 27 33 19 18 20 18 25 18 32 0 35
10 33 32 22 32 16 16 9 18 28 14 0 48
5 14 27 7 23 22 19 12 14 13 19 0 25
3 12 13 24 14 25 29 26 27 30 13 0 13
6 18 29 27 27 7 13 23 33 27 31 0 26
2 10 28 23 33 30 22 8 18 20 21 0 10
4 18 28 29 24 10 25 25 20 28 28 0 18
6 24 32 10 10 25 8 7 22 12 13 0 30
5 7 18 31 32 9 12 32 29 33 25 0 24
4 31 24 7 17 7 26 11 12 19 11 0 17
3 24 9 24 8 21 28 19 18 31 20 0 15
3 9 32 11 31 28 22 16 15 21 16 0 13
9 30 22 32 24 30 11 23 33 33 8 0 41
9 7 25 27 31 23 22 29 20 30 28 0 45
6 28 33 10 8 27 21 24 28 7 14 0 27
4 29 18 24 31 14 32 8 15 16 22 0 19
7 18 16 14 13 28 26 26 10 23 8 0 32
3 31 19 26 25 7 24 26 28 9 21 0 11
5 33 8 12 29 16 12 10 11 14 21 0 25
4 10 27 14 33 10 27 18 18 15 23 0 18
8 19 17 20 16 31 15 14 17 14 10 0 37
8 27 33 26 26 23 15 23 33 20 17 0 37
4 26 21 20 27 26 29 27 27 20 13 0 20
5 20 21 13 12 20 33 26 23 28 11 0 22
6 10 7 18 25 22 23 24 28 19 11 0 27
3 33 10 32 19 19 32 29 28 18 15 0 11
6 11 18 13 31 21 23 9 17 33 15 0 27
9 19 13 10 33 20 29 23 15 19 8 0 41
10 11 26 20 10 28 24 12 8 19 16 0 46
3 19 22 19 9 17 8 29 31 17 21 0 15
7 32 15 21 11 31 22 24 17 24 25 0 32
6 10 14 7 21 25 22 19 18 30 11 0 27
4 15 12 23 29 24 31 13 14 22 8 0 20
3 21 22 20 33 17 8 25 31 17 10 0 13
5 28 14 14 7 26 12 32 18 9 33 0 21
4 17 18 16 26 29 9 16 12 29 21 0 18
9 12 11 29 30 15 14 19 26 18 12 0 44
4 15 21 33 16 8 32 20 23 32 15 0 20
10 27 8 27 20 8 17 8 24 27 32 0 50
6 23 11 25 10 23 9 30 17 8 18 0 30
4 24 15 8 28 16 20 16 33 26 12 0 17
8 13 22 11 23 16 20 19 8 20 18 0 39
10 14 28 32 21 7 8 24 26 24 11 0 50
3 18 8 24 16 16 32 32 13 31 33 0 12
9 17 17 17 9 27 15 7 13 31 17 0 42
10 26 9 15 13 20 18 16 30 30 11 0 48
3 14 18 29 25 31 29 13 33 30 14 0 14
7 24 21 7 26 19 30 30 9 29 30 0 32
9 29 29 21 25 31 27 33 11 26 28 0 41
5 23 8 17 30 14 29 32 14 32 15 0 22
5 22 9 14 27 16 21 10 16 15 21 0 23
8 31 24 28 21 9 10 28 11 32 10 0 40
4 27 32 30 20 28 14 16 28 24 15 0 18
5 19 25 8 11 7 25 10 12 9 21 0 25
8 33 11 10 12 29 14 11 15 27 18 0 38
6 20 13 8 30 31 29 33 31 11 10 0 28
10 19 16 13 32 8 23 14 25 21 21 0 46
8 22 24 24 19 10 24 16 32 23 18 0 39
6 9 30 18 7 11 9 31 21 27 26 0 27
9 9 10 12 13 17 15 26 19 17 28 0 43
4 27 24 16 25 7 10 21 23 15 8 0 19
4 28 7 28 19 24 26 24 14 15 7 0 20
10 22 22 7 28 21 9 18 25 26 23 0 49
9 18 26 17 14 8 21 30 12 33 19 0 41
3 10 16 12 22 23 13 30 26 22 22 0 14
8 9 13 32 31 30 7 25 27 20 30 0 39
8 13 27 9 30 30 22 24 23 27 32 0 38
4 33 33 22 20 23 32 26 17 33 13 0 17
8 23 23 15 26 17 25 33 23 24 8 0 36
2 19 25 28 8 11 9 14 19 10 8 0 10
10 16 33 32 22 9 17 19 28 24 16 0 48
3 8 23 26 14 24 15 12 9 8 13 0 14
3 14 11 26 24 9 14 11 14 13 23 0 13
3 14 18 24 16 15 7 28 10 16 31 0 13
3 32 13 22 24 17 15 19 14 27 10 0 11
5 12 30 22 17 19 12 12 25 20 30 0 23
8 20 12 15 22 32 25 10 27 21 28 0 36
10 15 26 17 11 26 25 21 13 24 7 0 50
9 11 15 19 28 18 19 20 15 26 15 0 43
7 21 29 13 26 23 12 27 20 23 9 0 33
4 31 24 31 8 21 22 32 15 23 27 0 20
8 23 27 8 31 16 16 31 30 20 17 0 40
9 9 15 7 23 26 23 33 10 18 30 0 41
3 21 15 8 30 21 32 23 26 23 33 0 15
7 21 29 14 15 14 22 21 32 10 14 0 32
9 7 29 27 25 7 23 24 21 28 22 0 45
10 18 22 21 9 20 33 29 9 15 31 0 50
5 20 29 25 14 7 30 11 12 21 27 0 25
4 19 25 23 21 17 7 8 27 17 8 0 19
8 28 22 18 28 14 9 16 16 23 29 0 39
10 33 26 19 27 15 15 11 14 22 23 0 46
7 29 8 33 23 26 21 15 13 20 31 0 35
10 25 20 17 20 32 29 30 29 23 28 0 49
10 32 13 29 19 22 22 24 15 26 29 0 49
3 29 8 29 27 30 19 22 20 33 23 0 11
2 21 13 30 28 13 24 16 10 13 30 0 10
8 16 16 16 14 17 21 23 24 21 8 0 39
5 15 20 20 32 13 16 32 24 9 10 0 24
7 20 12 28 20 13 20 11 24 23 10 0 35
5 24 16 19 28 22 18 33 18 21 9 0 22
7 17 16 32 18 19 20 26 17 7 9 0 35
7 10 32 7 13 12 21 8 8 14 30 0 31
4 21 23 31 11 28 30 30 7 11 33 0 18
4 23 9 25 25 12 9 22 8 10 20 0 16
10 18 16 22 21 7 25 32 15 18 12 0 50
6 13 24 8 10 23 19 27 30 14 10 0 30
6 14 10 31 29 28 17 12 30 10 17 0 30
6 17 14 32 10 7 32 7 15 32 15 0 28
9 26 30 7 19 25 25 22 17 19 17 0 41
7 7 21 7 32 14 13 14 22 17 22 0 32
3 13 23 8 19 27 8 26 20 10 29 0 14
6 9 23 10 28 30 9 25 31 20 32 0 30
2 33 27 26 33 30 18 8 20 15 26 0 10
3 18 21 32 24 15 19 29 22 22 17 0 12
8 23 11 17 10 32 27 22 20 15 32 0 40
5 31 31 18 18 22 24 23 7 15 16 0 23
3 26 28 15 17 10 8 32 29 28 21 0 12
6 11 17 29 13 31 16 28 29 26 13 0 28
5 33 14 9 32 20 23 10 32 25 16 0 22
4 28 14 15 22 27 10 22 26 22 16 0 18
6 11 18 30 29 32 27 27 28 13 32 0 28
7 8 16 33 10 7 23 21 23 19 20 0 34
5 25 14 12 20 24 32 24 21 21 26 0 24
3 11 9 26 19 32 10 19 25 21 27 0 14
4 18 14 19 24 15 19 25 29 33 30 0 18
8 31 27 10 33 19 14 20 24 16 12 0 39
3 8 9 30 20 33 9 14 8 28 15 0 11
9 16 30 9 14 30 8 13 32 10 28 0 44
5 9 19 17 27 16 28 7 26 15 21 0 23
6 13 26 8 19 29 8 7 28 7 25 0 28
10 13 8 15 29 20 22 28 31 9 19 0 47
3 15 11 18 14 33 20 27 33 33 33 0 14
10 11 17 7 25 10 26 20 13 22 22 0 46
3 14 13 23 18 14 28 7 30 7 22 0 15
5 17 32 33 31 14 19 21 12 14 22 0 21
4 18 26 33 22 27 20 11 31 32 16 0 19
8 12 11 27 9 10 25 12 21 20 8 0 38
10 9 16 14 17 15 14 26 23 8 17 0 49
9 11 18 27 24 12 9 11 33 25 31 0 41
9 12 27 30 15 14 11 12 28 17 10 0 41
9 25 32 15 31 27 32 26 22 26 12 0 45
8 27 13 25 27 25 13 33 25 15 17 0 40
10 15 20 25 9 10 25 28 7 32 16 0 47
4 15 19 21 30 28 30 33 7 25 11 0 20
9 7 19 20 14 8 18 24 7 15 16 0 41
7 33 22 16 20 30 12 30 18 32 32 0 33
8 26 10 33 28 22 23 24 23 19 26 0 40
7 19 9 27 33 11 30 20 28 25 17 0 32
9 29 29 11 24 32 10 7 26 9 32 0 45
7 19 8 30 14 25 13 22 20 18 8 0 34
3 9 17 9 31 13 30 19 31 18 12 0 12
3 13 11 10 13 20 30 20 7 32 18 0 11
5 23 29 22 16 25 30 13 16 29 25 0 25
8 18 32 26 21 27 23 19 22 32 22 0 39
9 20 30 12 23 10 11 24 25 30 22 0 44
9 30 21 33 13 17 30 9 30 23 24 0 43
3 19 7 8 17 8 29 20 31 11 19 0 15
8 24 18 11 27 12 18 20 15 9 10 0 37
9 12 24 14 29 7 33 31 24 23 10 0 44
7 11 8 30 17 20 27 11 7 30 33 0 33
10 31 24 18 25 9 31 17 28 28 32 0 49
10 32 27 32 21 8 26 17 33 32 13 0 48
10 28 23 24 11 33 20 9 10 12 19 0 49
7 29 29 23 9 26 28 14 18 11 10 0 33
4 22 32 32 26 22 30 28 24 24 23 0 16
7 16 30 19 23 21 16 9 23 8 24 0 32
3 13 17 15 33 17 21 18 31 27 31 0 11
3 20 28 32 32 13 11 11 18 29 14 0 15
9 17 32 12 9 13 13 17 17 12 23 0 41
3 19 28 20 16 13 22 30 16 27 29 0 13
5 10 16 7 8 19 18 20 17 33 25 0 23
4 21 16 17 26 23 30 25 14 23 10 0 20
3 13 29 28 23 29 29 22 7 14 9 0 13
10 11 24 33 9 27 25 24 7 14 32 0 46
5 31 32 32 27 23 13 17 21 9 30 0 22
7 32 17 10 21 33 12 12 21 27 11 0 34
10 14 10 17 23 11 22 23 23 18 32 0 50
7 23 31 33 21 28 24 19 27 29 16 0 31
10 9 24 7 11 16 27 12 12 21 11 0 50
7 31 17 14 32 15 32 14 13 17 17 0 33
7 11 15 24 30 12 8 22 12 19 22 0 35
9 9 32 21 25 18 25 25 9 18 17 0 45
9 28 25 23 9 33 32 26 31 19 9 0 45
5 24 14 19 28 16 30 22 7 25 30 0 23
3 9 7 8 21 19 25 13 8 12 11 0 15
10 25 15 18 26 9 24 23 17 16 16 0 48
9 21 27 25 26 17 7 31 18 17 19 0 41
10 9 23 19 28 21 12 18 10 13 32 0 46
8 13 7 22 28 11 22 32 14 32 20 0 37
5 7 20 21 21 11 31 18 8 16 24 0 24
10 8 32 16 27 21 14 14 21 14 10 0 48
5 10 21 14 26 11 20 8 30 27 21 0 24
10 18 10 33 28 18 22 32 33 12 18 0 49
8 12 26 25 20 17 12 29 23 11 18 0 36
5 17 18 26 30 20 20 12 19 29 24 0 24
10 25 32 17 7 19 16 22 9 19 11 0 48
4 33 8 12 21 31 24 18 28 26 26 0 16
7 27 26 28 30 26 12 17 9 10 16 0 31
4 18 25 18 7 15 33 16 24 16 9 0 17
5 18 11 13 20 16 10 15 9 20 29 0 21
7 20 14 13 28 20 9 14 28 23 22 0 31
7 23 29 32 32 32 12 22 24 19 29 0 34
3 26 11 10 12 29 24 14 8 7 32 0 11
6 14 7 17 28 12 22 23 30 32 25 0 29
5 17 15 23 27 30 21 7 32 33 27 0 22
3 15 23 19 10 21 29 16 10 16 33 0 14
3 9 25 21 8 31 15 25 12 12 10 0 12
8 12 30 22 13 18 12 31 32 11 33 0 37
3 18 29 23 8 30 26 30 16 8 20 0 14
8 15 26 19 8 30 22 18 13 20 23 0 37
4 12 19 7 8 31 27 29 32 33 11 0 16
7 25 23 32 31 22 16 24 11 21 19 0 33
3 9 25 18 32 23 20 26 21 29 13 0 14
2 29 22 14 13 13 18 28 28 11 8 0 10
10 14 24 19 13 27 9 31 22 23 27 0 46
3 14 25 11 29 26 8 9 11 23 29 0 14
7 7 7 29 17 9 25 32 15 15 20 0 34
7 10 24 8 31 12 26 9 15 19 23 0 35
8 10 32 20 9 25 8 16 29 28 26 0 40
10 17 9 31 26 17 22 10 22 24 31 0 46
9 13 26 29 24 26 9 25 24 28 11 0 43
7 16 30 8 25 19 14 20 26 27 28 0 32
9 25 14 26 31 19 26 27 20 18 16 0 44
6 10 18 25 29 27 16 10 21 29 31 0 30
5 18 30 14 10 29 28 22 23 13 28 0 23
5 11 13 9 23 12 32 29 19 32 19 0 24
10 20 26 26 31 7 31 18 12 19 31 0 46
4 27 11 22 8 25 19 10 29 22 19 0 17
3 12 12 18 23 16 23 33 12 32 11 0 14
4 13 25 24 19 27 7 23 22 22 8 0 19
7 10 25 27 14 9 13 12 9 24 29 0 31
3 10 20 30 17 13 30 18 16 28 29 0 13
9 17 33 7 9 32 11 17 29 30 11 0 43
10 13 27 33 27 22 24 15 14 14 23 0 49
7 15 23 28 27 24 33 21 15 31 31 0 32
7 15 22 33 30 16 27 24 20 28 28 0 34
7 31 9 26 16 29 22 33 18 19 24 0 32
5 21 21 29 13 32 16 23 30 15 22 0 25
4 28 23 24 23 28 30 32 26 22 18 0 17
4 14 14 19 11 17 20 24 11 32 14 0 18
7 17 19 12 31 31 17 28 15 21 8 0 31
4 24 29 33 20 31 17 11 25 27 20 0 19
8 22 13 11 23 17 23 8 29 17 24 0 39
8 7 25 29 24 20 13 16 18 15 30 0 36
4 23 22 26 13 18 10 32 26 15 20 0 19
9 9 18 19 32 20 23 20 22 30 9 0 41
10 14 20 28 25 24 12 29 28 24 8 0 46
4 13 29 23 11 27 28 15 20 25 11 0 19
8 26 11 26 15 13 16 25 22 25 12 0 40
4 23 24 11 30 33 28 7 26 7 27 0 18
9 11 27 10 8 16 14 10 13 17 29 0 45
8 14 33 11 12 26 18 26 24 20 22 0 40
4 30 18 32 15 17 10 25 23 24 8 0 18
6 30 29 31 14 20 8 13 22 27 23 0 27
8 12 24 11 17 25 21 31 28 19 33 0 38
10 27 17 14 26 20 20 14 19 7 18 0 49
4 27 33 25 8 25 7 31 32 30 21 0 16
8 24 29 10 30 11 12 7 32 14 24 0 39
8 16 27 26 9 30 30 25 18 12 15 0 40
5 12 11 32 31 9 22 17 14 33 33 0 24
9 29 25 18 20 7 23 19 12 24 13 0 41
10 28 30 19 16 29 20 15 14 16 10 0 49
9 32 23 28 16 33 19 31 32 11 28 0 44
8 26 29 18 30 16 26 13 33 8 13 0 38
2 15 18 20 23 14 10 20 11 24 7 0 10
9 10 11 23 23 14 27 32 24 32 11 0 41
4 15 30 14 26 26 25 24 13 20 28 0 19
3 28 26 16 26 25 25 8 31 33 11 0 12
4 22 12 10 20 30 19 33 24 28 23 0 19
9 20 8 7 27 7 33 24 7 32 28 0 44
4 11 12 20 7 24 19 13 25 17 32 0 20
8 21 15 32 13 9 15 32 25 14 12 0 37
9 13 13 29 11 28 25 14 21 12 25 0 44
10 15 10 15 20 31 31 19 15 9 23 0 46
8 25 13 9 31 12 11 19 11 13 31 0 40
5 10 33 30 26 7 33 19 20 23 18 0 22
7 19 9 15 14 12 20 16 20 18 22 0 34
7 15 33 12 9 20 30 31 25 21 28 0 33
6 32 14 20 20 11 29 30 21 26 21 0 30
9 24 16 21 33 24 30 25 20 30 7 0 41
3 21 23 31 21 27 26 12 31 28 24 0 13
9 24 11 9 23 25 22 17 13 9 29 0 43
6 13 14 27 19 12 23 22 20 16 11 0 29
8 25 14 19 14 19 19 13 16 25 14 0 36
8 10 13 21 31 26 9 11 18 18 30 0 39
2 11 14 17 17 33 25 24 25 9 31 0 10
5 12 32 9 28 26 14 12 28 22 9 0 21
5 9 20 9 30 29 29 7 22 25 31 0 25
5 8 20 29 16 25 19 21 8 17 24 0 25
5 24 24 23 9 9 10 13 23 16 29 0 24
7 11 23 7 30 12 27 30 32 30 25 0 34
3 9 31 21 26 26 24 11 25 8 16 0 15
8 19 33 25 25 24 13 31 9 11 14 0 38
3 22 29 22 20 24 25 29 24 22 14 0 13
5 23 11 12 19 28 12 17 15 28 10 0 24
10 23 11 18 29 8 29 16 23 30 10 0 48
4 30 29 27 26 28 19 18 33 33 26 0 16
8 7 20 24 7 17 14 25 28 13 12 0 36
5 14 33 13 32 33 17 13 33 17 29 0 25
7 8 11 31 17 25 8 8 26 18 24 0 32
9 27 15 18 14 16 29 22 9 9 9 0 41
3 16 11 32 25 25 7 16 13 31 10 0 13
9 9 31 27 23 26 10 29 31 13 9 0 41
5 7 30 31 32 8 12 15 11 13 17 0 22
6 22 10 29 12 27 18 12 19 16 25 0 28
9 16 25 28 18 26 22 17 8 16 18 0 44
9 8 14 7 28 27 10 24 21 33 26 0 44
9 17 11 12 28 14 15 28 11 11 20 0 44
9 21 30 25 20 19 33 28 21 8 26 0 41
3 16 31 31 21 16 11 33 17 22 32 0 11
9 13 15 18 16 31 16 24 27 12 13 0 45
7 25 21 13 21 16 15 9 30 11 7 0 35
8 25 8 14 7 7 33 7 24 30 13 0 40
5 8 22 24 12 31 7 24 9 33 14 0 24
3 19 8 20 21 21 21 10 12 30 9 0 12
4 33 8 21 22 30 32 11 11 13 32 0 17
9 26 18 9 10 31 18 12 14 14 26 0 45
9 21 23 7 17 9 20 8 22 12 18 0 44
5 30 31 15 20 23 22 16 15 22 18 0 21
4 27 18 23 13 10 15 10 28 7 10 0 19
5 8 32 19 9 31 16 17 31 13 15 0 22
6 19 32 7 20 29 16 16 29 25 27 0 26
9 28 19 19 8 32 28 32 27 24 26 0 41
3 26 28 26 12 17 21 17 24 29 15 0 15
10 26 8 19 21 18 7 23 30 13 7 0 46
9 31 28 18 9 13 8 18 24 17 13 0 42
4 28 26 14 16 19 15 27 19 25 23 0 19
4 28 18 10 10 21 7 7 12 27 13 0 18
8 22 28 14 17 23 18 29 13 28 24 0 36
7 8 23 32 28 30 7 26 13 8 11 0 33
6 14 28 13 23 20 9 12 26 7 13 0 26
7 12 13 15 13 32 25 31 23 15 19 0 35
5 14 18 18 32 33 11 15 11 26 31 0 23
6 27 10 33 25 20 25 26 32 16 32 0 28
8 13 21 22 17 19 19 29 27 12 31 0 38
3 26 26 22 9 18 24 9 21 16 11 0 12
5 33 8 21 20 22 7 20 29 27 13 0 25
3 14 15 24 21 33 15 30 32 33 24 0 12
7 30 29 17 14 13 18 16 7 29 30 0 34
7 17 27 18 10 33 32 28 20 32 8 0 34
8 18 32 20 30 28 18 33 13 12 17 0 37
4 18 23 14 16 18 24 30 20 21 23 0 16
10 32 32 20 33 25 26 11 15 15 24 0 48
10 30 31 19 11 11 23 11 14 17 17 0 50
10 26 15 23 29 31 23 8 22 15 33 0 49
5 15 31 9 23 22 22 31 13 25 19 0 24
9 17 24 14 27 10 21 9 28 25 18 0 44
8 15 31 32 11 10 22 15 19 14 10 0 37
5 12 19 7 32 21 28 8 18 31 26 0 23
5 25 19 28 32 8 21 25 17 12 19 0 22
7 15 10 26 23 9 19 11 24 13 16 0 34
3 24 27 30 28 28 8 24 12 23 11 0 11
9 23 7 28 17 14 24 21 17 28 31 0 41
9 25 28 7 33 16 21 8 31 22 29 0 43
10 16 9 26 21 10 18 14 16 12 33 0 48
6 7 15 16 26 13 32 22 31 11 17 0 29
4 26 32 7 16 14 23 21 31 22 19 0 20
5 8 11 27 33 7 15 23 28 29 10 0 24
9 10 25 32 26 29 19 7 33 21 32 0 45
4 11 8 30 10 9 32 29 27 14 11 0 18
8 18 19 24 21 15 32 9 26 32 11 0 38
6 26 26 11 20 17 9 30 30 20 31 0 29
7 27 24 28 9 22 20 24 32 14 17 0 32
5 22 21 28 26 22 14 7 9 28 14 0 22
8 11 22 13 13 25 8 10 9 12 19 0 39
4 10 11 16 33 33 9 33 18 25 31 0 18
7 8 18 28 27 27 14 29 16 31 9 0 33
9 14 21 15 24 12 28 26 16 21 32 0 42
4 12 33 26 32 12 26 24 8 14 14 0 20
6 13 8 20 13 31 20 9 8 14 26 0 29
10 20 9 32 24 25 26 11 29 15 30 0 49
4 22 33 29 27 13 14 24 16 13 33 0 18
3 29 30 24 20 33 9 12 33 7 10 0 11
3 23 26 7 11 22 22 10 11 18 28 0 15
8 22 31 21 8 22 14 19 21 26 14 0 40
7 24 9 31 25 20 18 20 9 27 17 0 31
9 17 27 21 8 10 19 12 19 23 23 0 42
3 28 20 24 14 7 27 9 23 16 33 0 15
9 27 25 13 27 11 27 32 8 23 10 0 44
6 20 26 28 14 32 18 16 27 32 7 0 26
6 27 13 7 7 21 22 17 19 32 19 0 30
10 30 15 16 28 12 10 19 30 29 24 0 48
7 25 23 27 17 31 10 22 25 23 14 0 31
4 28 32 14 31 27 23 23 9 20 32 0 18
8 33 12 16 29 8 33 18 15 7 10 0 37
10 11 29 16 23 24 24 24 8 29 29 0 46
10 18 23 26 33 17 10 28 29 32 28 0 46
5 9 11 27 28 9 16 28 7 26 17 0 23
2 18 24 22 28 22 19 24 11 16 9 0 10
5 15 16 22 17 8 29 13 7 13 12 0 25
4 22 27 32 29 12 11 21 14 24 22 0 19
2 22 20 9 29 32 10 7 25 25 8 0 10
7 13 11 9 16 31 10 8 18 9 20 0 34
5 15 30 12 21 14 11 19 22 28 28 0 23
3 14 12 18 11 9 16 19 20 20 15 0 14
8 12 32 11 14 18 18 10 8 16 17 0 37
4 8 33 15 31 30 20 7 7 33 11 0 17
8 20 17 21 22 28 31 23 25 12 16 0 36
3 13 22 18 23 9 16 11 20 28 30 0 11
7 24 19 13 32 9 7 13 15 14 26 0 35
5 7 26 25 16 18 21 30 10 13 16 0 24
4 32 8 14 32 11 17 29 18 27 10 0 18
4 10 18 13 23 32 8 28 32 10 22 0 19
7 21 17 33 11 14 22 7 32 10 20 0 31
9 19 30 15 23 19 24 14 28 15 10 0 41
2 8 7 17 18 15 21 20 23 7 7 0 10
4 19 14 23 12 8 22 30 25 9 16 0 20
6 26 28 8 29 28 27 30 27 15 27 0 27
2 8 33 23 22 27 24 17 25 20 29 0 10
7 19 27 19 8 11 14 14 25 28 9 0 33
5 21 32 19 23 33 7 29 21 12 26 0 22
8 31 19 32 7 20 18 23 13 32 22 0 37
7 22 20 33 21 12 28 29 14 9 16 0 33
7 7 19 21 23 7 18 7 30 25 14 0 33
9 25 32 27 21 30 13 11 18 33 12 0 41
9 24 24 25 15 9 16 12 14 17 24 0 44
9 14 20 30 23 33 11 32 9 16 25 0 44
7 11 9 15 16 11 14 13 32 14 28 0 34
3 19 31 21 17 20 32 23 11 29 23 0 15
7 30 24 19 12 20 8 18 14 25 12 0 34
5 14 9 26 29 26 19 31 11 7 20 0 25
9 8 8 23 11 14 19 17 33 20 20 0 42
3 31 23 33 20 8 20 8 10 16 13 0 14
9 25 19 29 12 24 7 10 16 31 17 0 44
10 22 30 20 9 14 30 24 15 10 31 0 49
6 17 29 15 27 8 31 29 12 33 33 0 28
3 25 16 24 16 27 20 13 9 22 23 0 14
4 17 12 25 15 27 7 30 29 20 31 0 20
10 21 26 32 7 28 33 14 14 19 26 0 49
5 32 20 21 26 23 30 18 16 15 14 0 23
6 30 16 10 10 32 15 17 16 12 17 0 28
9 17 33 25 29 10 20 28 24 11 14 0 42
6 21 10 14 7 25 23 18 15 29 33 0 29
8 33 21 28 13 23 25 15 9 27 30 0 39
10 32 19 30 11 12 16 21 18 9 19 0 47
5 16 7 23 31 20 30 24 28 33 22 0 23
6 10 13 30 23 8 27 20 19 18 22 0 27
7 29 21 12 18 19 21 22 19 17 8 0 32
4 15 22 26 15 27 30 25 33 7 15 0 17
4 11 33 10 13 15 9 25 32 21 25 0 16
4 9 22 14 14 16 9 26 19 31 13 0 18
10 15 29 11 10 25 14 8 11 27 32 0 48
7 16 22 29 12 17 14 9 21 30 24 0 34
9 27 8 12 14 32 30 31 8 21 23 0 43
3 29 16 21 7 18 25 10 32 22 13 0 14
5 12 14 9 19 8 7 22 15 21 12 0 24
8 31 19 21 19 24 21 30 8 27 25 0 38
9 16 8 28 12 9 25 32 30 19 32 0 45
5 21 7 13 13 12 9 25 24 24 17 0 25
10 16 33 27 30 8 29 24 7 33 32 0 47
3 23 10 19 11 15 15 21 18 24 23 0 11
10 8 32 17 21 9 27 12 22 9 14 0 48
7 27 10 21 23 16 24 33 33 11 18 0 35
8 26 8 25 17 29 33 17 14 9 13 0 38
7 16 10 8 18 8 27 19 20 32 26 0 35
5 17 18 24 14 33 16 25 31 12 14 0 21
7 32 18 26 13 29 27 14 17 8 15 0 32
10 28 16 30 20 15 31 17 22 26 25 0 48
10 23 8 29 16 19 21 19 20 11 29 0 50
10 10 28 15 26 9 24 11 16 27 12 0 47
3 31 19 10 8 7 8 29 24 13 23 0 13
5 33 27 28 19 25 11 21 7 30 8 0 21
9 31 30 17 16 9 11 24 13 9 11 0 41
7 14 27 22 24 8 26 11 8 33 8 0 35
9 29 18 31 26 32 27 33 9 11 30 0 43
3 27 18 18 29 26 20 10 7 25 28 0 15
8 27 21 8 23 24 16 8 20 24 32 0 36
6 12 23 14 16 12 23 7 18 24 8 0 28
7 23 27 15 14 9 17 11 18 22 26 0 34
9 7 13 8 18 25 23 23 17 8 24 0 43
159 192 213 218 219
116 146 206 220 279
122 157 180 255 293
104 161 202 239 283
138 140 195 235 283
136 162 185 224 276
135 149 216 253 282
124 155 208 227 292
132 165 184 259 299
117 162 211 238 294
136 144 208 248 288
100 157 198 230 294
105 152 195 256 290
102 143 203 258 299
120 141 183 243 276
120 166 200 245 288
102 149 220 250 270
106 180 205 233 294
139 180 210 260 289
131 170 183 249 289
119 148 180 236 271
107 153 207 220 287
123 155 207 258 299
115 162 196 257 263
122 159 197 260 274
127 140 217 252 269
115 158 210 255 291
110 143 220 225 290
123 179 197 255 262
119 160 219 224 276
137 141 214 227 295
109 169 194 242 296
121 161 207 223 295
129 166 217 242 269
103 171 192 240 280
123 141 211 231 277
114 172 192 223 289
135 172 182 244 288
121 161 205 244 298
107 162 215 242 269
100 162 216 254 284
124 180 216 239 283
113 177 219 251 286
132 163 188 224 285
105 149 195 230 267
132 157 217 254 260
140 146 216 227 272
133 155 201 253 268
114 142 198 247 271
114 176 192 241 297
116 149 183 244 288
130 159 187 242 267
139 169 203 234 297
124 155 215 240 267
117 152 191 250 300
134 173 185 228 264
109 145 215 233 269
112 162 211 221 261
117 148 194 223 280
129 158 184 228 275
138 173 195 223 269
122 153 202 245 266
108 158 216 260 283
113 154 181 248 297
101 171 205 245 291
138 158 196 222 268
110 149 199 227 293
104 161 211 240 262
112 156 184 245 279
105 165 205 255 290
109 179 183 259 273
129 164 187 233 273
137 167 205 232 260
128 164 192 256 293
110 171 180 249 286
105 180 188 237 280
100 180 197 258 286
131 156 211 236 267
115 149 216 255 293
118 171 217 247 297
139 152 206 245 286
113 151 193 254 280
134 177 203 260 300
140 179 213 239 286
100 150 189 242 276
139 178 206 234 273
104 156 187 225 285
139 179 195 229 266
121 148 190 248 280
138 147 216 247 295
100 157 215 232 278
129 176 200 237 296
122 145 212 249 272
136 145 190 254 276
104 160 209 253 299
107 179 195 249 282
103 146 194 255 295
107 157 183 229 275
114 164 196 234 261
111 149 212 227 299
130 157 200 230 299
124 162 208 242 299
127 150 184 240 280
133 174 182 223 290
100 145 204 229 286
126 150 181 223 295
113 143 220 225 288
121 168 190 259 275
128 156 204 232 288
131 180 217 242 287
118 162 204 253 266
114 155 181 247 266
101 171 180 254 295
130 152 213 221 272
109 151 182 251 264
107 158 213 230 292
137 179 180 235 265
117 164 212 237 272
135 172 215 229 264
110 152 213 255 273
123 174 217 232 266
111 177 181 234 285
101 172 203 242 260
110 142 198 224 261
134 147 210 251 287
117 168 212 249 263
117 172 195 242 300
115 146 193 229 300
118 166 190 256 272
127 144 182 247 288
103 177 183 242 286
139 176 205 250 298
112 166 209 224 297
132 165 183 248 265
112 167 215 222 260
110 172 204 235 280
121 162 207 257 295
107 162 188 224 279
138 143 195 253 272
121 142 182 245 287
121 158 188 239 273
110 146 182 253 274
136 152 196 248 267
125 164 190 235 279
131 171 191 221 298
128 143 185 254 293
127 154 195 260 272
124 162 202 232 270
119 148 199 226 290
103 147 190 227 291
139 170 208 256 284
110 159 212 223 278
140 170 201 227 275
105 169 219 247 282
126 164 198 249 286
134 180 199 236 284
125 150 205 220 282
137 165 219 256 295
122 155 200 234 278
117 163 206 239 285
114 161 202 228 261
104 179 219 246 282
138 174 198 220 284
135 156 219 240 274
115 165 214 224 299
119 154 200 220 261
132 170 218 243 293
138 179 182 233 262
128 155 199 229 290
109 157 194 223 282
133 149 188 244 272
109 141 199 231 289
124 140 189 240 267
129 158 215 228 290
103 175 208 230 270
104 152 195 222 276
126 145 200 230 298
135 148 198 239 294
128 173 183 223 282
125 148 191 233 300
123 152 180 229 263
133 155 190 242 287
140 170 213 232 262
132 145 185 234 261
100 166 199 257 263
112 145 180 238 275
137 153 191 230 260
133 158 209 248 286
118 161 216 222 286
114 175 207 250 286
114 169 185 229 276
120 158 181 230 268
139 149 188 226 293
108 176 187 222 298
106 145 212 248 294
131 150 209 229 260
114 159 214 221 285
105 153 200 223 292
100 142 202 229 269
123 150 186 236 289
139 180 181 258 275
108 151 215 245 269
127 167 201 236 266
109 156 206 228 292
117 170 220 234 285
122 165 199 258 296
116 143 208 245 298
126 180 202 245 300
121 141 189 247 265
124 141 195 253 271
125 145 190 223 287
107 159 215 232 272
140 166 211 220 296
108 162 215 245 263
110 167 210 260 287
102 177 184 246 269
130 176 189 233 295
117 175 183 247 298
105 140 199 253 291
140 165 212 260 281
100 145 195 239 268
102 144 196 247 268
123 176 210 254 299
107 148 183 236 289
110 143 183 241 276
120 142 190 246 300
137 166 211 241 287
129 157 203 254 282
120 169 184 235 281
111 145 190 226 266
137 155 220 223 271
138 146 213 220 263
129 161 214 255 268
138 147 199 259 277
111 148 211 235 272
109 151 205 225 260
105 165 213 226 299
127 172 199 244 265
102 140 215 228 282
140 153 195 247 289
125 173 202 237 264
107 178 210 254 266
102 147 192 256 269
115 163 188 227 274
136 152 198 248 262
106 143 189 252 298
114 151 196 254 276
139 144 188 241 274
126 142 191 259 275
121 166 183 248 263
136 142 192 222 277
133 164 189 259 297
106 163 187 257 292
125 175 196 241 280
104 153 193 238 265
129 157 209 236 264
102 166 182 239 263
117 153 220 250 261
123 176 190 231 272
130 149 210 237 275
102 180 207 239 283
114 150 190 247 275
119 146 183 251 267
126 160 186 228 261
137 157 215 239 290
110 144 197 227 296
138 148 191 220 296
120 145 198 223 276
127 147 183 224 271
138 177 182 220 287
105 146 216 226 288
114 169 212 221 264
107 169 193 240 290
118 161 214 260 267
128 143 217 237 265
139 154 216 234 288
100 144 208 250 292
131 153 204 233 276
130 143 211 226 294
128 148 190 225 285
100 164 220 259 265
103 150 187 240 278
111 151 198 252 280
105 173 206 230 291
140 141 185 234 268
101 171 185 255 262
100 168 220 255 287
111 158 184 256 262
136 150 202 228 288
101 145 196 250 287
103 153 199 230 280
132 158 180 259 280
121 142 204 240 299
127 162 201 243 278
117 141 208 255 297
109 140 210 224 298
128 142 183 226 295
127 169 214 239 281
117 152 195 221 287
138 155 182 246 295
133 178 210 221 289
104 178 183 225 286
109 165 220 223 281
135 168 185 237 272
133 171 208 249 269
132 155 218 233 260
137 148 220 251 286
140 150 207 249 290
116 161 195 236 266
100 174 211 251 287
106 180 198 256 275
135 180 193 234 263
133 178 195 245 288
131 165 201 243 265
137 142 192 241 275
106 176 186 242 288
101 145 181 235 293
116 168 219 257 282
109 165 189 246 285
120 158 191 225 285
123 172 194 250 295
109 159 190 256 274
105 178 219 252 277
125 151 215 246 262
112 147 211 251 274
111 142 219 260 291
100 154 192 255 267
119 153 191 243 273
102 165 211 237 285
107 147 189 227 271
114 179 209 260 278
109 144 180 254 275
112 141 190 221 294
102 144 194 248 267
108 180 189 239 260
118 162 208 256 260
127 166 182 259 285
139 147 194 235 275
108 165 189 243 279
105 142 181 223 270
119 156 215 242 266
138 147 217 226 296
133 152 199 243 264
135 146 212 250 298
139 140 191 231 275
116 157 216 227 296
121 163 206 249 271
106 146 205 248 269
124 141 194 223 278
106 175 202 237 275
117 169 200 259 286
138 177 213 225 272
137 149 199 254 288
106 145 183 253 283
120 165 205 255 297
130 156 181 242 276
121 149 217 228 278
132 145 206 243 283
103 154 201 226 275
136 155 180 225 299
136 169 205 260 281
127 177 206 228 286
134 154 220 251 286
118 140 201 259 273
114 141 197 220 281
106 152 190 260 264
137 176 199 228 272
110 141 208 250 294
102 170 197 252 297
113 155 188 244 266
121 169 182 230 291
120 172 181 250 262
125 176 209 252 271
118 164 189 242 295
105 144 202 236 298
105 178 189 228 283
134 168 198 225 270
114 142 186 260 282
138 164 180 258 263
121 178 215 244 290
119 145 214 251 285
114 160 189 255 284
110 177 220 241 296
109 152 198 236 293
107 149 187 235 273
114 178 193 246 299
125 150 181 225 284
113 160 212 247 284
105 174 194 230 283
113 170 204 249 267
110 175 197 247 285
109 173 181 255 268
115 161 214 245 290
104 170 205 249 262
126 180 180 224 293
100 174 216 253 288
140 142 202 235 282
133 156 201 227 268
106 147 212 234 264
138 145 197 257 283
113 163 196 230 266
128 168 214 237 299
111 154 202 251 274
126 162 185 237 262
126 180 194 259 282
126 156 185 249 272
102 146 186 232 285
126 151 206 234 275
120 147 216 235 290
138 156 208 260 263
132 174 197 224 287
107 142 190 248 275
125 168 190 256 262
107 174 208 258 286
139 176 211 252 260
107 147 195 254 272
113 148 199 228 291
114 144 219 238 300
120 143 208 254 261
105 166 187 252 261
109 152 218 221 291
126 180 198 242 291
117 177 214 247 281
112 146 188 257 273
106 154 202 254 268
115 144 194 243 261
138 152 181 235 272
112 167 199 226 264
117 142 208 257 285
109 177 187 260 292
135 175 213 242 276
111 142 207 236 284
127 160 206 230 285
136 176 204 260 279
110 140 206 246 263
113 157 194 255 267
139 158 208 247 299
121 157 220 233 282
116 154 190 222 270
140 154 197 243 281
116 168 210 251 269
137 161 210 259 277
117 160 219 255 279
124 169 204 247 269
126 170 216 246 266
106 170 180 257 298
123 163 216 239 299
105 174 183 224 298
139 167 181 255 299
122 147 203 259 269
134 147 213 246 275
116 151 209 237 280
114 161 186 252 283
119 172 187 246 278
130 140 181 244 295
108 148 184 221 285
117 152 201 249 284
133 163 215 238 275
140 153 194 234 265
138 153 198 252 293
110 147 190 236 281
125 148 188 235 278
135 140 198 223 274
140 150 198 235 298
109 151 208 235 267
121 147 213 237 278
133 180 216 231 290
104 180 209 230 287
124 168 199 232 262
128 150 215 224 268
118 141 190 238 275
132 173 201 252 297
123 180 206 233 271
130 176 204 244 288
140 170 212 223 294
135 157 190 247 288
119 148 193 247 260
125 172 218 244 272
135 167 220 229 275
136 149 210 245 288
109 177 191 236 297
112 177 215 243 274
100 169 206 251 265
129 173 210 241 271
125 165 181 254 272
115 143 187 222 261
134 153 180 234 298
136 155 220 239 298
103 151 219 239 291
132 172 207 259 282
129 143 199 227 267
137 171 214 222 265
131 163 206 251 287
124 174 214 224 280
104 152 208 241 285
115 167 182 248 273
135 147 203 246 272
130 173 208 240 290
102 151 214 239 267
118 163 198 242 268
108 164 196 255 276
107 160 218 257 285
115 150 208 226 260
100 146 190 242 277
120 177 207 251 268
133 155 214 228 298
119 168 218 259 294
101 162 184 245 294
104 175 193 222 262
133 140 211 244 289
121 170 183 232 281
119 141 211 221 264
123 166 181 248 300
103 173 205 248 300
122 144 189 257 275
112 175 203 221 280
131 168 220 244 286
131 180 203 239 297
110 150 203 250 269
125 168 200 234 282
112 141 189 243 277
104 147 191 242 275
138 145 213 237 287
107 162 182 248 277
133 172 198 239 260
126 172 183 221 260
116 155 207 230 287
103 150 219 247 296
114 150 208 234 277
118 156 198 247 279
112 162 208 220 276
100 177 206 256 264
104 166 188 229 268
117 153 219 228 270
127 172 196 227 277
120 161 186 239 261
108 143 186 221 289
137 176 198 224 299
121 161 205 250 265
123 153 213 237 290
139 158 203 241 300
140 180 183 225 290
124 158 203 242 294
125 148 181 231 271
110 164 209 232 296
131 143 195 243 268
111 148 216 257 299
109 163 200 233 296
140 173 194 241 284
133 170 201 224 294
108 164 213 224 297
131 164 200 254 298
103 167 182 246 286
139 140 218 229 274
140 142 200 233 288
123 158 211 234 262
106 171 191 238 269
129 166 188 250 286
117 162 181 243 286
101 161 184 220 289
119 145 204 236 297
104 169 217 225 270
108 155 191 252 260
117 158 208 230 282
107 164 199 228 279
117 164 197 237 280
100 175 212 259 294
125 142 188 244 280
134 179 214 246 272
122 178 205 234 298
106 141 196 232 281
125 141 195 220 281
109 170 211 235 275
117 143 212 257 270
122 153 184 252 289
140 147 202 233 264
131 140 185 222 268
108 156 189 246 282
107 176 211 240 281
140 152 180 242 277
115 148 180 220 291
109 154 188 233 270
110 149 215 239 264
103 159 203 232 289
111 179 186 233 282
105 169 219 243 264
107 160 203 246 292
110 159 218 251 293
105 170 188 222 296
136 144 217 256 295
110 141 204 226 290
132 163 202 229 276
133 149 214 230 261
136 154 205 255 265
134 158 218 236 281
102 141 204 241 269
109 168 213 254 267
105 169 193 230 300
124 156 192 243 271
115 158 196 221 281
111 166 187 252 274
139 143 212 224 266
121 170 197 237 295
114 174 184 237 260
122 155 183 259 298
106 168 197 256 290
129 178 197 227 274
123 168 217 240 282
100 164 182 227 266
134 141 192 239 264
128 142 194 223 281
114 159 193 226 272
114 175 209 232 271
116 165 214 250 277
124 164 204 234 282
110 174 216 240 299
111 170 210 227 284
108 166 205 231 296
124 174 218 232 271
120 146 199 257 288
106 164 195 228 277
132 178 203 260 291
115 157 211 241 263
104 142 196 239 278
107 152 195 229 287
104 176 191 240 288
106 178 180 248 273
131 175 206 229 265
113 164 203 257 289
139 175 213 232 279
132 140 207 222 269
104 158 190 227 282
133 180 201 243 296
118 143 205 260 292
122 178 205 257 298
123 173 193 222 272
130 171 202 241 285
110 170 202 228 265
122 155 199 229 274
140 161 218 223 261
138 177 196 228 274
140 142 195 227 286
127 158 213 223 294
109 153 199 234 266
137 159 205 258 280
103 148 204 251 278
111 174 182 231 270
140 161 205 232 280
133 179 197 243 265
139 162 207 256 272
133 149 180 250 300
101 172 191 249 270
113 166 187 243 295
120 160 181 253 275
113 178 187 251 299
138 141 191 246 277
115 173 188 257 291
137 180 212 224 288
135 153 217 247 270
127 151 203 251 295
127 153 210 249 287
133 156 196 236 275
119 147 198 258 297
127 152 211 228 299
131 172 207 234 288
135 147 184 250 262
138 153 198 247 286
136 160 207 239 284
113 154 218 233 264
108 161 220 260 299
116 169 185 244 262
128 175 184 241 297
124 155 185 239 269
130 171 194 230 268
111 178 192 253 261
115 148 191 224 269
118 145 183 220 263
134 175 184 238 298
112 150 214 255 279
106 155 197 260 267
118 157 194 241 293
106 142 215 237 298
117 156 195 238 266
118 141 213 250 260
126 174 199 228 285
114 146 206 251 276
140 152 196 234 275
134 164 200 242 276
110 142 191 255 268
123 173 187 236 268
135 178 191 259 272
135 167 193 260 277
111 173 205 243 283
121 163 194 236 297
140 160 194 250 291
104 173 206 220 296
100 145 192 238 287
132 149 202 260 299
122 147 206 232 271
112 176 209 228 279
122 148 188 248 300
108 170 202 227 284
128 148 187 236 267
116 140 217 239 261
128 145 194 251 273
134 170 185 249 299
117 164 183 251 292
136 153 211 228 273
102 157 185 220 277
137 142 202 237 273
103 166 184 241 287
140 157 216 234 298
135 177 188 248 288
119 168 189 231 268
135 175 184 231 261
119 149 183 221 268
125 170 217 257 261
102 168 207 256 278
111 178 214 255 272
131 173 213 232 280
139 152 195 231 292
115 153 206 221 292
109 168 208 225 278
108 168 207 230 295
133 159 201 248 287
121 155 186 226 271
109 161 215 229 287
104 141 200 229 291
136 180 185 230 280
135 161 207 260 299
102 145 210 248 291
126 146 198 242 298
104 174 185 220 272
136 170 182 248 297
139 162 180 259 292
130 148 218 260 290
126 162 201 252 286
138 144 198 223 268
109 146 186 257 285
105 164 209 232 278
122 148 188 233 273
140 169 183 241 291
126 171 197 246 282
115 142 186 247 292
109 170 213 226 283
112 155 188 220 291
131 142 185 238 265
109 180 208 236 268
119 147 180 243 262
118 163 205 254 295
107 141 201 240 298
128 143 209 235 266
110 167 199 227 278
101 150 186 238 273
103 169 210 237 270
116 149 208 238 284
120 164 181 253 296
118 167 206 233 267
114 176 193 224 296
110 150 204 244 287
134 156 188 231 260
118 144 202 255 279
130 170 184 225 271
101 163 182 252 277
110 164 189 239 262
130 176 208 220 298
123 168 210 249 264
104 151 184 237 273
101 142 187 235 263
111 175 200 233 277
132 144 212 240 299
132 166 209 243 270
131 178 212 226 286
131 155 214 239 276
134 146 182 231 275
114 162 220 236 272
127 167 219 223 284
122 141 203 225 282
122 172 184 257 263
109 141 200 257 277
120 144 194 233 299
111 175 200 230 290
124 147 191 220 283
106 163 181 249 262
122 146 194 221 300
112 163 199 244 294
103 142 195 237 286
117 165 195 221 293
135 142 186 249 281
119 154 213 235 268
113 170 219 239 272
126 153 214 248 264
119 152 220 223 281
100 157 217 250 272
136 155 212 231 291
137 145 220 238 287
103 162 194 248 298
116 174 191 233 292
101 149 186 252 294
105 157 192 240 266
110 171 215 242 280
126 144 202 250 261
132 146 203 220 296
129 176 216 221 298
114 142 214 228 292
111 149 190 258 288
137 147 180 227 261
117 160 203 254 264
101 163 214 235 274
135 146 193 224 288
105 178 219 250 274
106 180 211 227 291
132 177 181 254 270
128 164 182 245 261
120 177 205 220 262
111 163 189 252 277
110 150 180 237 290
111 175 192 230 264
117 143 217 258 291
140 150 190 220 270
102 167 198 252 286
122 175 200 240 281
109 163 201 257 266
118 173 202 224 279
125 146 212 239 277
106 158 206 234 273
130 178 190 241 281
107 142 199 259 298
107 148 212 231 273
103 145 200 242 268
112 169 218 253 289
112 141 184 247 299
104 176 219 227 263
133 166 212 254 261
103 148 211 247 276
119 167 195 222 263
105 152 200 248 261
107 152 215 240 293
133 173 206 238 277
133 159 198 227 298
110 143 220 257 279
117 150 197 250 276
132 146 213 243 261
116 168 207 254 284
126 144 213 229 277
137 154 212 258 271
137 141 192 229 261
127 161 208 241 266
133 153 201 251 262
115 168 198 254 271
114 166 184 245 300
103 165 211 231 260
106 141 219 225 295
100 178 192 220 296
105 153 213 224 269
136 178 206 228 272
103 162 216 254 266
130 143 197 231 293
117 145 206 226 270
131 149 192 234 275
110 151 208 227 263
136 141 197 229 288
113 169 190 221 295
136 141 212 244 261
139 166 213 245 268
120 152 195 228 278
119 144 182 257 274
115 177 206 245 261
136 146 197 248 270
121 151 180 248 296
136 177 194 254 290
119 161 200 248 271
118 153 200 257 274
129 164 196 257 282
100 158 200 258 294
119 154 193 248 271
112 171 207 226 298
123 156 182 229 298
131 176 213 233 297
130 167 211 256 260
118 170 194 253 268
105 175 219 259 273
118 164 204 224 262
135 148 214 248 295
133 158 197 226 292
138 163 200 241 273
119 143 181 253 299
121 164 201 248 271
109 179 184 253 296
122 174 211 238 287
126 150 207 253 280
136 140 214 250 263
123 143 191 239 274
139 158 206 231 297
102 144 219 232 268
122 141 211 250 288
132 170 219 223 260
129 167 218 222 282
118 173 187 259 281
103 157 210 234 286
117 170 218 230 279
131 178 184 248 297
140 179 181 241 261
104 142 206 245 283
130 163 190 244 286
130 173 184 235 293
137 169 184 235 289
135 160 216 259 265
109 140 195 252 276
138 147 210 226 275
127 162 205 255 271
135 147 200 237 274
132 172 193 235 273
103 160 210 226 272
101 176 204 232 265
115 165 202 232 280
127 172 191 240 297
121 177 205 259 290
113 180 195 240 288
110 161 213 260 271
128 143 194 248 278
123 161 186 246 284
133 160 196 257 278
110 159 192 245 297
132 157 210 228 296
113 152 188 260 296
122 154 193 239 295
117 167 187 237 294
131 177 197 244 281
120 164 200 256 272
115 162 195 231 277
128 143 180 231 276
130 164 193 229 262
116 176 218 242 263
113 161 205 240 296
103 179 211 253 275
100 142 190 240 261
106 144 207 220 280
132 163 214 231 288
123 177 210 242 263
129 175 212 229 287
126 153 217 231 269
120 171 196 258 265
106 146 180 236 280
118 169 217 238 295
138 160 203 235 281
128 178 216 256 281
129 177 217 250 288
110 177 206 257 271
131 150 212 220 289
120 142 215 254 273
135 140 215 256 291
100 141 208 241 263
139 167 189 242 290
121 151 209 241 288
116 142 189 229 298
135 167 203 229 264
119 168 192 233 298
116 173 198 260 267
140 176 195 222 292
106 156 208 225 292
113 179 218 258 293
115 167 214 229 274
119 161 205 223 299
103 171 191 245 298
129 157 213 233 274
118 161 217 260 276
108 151 195 256 295
109 152 192 221 289
120 142 191 247 283
109 141 213 239 272
115 180 190 252 299
108 178 185 248 288
133 161 197 247 267
102 152 217 233 267
105 175 196 230 295
129 154 200 255 291
122 148 199 231 295
112 168 190 258 275
101 166 184 232 300
109 169 202 242 272
128 162 181 235 282
127 159 184 226 296
101 175 192 242 261
135 154 183 223 299
118 179 214 232 277
100 162 210 236 278
113 179 213 227 298
139 152 196 243 298
109 177 196 220 281
107 171 188 228 291
120 160 218 228 264
130 161 205 236 278
138 168 195 240 267
127 164 192 254 297
101 145 194 223 296
114 152 185 242 287
110 144 201 243 281
102 172 218 232 269
133 143 204 259 300
112 141 205 231 280
2331 2932 4134 4414 5596
2328 2995 3432 4860 5583
5002 7740 9709 11487 13600
2081 2111 2938 3539 4261
1915 2280 2603 3150 3880
5681 6269 9085 10640 11859
5342 6677 8957 9775 12572
5686 7107 7924 11151 12872
2701 3738 4866 5488 6778
4771 5051 7293 8694 10095
4610 7234 9121 10594 13540
3895 5636 7228 9487 10746
2968 4158 5900 7497 8687
1331 1563 2026 2688 3052
1930 2668 3213 3934 4623
2050 2992 4414 5015 5415
3296 5592 6368 7237 9130
5292 6852 7993 9894 10997
5644 7322 7881 10721 12442
1915 2380 2893 3791 4352
1936 2766 3740 3974 5182
2224 2801 3739 4658 5397
5415 7626 9225 12094 12376
3182 4146 5135 6775 7139
3440 3791 5873 6819 7278
4265 5857 7783 9449 10782
2430 3157 4854 4964 6396
4807 6993 7696 9960 10233
4532 6092 8336 8526 10503
1929 1985 3009 3192 4146
1427 2209 2535 3160 3864
5092 6774 8707 9380 12406
4009 5158 6740 7516 8354
2791 4629 5197 6495 7576
4439 5087 7610 8330 9988
3316 5000 5581 6481 8397
3386 4312 4562 6114 7215
2430 3232 4113 4894 5976
1187 1794 2379 2677 2974
3509 5682 7574 8905 9955
5590 8112 9733 10769 12750
1366 2136 2641 3026 3447
2915 3598 4149 4942 6286
3265 4631 6059 7145 8293
4499 5350 7391 8651 8855
7011 7311 10814 11364 13615
4799 5592 7249 9123 9663
3316 4130 5756 7178 7875
2404 3708 4045 5075 6253
2794 3588 4405 5871 6928
2481 3033 3566 4613 5088
1957 2378 2855 3290 4173
1995 2492 3454 3854 4287
2350 3051 3833 5015 6016
5103 6587 7043 8678 10047
4043 5377 7969 8636 9969
1914 2766 3601 3771 4453
2234 2824 3700 4251 5336
6332 7754 9029 11186 13491
4151 5202 5863 6704 8085
1353 1695 2235 2710 2941
4330 6332 8653 10415 11335
5095 6942 8158 11175 13381
2736 4629 5548 6629 7873
3599 4120 5109 5786 6984
2210 2992 3993 4554 5876
3546 5486 7188 8175 8923
4378 6096 7189 9570 10897
3370 5292 6573 8175 9296
2408 3951 4039 5713 6021
3494 4440 5062 6305 7387
2477 3018 3703 4190 4695
4746 6080 7117 9486 10856
2980 4629 4873 6738 7738
1585 2713 2833 3569 4216
4609 8292 9075 11883 13171
6168 7344 9931 11106 12564
2425 3140 4549 5369 6168
5438 7878 9995 11376 13677
3903 4267 5781 6874 8023
1479 1975 2522 3317 3656
5772 7623 8741 11194 12915
2111 2697 3208 3599 4305
4910 7362 9274 11873 13540
6127 7844 9077 10310 12027
4794 7188 8615 10365 13126
5015 6456 7033 8258 9591
1342 1640 2103 2743 3096
3461 3686 5413 6189 7390
3910 6135 8399 9062 10858
4009 5468 6213 7361 9191
3060 3636 5314 6240 6815
5315 5666 7423 9921 10779
1049 1612 2103 2544 3006
1080 1802 1963 2505 2835
5057 7165 9519 12510 14471
4504 6606 7699 9633 11566
2176 3128 3738 4461 4975
1453 1949 2770 2965 3903
3911 4722 6013 6914 8986
2366 3090 3965 4612 5697
4456 5262 6453 8415 9816
4134 5406 5655 6927 9006
2010 2912 4094 4595 5736
2405 2862 3452 4251 5621
3287 4158 6394 6539 8368
3035 4212 4763 6490 6890
5131 6252 8173 9294 11536
5512 7572 9127 10178 12069
1308 1794 2257 2798 2941
1606 2182 2547 3473 3740
4959 8391 8833 12461 14471
1441 1684 2357 2445 3008
3171 4391 5291 7294 7672
4932 7280 9812 10594 13448
4395 5741 5773 7534 8495
1531 2144 2770 3095 3551
5141 6548 8184 8716 10047
5400 7460 10451 12510 13392
5299 7494 9345 9990 11453
2452 3907 3995 5162 6286
2636 4485 5292 6307 6775
3531 4556 6350 7183 8368
2959 3245 4633 5536 6329
4807 6900 8705 10224 10798
2467 3624 4108 5096 6316
2885 3662 4838 5739 7516
5084 7150 8183 11023 11711
5726 6491 8203 11130 12976
1143 1960 2026 2677 3162
6404 8108 9443 11514 13723
2138 3166 3984 4270 5659
2123 2652 2941 3983 4255
1130 1682 2164 2234 2615
4080 6376 7561 8709 10376
2672 3575 4567 5668 6505
1080 1632 1893 2255 2806
4151 4301 5863 7605 8175
4609 5407 6929 9325 10922
3399 4436 5277 6707 7660
5290 7020 8749 12159 13168
1915 2140 2757 3487 3753
4886 6408 7423 9179 10897
4465 5826 6507 7528 10148
2443 2728 3528 4841 5583
2805 3400 4303 5735 5999
4971 6492 8093 9294 10815
4889 6080 8172 9280 11906
4130 5892 7613 9095 11657
5154 6302 7709 9486 10523
5070 7326 9766 10272 12804
4911 5962 7048 7959 9640
4630 7448 9650 10882 12423
3160 4112 4963 6239 7165
3763 5052 5585 6622 7967
5511 6612 9034 9694 12424
2887 3476 4612 5390 6210
5501 6987 9013 10544 12526
5392 7510 9489 11008 13126
3202 4520 5670 6399 7324
2297 3950 4831 5426 6219
1805 2274 2587 2874 3707
5141 5939 8336 9134 10427
2425 3477 4507 4718 6295
3938 5094 6614 7274 8629
6478 8342 10695 11921 14372
5117 6636 6747 8635 9709
5259 6367 8172 9403 11906
2408 3466 4281 4920 6220
2139 2396 3021 3919 4368
4697 6075 8571 9948 12443
1623 1832 2470 3135 3487
1817 2224 3023 3206 4076
1658 2813 3342 3694 4335
3442 5028 6449 7341 9124
3539 4071 5613 6454 8360
5141 5635 7537 9096 11188
6283 8489 8980 10941 13834
4011 4747 6125 7470 9616
6161 7612 9013 11465 13166
2139 2492 3053 3886 4608
7011 8512 10663 11614 13115
5159 5667 7228 9141 10195
2710 4494 5386 6954 7116
1915 2477 3073 4061 4691
4121 4602 5743 6915 7815
2006 2381 3148 3734 4305
4258 5808 7790 8006 10312
2404 3687 4360 5264 6021
4342 6435 7043 8716 10504
4451 5858 6710 8525 9932
1540 1651 2081 2500 3239
2386 3885 4127 4898 6572
1176 1606 2346 2743 3250
3417 3912 5448 5968 6775
1150 1602 2154 2224 2866
4000 5826 7614 8488 11112
4310 6118 8700 9862 11583
2471 3012 3733 4735 5796
6127 7932 7976 11366 12115
2278 3183 4529 5160 5664
2932 3853 4636 5442 6133
4152 5940 7842 8678 11112
2584 3752 4854 5162 6285
2084 2817 3396 4400 5047
1518 1870 2717 3199 3890
3790 5412 6073 7364 9015
1947 2268 3037 3967 4256
3855 4382 6058 7858 8417
3386 3927 5143 6035 7765
3006 4464 6034 6510 7632
3651 4328 5499 5733 7711
2278 3414 4529 5160 5538
5180 7861 9883 12235 13504
3886 6739 7005 9363 10238
2611 3532 3793 4674 5916
3403 5087 5319 7177 8658
5260 7011 9963 12665 14566
5191 6116 7857 9634 10412
2910 4217 5669 6946 7788
2662 3756 5110 6437 6984
1978 2828 3373 4078 4799
1722 2380 2941 3791 4640
1440 1871 2392 3148 3604
5650 6685 8943 11577 14116
1381 1672 2123 2424 2885
1300 1582 2043 2554 2835
5050 7110 7741 9884 11818
4451 5812 7614 9055 10656
2340 2647 3754 3805 4622
5531 5852 8534 8814 10535
3751 4681 6219 7409 7787
6083 6479 8769 11411 12203
1453 1936 2757 3070 3552
3825 5297 7189 7890 9116
1795 2817 3635 3856 5099
4456 6032 6978 8554 9290
5008 6872 10549 11187 13834
4911 5366 6838 8659 10130
6261 8662 10113 11864 13215
3327 5530 6523 7889 8261
2764 3981 5197 6927 7279
5530 7836 9037 10911 13168
3411 3812 4963 6215 6565
1918 2585 3415 4551 5380
4912 6505 8441 10937 11884
4181 4331 5653 7245 8236
4799 5407 7271 9857 10466
4246 5822 6418 8695 9220
5859 6118 8269 9560 11927
3202 3948 4548 6230 7143
1282 1968 2257 3099 3520
5385 7537 8441 10377 12055
3026 4449 5611 6917 7701
5429 6606 8792 9926 11103
1336 2171 2379 3122 3435
1531 2001 2874 3265 3408
5423 7757 8373 10178 11983
2741 3140 4424 4991 5790
3579 6312 7258 8379 9920
4912 6462 8183 10636 11841
2867 3516 4405 6039 6424
2783 3532 4105 5031 5758
3025 3465 4743 5272 6395
5290 6924 9469 10910 14224
6221 6672 8608 9914 13336
3131 3782 5162 5812 7192
3948 4569 5686 6959 8417
6773 8685 8931 10794 14079
1795 2494 3686 3856 4912
4570 6772 8494 8854 10575
2150 3392 3873 4814 5816
2134 2910 3865 4695 4821
2827 3157 4788 5228 5845
4459 4939 6925 7502 9231
3510 5051 7294 8765 10236
1321 1542 2053 2344 2775
4171 4587 6766 7246 9424
3979 4600 5903 6989 8851
2309 3784 5074 5972 6110
2894 4212 5249 6735 7800
2119 2881 3775 4803 5336
4525 7451 8871 9904 12529
6872 6921 9078 11481 13148
2131 3604 3898 5370 5517
4409 7404 9693 11234 12643
2341 3330 3877 5391 5518
2323 2561 3447 3890 4912
4252 6102 8245 10515 12070
4542 6744 8770 10135 12336
5291 6332 7212 10375 11215
4850 5691 8173 9614 11976
6107 7788 9661 11678 13359
2584 3113 4589 5625 6550
1209 1551 2324 2478 3294
3723 4130 5320 6568 8571
1661 2209 2795 3121 3668
1649 2140 2743 3108 4034
3737 4197 4926 6656 7981
2139 2860 3373 3549 4639
3754 6421 6601 8114 10312
2517 3807 5074 5143 6479
2306 2868 3158 4043 4639
2538 3261 3965 4745 5126
5951 6987 9824 10499 11715
6176 6671 9913 11309 12885
6871 7361 10156 12215 14225
1982 2749 3328 4027 4538
1209 2100 2545 3026 3459
1494 2532 2785 3599 3865
4601 6133 6575 7970 8957
1606 2148 2353 2954 3471
3941 4962 6043 7304 7965
2066 2141 2893 3630 4141
1388 2300 2431 3161 3760
4757 6827 8520 11060 13788
3838 5556 7240 8495 9321
2953 4467 5116 6657 7711
3491 4594 5552 6539 8281
4807 6720 7579 9764 11520
2953 4305 5143 6927 7414
2634 4462 5488 6314 6940
2136 2579 3669 4197 4469
3146 4127 5922 7043 7687
5338 6827 10526 12495 13984
1910 2938 3661 4860 5089
2986 3837 4788 6090 6841
3784 6117 7821 8783 10561
1615 2217 2849 3420 4081
2746 4308 5029 6254 6687
1209 1596 1993 2809 3041
4378 5511 7423 8633 11483
2152 3036 4088 5223 5623
3250 5413 5683 7185 7815
2252 3090 3965 4879 4955
3947 5158 5654 8044 8850
1679 1776 2341 2834 3316
3250 4962 5683 7305 8386
2741 3704 4720 5813 7037
5841 7656 10549 11873 13049
2357 2510 3702 3856 5048
2139 2444 3197 3903 4239
2306 2493 3617 4264 5081
6544 6591 8990 10872 12941
4650 6292 8654 9094 11856
1704 2294 2897 3501 3809
2236 3078 4319 5223 5665
2739 3114 4282 4920 6132
1600 2637 3043 3569 4140
5041 7279 8613 11152 12313
2495 3198 3847 4064 4911
4669 5077 6779 8650 9807
4780 6537 8248 11400 12751
5770 7932 9853 12254 14271
4951 5940 6891 9211 10504
4608 5674 8260 8678 10580
2651 2911 4133 4874 5676
1246 1860 2426 2727 3316
3411 3887 4513 5639 7491
1370 1702 2063 2614 2825
6233 8685 10107 11186 14029
2154 2475 3533 4030 4591
5556 6591 9460 12188 12847
1493 1845 2575 2875 3669
3402 4876 6093 8335 8464
2340 3004 3396 3890 4639
4190 5369 7917 9515 11188
1437 2392 2771 3543 4174
5095 6987 8473 10995 11986
5576 7786 8385 10594 13402
2411 3452 3633 5015 5255
4885 6876 8164 9842 10584
1190 1652 1903 2434 2966
5155 7067 9911 11579 14618
1165 1971 2092 2522 3129
2691 3372 3973 4514 5415
2860 3561 4663 6515 7066
4427 5260 5773 8271 8431
1583 2326 2808 3186 3785
4413 5376 7931 9302 10560
2176 3052 3604 4860 5412
1880 3021 3753 4111 5047
4806 6700 8725 10398 12908
3969 5525 6932 8710 10117
5026 7844 8505 10838 13172
3261 3912 4719 5864 7400
4304 6092 8069 9400 10807
2635 4363 4863 5764 7091
3174 4772 5725 6987 7491
3750 5962 6711 8412 9705
2408 3819 3995 5625 5911
4610 6452 8573 9814 11615
1570 2562 3089 3750 3945
3665 5233 5233 6510 8513
2809 4884 6061 7098 8079
6871 6969 9911 11529 13834
2006 2352 3028 3419 4035
2978 4128 5950 6567 7408
5393 5666 7696 10038 11052
4982 7184 8638 10135 11720
4874 6396 8145 9020 11377
1231 1706 2235 2776 3030
2405 3090 3528 4518 4993
3160 4512 4863 6489 7065
1271 1572 1863 2505 2736
3172 4538 5779 7207 8851
2531 3032 4134 4694 5516
3610 4421 6494 7064 8716
5255 5939 7917 9895 10009
4763 6276 7105 8078 10348
2150 2852 3813 4975 5516
5636 7572 8563 11535 11805
5146 8364 9997 12398 13743
4876 6172 7398 8834 9114
2150 2952 3913 5095 5456
4982 6524 8769 10046 12820
1150 1451 2204 2394 3016
5170 6160 8958 10937 11238
4840 7648 8615 11607 12021
3171 4420 6336 6423 8455
3160 4512 4963 6064 7290
1414 2136 2581 2978 3387
4714 6144 7909 10809 11482
1176 1706 2235 2809 2963
5761 7212 9714 12165 13066
2219 2444 2909 3775 4368
3818 5691 6780 7698 8992
5041 6117 8957 11066 12271
1536 2490 2631 3655 4104
2981 3862 4699 5338 6087
4228 5407 7880 8983 10808
3059 3852 4957 5534 6856
6538 8460 9805 12494 13407
1660 2112 3104 3705 3961
1253 1739 2147 2820 2952
4598 5225 6877 8165 9882
4850 6292 8814 9334 11295
5231 6942 8564 10005 12166
7011 7712 9863 12164 14065
4302 6228 7783 9302 9968
1518 1782 2323 2863 3062
2350 3212 4393 5114 5595
2118 2885 3481 4213 4588
4672 6302 8005 9116 9857
2660 4262 4512 6440 7466
5791 7673 10165 11247 14068
4630 7669 8065 9870 13128
4181 5022 5442 7664 8985
5256 6332 8742 11152 11582
3495 3833 5551 6410 7165
5810 7562 10464 11864 14016
1720 2427 2803 3795 4261
2152 3108 3379 4443 5019
3261 3511 4538 6115 7391
1522 2084 2589 3109 4007
1882 2444 3229 3999 4560
4932 6043 7968 8820 10190
6871 7509 9519 11480 13000
6635 7355 9517 12110 14079
1550 2070 2673 3319 3950
2136 2528 3209 4010 4742
6086 6311 8924 10049 12346
5331 5711 7537 8944 11340
2081 2881 3966 4480 5089
4003 4862 7043 7835 9190
5197 7032 8437 9023 11325
2090 3612 4193 4614 5756
6211 8412 9963 11614 13115
4363 5112 7324 7630 9127
4849 5793 7803 9773 11291
1594 2088 2425 3038 3579
2716 3972 4545 5140 5977
2870 3884 4501 5382 6351
5891 7152 8917 9379 12363
3791 4408 5333 6930 8080
2391 2972 3873 4955 5216
4135 5688 7207 8066 8991
2711 3352 4414 4594 5515
4907 5375 7573 8834 10383
1209 1959 2114 2610 3283
2586 4083 4958 5603 6317
1710 2885 3516 4282 4520
6331 8489 10303 11823 13294
2386 3147 3452 4841 5183
2656 3301 4315 5121 6019
5907 6744 7933 10310 13128
2323 2646 3753 4077 5081
1761 2579 3737 4077 4963
6214 8096 9742 12187 13269
2591 2872 3994 4555 5356
6587 8220 10286 10670 12735
3809 4739 5987 7293 8338
2986 4188 5149 5390 6735
1778 2596 3550 4112 4861
5415 7861 8567 11671 12847
4061 4421 6103 7395 8175
3260 4337 5213 6014 7265
2458 3636 5150 5751 6424
1544 2131 2587 3161 3499
2710 4112 4913 6390 6915
1936 2892 3937 4641 5145
1391 1812 2510 2727 3136
4210 6144 7993 10179 11650
3850 5676 6637 8046 8591
5065 5901 8145 8678 11340
5484 7740 10041 11928 13539
1020 1632 1853 2465 2956
3858 6488 7155 8229 9710
4400 4631 6976 8066 9553
5335 7492 8065 10222 12380
1439 1704 2546 2666 3184
6160 8312 9062 12414 15016
4541 7624 9033 10926 13216
3305 3899 5116 6954 7441
4490 7013 8133 8854 11216
2237 2868 3753 4162 4877
6167 8472 9554 11247 13974
5510 7512 10164 12515 13466
1260 1692 2013 2354 2835
4826 6075 8140 10464 11927
3130 4422 5743 7275 8266
3875 4071 5977 6650 8051
5146 7788 8749 11919 13312
6129 7924 9121 11008 11975
4169 5689 6052 7307 8596
4418 5902 7880 8754 10922
4644 6761 9869 11129 13336
2746 3612 5006 5631 6664
3550 4692 5953 7425 8386
2698 3900 5006 5294 6640
3509 6207 7223 8975 9255
5002 7981 9037 11007 12880
2935 3837 5489 5714 6765
1662 2248 2561 2965 3616
3131 4198 4849 6229 6802
1090 1442 1873 2225 2907
2477 3180 3577 4046 5398
3640 4842 6163 7515 7965
2962 3683 5125 5702 6976
2374 2697 3464 4111 5115
2111 2712 2757 3389 4366
1622 2066 2652 3160 3838
5136 6080 7434 9486 11127
4960 7392 9418 10454 13336
3548 3872 5278 6576 7252
2119 2823 4117 4897 5697
3498 5228 6413 7470 9488
1551 1915 2147 2665 3139
3336 4262 5038 5614 7366
1954 2964 3848 4046 5362
4857 6080 7413 9412 11041
3821 6191 6747 9117 10598
2791 2811 4374 4594 5495
3091 3135 4413 5140 6352
3332 4278 5711 6332 7089
1176 1894 2114 2633 2975
3494 4494 5089 6764 7737
4807 6654 7434 9978 11742
4656 7418 8477 10134 13311
1795 2186 3073 3554 4471
3338 5420 6958 7214 8656
2926 4197 5170 6819 7036
2350 3172 4174 4614 5656
1401 2144 2600 2978 3643
2467 3456 4150 4991 5896
1809 3162 3829 4676 5307
5511 6259 8285 10751 12336
2690 3592 4293 4934 5455
6110 8912 10263 11714 14915
3190 4242 5894 6975 8446
2136 2409 3329 3754 4793
4261 6642 8243 9179 10740
5860 7161 10614 12865 13515
1474 1848 2221 3039 3484
5891 6186 8497 9800 11103
6299 6732 8893 10671 12880
1522 2196 2659 3459 3964
3434 5644 6765 7694 9007
5751 6244 7393 9937 11373
2541 3268 3973 4854 6419
2517 3554 4337 5374 6226
4410 5972 8614 9575 10575
1864 2874 3668 4190 5218
2785 4488 4663 5839 7066
4000 6434 8336 9249 10047
3006 4492 5697 6903 8192
5070 7326 10041 11560 13493
4105 6642 7345 8672 11560
3683 3899 5872 6926 7980
4740 6075 8786 9732 12486
2519 3109 3851 4365 5259
2671 2992 4294 4614 5235
6675 7558 10058 12510 13000
5505 6490 8951 9690 11536
1438 1986 2870 3389 3782
4261 6564 8320 9921 10428
4000 6434 7347 8754 11416
2119 2664 3277 4146 4623
4150 5700 7069 7970 10132
1120 1672 1883 2535 2756
6683 6875 10190 10766 12783
1704 2392 2771 3332 4146
1492 2275 2405 3096 3395
1596 2027 2391 3382 3890
1176 1860 2180 2831 3206
2978 4106 4544 5235 6317
4438 6060 7825 8654 10167
5010 8213 9113 11365 13316
5773 6075 8269 10292 11368
4235 4698 6415 7373 9289
2290 3192 3873 4535 5456
4570 7012 8373 9294 10855
4766 6777 8787 10264 11372
1870 2472 3073 3524 4245
3530 5580 6925 7694 9583
5005 7662 9464 10229 12796
5410 8312 10263 11564 14816
3110 4362 5464 5814 6790
2290 2785 3794 4898 5488
4144 6408 7618 8907 10819
6082 8200 9351 11974 13401
4035 5507 7399 8450 9220
5106 6970 9618 11726 13638
5253 7460 9568 11236 14079
1154 1948 2114 2654 3184
1070 1793 1813 2495 2746
5120 6837 8047 8945 10350
2722 3948 4885 6183 6951
4876 6137 7468 8134 9780
2915 3091 4568 4898 5934
3650 5542 6663 7960 9886
4133 5592 6244 7547 9191
2134 2585 3703 4695 5272
1962 2860 3293 4126 4783
6161 8663 9663 11114 13616
3910 5142 6073 7244 8565
3310 5113 6074 6854 7966
3427 4352 5585 6426 7688
5751 6613 8952 9157 10716
4427 5676 6285 7310 8783
1971 1999 2743 3192 4020
3820 4752 6403 6704 8836
1100 1542 2004 2355 2676
1655 1919 2473 3110 3375
4130 5932 8174 10055 11136
2563 4015 4199 5328 6226
1691 1944 2473 2798 3375
3735 5024 5529 6818 7435
3069 3576 4567 5646 5999
2405 2693 3252 4515 5416
2838 4829 5361 6987 7576
3852 5656 6371 8276 10046
2890 3852 4357 6087 6616
1592 2504 2630 3528 4202
2495 2549 3451 4443 5002
4495 6759 7345 10038 11364
1518 1992 2345 2477 3183
5951 6743 9561 10882 11895
2931 3484 4682 5787 6801
3566 4295 5893 6986 8051
6262 7344 9225 11106 12940
1676 2069 2785 3627 4174
5852 7003 9719 10502 13770
1975 2592 3118 3524 4335
2846 3099 3877 5265 5517
2633 2918 3775 4707 5449
5179 6092 7879 9096 10807
5547 7558 10696 11431 12951
4437 6612 9033 10674 12274
4766 6941 7598 10019 10757
5770 7887 8292 10859 13381
4971 6212 7413 9575 10776
6121 8049 9131 10824 12611
2230 3573 3853 5075 5235
4726 6080 7845 9199 11045
3905 4797 6053 7275 8695
5371 7012 7372 9534 11936
3594 4811 6862 8175 8943
4780 6987 8878 11715 12030
4022 5350 6609 8208 9978
1282 1715 2594 2858 3592
1298 1728 2158 2633 2942
2960 3536 5339 6265 6515
4924 6798 7774 8906 11131
5026 6435 9078 11059 12160
6031 6548 8441 10076 11840
2021 2472 3013 3644 4155
4080 5266 7080 9450 9932
5423 7624 8241 10399 11807
4466 5886 6316 8561 8991
6626 8195 9470 12755 13588
5338 8316 9853 11678 13599
5939 7999 9519 11578 14569
4631 5291 6415 8264 9618
1674 2780 3309 3534 4752
3210 4652 6157 7631 9200
1462 1650 2235 2874 3304
1841 2217 3104 3495 4081
4602 7228 8582 9362 11454
1596 1935 2457 3239 3916
2494 3922 4659 5235 6548
2571 2972 3753 4735 5356
1518 1831 2835 3122 3408
5899 6681 8937 11561 12574
2959 3752 4082 5492 6594
3988 5588 6235 8549 9944
6811 7662 10564 11414 13665
3172 4879 5749 6835 8603
6861 7111 10113 11864 13666
3409 5490 6085 7968 9487
4911 5506 7573 8204 10445
6086 7977 8472 11174 12975
5366 7572 8518 10410 12076
3116 4038 4245 5327 6018
1796 2247 2758 3330 4036
6010 8172 10429 12351 12543
4191 6900 8500 10511 11413
5116 8200 9857 11744 12527
4858 6413 7894 8598 10375
3347 3659 4693 5558 7024
5530 7356 9902 10622 14032
2626 4044 5006 5414 6688
5302 8244 10156 11284 14471
4799 5736 7249 8942 10347
2915 3732 4477 5439 6520
5242 7740 10334 11006 13792
1674 2268 3214 3679 4672
4227 5592 5748 7144 8695
2305 2748 3532 4434 5098
2152 3056 4424 5223 6127
3917 4537 6151 7516 9254
3546 5929 6303 7494 9264
1507 1882 2014 2742 3283
4042 4710 5232 7526 8483
2870 3267 4809 5734 6395
1774 2280 2827 3542 4019
1667 1740 2390 2690 3232
4043 5414 6895 9524 10561
1480 2308 2940 3262 3908
4525 5488 6969 8636 10117
2251 2716 2940 3870 4671
4168 5655 6514 8132 9321
1620 1999 2617 3473 4104
1100 1712 2144 2274 2846
5162 7142 8661 10134 13402
1845 2000 2603 3347 3726
3716 6133 7085 8038 9127
4176 5157 6313 8520 9186
4730 6532 8213 10174 11815
4932 6497 9259 11055 13724
5515 6160 9001 10120 11453
3530 5356 6381 7278 8912
4454 6612 8197 10487 12028
3100 5082 6314 7125 8115
2678 3439 4798 5488 6548
2890 3948 4356 6087 7120
5438 7694 9490 10732 12297
1948 3004 3294 3822 5048
1550 2112 2869 3431 4034
2557 2976 3585 4404 4955
3668 4475 6275 7920 8665
1701 2222 2405 2939 3539
4353 7021 7839 10851 11927
5400 8048 9274 11726 12854
4170 5644 6669 7053 9552
4192 5724 7153 8481 8991
3338 4844 5901 7599 8752
2535 3562 4689 5890 6591
1897 2987 3413 3975 4725
2387 2603 3829 4334 5398
4103 5158 6492 7547 8385
2499 3394 4041 4308 5449
5120 6057 8359 9335 10779
4835 5268 6565 8331 9916
2176 3090 4194 4498 5183
5217 6859 8993 9157 11659
5623 6497 9352 10364 12988
2328 3280 3509 4898 5012
4370 5651 8013 10295 11096
2170 2603 3505 4208 5398
5005 7887 9013 10364 13066
4971 5892 7653 8814 11336
1918 2946 3271 4497 4732
3305 3954 5251 5981 8116
4266 6206 7575 9286 11188
5057 6970 9569 11628 14030
1882 2652 3133 3550 4704
5276 5549 7267 9726 10975
4770 6172 8534 9414 10735
2722 4092 5270 5750 6543
5177 6285 8788 10183 10839
5841 7460 10794 10941 13785
4410 6920 9562 11015 11983
5179 5901 8069 8792 11073
1381 1461 2213 2394 2885
4233 6654 7967 10183 12234
2214 3318 3642 4441 5564
1222 1800 2245 3039 3544
2005 2995 3661 4575 5070
4850 7536 9473 10662 12335
2531 2891 4054 5015 5235
4895 5413 7524 8154 10968
5686 7756 9517 9737 13127
5254 6543 9858 10502 13448
4450 5972 7613 10335 11536
3026 3246 3973 5009 5758
3988 5452 6915 8651 8991
3343 5391 7076 7769 9058
4061 4392 5803 6734 8656
4314 7310 8992 10264 11249
1388 2352 2756 2965 3799
5687 7623 7795 10937 11625
3723 4768 5291 7120 7584
4331 6385 7394 7934 9447
4339 6369 7384 9843 10819
1110 1512 1813 2385 2916
2341 3688 4045 4845 5560
2935 3586 5438 6465 7290
3511 3762 4763 5514 6766
2458 4020 4765 6063 6880
4158 5962 6813 8174 9569
1645 2457 3028 3870 4005
4494 6586 7689 8526 10618
1636 1909 2770 3121 3616
2554 3804 4958 5631 6568
6251 8556 9133 11582 13503
1722 2283 3197 4159 4784
3862 5340 7646 8331 9844
2585 3637 5014 6065 6716
3594 5420 6989 8110 9263
4602 5792 7557 10142 12275
1362 2301 2861 2965 3434
5464 6818 8705 10428 10716
2276 3268 4656 5449 6088
3343 4689 5474 6230 7380
4630 6700 8814 10927 11500
4718 6700 9474 10574 12908
5863 7624 9077 10486 12203
5464 6531 8131 9321 12234
1220 1584 2434 2842 3084
5275 6762 8878 11265 12436
4631 5121 7469 8520 9150
4650 6732 8293 10174 11375
3035 3467 5126 5510 6664
1655 1859 2557 3111 3267
2340 2409 3277 3908 4453
5726 7257 9373 10859 11985
5863 6744 8857 11059 11543
2425 3540 4171 5349 5706
2176 3166 3509 4669 5716
2276 3642 4656 5097 5735
2766 3677 5708 5864 7686
4110 7311 7885 9034 12152
1585 2307 3209 3374 4051
6267 8200 9489 10502 12527
4336 6816 9086 10683 11187
2481 2728 3756 4403 5583
2117 2622 3722 4083 4876
4727 5376 6925 8439 9916
3640 4995 6878 7506 8695
3547 3677 5135 5968 7504
3965 5927 6663 7749 10341
3139 3254 4890 5627 6018
3903 4660 5977 6874 7519
4571 5788 7423 8678 10580
1439 1740 2197 3099 3304
2885 4437 5163 6140 6540
1643 1763 2377 2991 3255
4124 5146 6133 8447 10080
4634 6030 6608 8650 9875
4413 5969 7413 9191 10042
1898 2460 3213 4127 4399
6202 7884 9421 12351 13551
5009 7912 10013 12915 14716
5841 7558 9470 12167 13295
2698 4116 4981 5438 7168
5423 6876 8021 10090 13128
4857 6524 7894 8635 11004
3001 3853 4866 5903 5995
2606 3752 4281 5581 5911
3579 5962 7459 8821 9297
1309 1816 2258 2478 2897
5546 6079 8787 10182 12110
5730 6806 8484 9732 12572
6635 7836 9613 11582 13119
3461 4158 5262 7352 8687
2430 3292 4033 4975 5435
2626 4308 4428 6087 7120
5500 7842 9508 10724 12930
2278 2711 3739 4569 5055
5179 5331 8146 9515 10009
3578 4159 5552 6946 7962
4459 5067 6605 7406 9520
2254 3180 4832 5119 5912
4768 5510 8242 9765 11248
2387 3072 3956 4028 4695
4268 5523 7208 7340 9321
4966 7278 7867 10893 11817
2070 3152 4214 4694 5736
3403 4942 6336 6684 8106
6429 8734 9028 12166 14568
2531 3235 3271 4352 4713
1154 1573 2280 2710 3129
1961 2457 2863 3674 4306
5211 6932 7373 9414 11736
4258 5251 5717 7299 8975
5681 6731 9085 10892 11145
1645 2111 2938 3795 4156
6083 6479 9254 9958 12115
3312 4224 5343 6645 7061
4061 4421 6013 7124 8236
6347 8268 9277 11294 13119
3203 4972 6524 7020 8448
1828 3181 3686 4191 4785
4265 6117 7487 8598 10376
5852 7924 8799 11054 13678
5576 8154 9443 11928 13355
2609 4152 4498 5534 6640
1110 1622 2143 2615 2725
3211 3586 4863 6215 6966
2347 3071 3547 4689 5412
1341 1612 1973 2585 2795
3750 5418 6541 8345 10114
3047 3623 4843 5258 6824
1592 2139 2645 3655 4160
4524 5710 7154 8857 10931
1999 2851 3192 4043 5014
4727 6384 7105 8798 10131
1330 1816 2213 2831 3007
4035 5682 6838 8099 9711
3083 3444 4333 5559 6640
2351 2964 3487 4136 4731
2214 3356 4156 4612 5012
3513 5003 6368 7454 9192
4232 7351 8664 10388 11290
1010 1432 1914 2415 2626
2130 2892 4154 4414 5616
3575 4413 5791 6251 7791
1240 1782 2113 2434 2645
4267 5787 7009 7571 9486
2783 3378 4788 5096 5933
4450 6339 7265 9561 9820
3508 4830 5953 7803 9256
3904 5589 7174 7868 9750
5669 6572 8336 9649 11536
5642 7844 9517 11278 12379
5686 7800 9561 11014 12687
3750 6030 7017 8753 9229
1976 2262 3194 3314 4351
4090 4839 7324 8651 9297
3386 3511 5388 6414 7290
4210 5934 8750 10137 11062
1957 2350 2659 3402 4075
5334 6655 9209 10618 12688
5694 6970 9274 11235 14618
3791 4688 5697 6426 7407
1676 2364 2701 3276 4188
2330 3472 3973 5215 5355
6871 8636 9568 10892 14324
2448 3600 4798 5189 6732
3174 5024 6117 7238 8219
4840 7026 9002 9632 11523
3461 4681 5958 6481 8687
4027 6681 7462 9569 11638
6074 7391 10025 10965 12893
2724 3715 5004 5995 6363
2926 4089 5278 6927 7981
3498 4876 6157 7086 9264
2051 2425 3260 4214 4827
1754 2267 3422 3839 4368
2080 3252 3432 4550 5398
5194 8556 8893 11919 13840
4533 5486 6711 8413 9093
4396 6548 9345 10034 11497
1480 2462 2757 3234 4146
3106 3707 4813 6134 6999
4646 5636 7575 8792 11226
5050 7572 8563 11625 12390
2535 4162 4613 5814 7516
5133 7955 9507 11389 12799
1419 1794 2004 2599 3118
6107 7644 8845 10862 14224
3545 6138 6733 8485 9150
5141 5864 6967 8488 11378
4140 6277 7503 8134 9710
2110 3414 4424 4971 5854
3626 5740 6829 7278 9552
6683 7307 9421 11678 14320
5460 8863 9813 11014 14066
5039 8049 8849 10730 13693
1570 2092 2848 2978 3447
2741 3393 4318 4970 5853
5669 6900 8008 9854 10962
4455 5752 6733 8904 10411
4353 6247 8356 9604 12745
1720 2292 2788 3645 4321
3970 5196 7250 8763 10132
2866 4828 6118 6510 7547
4532 4873 6949 8820 10216
4826 6075 8829 9948 12056
